0.310942181648696  0.034178511950031  -0.949814081277189
-0.392780892213729  0.801627162969419  -0.450685103261010
-0.294187370417713  -0.828173612981322  -0.477055822570247
0.997910444280138  0.060724961961934  -0.022073155445932
-0.359283653091660  -0.921594763797363  0.146895704370119
-0.384028272401764  -0.065174668921210  0.921018212918250
0.739168267217475  -0.665929417443748  -0.100837908158321
-0.714423647907372  -0.190490677432406  -0.673284600389811
0.459887131910719  -0.865442470082850  -0.198779166111111
-0.128327775147446  -0.629387273223423  0.766422626512351
0.976885145358294  0.165127214907833  -0.135751300822821
-0.388670238300129  -0.401182411767260  -0.829450491800641
-0.313510254229882  0.238093143466183  0.919251312496809
0.013620956109226  -0.815569911567089  0.578498218580767
-0.932119997841847  0.358921148231806  -0.048248512674251
0.604988787502739  0.694741906801466  0.389001606590293
-0.294066890681381  -0.954713286521785  0.045246042299367
0.631081130289503  -0.568538403267864  -0.527731646769597
-0.921183416068052  -0.083418764116829  -0.380082127644034
-0.003964604902833  -0.302756119137092  0.953059816712997
0.245884087800857  -0.348312098557242  -0.904554971997275
-0.596367958368238  0.411645045251972  -0.689125253456294
-0.109216013856406  -0.993897516814339  -0.015478642951143
0.951468060025501  0.233940373005124  -0.199951075589838
-0.113883326833201  0.943863659393598  0.310083827932913
-0.622592841347597  0.021044680074715  0.782262919575816
-0.379423354555891  0.551449516743067  -0.742927552660011
0.888132869070286  0.371369462575816  0.270748461017108
-0.430322727972406  -0.510003631773076  0.744794364485030
-0.002878156186986  -0.975085765789029  -0.221809525432490
-0.940631141378139  0.317059356675990  0.121187541496092
0.513186569592720  0.148022777339963  0.845416348421428
0.321127953207985  0.736991518166026  -0.594743927938560
0.638489007101781  -0.370360673733859  -0.674658994723693
0.462682064278094  0.694912366757642  0.550474440753296
-0.780043118171891  0.412439825142243  -0.470559373968163
-0.526481202447927  -0.289459569025872  0.799393958801504
0.148228106189027  -0.975710003658370  0.161302254468432
-0.972399132980112  0.166962436801993  -0.162983038616501
0.297689824343158  0.519287997830505  0.801074742949573
0.055143198071826  0.991282132223721  -0.119661865439268
0.623774396520971  0.383760508341644  0.680906289060588
-0.908626156303254  0.400919646234511  0.116884324632386
0.339994957854108  0.206601977647566  -0.917452479132242
0.102593716537577  -0.442629664232879  0.890816204201572
-0.756214527257773  -0.638248576582020  0.144146950211681
-0.007729525640019  0.694013149861182  0.719920830545374
0.866537769435369  -0.498394237512041  0.026748423444517
0.422081539512226  -0.391385339533467  0.817719199971031
0.328157728658609  -0.922491176530532  -0.203279448899630
-0.675216109793577  -0.041142511454983  0.736471655141190
0.769139920647195  0.572248348452049  0.284526993729470
-0.736661001117349  -0.057094717008452  -0.673847729626293
0.376282304788921  0.131299654632411  -0.917154309697200
-0.678443225026441  0.710503910141134  0.186812697881811
-0.434500080879829  -0.898898281781997  0.056493882189096
-0.059889433800051  0.431734583056185  0.900010280781510
-0.520974176993369  -0.588684732292136  0.618090764267044
-0.459397091601273  0.884215726825989  -0.084361488025523
0.920481834794591  0.136203588522332  0.366281004539988
-0.469923210131934  0.434864498137623  0.768156914203609
-0.232847645988299  -0.692043941185881  0.683269461651566
-0.836237256821983  0.440287524180603  -0.326885524845869
0.599161692678349  0.686620915142901  0.411772977397913
0.974739867377674  -0.007837579519098  -0.223205652463903
0.506558440885873  0.501810644885659  0.701130959697768
0.141848786257104  0.434953868759827  -0.889209791831065
0.326332640234697  -0.944602093164584  -0.035126820330606
0.582572598589509  -0.087066300392386  0.808101866541991
-0.102953917834958  -0.915877527246930  0.388032016573996
-0.268943243775403  0.682227497216945  0.679878793365897
0.954469760199870  0.146583729637599  -0.259808943397902
0.886835678190723  -0.058391133273090  -0.458380797419661
0.660286324179233  0.580654530610623  0.476300625848040
-0.093141744847869  0.308400111063688  -0.946685790990126
0.319691098859360  -0.947445774947400  0.012004367722424
-0.900680714697709  0.433816904038869  0.024023820298929
-0.139981457071804  0.524262837448607  -0.839972421539178
-0.053867550511010  0.612878268265337  0.788339086491356
-0.706831707114895  -0.703324201675075  0.075657155346750
-0.834233875942999  0.112440711422384  0.539824903690030
-0.209983649596018  -0.856559886908133  0.471393707045676
-0.758471317323175  0.242101351038786  -0.605068753633207
0.134221090976194  0.726899247291730  0.673499950277561
-0.107811146780887  0.976720935785915  -0.185453417944447
0.033794094507670  0.508387669334059  0.860464953874061
-0.880290738827410  0.159255017413785  -0.446907210238577
0.738685497538853  0.309078249038070  -0.599011161579931
0.183208780464054  -0.760685590011873  0.622729456432858
-0.656756249123269  0.020728435276153  0.753817989443431
0.927756322638713  0.083084692113576  0.363820202490578
-0.087791293051390  -0.864498717401603  -0.494908735501152
0.536535157482893  0.686149166166300  -0.491252833634676
0.525167453373167  0.543800954310741  0.654583583668480
-0.614637795031275  0.598754275420585  -0.513530620883178
0.626005499141002  -0.456406063565026  -0.632305796419978
-0.780203768710762  -0.284660662047659  0.557001244856878
-0.224665195846496  0.723031853132818  0.653261424799122
0.232049019157260  -0.836866135071950  0.495790605677327
-0.787587592021526  -0.170826380108527  -0.592050785619571
-0.978695771542292  0.055400741227662  -0.197700138180688
-0.157242303179356  -0.206945737502850  -0.965633636437885
-0.328965258391603  0.922698575498918  0.201020390865241
-0.492488209971334  -0.660352096768405  0.566913107391956
0.880937530680233  -0.471821102543502  0.036522790605963
0.254576367622391  -0.157301950284862  0.954173448323086
0.698089090220889  0.562640808783690  -0.442839635089055
-0.071727927163046  -0.877159961042330  -0.474811022628068
-0.714285567912571  0.034107796606675  -0.699022736169900
-0.250749335967279  0.952255370003658  -0.174167967236127
-0.803091716112750  -0.503131808532105  0.319221049986200
0.339555484167458  -0.415015764864879  -0.844075818919973
-0.013415418623549  0.252387308777205  0.967533292921414
0.864354907965883  -0.266994588994761  0.426150774401278
-0.755747578099091  -0.469510357778524  0.456514646135304
-0.122022748490342  0.988892255550490  0.084867872384832
-0.621496816673154  -0.578237211735937  -0.528567340864894
0.039266873448805  0.262616617479381  -0.964100941226200
-0.933386333334587  0.116457612766636  0.339451877551018
0.272622643212627  -0.957311441981954  0.096081722810287
0.299525325089213  0.609019022145847  0.734425224440663
0.504487720905487  -0.526248468195892  0.684510547162763
-0.798220107474703  0.424323633165622  0.427544283507802
0.593257711658429  0.710943857176116  -0.377629606229902
0.285061295745052  0.420682676705403  0.861258464799116
0.991142347259033  -0.086156977393845  0.101063458857351
-0.454122207623182  -0.460895641289102  0.762461952089516
-0.251958843890799  0.967735295388349  -0.002266946147751
0.355372356574821  0.918690003153545  0.172392477469864
0.947874458549966  0.055067820690620  -0.313849559427752
-0.038328134283844  0.193706167361285  0.980310601211943
-0.554173967691301  0.669916015101640  -0.494068564314327
-0.059889433800051  0.431734583056185  0.900010280781510
-0.520974176993369  -0.588684732292136  0.618090764267044
-0.459397091601273  0.884215726825989  -0.084361488025523
0.920481834794591  0.136203588522332  0.366281004539988
0.748232456975381  0.639479462320314  0.176675430094586
0.824834738524139  -0.313946859967724  -0.470196792035230
0.174060841482915  0.045826955920171  0.983667989503242
-0.250663123031674  0.907599366367867  -0.336795767373427
0.265830949707162  0.016827211369774  -0.963872787838367
0.391055914693240  0.893095996399998  -0.222384380741382
-0.804873172940362  -0.162901556814162  -0.570650732294665
0.679648207954284  -0.713367228216062  -0.170837674802321
0.865512933116490  -0.403319956415452  -0.297019149828978
0.748338184805579  0.632669861196207  0.199295779924873
-0.034540753395926  -0.176119389261928  -0.983762622323519
0.151715501706837  -0.859870428349731  0.487447692569668
-0.149196380538535  -0.968236702159308  -0.200644283810599
0.856830141706467  -0.412080758697669  -0.309889587715415
-0.691256720372250  -0.089152386496445  -0.717088556959452
-0.314769801872751  -0.467003556965194  0.826333860864267
-0.240323380524807  0.390284384874312  -0.888775996354767
0.768679038376211  0.537382635477312  -0.346918490496662
-0.800868887675914  0.590307932986970  0.100725215340532
-0.208133531225104  -0.737406183589969  -0.642582721198637
0.565583682450453  0.548477112889801  0.615863584555747
-0.071811670484031  0.965001857047594  -0.252219150496127
0.953187667519179  -0.293500786588552  -0.072736227295953
-0.315792314584695  -0.123023957569241  0.940818962347828
-0.430390966114421  0.902323621390202  0.023993719352512
-0.740694700900341  -0.001745385976015  0.671839499944704
-0.369883419881876  0.217011117397475  -0.903378343011602
0.680187154667795  0.687057889968742  0.255532562419410
-0.149754069995481  -0.785674507846011  -0.600241023457008
0.511940004145399  -0.786229517868616  0.346064412194744
0.313321015588241  0.221514812295001  -0.923450664153026
-0.975015089729120  -0.220959802272397  -0.022854771498727
-0.212165162553980  0.712543028717820  -0.668781261717222
0.826889627723969  0.525114115405914  -0.201267755400562
-0.699465429048590  0.609614705050831  0.372985287848812
-0.339589361229360  -0.422185791738925  -0.840498794165472
0.002294861753055  0.424617612172711  0.905369878581279
-0.220843621974338  -0.687922711260809  0.691368525436929
-0.682049296892816  0.730801784159337  0.027157114676385
0.905187780620209  0.381738539274183  0.186844238467966
-0.892713615526200  0.304246594333191  -0.332410003596154
-0.087060422632338  0.987083940307503  0.134483372942877
-0.722418275929138  -0.470452035782174  0.506741271885348
-0.083234916964723  -0.212385310192138  -0.973634648424379
0.730926275236312  -0.578787869453528  -0.361595606088648
-0.392005955609372  -0.847745188640548  -0.357294592603337
0.647846225208764  -0.214446125189289  0.730963834860560
0.475086005636920  0.483403444376310  -0.735264848345871
0.384301234625277  0.923206778634608  0.001343483754270
0.683771947133898  0.075371889369002  0.725792671915103
-0.729933798550706  0.664676303017473  0.159380243256061
0.430463086042085  0.183158586248133  -0.883829431416894
-0.992497422886180  0.023022588026838  -0.120078416065660
-0.360335511002791  0.857680647078130  0.366799982467282
-0.412585300377454  -0.770075513301095  0.486576893950485
-0.219576611505936  -0.064582545750197  -0.973455292483427
0.657605722702530  -0.682442117275280  -0.319104168004300
0.444880679493165  -0.427686126019906  0.786870865278278
0.689604862236646  0.443691334651920  -0.572348786610380
-0.476879819027281  -0.698447325907294  -0.533626246672198
0.142887303406335  0.660414144260542  0.737181372923843
0.889066110012521  0.442651446135049  -0.116709679383304
-0.023742442409136  -0.473156404129025  0.880658454600953
-0.722436364197050  0.690919102254518  -0.026767402293806
0.529948972516270  0.466439422801022  -0.708229024670692
-0.280775843882258  -0.333082566375845  -0.900122730225544
0.973259837931199  -0.185561948998351  0.135395904495188
-0.162535021532671  0.985083938175218  0.056497801059664
-0.793741627456843  -0.607419962087811  0.031862493615617
-0.737841867677587  0.442152174236390  0.509991012783642
0.252526989839284  -0.854994292722404  0.453006488711615
-0.308426749618540  -0.194577843601797  -0.931135007879640
-0.730005300595885  0.507401285182322  0.457860455703743
-0.798946888659772  0.048408233531428  -0.599450174766207
0.317077404228634  0.925268256108853  0.208183990654696
-0.248135816164747  -0.466275204457958  0.849126639815254
0.990087962382137  -0.131264065456992  0.049955699031151
0.214230879691924  -0.644040228031289  0.734382267530902
0.443548609150992  0.876809537507930  0.185660082557752
0.332308473539221  -0.364033374933633  -0.870086651057503
-0.729987763337356  0.554406479359905  -0.399689030399234
0.046310702845942  -0.056772916571719  -0.997312465953302
0.110341921901948  0.952108645064564  0.285155726339671
-0.886640388085247  -0.340929249132940  0.312467709214397
-0.889603883241374  -0.218194396018574  -0.401243238532388
-0.711425585117604  0.535082288595335  0.455588170688894
-0.188934399660337  -0.974843408116139  0.118254481003893
0.010756101536567  0.221566723502230  -0.975085890225175
-0.300068558431273  -0.595112164076400  -0.745520202549389
0.428807490004078  0.293845836265426  -0.854270894404038
-0.994432541296732  0.054372834959140  -0.090263589717168
0.265556492861381  -0.943330835300965  0.199014281571817
-0.162556321465875  0.212915604407792  0.963453365633826
0.863927158407438  -0.044729394952728  0.501626500688722
-0.643057905001821  -0.662634728195138  0.383916329171376
-0.383425574871492  0.920279727555658  0.077910535773729
-0.300104071255440  0.949452644926897  -0.092071827706581
0.478680950611425  0.567358757098161  0.670051183317940
-0.985581395486348  0.055070512940754  0.159989222998380
0.206796373619483  0.327023374887982  -0.922112234022901
0.960416577514492  -0.137142845131998  -0.242470282023285
0.363537566285128  0.837304689241048  -0.408364169919985
0.074116644714262  -0.750541096766758  -0.656654235530734
0.522762366515102  -0.223906437606288  0.822548123427434
-0.359076065708880  0.820501716446923  0.444793561489693
0.754935047532818  0.618590073181087  0.217759948953981
-0.473457946954312  -0.257563656331424  0.842317360264524
-0.640553166287386  0.459475299597261  -0.615283747728812
0.533980365539344  0.566750498427290  0.627422379064444
0.935836648403554  0.085053475050828  -0.342017066659811
0.013155760365631  -0.425813734536444  0.904715197976319
-0.415012043229841  0.907510757912906  0.064724247747936
-0.848266769661743  -0.505494459976077  0.157857018916251
0.072211853688119  -0.513601963093936  0.854984486229417
-0.156165454704407  -0.633907392230204  -0.757478559982306
-0.764313168645456  0.642014895348063  0.060351092669140
0.609105237003818  -0.269837103970538  -0.745773925244987
0.709099962757463  -0.610364998472957  0.353032309366255
0.426711098247976  0.814467415041514  -0.393141791810030
-0.526705824001621  -0.473939520539095  -0.705664442801213
0.589896575341917  -0.573018425042018  0.568921712507304
-0.564600477702460  -0.576920986980108  0.590244420016024
0.585907093588700  0.581665770042225  0.564249775935824
0.568589959455677  -0.577763208104135  -0.585572483444543
0.219521718013967  -0.974861636095763  0.038144538126551
0.553371710235970  -0.185547019160555  0.812004959339012
0.512484817738759  -0.258566079453993  -0.818842411055426
-0.846334809960761  -0.530748537481216  0.044981989842965
0.995331864256790  0.016818040173697  0.095034906849112
0.283976181784146  -0.698446800406702  0.656909122467438
0.288626040310940  0.900504715482374  0.325248007293568
0.422729642161704  -0.185239874901975  -0.887122222911893
0.059312488129099  -0.579239246539654  0.812996878235156
-0.360622420085636  0.496144475030430  0.789805121551107
0.955485451424733  -0.243217062042156  0.167012014080595
-0.535550543209997  -0.832166659527927  -0.143820257396545
0.164993833081161  -0.749122130056184  -0.641555195836860
0.645811687126923  0.298937151343505  -0.702540991200448
-0.862278981280284  -0.265599941868583  -0.431197900414231
0.381461127234522  -0.782459339531106  0.492183695777819
0.702695349009129  -0.539239402122758  -0.464155268934038
0.837770527667419  0.540462733111609  -0.077721149562943
-0.321082921411341  -0.250389598476360  -0.913351414600539
0.186007742753052  -0.829312536758007  0.526917295229444
0.503455365476274  0.150657962662328  -0.850784857211027
0.675763790156110  -0.727172733323893  -0.120677735411745
0.465372863882325  0.884202874273716  0.040166835674015
-0.637681288562160  -0.006372178287494  -0.770273957473297
-0.644437000774286  -0.345423749467553  -0.682190138698017
0.102852880933683  -0.991150287843930  -0.083918959660714
0.186816693247076  0.430463204974034  -0.883063390865973
-0.934106574955045  0.215263333402343  0.284792211828671
-0.363800720303170  -0.851083287698479  0.378558150496384
-0.959038207196693  -0.099656735142802  -0.265168347050755
0.069502267194473  0.022242860709333  0.997333790665038
0.525735219699050  -0.773669413265010  -0.353607293117899
0.877646435991072  -0.465279233768507  -0.115117192529874
0.616340980083861  0.578394219952816  -0.534400526379270
-0.142343235708251  -0.866569634545003  -0.478325696291393
0.403648691615462  -0.177103819176320  0.897609030140789
0.073017336826104  -0.976703122236369  -0.201790682481999
0.802533029979044  -0.376846650065072  0.462522797413693
0.092323089566465  -0.130433320116324  -0.987149226883320
-0.821838782719405  -0.469423152054973  0.322835746987627
-0.850598393108441  -0.124449374768578  0.510876430030833
-0.346890572052095  0.891284712108380  0.292024815697662
0.173952297446403  -0.569508672201204  0.803368203565924
-0.677660118502749  -0.446225414675753  -0.584516589232754
0.948921846371288  -0.133617191425112  -0.285821230203377
0.463899817937404  0.884992669126104  -0.039811235985566
0.018843361552074  -0.427193021650946  -0.903964075601543
0.466178666881810  -0.591416838900269  0.657954081383732
0.612035001025529  -0.609858982754469  -0.503473116137659
0.933752696904820  0.109085684780973  0.340890326056404
-0.028380068591690  0.228347770674982  -0.973165899183945
-0.293337627287601  -0.947292438210424  0.128802456989883
0.734846560437241  -0.659002273347421  0.160363762541565
0.239636645687299  -0.448173069360088  -0.861228876631582
-0.306151177650776  -0.686777552451320  0.659248094325663
0.801361092400718  0.475948348463987  0.362344544847485
-0.312898928867494  -0.788361874633908  0.529697852494500
0.223977952676102  0.136644582117953  0.964967426855867
0.453067996272925  -0.826734386858107  -0.333526077450603
-0.989944877816521  -0.098272069893754  -0.101743496910763
0.445759148102492  -0.619652567849893  -0.646010431061276
-0.521281796060761  -0.023585298331352  -0.853058627995924
0.038934535243840  -0.918984384536314  0.392366923865607
0.928106408919412  0.322917115017773  -0.185318726930958
0.198032201892071  -0.945668960515853  0.257863266346033
0.650870383223003  -0.009186564144753  0.759133289536400
0.393239329496280  -0.483399003649017  -0.782105001268023
-0.846077510827211  -0.453083392722083  0.280834978077656
0.867386185377703  0.488367019332238  -0.095597384087968
0.059714068420525  0.713202087203138  0.698410347032285
0.049405780054979  0.417156996559886  -0.907490555938900
0.758266336902199  -0.641992064430786  0.113482824818647
-0.928695127966247  0.087810599129551  0.360298012723172
-0.119603183259686  0.910919642015440  0.394867679539125
-0.150342428234872  -0.691816710797880  0.706248393225248
-0.658749516471688  -0.131292332088009  -0.740818060041202
0.950203580676075  0.157830149921543  -0.268705785285894
0.445785880181743  0.583644453480846  0.678700302749036
0.023623166806260  0.449332690902844  -0.893052114311395
0.480794533688073  -0.875146994462148  -0.054353973723534
0.081218444949390  -0.274260110599858  0.958219680414547
-0.912162418617434  -0.140809692181169  0.384879659958587
0.471255715892090  0.717297382482652  0.513227547314610
0.522125147674734  -0.850747800901341  0.060112473141350
0.429321544622475  0.608241522006621  0.667626588917818
-0.685106347354509  0.306015576507579  0.661047471630666
0.385938036616019  0.793008521148457  -0.471369618536144
0.728489855360966  -0.490782575649415  0.477948735823295
-0.498117625147306  -0.716961341179128  0.487693824824793
0.630553818527476  -0.736564750445204  0.244692154230606
-0.723496698379859  -0.362071923204517  -0.587755433714080
-0.405174745294922  0.381675332470593  0.830757104308267
-0.484016831250735  -0.829883721150931  0.277526064424014
-0.109492941135020  -0.602246925467964  -0.790765411867507
-0.900332160431922  0.243963468728077  0.360393988321326
0.525808270316207  -0.471600264411044  0.707897487970194
0.896876349811639  -0.146365071670870  0.417360849797069
0.709153877252758  0.066562866944217  -0.701904668114942
0.028949521206371  -0.907965943837503  0.418042784955314
0.158772951352510  0.695038005222415  0.701222732956697
0.145452070993550  0.987632496262405  -0.058529884419662
-0.423914193318962  0.446633049523591  0.787918571792791
-0.411874408040950  0.348262516680963  -0.842064541158194
0.981240672353461  0.192736930057851  -0.004383915054260
-0.282929404955866  -0.945337670640201  0.162134636274542
0.234460375502334  -0.262230691088291  0.936089417187622
0.470848297321392  -0.603839129582048  -0.643179746645633
-0.988238077779592  -0.079267849969863  -0.130775034267447
-0.932848975916727  -0.060363652534152  -0.355174629701856
-0.418315115849307  -0.855365512525844  0.305552456762143
0.021808363335741  0.021984336439485  -0.999520427124895
-0.536342223403160  0.773017523552206  0.338793340660895
-0.475434088530166  -0.404520820426796  0.781233213134671
0.410758948982739  0.332647488117991  0.848895007924647
0.079351467534645  -0.996012767846067  -0.040766541277307
-0.965544505047550  0.258844459301280  -0.026895253512670
0.557464253761077  0.301015369763277  -0.773707537086775
0.194904874349811  0.976720664973117  0.089603753097499
-0.496530894922212  -0.163997822928157  -0.852385936335515
0.859090274333478  -0.511707472281682  -0.010925353848759
-0.991649730550218  -0.000068238036359  0.128960487139475
-0.209063608424264  -0.038522985864684  0.977142971725579
-0.395537680808650  -0.796588145802674  -0.457162191161050
-0.387048441317303  0.835042893630999  -0.391020293425053
0.938480231718195  0.056209145909187  0.340727730879544
0.636751914304469  -0.030792684725664  -0.770453639226255
0.179282452748128  -0.770575560374500  0.611613528210536
0.122445864665599  0.857577391009350  0.499567841895262
0.262467922141448  0.713361234728273  0.649789457158012
-0.264994381178780  0.893962817052626  -0.361397924276010
0.990062226450330  -0.023326549551729  0.138681865585328
-0.462599923130102  -0.157275032772624  0.872505515848693
-0.110636114263271  0.020598588565237  -0.993647497037981
0.752590404429717  0.516420998499350  -0.408554813298349
-0.868717740807714  0.438856023682852  -0.229640757016730
0.005491222114726  -0.934678433616965  -0.355451926722902
0.051099907829117  0.206347260406214  0.977143596173411
-0.462661019176006  -0.719923132261843  0.517354293467559
-0.444793167550233  0.877548278248537  0.179075563502278
0.958554094555356  0.048722114419519  0.280713739203575
-0.437797287964664  -0.345284238903541  0.830127899191196
-0.397277039893058  0.763268882071017  0.509501292673403
0.680816503839509  -0.461843529732634  0.568497530464161
-0.721336751911114  -0.646709591241925  -0.247870923946369
0.328786440595442  0.880506010341466  -0.341480075894824
-0.067175912247245  0.016762207957310  -0.997600333399176
0.953734811607211  0.127951805285469  0.272062942446684
-0.557772458764523  0.735791997098686  0.384057315057668
-0.816559931069607  -0.573883984288249  0.062346223213949
-0.696831727935026  0.342180196198943  -0.630347726475109
-0.354670253076296  0.025349967684807  0.934647736166507
0.234942049941715  -0.941414148171999  -0.241953786477449
0.306344412302732  0.925763883727699  0.221617536842872
0.686758455189618  -0.040924457519988  0.725732742131885
-0.779906875859664  0.544075460513544  0.309398057934749
0.399492832972778  0.422612880734143  -0.813513263223762
0.819387844680197  0.410825629869017  0.399782268032321
0.678832640732742  0.155745523057665  -0.717585937657161
0.379506688995899  -0.616693121338002  0.689684179245662
-0.238951485048444  0.871773228149354  0.427684026443819
0.953566128754332  -0.144866571943563  -0.264055513909099
0.498370793482687  0.864672330274001  0.062994551049807
0.037768630074763  -0.338780937379878  -0.940106912563825
0.417426705196881  -0.670757964837686  0.613056847604919
0.705236433485428  0.594275281885461  0.386624445974009
0.890022832894984  -0.245263463807174  -0.384324329501653
0.023281465715748  -0.112961048302604  0.993326620463029
-0.208067865125303  0.952499793995239  -0.222377844987367
0.441190986451388  0.021138618348105  0.897164239305371
0.162631603515793  -0.935521959745591  0.313607436728869
-0.593331099960549  0.471794841772397  0.652202294611545
0.871890482896144  0.484865736321299  -0.068645492035043
0.228545259007194  -0.121078277942980  -0.965974696974873
-0.295732913538334  -0.906468742051213  -0.301424059315477
0.988846950777118  0.085637653518987  -0.121851960339414
-0.464568778231590  0.699752810589246  -0.542698677319982
0.136702408495066  0.919016748619449  -0.369757579054959
0.978181193930950  0.168066485987590  -0.122127835187577
-0.377357002768349  0.674249341133832  0.634814554371812
-0.464121782667535  0.076700921498027  -0.882444298239194
0.182422153357408  -0.344206384456033  -0.921001695364429
-0.081333683019914  -0.996671486393754  -0.005547992076474
0.925180115555039  0.260483437593078  -0.276025601206225
-0.661424279177716  0.391981664344643  -0.639428102081730
0.455051701367073  0.085861222188565  0.886315857698156
-0.519058996247311  -0.502699363126121  0.691282220751645
0.049795005746215  0.965120345455784  0.257027578656539
0.924315691868170  -0.376559760141097  -0.061993941710028
0.549987105386460  0.256054309879738  0.794953064212368
0.271146956188813  0.959428022947178  -0.077312333642259
0.817081837939952  -0.575181937454840  0.039281152406299
-0.538241688742305  -0.128191775612599  0.832984245448328
-0.512342420746880  -0.135698457657835  0.847992436577421
0.587827009739180  -0.442113371128753  0.677491825552355
-0.795147560213094  -0.579086875959084  -0.179996521019471
-0.305021870272966  0.885501789430002  0.350497132044537
-0.733682587933926  0.658315087171731  -0.168318466499234
0.058348110063119  0.330521831096473  -0.941993002745082
0.092851902033457  0.770932742753975  0.630112077680314
-0.884882600030502  -0.443139486678718  0.143562458565534
-0.470461696562635  -0.721097376310424  -0.508610229886924
-0.981346780997077  0.046410538644582  0.186559795586820
0.351504595283516  -0.892017555109178  0.284164038667135
0.159380489150925  0.124509640154171  -0.979334064140879
-0.639883397261429  0.486853215506481  -0.594578156729772
-0.903117091739410  0.021431530415925  0.428859193806290
-0.060237395477182  -0.469976604657281  -0.880621057697884
0.323471089955163  0.935398289747837  -0.142816292838178
0.693432536821325  0.617581281172459  0.371139701491132
-0.225674121855955  0.942126382130319  -0.247929568261998
0.894971126358331  -0.238626375841123  -0.376940493629738
0.024135532318948  -0.085918725116736  0.996009763382868
0.189175933070603  0.927779300765658  0.321617840639561
0.023772420068529  0.007888971512552  0.999686268872670
-0.718329301157645  0.617103615888171  -0.321225998879472
0.883732814159718  0.302786713364935  -0.356842429353637
0.064272011700185  0.717595072746246  -0.693488586843592
-0.472510393479025  0.819707838325460  0.323748340292422
-0.425103099710223  -0.316815856980394  -0.847888593733008
0.961885504889434  0.214703091401180  -0.169348333403005
0.367147245181372  -0.926763846295732  -0.079446041782274
-0.752839188970934  -0.648043703870234  -0.115206394890803
0.512115336504581  -0.227788023551867  0.828160913375616
0.607871097647725  -0.050932118873632  -0.792400560267086
-0.558838209407929  -0.726871977352643  -0.399195421122536
-0.898612187134546  0.365545664040550  -0.242636569037772
-0.109224232876572  -0.739442717516502  0.664300033467058
0.448998210603189  -0.352974923876691  -0.820858885551822
0.330251208574281  0.687303834533723  0.646952531698012
0.965349680189606  -0.167347292353517  0.200237056260255
-0.530495746934665  -0.056268988720538  0.845817984789044
-0.104602724680660  0.910920115607778  -0.399102509351287
-0.755355754128869  -0.343928662553719  -0.557808891806520
-0.169310697564061  0.630807675905779  -0.757242077349589
-0.823296279078202  -0.073802805793098  0.562793374794919
0.237251222513394  -0.900933532666400  -0.363360189251850
-0.146237535810237  0.883128183437381  0.445756878509733
0.637485894566075  0.672646608097216  -0.375710360310442
0.155152198264860  -0.093270218055539  0.983477738333438
-0.938875628641172  0.303751793395705  -0.162010499513263
0.432593417046799  0.898715524736353  -0.071925941951681
0.983011361215182  -0.113794740924001  -0.144011876801582
-0.156034780348507  0.513534447201577  0.843762714783584
-0.394383163819876  0.498975818458777  -0.771676779933684
0.535968411285217  -0.689135983900527  -0.487677616666845
-0.029290511915618  0.188228883296038  -0.981688317850858
-0.382748038853412  -0.906715691724503  0.177117455758669
0.948006962054247  0.029350824527938  0.316893245425345
-0.988243653068244  0.045374245099976  -0.145998835789674
-0.276296385211318  -0.719944432406773  -0.636663428952574
-0.239926947378707  0.892609427679287  -0.381685039711530
-0.472020320478219  -0.127290750172538  0.872349632874430
-0.958944498001641  -0.281868831030379  -0.031231584108858
-0.076737633659411  -0.866949826782822  -0.492452366652440
-0.537865105678227  0.699432011349286  -0.470633604403301
-0.344341758664003  -0.114351015596843  0.931854386946884
-0.015399446442981  0.999264912973681  0.035106847607727
-0.803958354206570  0.338370079460685  -0.489036454701727
0.827773732723739  0.361412444422563  -0.429152295146043
-0.039214824960150  0.299482389090433  0.953295597455496
0.840286721604395  -0.255225143881669  0.478307799879868
0.784599076439569  0.149474037386652  -0.601715714766957
-0.043238141258093  -0.965225811836402  0.257816980250145
0.098925786422920  0.560526630568082  0.822206534396681
0.727894883407129  -0.679344312027503  0.093060971548763
-0.377691666296135  -0.914886280611507  -0.142590668556155
0.395169406400309  0.058324692919708  0.916754803882177
0.710417143302955  0.177217275664296  -0.681103163777260
-0.338968763191462  -0.119475358438699  -0.933180484315009
0.088832548957984  -0.959705433041078  -0.266597561948837
0.534108470815123  0.570166969507267  -0.624209714988825
-0.961909782964568  0.270063105095112  -0.042373207377347
0.573381317430323  0.751609735053932  -0.326062372858360
0.259684457267746  0.580260506984739  0.771920803377763
-0.509457926173410  0.542311014554393  -0.668095341214167
0.823154786335987  -0.370961786485199  -0.429887835021957
-0.735731383995274  -0.592542088551167  0.328014030035027
-0.082354751732230  0.089184974913435  0.992604521003613
0.208007787749531  -0.949919092559230  -0.233209086072982
-0.861384420012575  0.268192029094628  -0.431381404895605
-0.068380741509691  0.117818248439385  0.990678017584553
-0.630858261451312  -0.679927269819589  0.373787053968309
-0.340245262857897  0.917983607346199  0.203811819447301
0.902722782799518  -0.120238089087225  0.413079144168943
-0.191359827755407  0.820100686875605  0.539273844820590
-0.858622894728590  0.409160313922005  -0.308795340248430
0.744034673112388  0.657642741575581  -0.117976394501174
-0.076771606139205  -0.246702368621980  0.966045579570194
-0.470593280514415  -0.812374280971944  -0.344368976462744
0.659511942696965  -0.600941289876641  -0.451567894741726
-0.703527135152926  0.275005825973097  -0.655302499449202
-0.426578088058454  -0.486438817068400  0.762501417728184
0.037149645127391  -0.139763433021719  0.989487790049424
-0.896909400223789  -0.295735799178011  0.328776314345707
0.253401791693319  0.857144756061099  0.448431041659222
0.680657253657861  -0.701172389904807  0.212280434044495
0.204968880243547  -0.978656627110522  -0.014797443845601
-0.389052443781779  -0.409609440846557  -0.825141383010692
-0.397081774466105  -0.435978694429189  0.807619119629216
0.991103098491431  -0.133068491834776  0.002724819535875
-0.377734751426506  0.912272491099396  -0.158352011506195
-0.872245533128912  0.087741646021022  0.481133176459681
-0.144897043939650  0.135256323746991  -0.980158443081526
0.639407825642055  0.689274521331383  0.340673255115650
-0.615064404600531  -0.295452603547568  -0.731029094667481
0.523589180843749  -0.484852837190538  -0.700551280044265
-0.441621100978307  0.799335694409850  -0.407471779161492
-0.697032484465973  -0.609935460766880  0.376993964538275
0.906945108241803  -0.275520909694193  0.318651532175116
0.034899662757198  -0.995699624098593  0.085815337261792
0.181725369223032  0.417861019303752  0.890150582051813
0.690320076261574  0.302317695100648  -0.657314387138489
0.577134013588031  -0.215137358061503  0.787802162681779
-0.419391186779073  -0.737843840586683  0.528864348732578
0.093398759700238  0.811818809654938  0.576391266395404
0.903126440666866  -0.289112327129757  -0.317453452446204
0.292197735996881  -0.040647821941030  0.955493714081756
0.910275237433981  -0.410594137687105  0.053023072444859
-0.646931418317875  -0.554845537394499  0.523092888143809
0.028853916880776  0.924791853140574  0.379377753493087
-0.958332724890789  0.280775388348790  0.052569665216558
-0.251888103045788  0.484322852775271  -0.837844709849993
-0.127443543747796  0.605055138084698  0.785917567582193
-0.579001078097206  -0.808602602511179  0.104496807484358
0.992808634153615  0.000297731927374  0.119711851149892
0.436227437263034  -0.341637419354872  -0.832459906947758
0.243086494308002  -0.590004596827874  0.769937355897883
0.313494702582579  0.931939748110120  0.182234402199767
-0.173289511287943  0.906947314769555  0.383949623661594
-0.749192430280636  0.435613095840560  -0.498950832389723
0.824692875342451  0.559660287888926  -0.081621219786800
-0.248789956349758  -0.088326068959932  0.964521675838118
0.060897272390201  0.609600172220066  -0.790366467054809
0.494614919001441  -0.459261482069353  -0.737858369193343
0.487032304269863  0.834069973823598  0.259088427691185
-0.920749950881103  0.234791680465820  -0.311596525552650
-0.976014482956002  -0.107129781769383  0.189522924518838
-0.201250596145817  0.344326891468924  0.917026275175527
-0.245787946724790  -0.967816259677138  -0.054036772196041
-0.528975940085395  0.516359586438831  -0.673466578460648
0.329656535975639  0.822829904252862  0.462901195673298
0.874778708732459  -0.194913763520582  0.443588588151920
-0.666796435348216  0.284827396169188  0.688662376058395
0.121674262591395  0.732916271604256  -0.669349768537016
-0.562575815158456  0.373277537755719  0.737680372523104
-0.938965746570624  -0.329981653233749  -0.097239062604450
0.008820466313090  0.998863161069752  -0.046846396144872
0.367569465099078  -0.295603970080283  0.881765831272426
0.460067859575397  -0.362757850071535  -0.810397622650258
-0.683510366974988  -0.277545444590696  -0.675116363617910
0.554484546873515  -0.791297736253337  0.257671845335917
0.589093679676871  0.706085330772498  -0.392953104368265
-0.491271925579225  -0.455521112204446  0.742396397804909
0.651178594595925  -0.293218829774864  0.699992254103955
-0.483603713402827  -0.797630572913250  -0.360434345667943
-0.658846806772323  0.635328290483667  0.402838489368897
-0.023568569179334  -0.293513262481856  -0.955664421904518
-0.915833525183502  0.150294936407970  -0.372371301579598
0.227090890428433  -0.972274631738725  -0.055783222941557
0.665174065575736  0.528466432848900  -0.527509897383363
0.198132132022416  -0.361809193392758  -0.910954315998741
0.013375913124712  -0.999335556508950  0.033904725998424
0.891387072580986  0.335133193358399  -0.305147226015413
-0.706630853683283  0.302393169757793  -0.639711815981752
0.589686200672920  -0.539054474968588  -0.601407064933791
0.868327347435168  0.478239711794355  -0.131508158526598
-0.449796571995336  -0.123551875804256  -0.884543937747863
0.171155425233088  -0.893742310958688  0.414645031340670
0.189175933070603  0.927779300765658  0.321617840639561
0.023772420068529  0.007888971512552  0.999686268872670
-0.718329301157645  0.617103615888171  -0.321225998879472
0.883732814159718  0.302786713364935  -0.356842429353637
0.326441942983465  -0.267586067621395  -0.906550249173259
-0.247067886303847  -0.952997557090132  -0.175365662937732
0.994310456141029  0.099156744551021  -0.038918592197843
-0.420800626853717  0.586254744917716  -0.692265994037684
-0.502693941732292  0.748995391750035  0.431630286336423
-0.347628299907095  0.618058381250841  -0.705094605332712
0.610858064684152  0.502372856038704  0.611942757393081
-0.765923706509349  -0.371435845539510  0.524782134276054
-0.967729597512218  0.225103638223964  -0.113259781728447
-0.249285264805473  0.729552576760460  0.636875101172152
-0.554936865065323  -0.810427101534768  0.187757793152313
-0.163507467641423  0.305978162998271  -0.937892676052912
0.132446811327072  -0.901543603472277  0.411918648773654
0.149745172037887  0.101622496898332  0.983488307798061
0.795470817627582  -0.442193572879491  -0.414356154059496
-0.812769178338398  -0.560972527491119  -0.157213504964911
0.851409971945420  0.339585666411041  0.399728201206855
0.749154519177089  -0.618942574334314  -0.235961005407582
-0.093740853009967  0.045941605365251  0.994536083494927
0.195996305778298  0.912586635380104  -0.358846876880489
-0.010725256689195  -0.998872486632411  -0.046246343831009
0.934268792151200  -0.347450781248727  0.080123521028400
-0.389270676300318  -0.289037127292898  -0.874600411398807
-0.555723372540076  -0.362384578090786  0.748230546539398
0.320089220542201  -0.942570618099825  0.095412372298360
-0.322018927560053  -0.375002624515632  0.869296751345282
0.999666112549355  -0.016201970897192  -0.020128575694959
-0.357557964447100  -0.551366022687001  -0.753755803351963
-0.147840514284833  -0.944381417034293  -0.293746355715773
0.743026657371359  -0.280241118135740  -0.607763360315160
-0.871206849043110  -0.065236100001745  -0.486562305811844
-0.019660322613082  -0.598904198896808  0.800579310411231
-0.240468962277603  0.241341635783928  -0.940174926818553
0.386211490918140  -0.676548904374790  -0.626994628583099
0.368563175867771  0.903977631994372  -0.216761680765096
-0.995243629063515  0.013912908164346  -0.096418617470357
0.775279660656237  -0.124254011442215  0.619275696611184
0.301503677326646  -0.952980157175965  -0.030403167390636
-0.277474950465871  0.232251044582956  0.932237686512452
0.751250933795463  0.596475101150794  -0.282558822510632
-0.353769695698939  0.890198918399348  0.287041613857141
-0.630415923981694  0.347705025798870  -0.694029522300396
0.759809047496745  0.640591380598201  0.111053565658110
-0.483162819213990  -0.098097487997723  0.870017570499427
-0.570186926976113  0.582298010637170  -0.579496242536164
-0.265764636951834  -0.505016072384575  -0.821174722199312
0.515341434959251  0.815773899869444  -0.262556945644063
-0.819763724983529  0.271540183152301  0.504235425307211
0.073149898337075  0.992655642952243  0.096352825014867
0.454558955214019  0.218485930842664  0.863504518956649
-0.914797805443399  0.403857367767472  -0.006648432587458
0.533388748566455  0.370312344342107  -0.760503261354325
-0.750744960504156  0.416538104663069  0.512716307173188
-0.402802067595273  -0.679941561142109  0.612723402337960
-0.696912027968737  0.328723335382988  -0.637381043056025
0.348969135059853  0.767756330422190  0.537373947891253
0.303509075419103  -0.622749142349746  -0.721155840883853
0.812782745341432  -0.494949466496421  0.307260857399951
0.220189421636310  0.524477373595329  -0.822459788187856
-0.729463091558639  -0.652277049448655  -0.205956910095948
0.473860217938390  -0.424000859431815  -0.771802931489939
-0.471917263221690  -0.842867712911182  -0.258588698912429
0.941309706126690  -0.212114851986749  0.262570612823149
0.004467775033390  0.630981705466116  -0.775784845400658
-0.930490121892871  -0.136184993038790  0.340061436700510
-0.629557781022988  -0.076770897269253  -0.773151492067296
-0.264260568047084  0.778726064051147  0.568992152268238
-0.036671772822799  -0.838140159820684  0.544220776499567
-0.560861475541217  -0.438807946402562  -0.702055547252277
-0.397770159366735  0.699203079199711  -0.594048781124080
-0.732409411187174  -0.522307406047363  0.436773886573513
0.569318095012692  -0.615703619554910  -0.544780652701711
-0.911990004606358  -0.406013833801806  -0.058540569348576
0.065538063060170  -0.908786375961621  -0.412082619333630
-0.587586515040280  0.580174431136285  -0.564038754695551
-0.389941552626248  -0.077401888976470  0.917580804680604
0.537971127893825  -0.232228511789026  -0.810343744262212
-0.544681601975204  -0.578513265055516  -0.607160896817748
0.825204758449480  -0.491977570680011  0.277480047174801
0.257447971419548  0.838262323946501  -0.480662894619265
0.331272269707639  -0.941405944706163  0.063352431639568
-0.593082330029880  -0.598987155233402  -0.538022060580907
-0.009325432591222  -0.293023299481756  0.956059821490168
0.933680032328741  -0.049395489991005  -0.354685329269693
-0.035870133374310  -0.309880213448908  0.950098724788413
0.750831325500244  0.414376350819556  0.514338954901353
0.085632252940445  -0.995897183660917  0.029256056340492
-0.872333711814999  0.271640619392453  0.406503713546569
0.405815346880783  0.632995554705205  -0.659265145415318
0.838888261353154  0.387203079760738  0.382544454916919
-0.647313457497602  0.736295277947078  -0.197115578824545
0.214240543025231  -0.490502803002611  -0.844694021507691
0.348140131109838  -0.635676852294444  0.688994476442194
-0.612435271648501  -0.787719529444048  0.066490457761053
0.046869734346876  0.461500084996313  0.885901179336978
0.913705668411463  -0.309457407846709  -0.263397160655838
-0.649138549967196  -0.618239616416435  -0.443169177222137
-0.553433297912778  -0.457143905690135  0.696226280925789
0.500364627169828  -0.684351070620305  -0.530376142014365
-0.596069879224245  0.523255359894005  -0.609019316133561
-0.154573614261803  -0.568689165471323  0.807898280013997
-0.640433901045450  0.460795751310442  0.614419802713058
0.867931999534004  -0.148905305382517  0.473836737931797
-0.382071712750357  -0.880579611399247  -0.280358260630858
-0.735731383995274  -0.592542088551167  0.328014030035027
-0.082354751732230  0.089184974913435  0.992604521003613
0.208007787749531  -0.949919092559230  -0.233209086072982
-0.861384420012575  0.268192029094628  -0.431381404895605
0.959230062938641  -0.020978331885083  -0.281846759686982
0.366702164200984  -0.920655751710518  0.133874977544929
0.523415756611418  0.650558041187905  0.550281910275682
0.069112142126239  0.249119378637531  -0.966003647507593
-0.709029460794818  0.692950334525657  -0.130755717296764
-0.451331763862616  0.183994804030670  0.873181281875863
-0.673691093746752  -0.332796111786516  -0.659838660724030
0.415993396814551  0.841751642281503  -0.344098338448597
-0.843796601406363  0.281037933661821  -0.457192492609148
0.206485708865717  0.281684823569268  -0.937025779904146
-0.408612585275685  0.766163496916098  0.496013357831841
-0.641669724996395  -0.766810386823545  -0.016180070536843
-0.777536222680269  0.624676534012475  0.072226382120800
-0.411571079436609  -0.083604943371209  0.907534825786472
-0.679175457146270  -0.231218744458890  -0.696605046364875
0.313210313902610  0.939500221842574  -0.138703397300796
0.798769373712674  0.401063514980354  0.448459077921573
-0.014476228803539  -0.228513471814629  0.973433116345881
-0.020230250005233  0.993787533283866  -0.109439826728185
0.833475852521445  -0.364210546488883  -0.415534211696124
-0.175993630006714  0.212708042484614  -0.961135542397337
0.730276189504509  0.586204444653083  -0.350800564582991
-0.876451440081747  0.474577433474215  -0.081296573209817
-0.029818379429476  -0.848073835642684  -0.529038404604529
-0.523271345905030  -0.705868667298998  -0.477426981935746
0.187239656681785  -0.890909240074117  0.413789846318450
0.266053117854637  -0.017578480687637  -0.963798078176410
-0.976564120441452  0.202619053462756  0.072581249922214
0.072157913199115  0.942753531974620  -0.325590254018957
0.749095493692612  0.460657624149427  0.476078244243976
-0.857053530806722  0.482020392611320  0.181976884352274
0.180115950313224  0.000075515213873  -0.983645382615207
-0.989206292076664  -0.101690902278111  0.105498209035992
-0.211182904648002  -0.240827160469800  0.947314129296342
-0.327587634337245  -0.722680292592536  -0.608621012229856
-0.450435753091417  0.861816550784224  -0.233194908030494
-0.143215426565909  -0.268118712759568  -0.952681319991999
0.813919896000087  0.225101100187783  -0.535596767717522
-0.788650767054926  0.491340732781358  -0.369613652255373
-0.168484555511070  -0.984560545728709  -0.047470900019104
0.935705120850965  -0.293005166487216  -0.196478750059848
0.132328153284294  -0.935236893015261  0.328361407280957
0.644145948080347  0.609718067351844  0.461865647040784
0.159231019486323  0.032513659176200  -0.986705804381590
-0.203447371320933  -0.185898818593646  -0.961275608942664
0.817144143759078  0.166419089146950  -0.551887792116969
-0.737687961044790  0.601342073553127  -0.306926998982505
-0.282903554035222  -0.953659981293724  -0.102460817843190
-0.289157068039533  -0.756059294884773  0.587164825769666
-0.297731300727811  -0.767699165611360  -0.567445207651406
-0.757631789173352  0.299314333756202  0.580004311744376
0.766206021861631  -0.287674463029615  0.574605721676697
-0.527119159595070  0.140980588820243  0.838015432533127
0.243181185228459  0.882647471135960  0.402239173686723
0.206314249787228  -0.730942012594702  0.650506114159382
-0.976614594610758  -0.010724869721015  -0.214729855312978
-0.551059961385223  0.702441345173380  -0.450454299068318
-0.859538355886197  -0.402075312986799  -0.315482578674357
0.503008897134920  0.367506592235413  -0.782253765773374
-0.194530502633947  0.737010065924766  0.647282045379413
0.972034630230857  0.148630628239561  0.181817529355876
0.471572077097767  0.207177380842728  -0.857144858800917
0.393183022835603  -0.825076725574947  0.405777657675211
0.107279530297486  0.766529972971780  0.633184730481582
-0.637687744318153  -0.474581414728431  -0.606734556079334
0.105612272444440  -0.988030272056167  0.112437668998153
0.193719899081616  0.250124008876748  -0.948636168867302
-0.937019915844209  0.263324848450988  0.229463943789815
0.806430494414285  0.500653455577425  -0.314668039522788
0.601036210215189  0.186177224970767  0.777234530185289
-0.285030377578510  0.863839078310603  -0.415379020463166
0.490424661777606  -0.549362847703946  -0.676523549244912
0.268575130859738  -0.275414248900786  -0.923046255929837
-0.551367575985201  0.497209902920588  -0.669907537343702
-0.147272537219280  -0.982880847002755  -0.110707002380802
0.967215244064219  0.210256695181382  -0.142431716205333
-0.420342717469886  -0.810451149723216  -0.408020751656517
-0.975864868157257  -0.014845025912845  0.217870108785182
0.435923432350060  -0.821941801192825  0.366582100736026
0.119598718337311  0.026335677382455  -0.992472961177724
-0.063567157482638  0.986017025833011  -0.154044283428503
-0.885650751213092  0.331727241243409  0.324930429927274
0.089324079636126  0.191105864055402  -0.977496679033130
0.732759514094328  0.463183920534200  0.498521965677353
0.860253059158811  0.310393954911324  -0.404500020967137
0.766936722286404  -0.354906668272244  0.534648782683065
0.027266131588752  0.999627718742699  0.000990953809817
0.066050205283655  -0.334327095559131  -0.940139757460019
-0.242222415551053  0.893420624372749  -0.378322467413740
-0.328445310227946  -0.113036990212354  -0.937734673046167
0.805695252288428  0.592327334621306  0.001867913356013
-0.719472357611536  0.414130279963796  0.557544292276413
-0.983307844270580  0.143592630215861  0.111744529815273
-0.222093399432161  0.954685172089671  -0.198118005544124
-0.263581962020835  -0.215342227431673  0.940293717081005
-0.497632482817583  -0.595750314442137  -0.630431181721607
0.610566723493329  -0.547065471327499  -0.572649671477983
0.788648043076214  0.552744735508352  -0.269272207106229
-0.490736686318853  -0.301173606365181  -0.817601347558688
0.312655366735968  -0.798636600470670  0.514223883186934
-0.346550916809566  -0.932452265312091  -0.102152997864963
0.739110672885848  -0.598268023082104  -0.309500865562054
-0.739834176732417  -0.008817162691845  -0.672731483268572
-0.345827412962996  -0.325367079538142  0.880079350965662
0.396339031748112  -0.610436897097883  0.685771220287406
-0.602587764739114  -0.786715067534849  0.134042486922452
0.103099096960751  0.492021824279078  0.864456534846585
0.895827699526476  -0.315743653842113  -0.312727801481632
0.262462111721776  0.670987926950904  0.693461492655991
0.652762807397389  0.647635619896482  -0.393025216900874
0.422174677574304  -0.469678172275716  0.775352149737638
-0.812475373249917  0.493030479330137  0.311134559819227
-0.025110047862094  0.978903745985377  0.202773128377898
-0.927237901776415  0.346266769970903  -0.142580494890394
0.632744085388041  0.482248204653590  -0.605864334248882
0.269383768526280  0.150388771360884  0.951217957517174
0.817075573247011  -0.177167907070928  0.548633794353916
-0.163573627004023  0.287005285861649  0.943859965480167
0.771507887776698  0.513515326615426  -0.375602966481084
0.209141312474336  -0.977688519548003  -0.019623204645167
0.529042671205286  0.603371473506803  -0.596704882669989
-0.490248554613101  0.863224943740959  -0.120412006059128
0.126483611556046  -0.438436849861000  -0.889817410872423
0.892807614262341  0.178583379626843  0.413524534261562
-0.962352607907406  -0.009417090504727  0.271640896148281
-0.539366178572698  -0.468135978535024  -0.699952020507792
-0.327329644814287  0.939599490838382  0.100040494011201
-0.095656784520421  -0.480880602808086  0.871552422644872
-0.728723850672444  0.674232754104285  0.119882203658740
-0.452649492691206  -0.151097447450574  0.878793490042066
-0.666854157724035  -0.094941103479823  -0.739115497873101
0.390779799742797  0.920271305034683  -0.019795788510226
0.996134601389579  0.076944923199008  0.042371390209946
0.272880604418486  0.295145019967940  0.915655826673061
0.311441378470303  0.670802698180890  -0.673073553105272
0.411812618500791  -0.889002794949822  -0.200210883357843
0.946991077655751  -0.042083627277958  0.318491549582607
0.618525961661560  0.091047747147781  -0.780471615428746
0.160900838333202  -0.877247692674793  0.452269174187700
0.167564277660989  0.744116318249055  0.646693990823653
0.938947375367074  0.186728802995823  0.288981280402434
0.539489604991027  0.293618938838471  -0.789138064512159
0.400824472626362  -0.830149920375015  0.387544644970299
-0.001366702250315  0.723259784532368  0.690574699944294
-0.527839208987374  -0.054165403036460  0.847615407227524
-0.907974808065237  0.392358394945136  -0.147093976202198
0.471181045282236  0.510482805004179  0.719302251047364
-0.091045446204372  -0.957006602985775  0.275407132382358
0.664834288681806  0.106020782461470  0.739428808120982
0.901619882808020  -0.293406717270983  -0.317795665775225
-0.277100988500556  -0.560626391619345  0.780328835294383
0.040315394374342  0.960053891351798  0.276895638601824
-0.316912349394155  0.908990121365085  -0.270746231852200
-0.991933932572266  -0.016554140456730  -0.125670337969855
0.440321055348048  0.264681037304814  -0.857940159165212
0.234700527830063  0.660863224517001  0.712864265282867
-0.299443666442319  0.183767315572855  0.936249466944963
0.306691908724883  0.911130578549841  0.275283748074817
0.391880674297553  -0.683740468054247  0.615571693190204
-0.998016249464756  -0.043622794922740  0.045394025679942
-0.770492891950677  -0.605572912100596  -0.199053137587643
0.059888188325023  -0.315330216557380  -0.947090417766447
-0.857525861159155  0.497164112452705  0.132201523184730
0.027144780883455  -0.787406807995922  0.615835756994073
-0.792144703439615  -0.259125641185180  -0.552594490465598
0.241691754654400  -0.772246804380115  -0.587554226311732
-0.279203813375823  0.775297241415887  -0.566532804036372
-0.754632644718192  -0.262176078220952  0.601492539882506
0.934249749539378  -0.356182988635980  -0.017637576135953
-0.023916234140971  -0.999529794998911  0.019188607399928
0.500269383963325  0.336833288082374  0.797667775147381
0.457896599717024  0.306513518280558  -0.834493958683262
-0.797721575583732  0.341714371174691  -0.496861727627410
-0.188861314301309  -0.597998997647027  -0.778927854665330
0.183396486230744  0.926710716300717  -0.327983196416567
-0.792256747513166  0.013002652521001  0.610049323454487
0.231319036817260  0.303995270578752  -0.924163610337307
0.754124856178127  -0.553215933564440  -0.353903704621391
0.274534388636634  0.961271921353752  0.024231439758621
-0.797340207997501  -0.104060717210561  -0.594491345474538
-0.051609397884801  0.843831564080615  0.534120549605828
0.551405680719302  -0.095805961301769  0.828717679942650
-0.951433683622246  0.177719889858486  0.251375389443142
0.348418605018143  0.761917635523898  -0.545972519779964
-0.760979330992958  0.552996389349931  0.339271942794347
-0.828055583032884  -0.220454613042934  -0.515483961919440
0.215634433985080  0.969741308759186  -0.114470891347778
-0.148558181945155  -0.196290306366322  0.969226796061565
0.755853758134895  -0.654672334397812  -0.009446210217653
0.733750127401072  0.346425882920753  -0.584465446524845
-0.323152384890799  -0.877130942522007  -0.355265880447088
0.345256015624622  -0.123967274796558  0.930285116754281
-0.664654457370414  -0.499392076402530  -0.555735554309791
-0.758668793603462  -0.300812690913645  0.577869696901957
0.441703316776839  -0.797048865444603  -0.411838907877596
-0.347688980543791  0.598469479955717  -0.721766343334152
0.606839289955119  -0.459021442501574  0.648880105636273
0.943670931058479  0.285894625261146  -0.166581623002096
-0.073978523493969  -0.990295770628784  -0.117649754510556
-0.262853117609390  0.245379702866064  0.933111483148925
-0.162151903762266  -0.909634940623478  -0.382453964423425
0.243757025415515  -0.694513202891049  0.676929777429385
0.560341538481694  -0.121884592505013  -0.819244472890636
-0.966250467659475  -0.093237145227416  -0.240139268962174
-0.789496151946750  -0.024144386124817  0.613280420916834
0.198903939029258  -0.598526950745424  0.776017211323325
-0.795861289694615  -0.349031243977984  -0.494754482842556
-0.192538801281393  0.923413808598591  0.332017692436065
0.843803315179945  0.397594114839506  0.360437075141174
0.649913478595164  -0.730629313998948  0.209268430169865
-0.203176002837381  0.514166714600677  0.833277925705326
0.397065839422162  0.614056714237778  -0.682109280734018
0.637652049898786  -0.469186232704820  -0.610953469832307
0.566200299725984  -0.631207814249168  0.530088592426769
0.585088114816271  0.673315109159823  -0.452016218379207
-0.513636364643469  -0.511293527615474  -0.689025843879869
0.761243213932788  0.558887265786940  0.328867440441402
0.075101051640089  -0.090233141690616  0.993084997461544
-0.163291635282949  0.957868061700946  -0.236272339091764
0.849433797575648  -0.308747654223391  -0.427945217928378
-0.189503497248390  0.158304379067639  -0.969034647522285
-0.967964667695777  -0.172120187883640  -0.182808760773395
0.558737610165743  -0.617110380328041  -0.554064131195708
0.219723560281644  0.947534947279320  -0.232161755553181
0.005859982490581  -0.032888474458922  -0.999441848660028
0.869377568131077  -0.379971284047401  -0.315918450442301
-0.111875745743787  0.924420977869893  -0.364595218274105
-0.751641839896709  -0.577338168281414  -0.318928179943622
-0.879865701806264  0.431359166165386  -0.199413180482320
-0.669181987341861  -0.703227619323538  -0.240138258588145
0.105811326695064  0.634709754319158  -0.765472070630369
-0.316495041159467  0.499877031169766  0.806197148736194
-0.076628927873922  0.683909858985564  0.725531055293458
-0.432134876355105  -0.412025178798498  0.802181214360960
-0.556252662550105  0.766255272362499  -0.321614416627414
0.911758611031288  0.329679765421564  0.244964257559912
