-0.551671798012100  -0.830486463543763  0.077139232227648
-0.322477826985528  -0.099724125105886  0.941309274348531
0.555751682545605  -0.793559793414598  -0.247796129153605
-0.784945653572177  0.062797454976721  -0.616373912967279
0.171946390427820  0.001530390955797  0.985105119630573
0.985202123081131  -0.040784593081469  0.166473402210716
-0.441642902253183  -0.794554567861260  0.416694835077413
-0.371612830400129  0.836869551898527  0.401936882342444
0.697815449869156  0.564860527841294  -0.440438624567332
-0.050131359370701  -0.120968822478169  -0.991389626128845
0.905086181409776  -0.275329416008403  0.324056656931378
-0.157139372169920  0.961158766327866  0.226894344630135
0.506433217971181  0.729849478948447  -0.459178760194801
-0.130551905864512  -0.074681595083614  -0.988624731245841
0.973068724388588  -0.083244816234130  0.214959433816971
-0.336083600552895  0.887775890266190  0.314486537234069
-0.805655950357014  -0.460011761455820  -0.373239425806882
0.285725199258826  -0.665768194061956  -0.689285008022071
-0.605089760946193  0.676161466386187  -0.420323747333601
-0.486291388669647  -0.470405033780051  0.736369329548790
0.850544543286611  -0.418770342999389  0.318127929785402
-0.169317521199208  -0.955064812898247  0.243275112123275
0.335031668400410  0.493990163883562  0.802326304663589
0.684830396085409  0.042304306015297  -0.727473487001462
0.647287771841997  0.716862900278114  -0.259087094677976
0.436500875741634  0.367636131615078  0.821164210257539
-0.486891661272234  0.732871802223211  -0.475221455418068
0.697678557372597  -0.383645033560176  -0.605029849517447
0.736516383269087  0.359859871774216  0.572751682549138
0.406909687379867  -0.745867127340664  0.527358260264315
-0.369509841972348  0.687400364555043  0.625254520571555
0.699116537861568  0.418326634559837  -0.579861098286732
-0.858052828158833  -0.400591528057106  -0.321359256498861
-0.762631338147005  0.383662115767602  0.520765612344782
0.026179339308666  -0.991349757463376  0.128609099875042
-0.121600829320495  0.207096113638667  -0.970733968718685
0.277757922351775  -0.192688548013465  0.941127865932833
-0.184298140057650  -0.959716082847214  0.212083087245753
-0.515788600596829  0.584739856090319  0.626132110815153
0.977844663006254  0.182287678743430  0.102912667871927
0.188481232063885  -0.961320429885890  0.200842864557563
-0.367631881314565  -0.230599652063687  0.900927633225455
0.987994603598387  -0.154358330491159  -0.006337907260954
-0.431881490219937  -0.576362447331043  -0.693746861406938
-0.103390304578265  0.811794045320288  0.574718081237867
0.132889172609695  -0.251227785185844  0.958762258202588
-0.917223667347884  0.379522995996030  -0.121091038343453
0.680944190159925  0.683498834510102  -0.262953138621269
0.554120576074671  -0.402301226235777  0.728768900639884
0.963555708605202  0.014761093306060  -0.267100180716407
-0.288459888430312  -0.944839070103316  0.155145171929623
-0.120975244100219  0.527776750561479  0.840723909426667
0.767889252437420  0.586039765848255  0.258657087348527
0.046848837294665  0.067532412318765  0.996616556018686
-0.130160429724387  0.911520938564763  -0.390112600529612
0.851200844867141  -0.393013585035273  -0.347846868140547
0.587683838915148  0.045455419236475  -0.807812794117543
0.430979900425670  -0.889945423511959  -0.149175965219599
0.706818078940127  0.693285120609614  0.140584297930822
-0.550114140450649  0.242115722138820  -0.799221126828765
0.445997185139358  -0.729764436563399  -0.518199168250080
0.221216171339874  -0.757616479154116  0.614068950568133
0.840477039406857  0.350383004308434  -0.413315976610729
-0.615696025607373  -0.322530961717717  -0.718952142207484
0.168264291287360  -0.263321943601795  -0.949920355764280
-0.120456561488680  -0.987828428115772  -0.098413481803295
0.934560025537297  0.248818104609896  -0.254336606657525
-0.645839172761258  0.475688379904080  -0.597170267303460
-0.059067618578650  0.810188825033123  -0.583185291504248
-0.913841853522575  0.399022685270438  0.075325715330120
0.173007558390244  -0.259808969436411  -0.950035622563826
0.681766676553682  0.670975109199097  0.291524615729458
0.570338753597832  -0.650000051663691  -0.502208760359347
-0.149449983558283  -0.921305860058126  0.358971049859159
0.962664568913076  0.247959087372526  0.108596587187561
-0.242875831756961  0.023346721021909  -0.969776397406067
-0.439574229456257  0.725745172285585  -0.529214929591093
-0.389739643914993  0.677832981652983  0.623414355741381
-0.727401846741127  -0.391989777493684  -0.563232250229025
0.677567261199864  0.439901968126285  -0.589397035103449
-0.221027121739298  -0.941517379282619  -0.254346291430465
-0.990339157499669  -0.094014272138725  -0.101929729505540
0.322253318704031  -0.622383016546814  0.713296697944359
0.447058717056339  -0.225120090597080  -0.865713259869284
0.196698609449808  0.960043847767766  -0.199061466396122
-0.460817461978225  0.266066419617318  -0.846673447728207
0.986833474025125  0.123319909078347  -0.104651299888778
-0.329317402597092  0.570657519072101  0.752263281220864
-0.884855754450301  -0.382298460862658  0.266229563794542
-0.708347111362346  0.334882969149611  -0.621367658313628
-0.216765695421482  0.280885639268085  0.934941651089201
0.040257052333528  -0.998067069280354  -0.047344428981031
0.191628917979952  -0.918641662787621  -0.345508108710386
0.811867633973609  -0.364910973260087  0.455753142063190
0.161651032990424  0.041695459523410  -0.985966750041938
-0.781889748984081  -0.595426149050943  0.184705499268361
-0.248777439412670  0.358452888094928  0.899789593547114
-0.980470176264974  -0.127158921962864  0.150029470505542
0.220185423340772  0.974504631924460  0.043117301701497
0.511507313511532  -0.488892821866668  0.706642821340076
-0.352793331971908  0.145189851992006  0.924368309601048
0.014179377647626  -0.864834265225707  0.501857189787132
-0.938911618716220  0.340329674574205  -0.051192624897579
0.571938909096686  0.669694442643509  0.473703744711496
0.879037279641314  0.465298005638922  0.103880830518626
0.724139755233310  -0.678826933403212  0.121719387843655
-0.032668874192057  0.599577517213949  0.799649639223692
0.187566398600062  0.544547421828185  -0.817488196548721
0.656153335063476  0.430610628980923  0.619707420557259
0.307951116476302  0.867392649410231  -0.390891419207558
0.785386579252139  -0.605785218099808  0.127248538940104
-0.437184360664965  0.169003197670501  0.883350300824713
-0.495608656640161  0.797584075283564  -0.343848371113487
0.165209815468871  0.780512172741674  0.602914973337711
-0.979281559061574  -0.201044581533593  -0.024263229750280
0.318463086952543  0.218116484075482  -0.922500114700918
0.691827948244979  -0.248231105196171  0.678052659046648
-0.349166605296777  0.190303655317387  0.917533214940128
0.829491835666501  0.535498412035744  -0.158697023506478
0.211502717875255  -0.974033172549302  -0.080783532387001
-0.874364582600518  -0.157776084463917  -0.458904438707077
0.164764177415877  -0.252756197602364  -0.953397645483806
-0.549383718708285  0.834904729448853  0.033341001217634
-0.489745041308109  -0.739924616310406  0.461152205559094
0.241553552790600  -0.080642549080505  0.967030847704476
-0.531882510765348  0.658467870431976  0.532466955172552
0.975353970625179  0.187269749321544  0.116681930797973
-0.201917907069231  -0.926380168834025  0.317881961733951
-0.696099936521858  -0.120408612193575  -0.707775843388204
-0.878820077852882  0.339115438334539  0.335672444871229
-0.081498480534940  -0.970793280481825  -0.225651067451126
0.264218621865964  0.511269229953712  -0.817797220808306
-0.096806133148766  0.089899545342635  0.991234908753708
0.768894765287504  -0.451859232639432  0.452353925363733
-0.855960200379053  -0.427090292370096  0.291420688233140
-0.009740698057217  0.968849070352163  0.247460295156835
0.593283957686445  0.768075502558863  0.240985825145089
0.444036031220909  -0.184126762385718  0.876886160428443
-0.547084171701019  0.833974094843606  0.072014708247674
0.696332098166555  0.118228170100974  -0.707915043531029
-0.995159505587059  0.090755580224055  -0.037695929460829
-0.267218615813117  0.373838657886880  -0.888166014454651
-0.306367781608540  0.615186087673441  0.726419203989892
-0.421573108165402  -0.898269165336266  0.124050881003930
0.601318473611390  0.336004760746969  -0.724925440337860
-0.545994263729217  0.463572706912122  -0.697847124649059
0.485689238531273  -0.769970099061583  -0.413826062647108
0.661623498809334  0.642402152896431  0.386747746958306
0.066715730938778  0.682971919062677  0.727391482639953
-0.146970587017999  -0.440710328905615  0.885536025550338
-0.694546593230005  0.705587775947845  -0.140537967345370
0.908232911186782  0.418094472020447  -0.017606575565015
0.136715671491687  -0.287947437711639  0.947837063151616
0.936886904897921  -0.329693833884272  0.116382573134828
-0.641692823287768  -0.734391722835682  0.221131449530392
-0.158478410118466  0.776138119008315  0.610323040486396
0.816752518870717  0.306505638526301  0.488845186608115
0.766694483605931  -0.602700315050781  -0.221205558352238
-0.171408404480378  -0.026443914955186  0.984845103676377
0.221466439745165  0.935649868532268  -0.274794358716024
-0.410012106001167  -0.499015697923038  -0.763461463440606
-0.918963017946887  0.353735162438320  -0.174294023135291
-0.054729057679982  -0.972084183313215  0.228160186706054
0.563679969625702  0.119333322951857  -0.817327627011369
0.536974749895247  0.214073344160178  -0.815984510450422
0.968581974224088  0.053388140113058  0.242896409408285
-0.298562335179025  0.877758985022068  -0.374699474546571
-0.133044889149815  -0.717073780974949  -0.684181445312137
0.577350269189626  0.577350269189626  0.577350269189626
-0.577350269189626  0.577350269189626  0.577350269189626
0.577350269189626  0.577350269189626  -0.577350269189626
0.577350269189626  -0.577350269189626  0.577350269189626
0.794072241938698  0.509456700395169  -0.331516432480980
-0.148892805029835  0.266747847999904  -0.952195630213544
0.815009815430588  -0.576205247173652  0.061208772911644
0.127955231537945  0.818914099568918  0.559470424820919
-0.683105198192994  -0.388327619559937  -0.618521582556844
0.450193497018545  -0.326651111197240  -0.831038426786525
-0.671156453807138  0.701941401967738  -0.238384736752573
-0.462142241404401  -0.763617910330436  0.450901580982253
-0.077255632258278  -0.376935545615234  0.923012005196097
-0.724126969049397  0.479032922374435  0.496152790959339
0.868313530917096  0.117652723134261  0.481860403815648
-0.221442194125976  -0.973621191123930  -0.055001189578890
-0.256333153871059  0.578923079840202  0.774042235188011
0.022343222091234  -0.539605348883183  0.841621558589869
-0.923014513617787  0.357454222677527  -0.142375160547495
0.644338137655495  0.761074206045858  0.074795837145636
0.578385299940442  -0.001807375495966  -0.815761716561044
-0.535443484314693  0.301504850291853  -0.788920211653516
0.342675304968567  -0.925098334013709  -0.163605341507423
0.771153479286568  0.621786108225890  0.136763836599895
0.459068529524667  0.143730399148632  -0.876697015827381
0.694324138748375  0.712653719528066  0.100193145444885
-0.671175818811667  0.282531597927582  -0.685345837088820
0.435920209587959  -0.851454918307016  -0.291544324183446
-0.762758794494042  -0.455922509327880  -0.458621507247714
-0.554153143599488  0.679563254615983  -0.480737013776284
-0.564024746504760  -0.470280525809034  0.678757918830433
0.355419095610205  -0.665205238134829  -0.656642412301863
-0.496055338091123  -0.574628848144943  -0.650946071830008
-0.552800413037101  -0.667690959336446  0.498598522025876
0.652898011919521  -0.479298538837473  -0.586512656896508
-0.596152936973544  0.572360650028975  -0.563031936959376
-0.290399270480062  0.563167883264765  -0.773634409113072
-0.962016645359265  -0.182755555252568  -0.202791471901635
0.557157531992573  -0.220576311347622  -0.800575777435354
0.114459842886630  0.966499749864955  0.229732840223918
0.117613132876422  0.867675062153133  -0.483018775507278
0.073415910185798  -0.172586217078703  -0.982254601315796
0.832386798101461  0.450792508004137  0.322363665870920
-0.788189575410837  0.589468771227699  0.176872159937598
0.076818649693440  0.849595567832877  -0.521810565414316
-0.900231199091506  0.258583674778967  -0.350311677396109
0.629419943945218  -0.134614768345212  -0.765316534714469
0.347629904839727  0.725626661399122  0.593817646696262
0.527463219009988  -0.315832677749933  -0.788690225790157
-0.551130260399987  -0.640581328275884  -0.534706459597924
0.830577853994551  -0.458313910429361  0.316368120961569
0.248015625415424  0.783062560955313  -0.570351887153802
0.899338213321679  -0.226875950373984  0.373788818989107
-0.093220584609056  -0.251643921607343  0.963319915356899
0.604093012027439  0.792841943162698  -0.080456733600206
0.388465785903296  -0.768073971929338  -0.509074362767587
0.189118697639328  -0.760023654926228  0.621770184357358
0.880957098120254  0.148255857455499  0.449371552283492
0.029688212238361  -0.854908855367592  -0.517928044295888
-0.721526612719287  -0.053370657014134  0.690326676369754
0.717389787427400  -0.696618851711023  0.008606296281637
-0.417622118527305  -0.908615252094686  -0.003176441039204
0.558817483160856  0.107137398867332  0.822340925819522
0.576194422793848  0.104859001516332  -0.810558188498680
-0.946427567219285  -0.081878159938271  0.312363293190012
-0.530512096794580  0.778113016304181  -0.336299046999284
-0.021313328349950  -0.010843454338618  0.999714039879732
-0.394602142074754  -0.849147721903834  -0.351051699690436
0.977496323534616  -0.158434560462003  -0.139281827700251
0.128457036850575  -0.663071290402683  -0.737451865227346
0.403315807288826  -0.356466971837986  0.842773787904927
0.445723479395215  0.861103701778666  -0.244603750377833
-0.567344636745223  0.732620687451873  -0.376014616037696
-0.964402278264324  -0.208117969407851  0.163141522881620
0.162791887315352  0.076165978491462  -0.983716191360468
0.234265754203750  0.864572678368261  0.444560052441151
-0.345486785112091  -0.181496546994626  0.920705101941952
0.687895932603065  -0.505906168463950  0.520440327624873
-0.838274536214716  -0.542007687103012  -0.059358816154364
-0.195108181500440  0.866417308572336  0.459623590471443
-0.753872579379537  -0.644356232586266  -0.128379046525815
0.270343176601003  -0.901131529506695  0.338934408690241
-0.222785327141861  -0.062836786216953  -0.972840293320655
-0.801430428838679  0.319612083137382  0.505526838104600
-0.001134364139136  -0.685219559083888  0.728335684328924
0.939176532262851  -0.172136409195968  0.297180917751869
-0.402379357830186  -0.849225886555917  -0.341915553895233
-0.537931538571801  0.336142736667997  0.773070320472287
-0.334886702950460  -0.902776972909246  0.269897449731912
-0.972610374239582  -0.074286638940297  -0.220251118490903
0.129299775911336  -0.123031801002489  0.983943465800430
0.508423895377786  -0.705458532966461  -0.493794897577615
0.157970590332545  -0.391341007431751  0.906585632189420
-0.651728416501169  0.390880167106329  0.649971357898029
0.932022367008321  0.209498795462656  0.295710267146583
-0.122323360174607  -0.991719970000736  -0.039095992855192
-0.118400232478822  -0.052724089729666  0.991565204770286
0.171886125208049  -0.936085325779281  0.306919244788691
-0.934964928833173  0.262607686124621  0.238490639313689
0.644678571146301  0.620753549924994  0.446155320667906
0.614002990365628  0.433792264624190  -0.659412313332321
0.431984282815529  -0.702595109396949  -0.565464138254445
0.704669616300923  0.514204869558677  0.488911120741238
-0.522650908750825  0.622182504462463  -0.582859295819115
0.371316966978793  0.058357318546590  0.926670455666804
-0.334640919298909  0.832591797692424  0.441368727421959
0.998844343163866  0.023369752164686  -0.041998009635068
-0.292886456886164  -0.797604231310520  0.527299737879912
0.732961911369235  0.285434750389779  0.617489951134334
0.873656741480696  -0.354337219401289  -0.333420204865115
-0.177414100515255  -0.358955449050954  0.916337941228557
0.036719270403794  0.998727418842023  0.034572214770892
-0.283844890879655  0.134082517602934  -0.949449291112894
0.039724152236335  0.973436076543287  -0.225486577456658
-0.936006369658543  -0.331585297936242  -0.118081608013990
0.612437326542554  -0.507768261004111  -0.605881105642246
-0.535669921573243  -0.561885442843359  0.630351080146960
0.272392829885571  0.202361045994442  0.940665803189935
0.164172157141687  -0.967200906643172  -0.193829587545532
-0.972234908600501  0.202954417805372  -0.116485135497443
-0.746949047287235  0.619101686909056  -0.242446328128625
-0.619465075865072  -0.458509340882890  -0.637206563138375
0.374172042603109  0.820933902500723  -0.431349985811002
-0.501656014025272  0.256677125291223  0.826110220820751
-0.864125657784988  -0.485531980022873  0.132459593585104
-0.687551331826041  0.633807714280638  0.354345802038899
0.133415453943855  -0.745974886542827  0.652473589730934
-0.309989779902802  -0.373364807760683  -0.874359798184730
-0.133520938825260  -0.793166115269471  -0.594188246672347
0.680042832384889  -0.699433240646560  0.219851968380067
0.104150709478491  0.277649404295534  -0.955020124400247
-0.917714480688640  -0.371382278918444  0.140979909347833
-0.451947587083595  -0.624032040210501  0.637438147054313
0.276073929385961  -0.939804044966619  -0.201374135821304
-0.991646095494691  0.084300257513358  -0.097629339203520
0.263624579025134  0.231471747242759  0.936441622079137
0.860611642629779  0.509069602650857  0.013990719315779
0.761631708967593  -0.636180566160733  0.123253507595173
-0.012556629226331  0.655259174369180  0.755299771923369
0.111536562888517  0.489990994442409  -0.864562560202762
0.610922212646853  0.542116009984182  0.576961248103807
-0.063908664525455  0.963514668399066  -0.259913767196760
0.940874098990496  -0.316280184894138  -0.121337440603272
-0.266043221818188  -0.105118473520746  0.958212455903839
-0.608718899947592  0.267412533563004  0.746961737801883
0.059006596527374  0.988317921055266  0.140520135522468
0.272925594772175  -0.472700785689962  0.837893541523234
-0.940651091247141  -0.248204601802301  -0.231451939243819
0.960002686497829  -0.106451133367639  0.258965245007312
0.353765363500753  0.873378267193499  0.334754342736971
0.529852422703320  -0.290943515394212  -0.796623048251480
0.076384900293755  -0.688885885166925  0.720833950521821
-0.573099446877759  0.573086104400145  0.585772431010434
0.538425499803856  0.325689725698539  0.777189927710968
-0.776266991361329  -0.535175610687519  0.333161558178718
-0.335257955320285  0.782571989389125  -0.524579054879252
0.782486392031689  0.147678373281050  -0.604901764214895
0.142279461153875  0.981598598848302  -0.127360691238752
-0.177828496469712  -0.428731918770335  -0.885757284853378
0.818035427347525  -0.405188306796917  0.408216211877234
-0.131339805434686  0.719865927808458  -0.681573841552658
-0.585205325026110  -0.340504259446301  -0.735929056947754
0.886713390560893  0.268468871734867  -0.376382555267127
-0.432847870969469  0.791901315519892  0.430737770662224
-0.332723663284109  -0.932145162078678  -0.142829831282261
-0.183596649257407  -0.427683612746545  0.885087000113275
0.692835064281035  -0.529975918779717  -0.488983741259655
-0.841962078307737  0.025514369447584  -0.538933090135880
0.913280855042426  -0.327379308983438  -0.242365153977427
0.096143417036185  -0.013153120438416  -0.995280582942991
0.129148730266440  -0.924124850382490  0.359602372595214
0.687988707739801  0.609898661837467  0.393313056370349
-0.876329896544802  0.348991828234516  -0.332040082290237
0.077206830622266  0.981313095623597  -0.176249010388421
-0.705681235690078  -0.160199816627834  0.690181144589834
-0.247855491476990  -0.472121450761247  -0.845972216491650
0.776588262243552  -0.328677480549477  -0.537477241122998
0.850154350199847  0.347098703437073  0.395929376162694
-0.085648166849957  0.324112743264346  -0.942133388204082
0.012082078893662  -0.999888927250895  0.008726770918390
0.422599271652047  -0.901020151452223  -0.097839369765820
0.123644199724657  -0.410081686265174  0.903628863231117
0.889331654453072  0.095718942978367  -0.447132074831214
-0.590376582525682  -0.586657408165416  -0.554336158165723
-0.216545212422370  -0.201004068128203  0.955356234905527
-0.079187776742438  -0.989264310582598  0.122822717044231
-0.865778858272958  0.436613746423575  0.244530989859248
0.728421422593026  0.351646496030820  0.588002528002048
-0.934125117661475  -0.121972559488093  -0.335459325829316
-0.124203558601816  0.528331887883030  -0.839904097070969
-0.647169994882074  0.318226944136913  0.692750034102936
-0.162751564177585  -0.968531391508036  -0.188305262861283
-0.393260858499705  -0.151340435071296  0.906885863758228
0.527165271761781  0.508292852783991  0.680981021803868
0.028245672184739  -0.975769329745687  0.216970959186903
-0.948671802446225  0.316136041890400  0.008933882767457
-0.862440584184881  -0.505818134894220  0.018554060552165
-0.764530419232506  0.642795100843778  -0.048038488729416
-0.059669790867963  -0.526142194170339  0.848300599770738
-0.038240374084412  -0.622471041567658  -0.781708050489158
0.419650909751693  -0.907571450123920  -0.014393639725314
-0.278566620088344  -0.509003294533717  0.814442314916396
0.995588937068594  0.093234943023916  -0.010483977582657
-0.297371407228557  -0.491803098614118  -0.818351977059052
-0.829993845949868  0.118799298647004  -0.544974258407061
-0.495501491299533  -0.867383718612779  -0.046084235975065
0.246866883009118  0.292359008902051  -0.923895530883862
-0.581359237659453  0.693824008357732  0.425005508451866
0.592867928308107  -0.799344631037583  -0.097753672130736
-0.128162122678152  -0.607894189929243  0.783606485527589
0.954431373144461  0.295758822744343  -0.039843101365982
-0.233401322158201  -0.487209263852683  -0.841517056292343
0.915076369603748  -0.094545024046916  -0.392041421562560
0.178615517581266  -0.963156452452407  -0.201062539968217
0.678776537502349  0.335610949695497  0.653167438396013
0.057684314520133  0.533000478709993  -0.844146319990356
0.411985346345679  -0.015262414576652  -0.911062639502752
0.245097821249108  0.930958558486474  -0.270634846979703
-0.654662849917785  -0.376287221034199  -0.655610006195668
0.821550375014356  -0.569933752028927  0.015182213672618
-0.244744056275542  0.777891862538828  -0.578778538919394
0.717446334196732  0.147717020769983  -0.680771943695179
-0.096517983196601  0.818990734876727  0.565631023818302
-0.865672407275674  -0.188815893107882  -0.463637619042516
-0.645238450042283  0.123618686199651  0.753913631001128
0.007663058245751  -0.813134864040646  0.582024888144761
-0.919663095425069  0.138142131500416  -0.367609225153156
0.266761587137035  0.798611418739882  0.539497968009522
0.896823504269977  -0.351558322896596  -0.268541147295997
0.017507940477029  -0.992962968385377  0.117123931950533
0.706244050464689  0.415740901025718  0.573043492588089
0.173071513328260  0.225663744463064  -0.958708571834619
-0.084381833074204  0.888795214545264  -0.450469502684118
-0.939926660247825  0.330033548857519  0.087268149882308
0.231848401168770  -0.093678785074104  -0.968230656456676
0.623696426004852  0.652440450761848  0.430493003890250
-0.036620940243804  0.952584929016960  0.302061019903947
0.437857289459964  0.583610777279020  -0.683870934248965
0.479597142219547  0.091635622833763  0.872690949765558
-0.954075371923314  0.277338528904177  0.113241004387354
-0.778962008310315  0.117578953323272  -0.615949169448718
-0.064377233383435  -0.789433560988540  -0.610450837174336
0.125973271613294  0.830976338946883  -0.541857046599450
-0.840558046540174  0.076036175364930  0.536358714325069
0.015188847483403  0.153830657256850  -0.987980479463057
0.255661317704528  -0.847374594236245  -0.465396162073286
0.666791851557226  0.713228801763922  -0.216086332356507
-0.907264321778351  0.287976449729173  -0.306497985033264
0.667168699435531  0.744672696248328  -0.018668207084443
-0.008386733192690  0.432536151503925  -0.901577584209218
0.912217161014959  -0.364985359778686  0.186133119828340
-0.236661728386738  0.677121904523089  0.696776257296434
-0.186363195447355  0.953444991419447  0.237089450882619
-0.611544476127428  0.399849379658813  -0.682739941196128
0.858433456245594  0.512554464934363  0.019491579568949
-0.433252175565521  0.041041146826271  0.900337812509798
-0.375288041492487  0.917840521895878  0.129335464118069
0.692066814694442  0.586936211022389  0.420177829245394
-0.801924095110826  -0.048626290947506  0.595443724888735
-0.265430761076103  0.379530601820995  -0.886286090016059
-0.503165474777546  -0.571203279594575  0.648499281705299
-0.805273272749861  0.495481942187511  0.325626474907708
0.590404689199461  -0.222980636339006  0.775694488048704
-0.288296891227146  -0.843704585443080  -0.452821681251112
0.265078344467470  0.522167420911978  0.810601416130344
-0.130911815938745  0.975894864229578  -0.174617611992473
0.962038533648679  -0.175049459953950  0.209378953920711
-0.566048373242464  -0.278677983363650  0.775840074202106
0.467614382951361  -0.880799741252709  -0.074354587391621
-0.011303645714632  -0.304029647362276  -0.952595507609777
-0.467598660363081  -0.674881652405132  0.570864474348834
0.946516689029074  0.098111558514698  0.307376445869322
0.159984135867191  -0.987105202695672  0.005328703591412
-0.851406661008180  -0.474471775097091  0.223569300726010
0.694625855475407  -0.221412049104216  0.684449870638115
0.316764941399965  -0.291221378494364  -0.902690467772713
-0.096005827822013  0.708378295947270  0.699273244772780
0.197596970323576  -0.390325954315947  0.899222490102583
-0.934827524952206  0.354925200840896  -0.011207158416978
0.641224726806617  0.743779049422321  -0.188742086912825
-0.420215990089926  0.671363227652024  -0.610483364416591
-0.995392233565522  -0.083226359243146  0.047620105885771
0.303902238847969  -0.166293010265766  -0.938077856022592
0.271274004627627  0.920882597160936  0.279974385720229
-0.155325172378483  0.736895813524271  0.657919942573560
-0.834909129924735  0.493655009932114  -0.243375175269063
0.776379307523135  0.630068816213206  -0.015762540581591
-0.096795349976883  -0.386828012621048  0.917057658424214
0.664433363867435  -0.418317085384523  -0.619305353646490
0.893850665177217  -0.038442888465161  0.446713703269446
0.067741996925838  0.546511844438815  -0.834707029885687
-0.297159298235620  -0.926386041358176  -0.231312027030249
0.683661734737397  -0.695586159584513  -0.220831444885736
0.179675017666331  0.009676342967699  -0.983678431406003
-0.342420448640813  -0.900674131697642  0.267459052647920
0.846407165711879  0.195411629145430  0.495387933872348
-0.066371450335093  -0.995029707141253  -0.074234173308575
0.902575926902466  -0.380121541256823  -0.202149227178073
-0.634232411506853  -0.237809259456960  -0.735660250598559
-0.334714965730706  -0.377098906427471  0.863575304468058
-0.971023274567547  0.096050425934861  -0.218833534737823
-0.279465609311803  0.950740098330841  0.134135150642353
-0.537116367636619  -0.593106255694137  0.599775772329398
-0.154441297619126  -0.261583416701843  -0.952744457709574
0.939602381781119  -0.189993415279301  -0.284692582098225
0.225753441022335  -0.951458484453960  0.209194015753676
0.625928119276518  0.606617529726261  0.490131780369085
0.087920821482266  0.154847539448398  -0.984018378220987
0.946866336855770  0.184441303117438  -0.263487278314679
0.606385146110435  -0.648625397844460  0.459980595077383
0.244775175983331  0.932091188256218  0.267003988729459
0.095706014762004  -0.099024487294320  -0.990471862121520
-0.292125254667417  0.948117434285428  0.125443877449293
-0.996851151628816  0.052317197628372  -0.059587686048525
0.406973641074319  0.571270582727923  -0.712756884765353
0.297752255887080  0.324529653929133  0.897788448263171
-0.308471352483339  0.033592305229015  -0.950640300916441
-0.992634789492016  0.118673020147415  -0.024349311678835
0.245089119686666  -0.853250614155855  -0.460320228595129
0.439074317322011  0.768169899237456  -0.465970760642476
-0.427059181686679  0.857646411642326  0.286466556397333
0.273746851873035  0.732976206307868  -0.622742757546106
0.293977267455776  0.224739716006618  0.929015299265034
-0.994783301015490  -0.100069510672160  -0.019805985321595
-0.741733819782048  -0.151060296566418  -0.653461343457132
-0.515033446784021  -0.815796788397269  0.263089621107470
0.382738662932173  -0.128094791900590  -0.914933243567441
-0.609439035930199  0.792831283731441  -0.001617720997161
0.222912961175878  0.024594643194057  -0.974528047449615
0.465133799277281  0.858991405149253  -0.213972696037589
-0.841512468824904  -0.065948310117431  -0.536197337931541
0.599291630723501  -0.768448451837765  -0.224358013480486
0.897132851867376  0.012898399540413  -0.441572505246426
0.485820319399402  0.835557365537887  0.256558972078641
-0.116737589949484  -0.026214586928747  -0.992816765835943
0.528050122417458  -0.796444379068727  0.294685288510875
0.829579785980883  0.094357127453426  -0.550358166279606
0.764269643127881  -0.440737575856474  0.470789020497866
0.204250405335507  0.970049054252558  -0.131478531570746
-0.138940262482505  -0.434954350942658  -0.889668655206726
0.652981961796286  -0.080641479345043  -0.753068064239693
-0.475670598124379  -0.314757242269769  -0.821380155907559
0.712240228718165  -0.657652731720454  0.245370619789982
0.416412331202499  0.891768494645180  -0.177058528122115
0.233266426729701  -0.649156978908982  -0.724004137346273
-0.532148618371440  -0.838153667802108  0.119650646112925
0.975500850712193  -0.214990835502177  0.046658663824235
-0.210085805611052  0.403987524395303  -0.890313447283433
0.718163793557258  0.129198085866891  -0.683775270269245
0.460520553642309  -0.871513358001944  -0.168479335519694
0.663753811498060  0.668275282767599  0.335915203829306
-0.406110571583110  0.332436161101236  -0.851211138578856
0.179643032435946  0.873312933028344  0.452827673516813
-0.865778184911078  0.414052917534187  0.281048600803325
0.472525511667714  0.612878070302094  -0.633324649580250
0.572895705679310  -0.153618054807937  0.805103722293737
0.066361558222354  0.959346831921335  0.274316969348962
-0.873078209508158  0.297363210047611  0.386405954136592
0.219329809771968  0.560612098489471  -0.798503919572487
0.720109957958544  0.101371523384253  0.686414934784857
0.153868826496720  0.684201148354133  0.712876688371424
-0.749289962286278  -0.033425133287251  0.661397998849224
0.039041898456342  0.909535912429843  -0.413787571303608
0.864116890326656  -0.191909630788459  0.465266260825808
-0.937909713149029  -0.326295920173777  -0.117712966399864
-0.399009954383781  -0.197663613617318  0.895388268939457
0.003719742480856  -0.832274572243087  -0.554351152171133
-0.542619501246103  0.703642265686629  -0.458750083168187
-0.925998273701403  0.133327982435613  0.353200858155343
-0.059070201606206  -0.368192931832183  0.927871045043989
-0.653224246986942  -0.475266172425170  -0.589423573075146
-0.213703825108256  0.976787086692966  0.014753386186500
-0.538006206781760  0.449453845388047  -0.713120300040743
-0.973471461469945  -0.089546768502077  0.210558044145564
0.191077660819238  -0.429801172948661  -0.882473953875016
0.244387593868947  0.968801786838785  -0.041204390311291
-0.981030489523278  0.126073509335921  0.147257084275913
-0.301875157377217  0.834131523231632  -0.461623213573320
-0.182800884108482  0.076662489373682  0.980156466841997
-0.496354448037578  -0.784720503269392  -0.371276168992765
0.124325796147279  0.439363851176043  0.889664264030034
0.635110179949668  0.766828986709621  -0.092781272173843
0.370731256670165  -0.663056779707275  0.650318416017860
-0.881515640472555  0.335591644173697  0.332127120186016
0.154758865456025  0.961972249977662  0.225075729112846
-0.700506572449813  0.562086901575579  -0.439714517649554
0.903518253620963  0.277553539258991  -0.326525340852029
-0.048252815715124  0.122331809143091  0.991315587614429
-0.673923965346678  0.270067054394418  0.687670178982724
0.435790707153733  0.031333388897851  0.899502461530054
-0.746577124798290  -0.665145262978582  0.014296008711207
-0.363137547702121  0.903878928475150  -0.226128291258536
0.077327471537162  0.898018806603994  -0.433108167934073
0.200242917331044  0.689599600961252  0.695956294901364
-0.861364738158840  0.225923743397926  -0.454982692006653
0.738449292364959  -0.017504537755185  -0.674081770828784
-0.710868946211890  -0.575305070981552  0.404585487399769
-0.398119738219737  -0.584611853707320  -0.706915592234844
-0.713417382934517  0.579345953102978  0.394200335299283
0.400668174942363  -0.570039170377210  0.717300744335330
0.224749301045014  0.286810718390410  0.931250430064950
0.975506437377982  0.212434689996471  0.057084964046761
-0.218231922052435  -0.738433849482744  0.638036267100386
-0.532525214280533  0.812809877876683  0.236129198917803
0.999455647326403  0.007435645241900  -0.032142187343089
0.313458271763474  0.847931557225777  -0.427499691372667
0.322148572864057  -0.781546606517397  -0.534233281294597
0.363848802698872  -0.058949305466480  0.929590785324175
0.262582186932962  0.656232575613210  0.707396212747535
-0.216193407561887  -0.376579401442782  0.900804287809386
-0.503253200820844  0.853696519429198  -0.133934568271409
0.982028795315693  0.179115457626795  -0.059473506790442
0.887895240243671  0.459440670828863  -0.023586274418787
0.123274086573382  0.530345614613222  0.838771141992869
0.037741192715325  0.612030105809974  -0.789933384504452
0.726879960954964  -0.682935049594333  -0.072424031907205
0.789527202255705  0.505390286115130  -0.348177333551090
0.501473251256342  -0.571402311752067  -0.649633724800974
0.600654377854618  0.245418278642485  0.760910104330493
-0.312600426855256  0.831374319224712  -0.459453713080609
-0.033749415468429  -0.997201694773854  -0.066706498151928
-0.063187952410702  -0.267818923535963  -0.961394979634375
-0.800071587893356  -0.340242214056369  0.494085711207908
0.829510124835629  -0.389140557181522  0.400602770274538
0.918097280260491  -0.303651715213740  -0.254741083899013
0.373687679076786  0.614780650886302  -0.694551848174073
-0.046069710551695  -0.929011199481039  -0.367172674648432
0.590479311735400  0.010578833380998  0.806983438923492
-0.083260436100557  0.415982086497085  0.905553203016740
0.887419859747241  0.364413031915852  0.282292640173427
-0.301251979827356  -0.690513488733985  0.657600461166596
-0.669428316020442  0.742082543315218  -0.034339898323283
-0.774804327341452  -0.623006804858635  -0.107428001157960
0.038150201542209  -0.426673080491794  -0.903600932107716
-0.854310166746002  0.511698889910814  0.091205181094382
0.041355637862341  -0.708032614277656  0.704967749855373
0.691898281368325  0.153695908850810  -0.705446196277280
0.904379348103356  0.045151571949184  0.424333984350378
-0.190305967514413  0.861050111862031  -0.471567962854547
-0.022175099220618  -0.752505774960405  -0.658212217773110
0.646048596395075  0.070166469912207  0.760064390427556
-0.440247623057630  -0.312768620634647  0.841639958853195
0.286129786816513  0.952146895589193  0.107452474686257
0.800166432636193  -0.569211805042338  -0.189028043111896
0.503683729846952  0.340704622426217  0.793865895819232
-0.588410021396740  0.609038477083036  0.531832473766189
0.807843838541515  0.502356559373231  -0.308263231322195
0.284249912702178  -0.770690414030049  0.570296653375238
-0.962834779586629  -0.206058914054662  0.174610741814420
-0.149462710906028  -0.084477367846012  0.985152004703046
-0.243657881027071  -0.859647955398042  -0.449039229681956
-0.569714187653529  0.738066409189392  -0.361502033206670
-0.317044651022683  -0.137695924034053  0.938361615669734
-0.514556233264734  -0.855637860506894  0.055818764547363
-0.589917750130477  0.761796430087915  0.267699920034177
0.787429332372527  -0.043854493615075  0.614842931088194
-0.321662558922894  -0.191945560608773  0.927194747585296
-0.435734680216348  -0.899804612693442  0.022066885425070
-0.661815661041784  0.697666107789477  0.274339265949496
0.775887782335238  0.010192944295192  0.630788596210729
0.237789201634221  -0.901403863265844  0.361838874190671
0.988642609546236  -0.135273410011485  -0.065474385323375
-0.468928039300908  -0.706351150744474  -0.530258942215371
-0.281925368611107  -0.059779302509885  0.957572201729417
0.859584399576222  0.323157148624428  0.395833446411640
0.537232849759369  0.464667532154342  -0.703892711782855
0.517457684106245  -0.778912759282408  0.354305600557581
-0.195106134289392  0.637402375752493  0.745420557636914
0.111040304192999  -0.971972461538043  -0.207218688482490
0.970904609604240  -0.237884925787356  0.027477283933867
-0.364113039345141  -0.190166162797856  -0.911733801668877
-0.495751266066100  -0.543921372952832  0.677037829252521
0.619487018624018  0.544189529922467  -0.565768140919131
0.422334958084598  0.713281081279095  0.559341829536292
-0.514517715735691  0.422467642080688  -0.746185373475594
0.711669776275111  -0.591559193437316  -0.378924596979829
0.019568964629858  0.770364574024493  0.637303286286347
0.752682877861614  0.612772578789528  -0.240786735634650
0.132287141997916  -0.340706031354940  0.930816583576157
-0.865401055229672  0.498298026589906  -0.052726561655161
-0.419188825578630  -0.055670010971580  -0.906190696480842
-0.292074941067793  -0.940254358567158  -0.174968482863938
0.665904270156136  0.276594873877614  -0.692868514750419
-0.793018154666974  0.607989473717964  -0.038353698866485
-0.585931839947030  -0.553920879632304  0.591485873071930
0.309394096781549  0.082545509312627  0.947344463101489
0.049070480608546  -0.957430542403731  -0.284462377838166
-0.944396417337125  0.320964153458800  -0.071396212191394
0.416934426326331  -0.059015273227143  -0.907018677685228
0.701450812429830  -0.712716665714961  0.001308492904437
0.417648490350986  0.878313627908927  -0.232669098801286
-0.702164876454485  -0.224612235421109  -0.675658071788379
0.138022515906200  -0.973856062726876  0.180427697965226
-0.796333863714436  -0.514166148949085  -0.318567965709841
0.118162019791646  -0.143492582040856  0.982571939339816
0.816194359828989  -0.316197331736934  -0.483576275664749
-0.499398857366796  -0.490778236513979  0.713959035116839
-0.606671660409319  0.634614449463272  0.478762986234972
0.649509661499410  -0.394648421840454  0.649915242749207
-0.542236858456887  -0.730744264136797  -0.414719193867341
-0.431385346983917  0.902143729161410  0.006585920004879
0.110847747495167  0.429039651314854  -0.896458451058875
0.431715021574056  0.570828323327502  0.698410456275123
-0.973948116053140  -0.097724245480946  0.204633914788631
-0.571410847225235  0.083394627989145  -0.816415935474003
0.263541461108080  0.819403584192535  -0.509041908382252
-0.960060800414654  0.070231670431553  0.270833476467679
0.125108492081339  -0.806240626634943  -0.578207503559430
0.729491981206417  0.367083920843794  0.577140229418712
0.122899553204664  -0.590373164137970  0.797718764282135
-0.245380965976764  0.921266801100301  0.301754308547085
0.851973393978517  0.036190283881463  -0.522332843410507
0.042562393960390  0.967279777685779  0.250116521446527
-0.219562429940068  0.560710725278146  -0.798370729621814
0.921302693023044  0.221415306436875  0.319650762401642
-0.659177869122586  0.185153745970758  0.728836488666699
0.039877720725633  -0.999179035438161  -0.007143005711578
-0.733439272949060  -0.358751535110157  -0.577376973001228
-0.110734882323446  -0.344690605988626  0.932162095335359
0.884051875998139  -0.295736894339377  -0.361928128045709
0.621992720952252  0.472389752148676  -0.624478163867503
0.387199164124556  -0.657985514894607  -0.645857468401601
0.737465802214059  0.426691793483862  0.523524883781373
-0.502672245386363  0.703683473559420  -0.502145579247274
-0.396164414426406  0.898564419321562  0.188774312530831
0.343639438232455  0.338434215531429  0.875998983018194
-0.996258117470842  -0.076659355369414  0.039913739586769
0.256454264811981  0.636789559159547  -0.727138410074132
-0.705230740820675  -0.483039502576326  0.518962851418420
-0.903295403382798  0.274460102037599  -0.329740908315936
0.084445616701700  0.228611292585743  0.969848346249116
0.113619045860423  -0.986110897199669  -0.121144586514759
-0.578785711383376  -0.682228908507183  0.446733496276625
-0.961456166823972  0.214162559913691  -0.172442562052903
0.172307167199447  0.010210535016316  0.984990347722445
0.210363288241149  -0.906602003437190  -0.365814289392917
0.633995702772127  -0.509218404214760  0.582018956457134
-0.049503941998407  -0.973150674638956  -0.224782392941179
-0.247888312289597  0.133500052672027  0.959546309756221
0.931387957060131  0.330432217752170  -0.152744960357908
0.396334142485151  0.908773051401615  -0.130578668038685
0.681662752944662  -0.035498865808475  -0.730804845204392
0.436508494592724  0.298383292308909  0.848780151169483
-0.721837105052235  0.645888624901181  -0.248553974003776
-0.533179831934756  -0.626385680873720  -0.568647734203164
-0.365198095200037  0.494649106407432  -0.788639723062815
-0.755397607786699  -0.376211836870329  0.536506391340109
0.587415871051980  -0.744822950410823  -0.316514402480457
-0.798893831483768  -0.240402557931147  0.551339510789265
-0.808880831433009  0.459147984950955  -0.367280449324113
0.147758884096208  0.290551828706074  0.945381905372744
-0.137771884146968  -0.990102371588176  -0.026761945259366
-0.553812933254633  0.764437484841912  0.330040250164235
0.412288042719898  0.862030262090532  -0.294826045440908
-0.041480793468972  -0.025234584189125  0.998820584256245
-0.924620182505559  -0.072358193059495  -0.373954288651102
0.039466074924002  0.156121714257279  -0.986949056064933
-0.880593567735260  -0.236869693191441  -0.410423825953952
0.717979290898352  -0.570195553873453  -0.399227714699326
0.202080351760909  0.963186961322173  -0.177297515411655
0.572529878212629  0.510729169076640  0.641377622316306
0.024296156220655  -0.477526775390736  0.878281205296930
-0.379592731145463  0.916106835498776  0.129064419628131
0.927826453137437  0.072149108968599  -0.365968002608755
-0.957737191257119  -0.122096765833632  0.260445488069755
-0.066618015603986  -0.087314092690838  0.993950848490288
-0.360154221470328  -0.826772904544253  -0.432129032892447
-0.530964954182804  0.791990231401459  -0.301376327528086
-0.178676676981348  -0.086920132024433  0.980060985730867
0.677621612818685  0.529266985152915  0.510593192539959
0.059505214108498  -0.962238573368145  0.265623902193195
-0.915803503908531  0.346051456190796  0.203843890997713
0.736707205559324  -0.033179888252591  -0.675397355852477
-0.164713290819986  -0.753760085948348  -0.636172354522256
0.873312840935603  -0.141935075015594  0.466024802276986
0.028107655443706  0.862515272711351  -0.505249803607208
-0.285362125389992  0.893028740989107  0.347948451872280
-0.825019918421837  0.296959499874394  -0.480788092241868
0.731146931142505  0.665457256246530  -0.150302379188548
-0.191489138110659  -0.069388015131817  0.979038923302697
0.058092383405835  -0.403405515475172  0.913175374763490
-0.347275696535367  -0.937374965835222  -0.026977101795660
-0.548047789247340  0.540264627371949  0.638559122643904
0.953415869188541  -0.006295177011899  0.301593353915246
-0.594019153418641  0.746745162044728  -0.299187079157163
-0.004313833550755  0.720698248979884  0.693235475691648
-0.929903755281785  -0.344719334711058  -0.128248143024372
0.340198435413899  0.370766247775901  -0.864174411824439
0.126648060212928  -0.983854563282976  0.126453418900268
0.964760914172833  -0.230844201090110  -0.126282751425005
-0.551934947959884  -0.496008703385005  -0.670330649296932
-0.286177906000021  -0.257001658807861  0.923066819622204
-0.773201794562684  -0.169351744882982  -0.611129259150741
0.147463730463094  -0.856479925172593  -0.494668157429056
-0.079587268822688  0.752845710511953  -0.653367586282866
-0.841078256203090  -0.065717530222342  0.536906484561180
-0.379557888933064  0.000039312547496  0.925167988747557
-0.844971125989270  0.534638576538289  0.013615752698136
0.661068730480634  0.405231682418743  0.631486672183030
-0.195655493424428  -0.939830946409536  0.280065563866391
-0.387204992133202  0.641773205795077  -0.661966348382330
0.398381216329207  0.906169098233949  0.141950596624082
-0.991176421350486  0.048585704995822  0.123323683973931
0.205590212888078  -0.312981597434694  -0.927240628980343
0.539248067460336  -0.004539627645388  -0.842134735966362
0.066852515052690  -0.935118807189338  -0.347970627599398
0.916821320219710  0.351542640681862  0.189357964112974
-0.444425767812065  0.579036538862089  -0.683522072479938
0.524933178897321  0.092748385876042  -0.846074993490614
0.884865196810556  -0.453795273018810  0.105277887797959
0.144083791027857  0.969492317115456  -0.198304080182796
-0.504015808941092  -0.422948658220604  -0.753048801105777
0.638230171713183  0.471489132909356  -0.608572300933377
-0.257727673763330  0.963568737817302  -0.071496389263474
-0.030665933595423  -0.421390094155625  -0.906360849256098
0.926623779071937  -0.070689510752321  0.369284937586195
-0.414011229721032  0.777055333284827  0.474109386828067
0.443311583587088  0.123471380523485  0.887822988015704
-0.975425373895157  -0.173551490092608  0.135739530896970
0.118102560587036  0.827135442853950  -0.549453132084608
0.077005076257232  0.140383418672669  0.987098127843626
0.937633690016239  0.263176064796045  0.227115438191683
-0.232949404351080  -0.847788455220507  0.476433951568635
-0.627679209407927  0.724995809097130  0.283548738083309
-0.502677653763799  0.860587992546402  -0.081874803764508
-0.833818928184982  -0.150246792955718  -0.531198546879573
0.572121515285932  0.677542434267760  -0.462183103881402
-0.240980240864750  0.333292351234359  0.911506846996467
0.875458239729206  -0.377902141050236  -0.301268721044665
0.270723348158637  -0.742932797793323  0.612176221953093
0.696552001573508  0.717281853550907  0.017945798129813
-0.091817110002939  -0.352251196807820  -0.931390741127571
-0.862707319036101  -0.156960440399703  0.480728095529140
-0.696133274226141  -0.297956304296497  -0.653161928808749
-0.296118438469307  0.848308602161540  0.438960574422389
0.129544393659347  -0.707312738264745  0.694929449915501
-0.879603270351840  0.474091283904469  -0.039185983618645
-0.735643972296025  -0.670006514772695  -0.099595261868584
-0.008350935400153  0.622951608266135  -0.782215798636527
-0.135608362655661  0.521146190411029  0.842625076886466
0.843050783323420  0.018818887105649  0.537504629027391
-0.107054539990190  -0.578916537044537  0.808328502902038
0.192397418609590  0.938864199298186  0.285512256459406
0.757707904704020  -0.341128775148000  -0.556336130334053
0.629416769826554  -0.748919349278964  -0.207254283759541
0.580520462464313  0.256649339602871  -0.772740000997510
-0.522803356786338  -0.819801744642035  -0.233670172711051
0.571699664148579  -0.185766944239799  0.799155889949020
0.208050202933068  0.798732089458843  0.564572548330345
-0.192754726614008  0.833518751844946  -0.517776115411673
0.966095538395790  -0.016440182488851  0.257660883898743
-0.565290608848714  -0.018346479897252  0.824687779843275
0.958572791551088  0.283538956102839  0.027273864230536
0.170490640259645  0.518641350587447  0.837821037599728
0.200562731091262  0.573937622341960  -0.793958560982670
0.587519420200181  -0.809040016826567  -0.016588612386523
-0.038478403600570  0.610917653101162  -0.790758517871113
0.874139339408460  -0.026991285987868  -0.484924618656613
-0.181265612488067  0.933739195143068  0.308664693774492
-0.731352130520963  -0.295830256054038  -0.614498592988992
0.102483815616704  0.970452930335704  -0.218444907332461
-0.430471586543803  0.190338174654425  -0.882306971777784
0.971993074301278  0.230313353555581  -0.046746365466559
-0.439037672140771  0.549801402125698  0.710608429911882
-0.819390770874270  -0.569542272510886  -0.064964331976897
0.113936297433596  -0.814130921840760  0.569393855103687
-0.140013178384613  -0.275344941233615  -0.951094881289819
-0.793313889923254  0.519933590563488  0.316736694209236
-0.441443859997168  0.736930543051632  0.511918639227395
-0.989005689897971  -0.147495591657612  0.010620536286358
0.201612991426805  0.876613208131627  -0.436922744907051
0.345948838473999  0.007812926577617  0.938220847848088
-0.964551441341064  0.154280450979870  -0.214098247195826
-0.547030916357429  -0.753578237145233  0.364522999343298
-0.117740120495507  0.048006311039205  -0.991883389379070
-0.299780404488128  0.859852377085899  0.413262142839946
0.926458560446850  0.371215253523828  0.062239628260383
0.646296604137693  -0.743697541019353  0.170922985469641
0.045046227387601  0.659758075283977  0.750126735622539
0.235115728921557  0.455154719259204  -0.858810092831798
0.714080697223643  -0.347080310797246  0.607967117292937
0.819232284727942  0.566246652540603  -0.090681818166585
0.218304370405387  -0.944080268770484  -0.247094411066212
-0.323455957909687  0.030753305432636  0.945743346525734
-0.308905433185195  0.615057037087802  0.725453151125172
0.251241592834024  0.940066748565769  -0.230547544491816
0.433335935811029  -0.258674046298112  0.863312055114802
-0.993482961830248  -0.066335665179855  0.092688640502187
0.973955376287272  -0.226459755062515  0.011265182561512
0.405466953836272  0.227858691955618  -0.885255311109179
0.112851001834385  -0.977801316493516  0.176548114825740
0.455637420616615  0.523482869475383  0.719972378844951
-0.285974155344632  0.953500473275005  0.095161073655488
-0.107686100779251  0.220542475580121  0.969414627578908
-0.871468290074937  0.135267532792860  -0.471429436889549
0.693180235509556  0.597690464902025  -0.402824117033871
0.939736264437819  -0.101057238972842  -0.326623924034417
0.034378887574145  -0.712000297970280  -0.701337057183917
0.592698667010282  -0.255576878754160  0.763798893145647
0.312658709853391  0.866519937751598  -0.389085759996147
-0.623981882576712  -0.500331106379400  0.600262770963841
0.076216061911598  -0.980244794117110  -0.182513713219014
-0.938755270402604  0.298963992121418  -0.171344896936441
0.238557325914294  0.180949695616292  0.954121381119296
0.481129767164944  -0.876546735278158  0.013415216025465
-0.172836522840264  -0.461834337006985  0.869963551842148
0.982017137487742  0.157140037283900  -0.104639143549610
-0.328050847482533  -0.571852435555074  -0.751909192267073
-0.097890884917267  0.427237436493834  0.898824536552208
-0.482840939987317  0.870485313918122  -0.095498402735508
0.905399309000594  0.162317778234460  0.392307315927547
-0.520449253930543  -0.605565655658747  0.602015623360169
0.115284734317018  0.906334776918430  0.406530075371644
0.630805979030344  -0.059474902497352  0.773657904239658
-0.885950682494106  0.338061522589226  0.317499283673022
0.370429437780781  0.627748156826556  -0.684627112541036
0.987676886745993  0.073499448736293  0.138174521613808
0.362185062483413  0.738161649918252  -0.569156708740089
0.437304472907533  -0.862501178074958  -0.254669424537722
0.188187351355046  0.197838976892999  0.962000654891619
-0.958962911054728  0.269479956032245  -0.088151508882724
-0.382856138257398  0.171472603953689  0.907754550245811
-0.512992421608130  -0.734101780522228  -0.444897011910308
-0.063114351189200  0.832109132600784  -0.551009047218226
-0.798893831483768  -0.240402557931147  0.551339510789265
-0.808880831433009  0.459147984950955  -0.367280449324113
0.147758884096208  0.290551828706074  0.945381905372744
-0.137771884146968  -0.990102371588176  -0.026761945259366
0.125843551263380  -0.944106934158959  0.304672771147002
0.812767329841895  -0.057646051908451  0.579729419851230
0.115326658242249  -0.594501580186048  -0.795781146456090
-0.802250436820764  -0.291959302064459  0.520724497751861
-0.881663320759449  -0.318650104337161  0.348040083658963
-0.069739798412801  -0.989696957941683  -0.125045159675701
-0.738775207121804  0.452021143333456  -0.499888066792609
-0.073148315224844  0.219025710271065  0.972973310127273
-0.799203788070407  0.461595860376361  -0.384970864894111
-0.040872181625874  -0.169813233043849  -0.984628321069599
0.071057858178384  0.983569555253400  0.165956954568738
-0.829389464622917  -0.352160461833190  0.433700501606750
0.379953275546367  0.682193716588718  0.624697720060237
-0.268585464346626  -0.220450373538035  0.937690503923682
-0.348980004916055  0.905174180932962  -0.242636885780237
0.997518744809048  -0.002530090806209  -0.070355898083207
-0.519764577583897  -0.373076534296331  0.768543221586446
-0.977773024247943  0.048590057277235  -0.203958131455520
0.195447095418623  0.531758409661081  0.824034845529691
0.262561351245423  -0.953425001234647  0.148466507512274
-0.219342931576782  -0.736096664487760  -0.640351761844455
-0.864053483530752  0.204710290159922  -0.459897026192836
-0.084343470885243  -0.862213295991805  0.499474134599559
0.729054022839213  -0.078593658655877  -0.679928870251178
0.111609917588395  -0.019354924012072  0.993563592938267
-0.850941430164824  -0.308567304365363  0.425070466047381
0.222893501961131  0.917885906208207  0.328335118389491
0.739657845792088  -0.628673525854916  0.240158008501395
0.990074182818175  -0.133330840664912  -0.044452215293629
0.438362201373382  0.507862066293983  0.741562338597834
0.341931595231433  0.332116412148820  -0.879079901353616
0.209780386213360  -0.973309319107714  0.093065347462152
-0.268974990890779  -0.634366356010131  -0.724728763495512
0.747518955888549  -0.090653150577304  -0.658025392274267
-0.812854283115174  0.350591242932180  -0.465138360921335
-0.203639663664154  -0.894304448365007  0.398434989700090
-0.849121419459093  0.515976816294261  0.112963445692019
0.125208493585172  0.928569288948729  -0.349402216300046
-0.240193711478486  0.038391380600820  0.969965506016453
-0.734136201565779  -0.450983853255288  -0.507599844024388
0.682308606103804  -0.730685537245278  -0.023528954444766
0.438560473116055  -0.075505117840414  0.895524253496312
0.690093405579906  0.210508417497104  -0.692428550637532
-0.446345272592158  -0.865688836901968  -0.226624657303547
-0.957737191257119  -0.122096765833632  0.260445488069755
-0.066618015603986  -0.087314092690838  0.993950848490288
-0.360154221470328  -0.826772904544253  -0.432129032892447
-0.530964954182804  0.791990231401459  -0.301376327528086
0.524933178897321  0.092748385876042  -0.846074993490614
0.884865196810556  -0.453795273018810  0.105277887797959
0.144083791027857  0.969492317115456  -0.198304080182796
-0.504015808941092  -0.422948658220604  -0.753048801105777
-0.684385165571357  -0.124090136158084  -0.718483530259487
0.061538844561889  -0.930181292820689  -0.361905696413333
0.166927768240187  0.655836260025867  -0.736215946734132
-0.912851778373433  0.150254896636738  0.379638112887978
-0.186452837957461  -0.209962919939800  -0.959766071221504
0.855997078090464  0.014518636106851  -0.516776752095318
-0.627259766264861  0.682693851454697  -0.374799000547367
-0.415190149783064  -0.907175407501347  -0.068190318578820
-0.857323949211805  0.238500641131662  -0.456194136621309
-0.461280413791298  -0.834893938842687  -0.300287346946675
0.193848184135732  0.577409243009039  -0.793108723691152
-0.589891719556239  0.495985336965310  0.637201934016518
-0.264645542665497  -0.952736945657732  -0.149181262650714
-0.397717652900479  -0.370803465854655  0.839241001311012
0.806894969898273  -0.534695224043655  -0.251040883000699
-0.673822859663292  -0.047238255759423  -0.737381380961027
-0.997090187695438  -0.006796940467921  -0.075927328424955
-0.403846727169115  -0.016330924209792  0.914680885265046
-0.290163783183031  -0.811619861105357  -0.507028776292068
-0.303079677343293  0.821153844847227  -0.483579437397933
0.169672739453457  -0.464774360085109  -0.869020112364402
-0.201267583085894  0.622866216390147  -0.755995394482390
-0.587587887448420  -0.806379607461798  -0.067025392155957
0.958528209987770  -0.281260969013458  -0.045999325726054
-0.724209175003004  0.199898616145824  -0.659970919135421
-0.587073335249981  -0.802822515134886  -0.104023594587763
0.408294840223751  0.231059758917197  -0.883123270702221
-0.545430679976775  0.771661372363513  0.327175946154562
0.108892797291643  0.269568401203890  -0.956804700955415
0.892403470622933  -0.304836253928719  -0.332702425465835
-0.061492373226318  0.995288026750172  -0.074969539432659
-0.722018300104973  -0.420883371617563  -0.549132736056920
0.784996552977152  0.188252122760785  -0.590204667967010
0.219672647086204  0.974820468135328  0.038327314366658
-0.221848757537250  -0.254946459931152  -0.941161745582422
0.787172663428198  -0.531621885443391  0.312629763248755
-0.904017887573384  0.414767351116205  0.103536000480046
-0.630138769766488  -0.668413830815326  0.395155768794988
-0.338812337569278  0.288723439964627  -0.895457969491497
0.064933219762383  0.794457741966905  0.603838201176555
-0.452577965721845  -0.855836849305977  -0.250432570391903
0.544933661708916  -0.772824908610051  0.325252155978065
-0.090075560226702  -0.050800866425024  -0.994638459652709
-0.907436067204059  -0.032211074270902  0.418953733282740
-0.217248621397033  0.241708387819231  0.945716707983377
-0.920410960623465  -0.321054452683036  0.223086758855356
0.041935084747429  0.993239348379517  0.108245302428603
0.661227254479002  -0.430476507877250  0.614384646699419
0.349541089332044  0.236222028577361  0.906653285486445
-0.009910993742004  -0.812326131415277  0.583119223163613
-0.577391265223233  0.708572914577612  0.405639928472163
0.936843348297281  0.339975245415026  -0.082105866149331
