-0.622441320305228  0.088210246679825  -0.777679725309442
-0.900445165465996  0.289224361697582  0.324881166874200
-0.080606332201680  -0.882075422111892  -0.464161145417321
0.358610177362448  0.681061307094135  -0.638399746766321
-0.291122710776367  -0.082463632470153  -0.953125026735762
0.510705353359632  -0.737493142550164  -0.441909387478130
0.176276066788228  0.860480569050067  -0.478016671848321
-0.978104130924228  -0.205451058970055  -0.033198967409311
0.268153935136396  -0.044528018221954  -0.962346467060638
0.847130280144473  0.514181664124209  -0.134117503484096
-0.723187541207228  0.395511645856518  -0.566189295407916
0.144211196199151  -0.954221328202680  -0.262039668168625
-0.662556893958922  -0.748802744820921  0.017686481169541
-0.836290630918004  0.305565737451742  0.455244506539443
0.386765160039132  -0.775590072964594  0.498871476132561
-0.213031423080050  -0.278778409308069  -0.936429501502463
-0.807574526601369  -0.588194318749421  -0.043021243304675
-0.408364364043111  -0.072586433713665  0.909928434449873
0.266608864540105  -0.909404372539777  -0.319223120331487
-0.665819027098363  0.393796487504021  -0.633726557423062
0.522767152313854  -0.572929650230670  0.631241728934508
0.066163280922950  -0.927315283856311  -0.368386732366953
-0.461417829994907  -0.025756345400605  0.886808996816336
0.918021701385811  0.380141979026246  0.112819464485125
-0.133350401636908  0.986436219558220  -0.095714445759054
-0.960333990696609  0.188122569092922  -0.205836161328871
0.573739574143646  0.343324599702563  -0.743606831800611
0.253244014916055  0.454989050762735  0.853728547370429
0.966080079286656  -0.137463528318981  0.218616236331122
0.517710385236473  -0.131051361054754  -0.845459341295606
0.098723937802743  -0.808576214235619  0.580050075318601
0.349645756247441  0.802164046971392  0.484025502308127
-0.789378787811610  -0.597010267870010  0.143037999884125
-0.826168326319739  0.454142941414368  -0.333466767983777
-0.097759490677773  -0.195270135238249  0.975865080975059
0.134549029185902  -0.855883074046130  -0.499360313107157
0.509239217617256  -0.433873524548599  0.743255799800003
-0.041332126103593  -0.993788463123258  -0.103325436920780
-0.403218567500821  0.260994091783693  0.877095702233566
0.953789911221670  0.298920846790966  -0.030514465512783
0.242654515935851  0.168056776807880  0.955445291822030
0.070112941939054  0.984975662597428  0.157819895651368
0.878309610927906  -0.433308630137213  0.202029350343661
-0.705768036931109  -0.383610255652335  0.595596045827001
-0.869349306166272  -0.493281592847187  0.030084115848127
0.148792770788891  -0.915122890243986  0.374714300651120
-0.372837444732807  -0.075070311952686  -0.924854955151584
-0.645304632222356  0.496911609349485  0.580224770348591
0.054633440614035  0.653533301513776  -0.754923447098563
-0.648436094194937  0.745012975928353  0.156480981092256
-0.224106512759198  -0.462272523456950  -0.857951271923793
0.927176047568170  0.370792849042374  -0.053453156267025
-0.911663430263433  -0.329395108719542  0.245700330223531
-0.212847398365016  0.276229588955039  0.937226332960707
-0.023273699260698  -0.997484491885359  -0.066955383435022
-0.675542332637719  0.391859794210778  -0.624570619302154
-0.981182604401622  -0.186274627351710  -0.050817910470941
-0.338646124436498  -0.252932550537036  0.906280269719566
-0.163936951749518  -0.751667402110844  -0.638843323871364
-0.478599528215606  0.818325325296169  -0.318254856319144
-0.483481712396575  0.520787709064518  0.703580553927840
-0.448515659523821  0.789549297330091  -0.418862280764778
0.652517405595786  0.314288910016439  0.689524123171353
-0.687483458468540  -0.583050498282012  0.432918711521265
-0.068391871881686  -0.874809912604324  0.479614604312394
-0.206332002373575  -0.725104973503803  -0.657000671382124
-0.729957106087684  0.049762824749943  0.681679018706752
0.867897236579572  -0.199467763850465  0.454936256987765
-0.643826291034458  -0.589329295772660  -0.488035539809259
0.147311364449090  0.089199579498080  -0.985059793576772
-0.936018181172922  0.272236597607708  0.223063218475646
0.144880525689375  -0.950765472878448  0.273961035291867
0.558550018069526  -0.754560793838686  -0.344470442441820
-0.589603145572264  -0.677354867336084  -0.439952854778110
0.488649718982464  -0.427306801595753  0.760677559448395
0.659503444659325  0.350100875093150  -0.665195147112105
0.390362222835307  -0.269118366170608  -0.880450248436980
-0.673885760670193  0.150442373612390  -0.723356809457010
0.248824887726100  -0.968153669580128  0.027652257170552
0.815423095779400  0.548592929797130  -0.184745696150522
0.401669175000838  -0.861220314105658  0.311386326652117
-0.541976383422112  -0.366359477584334  0.756334802185396
0.937130922829490  0.161818902647711  0.309192943358413
0.006514635593460  -0.656679739169034  -0.754141418891692
-0.483481712396575  0.520787709064518  0.703580553927840
-0.448515659523821  0.789549297330091  -0.418862280764778
0.652517405595786  0.314288910016439  0.689524123171353
-0.687483458468540  -0.583050498282012  0.432918711521265
0.857843202807109  0.481502579986445  -0.179611538783117
-0.195530542181261  0.950387717877277  -0.241931793657475
0.479739793299280  -0.444591502133643  -0.756431177937369
0.573633951689090  -0.024293635757189  0.818751432811727
0.687151174858137  -0.264940608589809  0.676483360335747
-0.112800600667406  -0.966958525450389  0.228620284637830
-0.114062631771638  0.553143121197956  0.825240815462197
0.914014407297180  0.148874795662623  -0.377377739764280
0.592536246097842  -0.527216741461345  0.609051151040009
0.662890379458588  0.611632752235910  0.431835294080482
0.484599627282713  -0.697471872160552  -0.527916838888770
-0.554953760643459  -0.441377621536702  0.705132695848297
0.851689786392474  -0.067306954378234  -0.519705956909355
-0.162653372117623  0.284472614592885  -0.944785273004112
0.324065462455635  -0.945956017416077  0.012197916122464
0.690277696054462  0.594176448444957  0.412881399972294
-0.395656594977615  0.111099242815533  -0.911653891066415
-0.054647228021471  -0.891095829271732  -0.450512933803341
0.576375219343562  0.612320360534996  -0.541161142914893
-0.917384586299706  0.389874711552270  0.080020185651819
0.982578659803801  0.142018833543166  0.119874218317391
0.176746766295569  0.966303044267349  0.187133661439390
0.480215917446312  -0.271251756389159  -0.834155355606492
0.325615976061919  -0.553032454335024  0.766895912484493
-0.884958722311246  -0.328351069833980  -0.330202414806627
-0.003072664524646  -0.001259499264387  -0.999994486181960
-0.724941657773885  0.601968053311533  0.334804503578395
-0.156944400012716  -0.929059623881127  0.334987567796939
0.937978344765391  0.043248729347567  -0.343985715053691
0.307290412951610  0.951546556272184  -0.011478386409933
0.032307814042178  -0.371931029788164  -0.927697964982425
0.598380117771602  -0.536366797136453  0.595190636338666
-0.347475767099790  -0.827855546012845  0.440358701758222
0.131078868883519  -0.781874267789999  -0.609500582034234
-0.974432058482867  0.110433531606362  0.195669615673433
0.495877422499559  -0.156414809829208  0.854189668119023
0.075747046042035  0.510977367996855  -0.856250263889544
0.802570290924001  0.595407763041590  0.037020586650858
-0.821309335814302  0.555346854751053  -0.130540590707960
0.094486090932336  -0.639777249795788  -0.762730259832442
-0.779334345750618  -0.529776704614711  0.334626091004622
-0.846704402283836  0.383227112909490  -0.369091635077563
-0.024597060582867  0.037977095395349  0.998975837964070
0.091967117116085  -0.950980912919550  -0.295258111881885
-0.828091942485946  -0.421216780224746  -0.369919124738032
-0.082959832643609  0.224440397403503  -0.970950139904775
-0.798655132305161  0.346910043001434  0.491735093019980
0.053523022462825  -0.992567220629683  0.109295922146763
-0.148979395383074  -0.103775345804579  -0.983379793037479
0.626330214887267  0.600406426360231  -0.497214827921097
-0.943665793837338  0.245462521571347  -0.221907683610062
0.168356183566996  -0.949644293736158  -0.264257281506320
-0.920515119136660  0.070374579081556  -0.384316710617578
-0.114599531929635  -0.686044677996735  -0.718477311453789
-0.130834449139975  0.912830244258997  -0.386811701069524
-0.675081138067049  -0.156410987180706  0.720972301905735
-0.136310216337784  -0.273306529455985  0.952220072188500
0.099985014284171  -0.991791143300956  0.079707747354807
-0.917158922229263  0.267380638654748  0.295511599514869
0.680863691607308  0.451103975190222  0.577000725318823
-0.107896393489471  0.075343222329525  0.991303065223229
0.264829497390311  0.917962551661783  0.295313547028549
0.582433108156650  -0.676258501540072  0.451050012324310
-0.955158999036432  -0.166360827792185  0.244939505870369
-0.606795825349296  0.540866120865319  0.582462587329666
0.323856938176686  -0.038399411257218  0.945326487944732
-0.927490616714998  -0.370499182679259  -0.049915043219788
-0.003162146810984  0.949764714801796  -0.312948857395278
-0.014117553039341  -0.690865982471641  -0.722844996496258
-0.173857544331695  0.441872722083715  -0.880069344857143
-0.723295351558067  -0.664444677095599  0.188034851806301
0.883035342850421  -0.468294027459758  -0.030810503445416
-0.857256672692835  -0.382503251446643  -0.344677036885772
-0.072983736180063  0.176618235572692  -0.981569851368912
-0.770009254546269  0.427377081269115  0.473745267331498
-0.014263681966503  -0.986498568288450  0.163147547151642
-0.910094276453174  0.317216027267452  -0.266650332855275
-0.105542822076339  -0.084846469183870  -0.990788468531600
-0.110495902115873  0.957563229214794  0.266201648513556
-0.694055552260962  -0.555500732763472  0.457936487162769
-0.715980876061617  0.211443951963292  0.665329121782735
0.057403717988977  0.964939620013074  0.256117830090111
0.122398886580850  -0.568631206618259  0.813435346799997
-0.895783480631443  -0.184864461431523  -0.404224055107374
-0.077532088947427  -0.105215834226865  -0.991422414216762
-0.963779513814892  -0.089041959450918  -0.251397251790610
0.496667658055089  -0.818705125533844  -0.288172092449437
0.389579766812376  0.802531250757896  -0.451853069976715
-0.829248580006624  0.087249774316708  0.552027417288926
-0.782494025482595  0.171162396808691  -0.598670639001738
0.103686155302210  0.762065945917011  0.639143704711434
-0.150440709826239  -0.845978568408995  0.511554351579229
-0.919980153808698  -0.045803041140121  -0.389279588497061
0.004575173118585  0.404209919403545  -0.914654803107005
-0.634828585581702  0.505265360717121  0.584550752448180
-0.289726741345580  -0.955278321260787  -0.059175537838236
0.520136463496678  -0.698680139623658  -0.491227159099163
-0.500297302178604  -0.271470716949531  -0.822195998087876
0.128214613837707  -0.796798118474407  0.590486046570190
0.892219151837575  0.369588695800279  -0.259517207581478
0.402363656329722  -0.451245750012328  0.796543006472839
0.992081810842655  0.125034953206380  -0.011829669134733
-0.213229575504955  -0.976626786644460  -0.027078916863358
-0.376488579007978  0.400346083425752  0.835451592470931
0.741588149185257  -0.420692894671959  0.522555743782912
0.876669977569567  0.367748903334521  -0.310178165776435
-0.014124855887230  -0.990161890788615  -0.139211775637263
-0.120956972497079  0.201720092782135  0.971945685196610
-0.855850655057150  -0.405832846451076  0.320654575797173
-0.301206249822485  0.469582243911560  0.829920063181304
0.144763438284131  -0.969191204412919  0.199278589479134
-0.699407843518796  0.093776114050283  -0.708544076863265
-0.478770706949181  0.856459540653695  0.193017267078993
0.618561737074331  0.628797928531381  0.471162968093027
-0.793026687896680  -0.184923816341722  0.580441086100247
-0.304305756126832  0.412585428464037  -0.858586787114282
0.734662381360695  -0.119961427478604  0.667742795790960
0.693773056129831  0.707025967452206  -0.137088394609269
0.415063147278861  -0.901910934523884  -0.119495815647327
-0.374173822047997  0.074923539593074  0.924327006047556
-0.653566741519365  -0.519554186022019  0.550376200581709
0.233907356526682  -0.971669618827389  -0.033845242066455
-0.922102003280999  0.133724757287928  -0.363105473428112
0.034627905234952  0.318390675517442  0.947326916076275
0.982922597329280  0.156794348839302  0.096326008074257
0.490802858337723  -0.858086938487534  -0.150994570248776
0.194980830312577  0.337965486458305  0.920739814374082
0.297138908678980  0.676915800868531  -0.673419236051050
-0.273052289863040  -0.614501414583773  -0.740155698806064
0.245932184552127  -0.939400721205412  0.238838115886412
0.469761044784794  0.263612517260534  -0.842515876138998
-0.988745519199961  0.061286789361104  -0.136477938553478
0.941302364437685  0.248892422876255  0.228040392340506
0.585730893633515  -0.807005206800540  -0.075245707120742
0.034630265971606  0.350933858992288  0.935759676034139
0.320941204832563  0.704963770684508  -0.632473576572891
0.863808422221766  0.114488416008934  0.490639798934522
0.622086195445687  0.560528388002298  -0.546641282450801
0.413232701447819  -0.896279903810272  0.161000212670629
-0.171510474671739  0.450239931816908  0.876280868714695
0.843244072878710  -0.282134428957108  0.457536443960447
-0.225118891464515  -0.549512035763226  0.804585612136548
0.513032725660596  0.810454873611610  0.282772559206951
0.555330238682629  -0.543077266805492  -0.629821727383052
-0.949986445569753  0.015435824936966  -0.311909423618881
-0.465854594642359  0.794528165020928  0.389492607938944
-0.461891718623294  -0.835823901080386  0.296739695103276
-0.022240132304100  0.056731560996423  -0.998141726661102
-0.634045068944506  0.593533943812446  -0.495685694860767
-0.043178031123990  -0.284368849453448  -0.957742144362865
0.318933599886537  0.946311471493135  0.052687358862560
-0.909800637707053  -0.068408678227242  0.409369090639537
-0.479824949200107  0.234215750177372  -0.845524098115462
-0.967846936412150  -0.234912100485419  0.089936715100919
0.397781811928074  -0.511509848036215  -0.761660886130558
0.090240175283969  0.980637698699006  -0.173799927085823
0.785212611681262  -0.159005680091617  0.598463322314154
0.280096828029668  -0.957769445245261  -0.064988127241082
-0.252788166470279  0.210019213968002  0.944452260655274
0.757903950121873  0.588744551185642  -0.281000811100038
-0.381489892783123  0.577803363166673  -0.721532213568877
-0.719559722415191  0.579547156959482  0.382568815689355
-0.384538475106974  -0.576892807670658  -0.720641970482061
0.722608304739042  0.575149013877849  -0.383459058776170
0.402066938639078  -0.878139731781305  -0.259254292771513
0.800351759459995  0.157633020378249  -0.578436592908610
-0.674430308461655  -0.539602483336073  -0.503957259106227
0.276145487640738  -0.496170268823481  0.823139559243324
0.672881360580371  0.244082596249985  -0.698322533498222
0.727258768535568  -0.686167297818765  -0.016404968522450
0.391249009581425  0.895385929600674  0.212622316737192
-0.445626417536623  0.034863964468076  -0.894539881712964
-0.878259003926739  -0.319120062244102  -0.356122883138578
-0.103364554311723  0.298681085599051  -0.948738835516556
-0.741763129223896  0.380826255763143  0.552049656322146
-0.033131320391119  -0.998627403606296  0.040566296055833
0.559800849979699  0.258780112528407  -0.787182229043436
0.150879726104983  -0.800919961922873  -0.579450190131946
0.880324234274592  0.351789264748155  0.318235063682187
-0.471403110399877  0.707910809703125  -0.525967102593677
-0.654083445398568  0.679000925910271  -0.333365548712722
-0.512045698332090  -0.380436961615460  -0.770114875233818
0.491666661118495  0.818123586080421  -0.298224231482794
-0.633704408184972  0.241314301445309  0.734973558003890
0.348176202000456  0.892705028380314  0.286096250700775
-0.636750342607739  0.714584223952570  -0.289686706748913
0.893471699737911  0.159476813763120  -0.419851721015185
0.091454844870284  0.018643990664624  0.995634678464872
0.079019711232871  -0.927241065726167  -0.366032636888674
-0.734877080318880  -0.162158526200555  -0.658528882587896
-0.070456517135004  -0.660557731147128  0.747461947536438
0.884353308686755  -0.104524808378485  -0.454965701837216
-0.622441320305228  0.088210246679825  -0.777679725309442
-0.900445165465996  0.289224361697582  0.324881166874200
-0.080606332201680  -0.882075422111892  -0.464161145417321
0.358610177362448  0.681061307094135  -0.638399746766321
-0.865833101583183  0.499765264268068  -0.023826893081417
-0.217427859776956  0.245247754305552  -0.944763814294820
0.079639440135663  0.831187718561293  0.550258608372237
-0.728044681941891  -0.576670208598778  0.370678312841166
0.548223067476465  -0.020101409392921  0.836090546308900
0.031450487024270  0.915940404156026  0.400080045616414
0.928561162379760  -0.300845393686811  -0.217407950216586
-0.411788581927565  -0.635196419862136  0.653418450909071
-0.532833375689382  -0.551563535278514  -0.641768073608002
-0.891869042934278  -0.209291175546835  0.400957371915917
0.487363762752014  -0.851846477865098  -0.191922226188176
-0.128328095507119  0.509574118133420  -0.850803219335743
0.879323273197901  -0.453688410810263  -0.144766733433438
0.708427725149541  0.688236605947823  -0.156398633219310
-0.062287510545783  -0.601245849626621  -0.796632722361297
0.233183058594143  -0.540679167131466  0.808264622147169
0.924907849669029  -0.223877669037822  0.307285305419581
0.369903821504007  0.764297374606474  0.528224086923706
0.583308513482850  -0.169421010330376  -0.794385107713547
-0.028304485317828  -0.818754033313920  0.573446326209421
-0.295101674900104  -0.783614194170875  -0.546684366124626
0.097906599327007  0.215560548587213  -0.971569836759562
-0.957895915637340  -0.204934444499640  0.201090249049841
0.564887641410228  -0.794240298258448  0.223795221585094
0.627736576498912  -0.735387876804385  -0.255247842644290
0.820355883323584  0.391626807164864  -0.416706933715095
-0.448265083740050  -0.608703574964674  -0.654628423248450
0.255645776915378  -0.518311109004575  0.816087514319256
0.402241821451136  -0.851726228810411  -0.335803436897342
0.017218015756136  -0.674298005907520  0.738258585566442
0.933159161961613  0.173466719825014  -0.314838491230424
-0.548135356266613  -0.350894942727905  -0.759223531233361
-0.045039073230306  0.496554053304851  0.866836520936375
0.926323503688278  0.159542671150294  0.341278335961869
-0.512671599791378  -0.540199186044089  0.667347488318232
-0.458690977127206  0.877210568198646  -0.141789303343726
0.308917388498383  -0.145156894956209  0.939946553230561
0.996824282115117  -0.078218540491449  0.014940231225430
-0.405746585018212  -0.840904715666925  0.358118650610641
-0.282160308598522  0.773966361202165  0.566887671394489
0.141624523768329  0.083723435080018  0.986373600967603
0.928298457067412  -0.292571858227414  0.229485691012796
-0.659898276239723  -0.576681207941359  0.481635805794313
-0.126775657059360  0.952976501248792  0.275252104160494
0.960977085032205  0.259445536957029  -0.095974243399395
0.569061518519893  -0.625565608742308  0.533700906218735
0.128037028405959  0.933965974021142  0.333637645849073
0.263878538106353  -0.048954828321805  -0.963312795467203
0.961468201569716  -0.097864090756801  0.256907604228913
0.113584264346727  0.240450150189050  0.963992914998278
0.559140452508435  0.608246061773699  -0.563381471744899
0.288743484714554  -0.946560302719550  -0.143703839024466
0.354396099976864  -0.787194249264721  0.504706467410257
-0.093058718924638  -0.823832171952834  -0.559142761097362
-0.517544775717268  -0.112616005383538  0.848212850916100
0.964999594618770  0.149253928071651  0.215636377591520
-0.485723104242743  0.439504159703183  0.755585309285717
-0.741217715568562  0.564287933331126  -0.363559385003620
0.635371157179554  0.575559153687338  0.514815649753415
-0.379876545853735  -0.700342927315280  0.604329044535922
-0.884553807626201  -0.445970892307451  0.136654764382681
-0.164736057252410  -0.120728005205042  0.978921232888603
0.003884424168427  -0.893024269908581  -0.449991738372080
-0.723702174542217  0.567781382806171  -0.392274730133842
-0.000025642409813  -0.992815760195104  0.119653105478651
-0.581764709058750  -0.419697080125428  -0.696709540790119
-0.351654001317182  -0.226259879617110  0.908375434626711
0.933393067966119  -0.346858800452566  -0.092012788357941
-0.554369195816405  -0.144127842978120  -0.819696260579702
0.576439719436170  0.089429013132484  -0.812231310321450
-0.730269518376288  0.682373793772249  -0.032748070223040
-0.400539396876288  -0.915930649882853  0.025283119964789
-0.634856106482026  -0.437822009472916  -0.636607895084236
-0.936334773143786  0.269979276677028  0.224473568080351
0.087007250470222  -0.993535336154398  0.072919641923008
0.214471416191538  0.285734050004454  -0.934001105087595
-0.825533149993930  0.206385789579859  -0.525261767236678
-0.433467307925034  -0.853653750955980  -0.288758318389289
0.243896978094982  0.539282570111975  -0.806032613266708
-0.635962820163878  0.520756970423863  0.569529164419318
0.221773920588835  0.569056705415246  0.791827502786184
-0.678211019577772  0.729762529386015  0.086466546290491
0.907809588668839  0.401332290782120  -0.121713364494165
-0.007824648502232  -0.562038114752889  0.827074320989858
0.117595991153936  0.427189094780429  0.896482381402558
0.538043089984441  -0.603264583566895  0.588711708337669
-0.896381792118915  0.157457876546866  0.414375071488421
0.475934693288410  0.872995801800458  -0.106604398423531
-0.918128614741093  0.161957397420364  0.361676164841455
-0.176351550869938  -0.630183660951968  0.756153875857912
-0.674332681978091  -0.149927621013865  -0.723047123272998
-0.067444381893064  0.942068679386197  0.328569412256542
-0.832372682119294  -0.124369705205187  0.540081377654060
0.002954980911273  -0.911219810577196  0.411909850452102
-0.799497674417288  0.095115295545716  -0.593090675322584
-0.035829988613279  0.691734809826294  0.721262202524542
0.437838539271356  0.852301085901758  -0.286147291616416
-0.607412786896378  0.769442856233101  0.197502904552368
0.186169658716929  -0.034205335596520  -0.981922019912962
0.859081667450805  0.117063565265177  0.498271823744179
-0.815003633378387  0.542893816762675  0.202571916367700
-0.811842803386697  -0.481570879487059  -0.330152617162563
0.069160938113466  0.887682190416230  -0.455233010069689
-0.072321768105156  0.136782505833505  0.987957543599952
0.014729964472368  -0.170223333011548  -0.985295410039589
0.444156312964266  0.766394939273304  -0.464073234210138
-0.937083590564483  -0.095234577039885  -0.335864138649561
0.507657242072584  -0.841383695244968  -0.185358037179890
-0.812936660189138  0.553274726516963  -0.181716987423056
-0.185879385991927  0.587926943803008  0.787267910316253
-0.783270992627309  -0.600833576889981  -0.159641990059702
0.156213718430099  0.566181359603935  -0.809342907679607
0.487769324644883  0.742330490006235  0.459376239636508
0.179189154539875  -0.256468065380746  0.949797545972373
-0.558344044593654  0.829326262993825  -0.021676655080925
0.866924214698663  0.169472292393157  -0.468744651254941
-0.887593415804971  0.094545739135224  -0.450820398197596
0.136762313398031  0.122088409801180  -0.983051621140130
-0.479352560250213  0.795274262078942  0.371160303718434
-0.545003168952789  -0.822816932744898  0.161070919224100
0.007007252128283  -0.023224771236000  -0.999705710906288
0.274440369804785  -0.910141092596164  -0.310363778474991
0.648014366403060  0.679177118715606  -0.344667698440699
-0.915447484079561  0.207739202644558  -0.344674233990597
0.587391553763622  0.499727521770976  -0.636587438261075
-0.542457366084538  0.310035327116933  -0.780780444119934
0.731905313676974  -0.601391027832624  -0.320380154588000
0.397943606171186  0.791083222486667  0.464573160446860
0.725204819844171  0.688037024919264  -0.026134682225574
0.396165725780079  0.032048194365651  -0.917619545865848
0.710564718063711  -0.239346146469811  0.661673033765991
-0.381525623999619  0.895334977023424  0.229811829874283
-0.669887248281690  -0.401124101011688  0.624780385557318
-0.455849363490339  0.727959907611394  0.512128627120046
0.464767581433539  -0.614998978889516  0.636998705817580
-0.678805466224890  -0.514085029733567  -0.524346947380308
0.315791962014699  -0.832402573453658  -0.455391471631424
0.758411728824173  -0.395957646710072  0.517715357695472
0.308059690077217  0.222467191608203  -0.924990581577720
-0.750679456886692  -0.658912118351789  -0.048116247749177
-0.430612977194635  0.191510612364156  0.881984211436621
-0.096100534565976  0.988546071662204  0.116367312667080
0.568515889234971  -0.368510053987303  0.735520240236559
-0.903028331863630  -0.428525405310745  0.030096658532982
0.929196690000420  -0.147778378645266  0.338755165417798
0.297740886934825  -0.924963232633612  -0.236206228798572
0.014141269484681  0.111166983153989  0.993701125265440
0.617314533580915  0.666017870834357  -0.418739731049071
0.774838250997757  -0.489768418740440  -0.399690606338485
0.853544310396447  0.431729825481357  0.291670135563605
-0.065080509374684  0.030417896364351  -0.997416301691675
-0.013625550024006  -0.951916140586148  0.306055559789586
-0.547873053292201  0.113092797135492  0.828881859321551
0.243946765616699  -0.710275587293815  0.660301874629762
-0.970439766618682  -0.076723523953390  -0.228823425892658
0.178619947709782  0.900091908382696  0.397403410584447
-0.664638851441049  -0.673113812790464  0.324303857802846
-0.086764099930467  -0.734045818286005  -0.673534503659675
-0.887724026923720  0.442516673402481  0.126984431262798
0.309849275413139  -0.381584667906940  0.870853930199723
0.425993637718882  -0.681174296776977  0.595425056605301
0.293174818728666  -0.784129976995814  -0.546981448350818
-0.660601890376085  -0.301491814305524  0.687537510495468
0.793420709366301  0.404447494524361  0.454868994460650
0.384127253466391  0.910406226385462  -0.153644902625993
-0.741304074197009  0.652120674600201  -0.158766795451361
0.601121518942054  -0.022311423323482  -0.798846117756154
0.524309808721346  0.280596975108742  0.803968010581522
0.151113936303733  -0.335610614272615  -0.929801104453178
-0.289662300351211  -0.955195880030866  -0.060799527360871
0.971870592488887  0.068590716509675  -0.225306158513234
-0.531094355833943  0.550994549248576  -0.643695418579073
0.596847347337905  -0.183427584712582  0.781106628535576
0.302577059724672  -0.952708236538453  -0.028180471255173
-0.501808690107931  0.165393535862528  0.849018855401370
0.796078977721165  0.603887115963342  -0.039731755610621
-0.892437417621325  0.336850148124127  -0.300145686855792
-0.335563967953840  0.680731547763371  0.651153886029071
-0.645336978922989  -0.762424680302094  -0.047421413947699
0.088463529255504  0.418543280662851  -0.903878158937165
0.682989160240051  0.560068630010178  0.468880514281744
0.907711310464739  -0.205500186906020  -0.365827623391095
-0.018368270117744  -0.202184962311095  0.979175085297896
-0.206353880106944  0.967753779227293  -0.144466947625057
0.272948517863763  0.794077225558020  0.543084216716019
-0.584201471327722  0.778200161085466  -0.230462904140949
0.953069050254314  0.228226028342880  -0.198927789497034
-0.095919061062829  -0.212348963870325  0.972474910354002
0.993415569989297  -0.108821321284582  0.035824926192797
0.223302444913252  -0.907502770759663  0.355773437961998
0.390429830851786  0.698492814453573  0.599726883954498
0.379683294224258  0.100188635021507  -0.919675395723699
-0.286091213903514  0.422743569447248  -0.859906792517779
0.502850710892314  0.853729338327298  -0.135230837586432
-0.980735251292167  0.192485704590701  0.033280931494050
0.191793326496338  -0.623471473470751  -0.757956886425396
0.773348418786178  -0.249716695692008  -0.582729607153767
0.626297622544583  -0.588471207844430  0.511324677219006
0.481082066666174  0.827898035175969  -0.288348553809402
-0.334031270424579  -0.489143523023546  -0.805705730563371
0.914476386083319  -0.196849534573025  0.353529631055697
0.112141412320490  -0.988397427359691  0.102444273785854
0.116018515981471  0.442571843637529  0.889196191607193
0.686316457781358  0.348976049149137  -0.638110834337351
0.447165107553011  -0.547187326930439  -0.707551691280450
-0.620019763292415  -0.111662171570576  -0.776599673298258
0.234000697580554  -0.898427635378864  0.371579678560815
0.833184173264873  0.462902480019001  -0.302531696543006
-0.137052339248335  -0.943049585686176  0.303107464843231
-0.680931612775423  -0.019199964283641  0.732095280748735
0.864805471618605  -0.370074083542555  0.339347416298783
-0.320926198091518  -0.553775537859980  -0.768335232204286
-0.989162239005921  -0.128934236566564  -0.070242633533995
-0.334299918374233  0.434910077588646  -0.836120080482953
-0.447249008196593  0.413995336266106  0.792827967605254
-0.207613312435095  -0.977839650421316  -0.026950520656296
0.415447110832358  0.414760223753193  0.809553985162971
0.879670449294089  0.405995432987432  -0.247684494936770
0.141495931124666  -0.701463404965998  0.698518427078822
-0.605719269586398  0.710228195731760  0.358720053020919
0.031392099377295  0.353458912519398  0.934923169708234
0.855798067691651  0.498155319399441  0.139466645077875
-0.051554307139577  -0.761468252185515  0.646148786525902
-0.772851661174779  0.616771845305471  0.149307738104457
-0.063009901166827  -0.472603114714401  -0.879019936245586
0.919117924336996  -0.151100415432807  -0.363855610948196
-0.524959296186077  0.558785411382897  -0.642009814078777
-0.457168529317746  -0.880288110664492  0.126845488781387
-0.363652054328222  0.503730056716790  0.783589952298372
0.661923564189189  0.692201992188553  0.287599716935324
-0.168516813356790  -0.633997456762931  0.754751156629924
-0.857058805160621  0.445525521291168  -0.258760921266877
-0.200356784558384  -0.767796184340582  0.608560743224099
0.504381742107272  -0.807719300194685  -0.305268063055804
-0.981043008195834  -0.192893976589479  -0.018615312663670
0.276304481530178  0.232817092443581  0.932444118943573
-0.227321298308260  0.954750202411774  0.191773507894401
-0.333775936057072  0.437388457966436  -0.835035904226261
0.816308471252346  0.478504817526624  0.323533026699702
-0.709853833503534  0.038856926918715  0.703276385420960
0.615673830524359  -0.286518500423011  0.734065993847155
0.142929690622197  -0.988388368729707  -0.051570690304393
-0.404762338879674  0.232574766043292  0.884350850751309
0.877506478781835  0.469295102263405  -0.098714166599761
-0.216437300695867  -0.506100321919442  -0.834875654825630
-0.975384626193824  -0.220129483754969  -0.012955360531628
0.532954179012937  -0.845783095418711  -0.024714339493290
0.225993146485021  0.559812257254238  -0.797205954800712
0.966943959165220  0.031100984508323  -0.253085180515381
0.098801169425431  0.458327890431296  -0.883274517787627
0.357406245033744  -0.931610734424476  -0.066047070457123
0.510736544706045  0.504383828501503  0.696236407729370
-0.351782702488561  -0.384246212096902  0.853582906763618
-0.924866453982830  -0.350188874638629  -0.148289562601540
-0.021672183590714  0.711832080243009  0.702015246269852
0.594755935084984  -0.745889417701282  0.299857223095306
0.058029171475593  0.962450989636147  -0.265180519281220
-0.808905230870503  0.486194556334258  0.330586117163549
0.046265285452106  0.068974168307503  -0.996545075482451
0.820669116893991  0.407282264994386  0.400778439037682
-0.566339520999853  0.350142008413732  0.746096589522868
-0.883585983110366  0.296002568972346  -0.362847474309330
0.459908836317987  0.775952503268155  0.431719324270433
-0.142662374207474  -0.721813063826769  0.677224739561765
-0.325167315102294  0.602416908091451  0.728944501340604
-0.809831766658626  0.495761657339478  -0.313676407819561
0.718946453918634  0.652894097935285  0.238422510009211
-0.234282002362302  -0.546238847183312  0.804198399150954
0.742347168697114  0.662296731233254  -0.101408682691011
-0.374834259427327  0.877742301126984  -0.298442173246131
0.652681416969568  -0.332507603328768  -0.680768434690648
0.464500011154872  0.117062033435037  0.877801925245769
0.652547091027359  -0.252130928816122  -0.714571402118817
0.359426365173511  -0.914750474867186  0.184510858077284
0.752930066730091  0.658007313109209  -0.011076574769343
-0.459809340876243  0.004612232941855  -0.888005685426758
-0.698488375143250  0.255998221031042  -0.668265591377174
-0.809864247477018  0.340094644968965  0.477970222003336
-0.247103189291332  -0.799873314603512  -0.546939388257276
0.358479061625100  0.715776890665590  -0.599296425123234
-0.745287246248806  0.175217113068563  0.643308544842046
-0.851726838390919  -0.374362684347772  -0.366625112795808
-0.099713119432971  0.985938933835507  0.134095908066762
0.206152711575085  -0.436359136419172  0.875837749571092
0.687101892394775  -0.071799019425857  -0.723004765044467
0.751870211704619  -0.581236663150644  0.311215562208507
0.350902965069477  0.910683309899053  -0.217997748100195
-0.415671284379321  -0.401245666174266  -0.816222579152780
0.958357630879489  0.174293997526528  -0.226212850566177
0.057064205799643  0.428136738277242  -0.901910533120542
0.502909232756433  -0.864293664600250  -0.008874961420013
0.398384192323413  0.610450923849536  0.684572643974378
-0.850121420535765  -0.174749835620873  -0.496745473353036
0.163006676429111  0.091911063952832  -0.982334555924097
-0.694768002597763  0.660015050901889  0.285792853565815
-0.318360094367112  -0.926675950475595  0.199796229005246
0.807284486464293  0.495702137431894  0.320267308446452
-0.139624345682313  0.982003341064622  -0.127178929979401
0.800419219333209  -0.293338907672330  -0.522763195498326
0.146489612813397  -0.192962295960397  0.970209433924178
-0.639764253872265  -0.318332275246488  0.699547183543511
-0.836388438910632  -0.329245484544195  -0.438237139188243
-0.221968157407528  0.754968364966328  0.617051784696533
0.418592342445895  -0.744055155668621  0.520732538035221
0.005295057626570  0.996652878637324  -0.081578194811281
-0.830634656058889  0.372725493141645  0.413668677707474
0.034583766580787  0.255177301711561  -0.966275585834752
0.801345947104671  0.368750083784118  0.471028713315997
-0.321792436979660  0.946809672707724  0.001034973325464
-0.568558570377923  0.157940836108595  0.807338742003089
-0.538461836049871  0.169954520968965  -0.825332849170570
0.785227969448134  0.618914315630164  0.019029080492945
-0.720441830511438  0.672642318819345  0.168866455468999
-0.142982509429286  0.549132351645012  -0.823413421298271
0.271236084137845  0.596409988542598  0.755464170049239
-0.848695405219997  -0.472900021368265  0.236815706718031
-0.242867947461524  0.617693622159686  0.747977104755937
-0.782956653401277  0.559947253505684  -0.270994376668805
0.777725092796588  0.593044999566676  0.208425786608807
-0.237636386856835  -0.535298630912673  0.810545694815935
0.910681425704229  -0.295421104620554  0.288765842547357
0.689656931263928  0.596905527698115  -0.409972082175187
0.154897367468796  -0.941965739463695  -0.297837793484728
0.066127126971505  0.049639107145027  0.996575718207271
-0.384137552337048  0.799007481983895  0.462628776253982
0.130885168669508  -0.091465551274576  0.987169248686563
-0.977239276199095  0.064393163978270  -0.202130941438306
0.462216555192539  0.826079869280201  -0.322409530994274
0.600518348774906  0.770066360597728  0.215349745902869
0.524141417630338  -0.206900501958180  0.826116188325779
-0.551332569945925  0.820365330929313  0.151766666715920
0.627709501090493  0.156601531626595  -0.762533109138829
0.196578453690201  0.844033571842663  -0.498963166122797
-0.106580450895990  -0.160351757843440  -0.981288908142412
0.938147374233077  0.289081154773748  0.190556002724290
-0.634988469646885  0.715304174912355  0.291769739295325
-0.268502885922213  0.811783121889288  0.518569535614197
0.818636383455682  0.489279287566405  0.300732855606287
-0.535259708226393  -0.276322598510486  0.798212294005680
-0.551879561151502  0.598826432833369  -0.580375613997769
0.844246260833464  0.421466464320786  -0.331080459286940
0.783031774488133  -0.410644914222223  0.467153074018987
-0.022162150772847  0.982123456442238  0.186928744122122
0.083376637118177  -0.150012077899229  -0.985162277428049
-0.544722959339114  -0.695424037033525  -0.468681455025514
-0.968413093136997  0.243721268352765  0.052687990978524
0.144652629809003  -0.887497127381631  0.437520817308951
0.279037503988881  -0.051648178004659  -0.958890263312990
0.284871119703369  0.260504396953080  0.922488972469081
-0.793885671819219  0.322709676881655  0.515367834199115
0.680922047940359  0.730275882363105  -0.055157050931828
0.397834743582229  -0.792481162291680  0.462278189201795
-0.651300071001338  0.747007475320560  -0.133371846087755
0.281906029280122  0.789380552387915  0.545350652486329
-0.910581500463061  -0.296226326410094  0.288255606287236
-0.022624599818399  0.253853249342739  -0.966978104861320
0.035453387165279  0.091182944633164  -0.995202857686077
-0.148865287310933  0.956037507426015  -0.252648789089687
-0.711870771036871  -0.568487159656337  -0.412386171748329
0.896189445513083  -0.296367403136514  -0.330167896848061
0.811090252115601  0.579591517353875  -0.078779920883966
0.804864078482052  -0.509966655426515  0.303525658754466
-0.114446193562455  0.812895209330974  0.571054679891354
0.120672367196004  0.276662963449415  -0.953360259529786
0.157845290919260  -0.987392389389795  0.011879962530482
-0.281133518826177  -0.371887550733743  0.884682764725113
0.972161625815407  -0.183925626764389  -0.145165895138188
-0.533182816069970  -0.431579211891664  -0.727636907056443
0.450715375037197  -0.681737241426524  0.576272491411166
-0.272891280279504  -0.916531745095694  -0.292403675386023
-0.268242717236986  0.139453971226900  0.953204298436786
0.991849372553688  0.095340532442270  -0.084528131639597
-0.002875490499499  -0.857178826499894  0.515010864889910
-0.933760715366045  -0.353970163289062  0.052877688491523
0.346820649059299  0.164732933643263  0.923351773680741
0.584064575807247  -0.667941596854094  -0.461218597282355
0.972151383685725  -0.197121269475012  0.126747356258383
0.518865879728673  0.854605327917194  -0.020686525782168
0.316918289461984  -0.600233501460198  -0.734358591921767
0.136367214495069  -0.451493095932008  0.881792473962319
-0.068045408609445  0.728258909726696  0.681915524658926
-0.924725858745181  0.380507053240110  -0.009821843132274
0.659245557451196  0.720557279364132  -0.214924410284691
0.197434892684541  -0.372805422877547  0.906661778075892
-0.973093071830223  0.073294851412453  0.218443901980456
-0.115895959035754  0.555854202697622  0.823161121544607
-0.375693507125213  -0.913051787179216  0.158716170041986
-0.481503605669256  0.430492435894048  -0.763433389606137
-0.566339520999853  0.350142008413732  0.746096589522868
-0.883585983110366  0.296002568972346  -0.362847474309330
0.459908836317987  0.775952503268155  0.431719324270433
-0.142662374207474  -0.721813063826769  0.677224739561765
-0.512555361905175  0.128643712921926  -0.848962776632708
0.624494732227871  0.287840963162993  -0.726053654591064
-0.699263728127722  0.701829498938947  0.135888163369835
-0.437786366005324  -0.861026749180014  -0.258797285411478
-0.330897275693383  0.833686304121958  -0.442124574365832
0.771101327330665  0.490753211581895  -0.405664921223098
-0.446016901255029  0.582963941155657  0.679133246945786
-0.655981701769020  -0.240030848615595  -0.715592900088520
-0.837748564562055  0.157321754922171  -0.522902675459234
-0.749326688401005  -0.523496844172822  0.405537381989725
0.137600744527624  -0.293143093891990  -0.946114771900786
-0.226022620688675  0.973961692986983  0.017674714451827
-0.629214771602320  0.683570842516850  0.369891436043394
-0.909752851635352  -0.403227327258968  0.098779914420567
-0.047375632566813  0.780998357016099  -0.622733583305934
0.327913712599845  0.305799812759719  0.893845104928761
0.308407676180692  -0.475103757275196  0.824112325533247
0.549245310897069  -0.794482079521529  -0.259090358324520
-0.794045659131827  -0.301508585030818  0.527810633055660
0.553208024415449  0.620886907277151  0.555392050802108
0.822142170968122  0.552025245824171  0.139105638593792
0.781117358041958  -0.450573420264580  -0.432249078560765
0.172876672905209  0.099439275539463  0.979910958427046
-0.131851859979045  0.903159390549289  -0.408556241272489
-0.300697409269385  0.115495385556295  0.946700524967575
0.271754341147847  -0.799328213538140  0.535932817719933
-0.995173502393247  0.095046343439426  0.024410914221984
0.422721751976015  0.819777255655009  0.386356793025659
0.816474777000540  -0.219118585052076  0.534187218310861
0.799345002850539  -0.007492156533090  -0.600825626957069
-0.108915161639471  -0.900442490710072  0.421118520714644
0.126044935789471  0.688816062191087  0.713894324553286
-0.137052339248335  -0.943049585686176  0.303107464843231
-0.680931612775423  -0.019199964283641  0.732095280748735
0.864805471618605  -0.370074083542555  0.339347416298783
-0.320926198091518  -0.553775537859980  -0.768335232204286
-0.065768635961625  -0.964253923927751  -0.256688248102016
-0.018945093968815  -0.079075744404666  -0.996688572253821
-0.838136473343529  -0.390031857061303  0.381316669618028
0.791312931350718  -0.495146322461782  0.358683654533778
-0.101374753789065  -0.878006401906750  0.467790463247136
-0.970917492566647  -0.189789418340304  0.145942452062945
0.468855295037307  0.036415331383932  0.882524014379030
0.400687443740275  -0.724632314950378  -0.560676003194840
-0.881168690306163  0.330938917161034  0.337670212385404
0.118003578236896  0.905471693326268  0.407671642511654
-0.351637465862513  -0.632874420094614  0.689797840669059
-0.647534802680546  0.058341643929380  -0.759799270795309
0.091934695268111  0.964000216057631  0.249502695870807
-0.629628011137392  0.548285107406885  -0.550410763509392
0.938762124116823  0.300082366577130  -0.169340625938197
-0.217199417711319  0.115632742073616  0.969254085318396
-0.895362583614955  0.445255439293047  -0.008569576553599
-0.240521894329521  0.282840021589366  0.928520727036002
-0.687559367363050  -0.640558550177592  -0.341974940815410
0.032718678077616  0.802973967881274  -0.595115362774191
0.538595496496996  -0.497058014799569  0.680329494492680
-0.604139324795522  -0.585776937045146  0.540260174602587
0.458800841841671  0.652305396095893  0.603323675774087
0.683933979450848  -0.563586473850316  -0.463254355883994
-0.955866794794268  -0.009380009011857  -0.293650619002703
-0.195780745642581  -0.860482889241339  -0.470360603110542
-0.165035463637639  0.765129479539914  -0.622366592356056
-0.595050585514047  0.085973400689568  0.799076576463896
0.778603392476533  -0.379694319335871  0.499608828072627
-0.304791638253238  -0.324840833504999  0.895310275903659
0.695547688428314  0.708147705264788  0.121409392759553
0.387847342301457  -0.763001191095660  -0.517110840590585
0.354269798012375  -0.935140910262771  -0.002094795738914
0.933747509056743  -0.001908811090661  -0.357927291178736
-0.579604879817307  -0.574736566288204  -0.577698937737651
0.000127168772939  -0.358495532883906  0.933531433177474
0.015344039256561  0.883213970236193  0.468719151773122
0.826547395806956  0.066425288717422  0.558933881155497
-0.806158698834102  0.080307292856564  0.586224266819584
-0.005044657716293  0.736481388662207  -0.676438996201959
0.161972116031827  0.683597093603131  0.711660064388556
-0.815545501470977  0.084926153020561  0.572427360949476
0.202216005903574  0.882264474516844  -0.425109496438180
0.775301611599231  -0.283593533934274  0.564342199877260
0.245136009385285  -0.005704002818680  0.969471918755001
-0.827239214449551  0.096118668482727  0.553567054335785
0.619622143034560  0.761147181655411  0.191633420152344
0.452753080800276  -0.862969852956817  0.224271444266871
-0.016896746822973  -0.564328914288795  -0.825377111655291
-0.467999474323208  -0.861935171772524  0.195049357073206
0.936985650924365  -0.188575906799541  -0.294103752673398
-0.485882923424130  0.486182164283270  -0.726322716055100
0.372474484235038  -0.042168020246411  0.927083931832680
0.844186756291332  -0.536034254225290  -0.003999849929382
-0.666372441541213  -0.432136298154082  0.607623229453984
0.194660169484920  0.926002532132961  0.323460552308078
-0.586094092321718  -0.318737378951984  -0.744916235696606
-0.899744777083703  -0.241260432143556  0.363665698124668
0.412850739913817  -0.803765231704432  -0.428387346750269
-0.099200055151832  0.726288284896004  -0.680194587071005
-0.480232802302638  -0.594828020859723  0.644636394561043
-0.985609123371350  0.149172613053825  -0.079512184235205
0.295007375464312  0.211305785709850  0.931837171048248
0.210368945604401  -0.955306419623398  -0.207688592252000
0.251633500208400  -0.463287689988524  0.849732368383108
0.280523758393692  0.678364995026923  0.679063586491574
0.757209914425464  -0.629278701566458  -0.175047025826242
-0.786100172610756  -0.512373983448989  0.345715807717776
-0.785186410739700  0.303324981339455  -0.539885410142862
0.277338539776537  0.751586659384457  -0.598498811853400
-0.725452244353831  0.312514069861486  0.613232417033378
-0.337072706162406  -0.760775747906488  -0.554619015322841
0.490005424743225  0.285710663560342  0.823567908827269
0.969454078294284  0.120243494589407  -0.213776266427094
-0.101067734003739  -0.699428342504891  0.707520534574234
-0.378380919547319  0.864895511475826  0.329823640680129
-0.765631457545917  0.275477513066658  -0.581309393533877
-0.838491346080283  -0.438902032989857  0.322950875499425
0.180339265402582  -0.279065447246341  -0.943186209349595
-0.107479376868216  0.993444993302856  0.038925940316292
-0.808511250960568  0.205150719501620  0.551563903240726
0.225865519478367  -0.092338320872845  0.969772345248693
-0.733590794982433  -0.638170432507220  -0.233630144867030
-0.300785975456502  0.935659472881685  -0.184578297140938
-0.163043389997363  -0.538397975431049  0.826767484260185
0.019542354823103  -0.973688486084347  -0.227043670765648
-0.894318247343568  0.235711399345895  0.380309096245053
0.711732502523102  0.199579111307404  0.673502058780780
0.632256059762090  0.233557103652460  -0.738717371007066
-0.269789223920967  -0.480956839126787  -0.834202789226512
0.927445004864167  -0.272107725884940  0.256521243693835
-0.025399721181111  0.986621668664187  -0.161035825474389
-0.483653339319840  -0.700266271642486  -0.525077704882524
0.251675190116024  -0.905673019781667  0.341197860367881
0.251091889302780  0.074234994397874  -0.965112443569716
-0.986420418738645  0.131171753741306  0.098836878319310
-0.381973318048334  -0.689046474152432  0.615882570590570
0.690124133750773  -0.699082114608933  0.187117281533931
-0.797259296675466  -0.424971789986725  -0.428691720913783
-0.274838155123641  0.435007430443225  0.857457009970422
0.648503596274858  -0.105855844968906  0.753815379058092
0.021132613056167  -0.956902351560823  0.289639952773760
-0.284450218879894  0.574395152601145  0.767566467250549
0.911821202098585  0.276651353990772  -0.303391040966217
0.592725672646505  -0.301146315771901  0.746985390407844
0.098992555119295  0.739513833830442  0.665822621727706
0.898910993092457  -0.242592117439776  -0.364839815609013
-0.405177875565248  -0.798068032162567  0.446002584289151
-0.724813789789516  0.666304665257656  0.175165816262312
0.160513803348949  0.443000945193241  0.882034852765099
-0.884427958092422  -0.466357358427935  0.017262710812267
-0.000899635046043  0.689661078492350  -0.724131747315054
0.465985599453765  0.752390704289586  -0.465580980281987
0.327027179152731  0.659388671135547  0.676948893546260
-0.637482336627021  0.451546355227311  -0.624277309830723
0.776440756928055  -0.358544322073272  -0.518252563997524
0.656052977905373  0.707008866680401  -0.264069976742505
0.114801766040914  0.646612230940253  0.754130742850573
-0.338993923305615  0.484918309602752  -0.806186921857380
0.880245135170073  -0.424521673862603  -0.212013797735698
0.354396099976864  -0.787194249264721  0.504706467410257
-0.093058718924638  -0.823832171952834  -0.559142761097362
-0.517544775717268  -0.112616005383538  0.848212850916100
0.964999594618770  0.149253928071651  0.215636377591520
-0.654474937706889  -0.587318819599888  0.476150354465225
0.416582007603699  -0.352354116707871  0.838036996426702
-0.254571331672236  -0.764256001231456  -0.592542151810595
-0.816485613638351  0.529291298339439  0.230655509849118
0.540868740060729  -0.827950390311636  -0.148186224757664
-0.467122698665028  -0.589864356831073  -0.658677785364108
0.107405658041278  -0.487518962622203  0.866480978270436
0.900585780684480  0.249432929141640  -0.355989417663991
0.151113936303733  -0.335610614272615  -0.929801104453178
-0.289662300351211  -0.955195880030866  -0.060799527360871
0.971870592488887  0.068590716509675  -0.225306158513234
-0.531094355833943  0.550994549248576  -0.643695418579073
0.812878445811649  0.389327251195380  -0.433189247109723
-0.111580598065216  -0.016414526246203  -0.993619813340858
0.803403578616777  -0.538470798073283  0.254149344850773
0.121055465260088  0.944212575514866  0.306281221380363
0.363620842004464  -0.502513154707816  0.784385372508669
-0.518130258989945  0.242173645676883  0.820300530329330
0.962369437930166  0.237937917187144  0.131265427674692
-0.080618336935758  -0.982624717571843  -0.167180585495353
0.804880373876071  0.309735459106961  0.506193173720188
0.359742406700765  0.831895653192279  -0.422534049540309
0.700592211576163  -0.713308616024664  -0.019009770745585
-0.255454244400857  0.191148421939347  0.947736994006082
0.874617872443193  0.125548897568273  -0.468274547164730
0.151417020325323  0.974113677554948  -0.167855381671772
-0.015188679569179  -0.490017684684177  -0.871580158510795
0.738389531687050  -0.358547095302497  0.571160993017837
0.950168309434367  0.238494600089323  0.200749867932387
0.287859155871301  -0.457403024952296  0.841379569008870
0.077852468604045  0.990249123729193  0.115523443879676
0.584456684959021  -0.294351498687575  -0.756153144956159
-0.892055641943623  -0.197819257722418  0.406330251089803
-0.625442484295396  -0.323300605828125  -0.710139716611859
-0.368732231560501  0.831442439537179  0.415620032174674
0.102119073912274  -0.705961091431473  0.700849935526988
0.198539088410771  0.970900272314828  0.133921214122382
0.970337347360830  0.168775254328431  -0.173090571213806
-0.220785956523973  0.258762410892633  0.940369914507491
-0.551012302426085  0.543362607093764  -0.633358129171303
-0.775631999858815  -0.272725829231707  -0.569223701952838
-0.846584812672084  0.090863931059958  0.524440560011622
0.114550227163774  -0.951404828282246  -0.285844534980043
-0.043597414350505  0.587815067990582  -0.807819726984417
-0.975422670455852  0.220338733910393  -0.001206772364440
-0.406353085208373  -0.281310457069984  0.869333996162990
-0.450126188850832  -0.483961988154866  -0.750444673598137
-0.118943396396647  0.985611179135243  -0.120096094929293
0.710069224914755  0.565355830403645  0.419731438967305
0.897353009480388  -0.401578342348618  -0.183009320344693
-0.150011199348673  0.044741599254388  0.987671417712456
-0.037272585216960  0.922192573497876  -0.384930658400458
0.156225486120027  -0.970100459108387  -0.185738247876569
-0.544515958304612  -0.279913164693580  -0.790664904610566
-0.268866718517946  -0.539654437343082  0.797799333121627
0.969608162942586  -0.150532857071726  -0.192872676387630
0.395940794012420  0.026088505743302  -0.917905375027784
-0.339230597350178  -0.776141319002914  -0.531532929137847
0.996572315353204  -0.050809323689565  0.065284246934176
-0.261400923990607  0.853039148435781  -0.451656692824113
-0.716843241546716  0.606806571446556  0.343397076135008
0.307012325333323  0.432159228974381  0.847927964455528
-0.829002239648599  -0.530376365949674  0.177358949871795
-0.194853327231441  0.705023708421849  -0.681889838192315
-0.818520253256334  0.222559472874210  0.529614837446178
-0.647295183490023  0.495486902711718  -0.579225063918824
0.253288528492943  0.571013723813246  0.780889395849893
-0.424513598259253  -0.843941153650754  0.327950505515110
0.186983671919613  0.881698208270395  0.433180535075428
0.461856648920427  0.600714293697130  -0.652557103398586
0.586193699812015  -0.138441690817723  0.798254874425601
-0.861066676812828  0.419425605390989  0.287482764048412
-0.258351581066225  0.824335653698645  0.503711415993135
0.496778810777791  0.785530466957857  -0.368988751377566
0.228523763189140  -0.114748492343696  0.966752126019241
-0.983654155033156  0.153553679084484  -0.094051958648540
0.793094946844780  0.559448638856940  -0.240868482310145
0.235198231608830  -0.150988980130758  -0.960147967621217
0.775632944672555  -0.255187643804717  0.577297844780300
-0.217736229436605  0.965625262792415  0.141981640530772
0.037683399033331  0.753809555233552  0.656011521145695
0.934942175727076  0.351123332423727  0.050946378422589
-0.282406997195183  -0.328156084146489  0.901421029471158
-0.614851779498563  0.730842306956314  -0.296355886748052
-0.989710093593754  0.122070999664598  -0.074649860545940
-0.452475990670347  -0.477153225173801  0.753385875612974
-0.317415110679796  -0.375377505376463  -0.870826834663170
-0.219818992243610  0.974601730214862  0.042791098504256
0.890116335574565  -0.223336626989410  -0.397257674801006
-0.057387136123263  0.052149884366193  -0.996989020084054
0.262977514649435  -0.926028757564484  0.270764781595361
0.684525957048393  0.650542246208881  0.328966563687688
0.642760512986696  -0.478811161707660  0.597995647450080
0.542969413687730  -0.642538661852899  -0.540673916352443
-0.507059269132241  -0.500293413256097  0.701852832322875
0.606850368431208  0.664020913401336  0.436816731479648
0.076516359102974  -0.526801547353909  -0.846537285945015
-0.701290983301965  -0.712745273521885  -0.013606315135867
0.905225957140625  -0.422062166597769  -0.049289898007978
-0.127418614735686  0.608005892765745  -0.783641072801170
0.208890216159657  0.568360134367250  0.795821358883269
0.022978790022950  -0.571005957454210  0.820624257355876
-0.704505463714283  0.702300431556283  0.102206435377532
0.890416889850990  0.437065660265177  -0.127009333850138
-0.866580160676973  -0.488383037756648  0.102571114611571
-0.668953960709944  0.597358978437611  0.442337935667350
0.141337581306566  -0.815414334726225  0.561358308777377
-0.338963781273596  -0.270327681468034  -0.901125129833157
0.655126659245096  -0.168669835559773  -0.736450641196407
0.775940130071582  0.623642308514879  0.094800767796094
-0.444308650528041  0.152512691476562  -0.882796523557114
0.323495179701555  -0.944824835551215  0.051545114564613
0.562822569763361  -0.069782339984189  -0.823626845113306
-0.472317015541402  0.438487000193462  -0.764621336016333
0.158596433894447  -0.963720481650292  -0.214685827207324
0.876543151410316  0.455451141472642  0.155680318110352
0.411518833245645  -0.486051648242538  0.770977331135524
-0.718061867638927  -0.290684540488457  0.632368288392066
0.636889093686992  0.607123325026309  0.475156343271939
0.492691607197580  -0.802490432780390  -0.336547300528481
-0.045766615872394  0.787091369510364  0.615136239311170
0.042396545717095  0.843920536836534  -0.534790295739175
0.770029870907494  -0.029803783374614  0.637311330831916
-0.858193032496984  -0.027025383951556  0.512615204218430
-0.020207227646815  0.321396674654604  -0.946729024310437
0.211289589784024  -0.760008989301669  -0.614608042112657
0.678444994144601  0.724692970323372  -0.120550772224908
-0.909941811575441  0.356712693632901  -0.211570209972872
0.148384470722703  -0.716890985745558  -0.681211687660382
-0.811673893261608  -0.581603779198774  -0.054060475573640
0.789581150206788  -0.553434905060581  0.265087557419642
0.170477213777523  0.418147698513798  -0.892238769506385
-0.888709066944446  -0.315344146291258  -0.332797631798320
0.096254217816239  -0.341703736861687  -0.934865595562990
-0.649306890751532  0.760435623278684  0.011756890377016
-0.335656394009152  -0.734076032708254  0.590311073387653
0.005060554084475  -0.994878555119357  -0.100950737273087
0.749297497392952  -0.385850527671379  0.538212440116705
0.125333370554522  -0.236647250562312  -0.963477879884506
-0.869570313862999  -0.372380776885666  0.324314702494714
0.224922006462288  -0.086825877639832  0.970500570829843
-0.841961020731406  -0.105176872068421  0.529187551961337
0.484834070472102  0.819904812827419  0.304453645095421
0.582048956721593  -0.801553818398830  0.136859373773086
0.037683399033331  0.753809555233552  0.656011521145695
0.934942175727076  0.351123332423727  0.050946378422589
-0.282406997195183  -0.328156084146489  0.901421029471158
-0.614851779498563  0.730842306956314  -0.296355886748052
0.467792661726380  -0.750096816341204  -0.467466353601774
-0.667404103077708  -0.696713475633580  -0.262986874321927
0.678817253895345  -0.403423366515781  0.613560692322330
0.456379510908744  0.350040025808157  -0.818040171602178
