0.457510577403798  0.400689704358023  0.793808435571910
-0.252736892597246  0.964318918124406  0.078823139163978
0.990700533544893  -0.076837567929149  -0.112287314459820
-0.280453063543848  -0.486791645837234  0.827272610867752
0.146764112885885  -0.988229115341494  0.043168400018840
0.949186882762371  -0.206704289954845  -0.237313291043962
-0.612039204836234  -0.456410562290811  -0.645830790821262
-0.190383565040252  -0.325114263095839  0.926312481884064
-0.741449251174822  0.422560347285873  -0.521244434822991
0.202877261193045  0.968744271079496  -0.142742264734262
-0.857228755272082  -0.089854159873956  0.507035591539710
-0.087097757095785  -0.456329763919666  -0.885537761628439
-0.217217674990106  -0.523998719295156  0.823554384269144
-0.000717740664242  -0.976260226266892  -0.216599758674047
-0.902829475164495  0.267388545328823  0.336752586628726
0.686329540838632  0.184872961642913  0.703401556314465
-0.321302375165033  0.595044908614316  -0.736672478409156
0.530365419068061  0.847768582021811  0.000976521114935
-0.967194046848900  0.211727422111105  0.140382244127365
0.115526252615805  -0.464451095518600  -0.878031243651456
-0.763062724872460  -0.167249743298414  0.624309859986875
0.298383988882738  0.158749981362714  0.941151124206822
-0.308573583806454  -0.946269097612315  -0.096732302158148
-0.752873129948743  0.620269372951188  -0.220108962061799
0.227899883564803  -0.879723088231887  0.417311551604914
0.102588963845262  0.116297508015159  0.987902016460448
0.857331201153400  -0.340106851485415  -0.386407221854802
-0.732020281433860  -0.655913744761631  -0.184183243000732
0.749298283994118  0.622896945332236  -0.224836556412074
0.586219223855923  0.119200677978359  0.801335273123091
-0.373946499678678  0.885988876069938  -0.274203805331714
0.537025559816874  -0.382292608716061  -0.751968024203451
0.713929047130510  0.656780451123067  -0.242785408717046
-0.116562776016261  0.282226535158694  -0.952240149384441
0.897528730097545  -0.425983034690623  0.113932580086889
-0.067036906950775  0.800536950654996  0.595522160580505
-0.600493207429138  -0.395886336226935  0.694753133580756
-0.550518071907159  -0.727027769409044  -0.410317529496041
-0.603097564467155  0.710185553078873  0.363193898533334
0.553122428945175  -0.379044119896764  0.741876764543463
-0.200157743047178  -0.792708175684112  0.575804329700487
0.131975085706622  0.244038179128540  0.960743432910346
0.615181523225601  -0.750720919547138  -0.240769172520341
-0.947314351979401  -0.286025435265514  -0.144169930689518
0.294167936702234  0.570033591340166  0.767155088466591
0.138352578523410  -0.573393756838184  0.807513568700191
-0.701681286149133  0.685515228153858  0.194196407374758
0.857496644327957  0.457912120024491  -0.234554887608357
-0.652096162754963  -0.735277149465061  -0.184765007495433
-0.876537844074801  0.215934437764039  0.430178714596885
0.351593250934629  -0.858797275484871  0.372625046819161
-0.127151569614791  -0.092414311744229  -0.987568768911480
0.915415566140518  -0.098628524060466  0.390239356689313
0.630380330866514  -0.322586497962351  -0.706086814626226
-0.026813080087508  -0.660829240188965  0.750057180518590
0.311848315361513  0.884787214090851  0.346268990796949
-0.966909230587804  -0.094662903131640  0.236908156412544
-0.475025488636278  -0.493162456862097  -0.728794605007203
-0.406870194283348  0.906979284545980  0.108835758867634
-0.085013547668178  -0.508479730815523  0.856867002552114
0.490488198221703  0.523856018783943  -0.696416684887047
-0.527581920429127  0.815930937654436  -0.236461460315772
0.124211336869264  -0.564672760609742  -0.815914344290210
0.893858781781566  0.272597841739249  0.355959119718934
-0.349108807253266  -0.764627545176251  -0.541726644956608
0.297847189667415  0.100629291307610  -0.949294894823601
-0.999298756747234  -0.005886634676638  0.036977591803919
0.352342759826553  -0.859370201807222  0.370590658063074
0.061018524950900  -0.601685159110423  -0.796399214539468
0.823261589344407  -0.563315422003602  0.070114840390794
0.043933278297300  0.552325376153401  -0.832470147161480
-0.806176342690806  -0.590695113260222  -0.034043907768781
0.359945168802252  -0.274819699319988  0.891579277642538
0.396101334742110  0.795209390814179  0.459070536384619
0.705186359415094  -0.697754159318302  -0.125902071662449
-0.741342525354951  -0.372274930815866  0.558410812920368
0.051145612937901  0.966829180291054  -0.250250799029565
-0.061197318733597  0.090724961829403  -0.993993898110482
0.868778960460948  0.380761839686310  0.316612601295482
-0.756436028789450  0.495342378775340  0.427130497785436
-0.154514583707676  0.942672707443237  -0.295792849919132
0.660912537140272  0.238681689022475  -0.711495375653411
0.111994290343454  0.616505314597441  0.779344901826898
-0.927421411191402  0.087485703823321  -0.363642376092620
0.135643320745680  -0.954063433652127  -0.267140139449313
-0.547688881632477  -0.592625208646512  0.590620225705864
0.966765958173182  -0.238046526234462  0.093260031445388
-0.283433755795025  -0.123391698771153  -0.951020396600565
0.674347430623002  -0.361868024810040  -0.643666897884484
0.912206554131249  0.316987859404952  0.259611054444644
-0.214269997633729  0.320678453550288  -0.922634108161322
-0.023589125874518  -0.999534337765280  0.019356155832193
-0.793506505326770  -0.164269620479430  0.585971772179890
-0.462678692166276  0.866935023746601  0.185343174724037
0.300893752681563  -0.408175648084423  0.861890706475054
-0.631721565842057  -0.623028996141607  -0.461262109019200
0.549339474908095  -0.802703338097137  0.232149719610883
0.966739616384914  0.254282502555319  0.027475862245843
-0.138477034274064  -0.709782136173945  -0.690676067449141
-0.278923107202756  -0.347203704478511  0.895349924814181
0.274203760200558  0.579462935918179  0.767486158695360
-0.543998342939436  -0.234429211763621  0.805672853924616
-0.151025761443361  0.959842433872895  -0.236418530401935
0.969227864583355  -0.145950286191095  0.198231835172679
0.432599839292098  -0.430879630460185  0.791959672646875
0.698284006527254  -0.644612400631178  -0.311246364124556
-0.691096559751138  -0.488662825708506  0.532535621222393
0.425412392515982  0.702395595879499  0.570670415549038
-0.521769294435814  0.355092783452149  -0.775671269626611
-0.744498005624901  0.577293687477529  0.335342687439494
-0.379557642763574  -0.762747529040312  -0.523595457163884
0.602286353952662  0.540546625014932  -0.587418499902221
0.229775996907977  0.557183772181682  -0.797965685516826
0.277313327443709  0.912888372115203  0.299553231461376
-0.799172993377771  0.073396099232762  -0.596603334949636
0.751635662842039  -0.429100699166284  -0.500915582028565
-0.190012213139768  -0.840551420533731  -0.507315156777771
0.860039066988655  -0.399190519968699  -0.317773082592600
-0.580961540855537  0.209467111180636  -0.786515872300362
-0.469089739272886  -0.650828011745668  0.596973798115191
-0.804854667533305  0.530130958961149  -0.266777305070703
-0.480198231876021  0.312230617533042  0.819708301518338
-0.610798425857829  -0.573349712681056  -0.546072696569009
0.286141990200546  0.791250054109162  -0.540412910020031
-0.007809600753295  0.584349856277995  -0.811464266375274
-0.262186120308557  -0.541908421648813  -0.798494646734491
0.912101336155019  0.384278660842735  -0.142832291184955
-0.657724816599757  0.741979617084073  0.129862671544172
0.093636893880003  0.432379190615289  -0.896816797137171
-0.844598043236955  0.485446221607155  -0.225823185894724
0.176647630639495  -0.700816645899769  -0.691123464671292
0.761587306477463  0.647749614907902  0.020129853428846
-0.258516057232906  0.657436915148860  0.707775494597195
0.812494778364345  0.270623531070883  0.516347886178883
-0.663612622188931  -0.420213973890983  0.618901045255443
-0.407398213408321  0.807027357968960  -0.427473436837131
0.321855422536825  -0.808705361584571  0.492346143610378
0.470444868538866  0.283748537717638  0.835564715033223
0.631886781376865  -0.513916132805167  -0.580180406394225
-0.780476227378906  -0.578537766497043  0.236961834971380
0.210542269545987  -0.919325001176854  -0.332435700467928
-0.484830687924545  -0.162887653021099  -0.859306008672051
-0.289562575843755  -0.674481865510203  0.679137488119016
0.984935533314288  -0.081955482645553  -0.152267179914893
-0.636240734248678  -0.677721602844551  0.368634177906113
-0.908320794691353  0.148110115281439  -0.391173526305894
-0.046265504118765  0.092599295403715  0.994628007658829
0.318345564561439  -0.918431013529705  -0.234820303446822
0.965369839044627  0.081264263285079  -0.247905613844633
0.120601121662908  -0.256406756267150  -0.959015612382931
0.544925543026077  -0.607042756920377  0.578407506718440
0.299843174355642  0.944713776472606  0.132702491819857
0.593401302821726  0.787988895002709  0.164159663626263
0.892810952396711  -0.161741716639486  -0.420390556957444
0.114183182986622  0.131898591372650  0.984664898489306
-0.413592832561606  0.817832020269545  -0.400114677905599
0.120455655754749  -0.309079568828237  -0.943377048231324
0.916651366843874  0.244297564302421  -0.316336801114195
-0.682360264961395  0.439205534474146  -0.584365439848298
-0.113835446127730  -0.992582667604804  -0.042674807268830
-0.021070849826722  0.529083756000062  -0.848307962018775
0.913072481413776  0.012865738634515  -0.407594303755926
-0.289763861709570  0.936341146122891  0.198247730187330
-0.644379469530928  -0.420123128757344  -0.638961388450179
0.774108774123233  -0.565080607726707  0.285376089742365
-0.310334573390028  -0.938464222657010  0.151582833301146
0.384467585482022  0.365009614972019  0.847910759863090
0.699975762031238  0.008373999958284  -0.714117503421871
0.873920715451634  0.332848850116836  -0.354223412665517
-0.155178783372922  0.505848278819976  -0.848549977317640
0.603971705296341  -0.776317840366788  -0.180412831942952
0.425127793528215  0.603318411663648  0.674739396595074
-0.416341619317302  -0.780523078414849  -0.466308245783896
0.702676217948915  -0.683230019486074  -0.198602299085556
-0.417842652312207  0.306727096604249  -0.855176008852814
-0.701175184954010  -0.404020155533023  0.587470062154474
0.346746971734590  -0.099000132440610  0.932719417279191
-0.066165996313460  -0.957619792132807  0.280332649984560
-0.543034467311261  0.566937553834802  0.619431495295312
0.955947435359312  0.291682105857395  0.032955271999319
0.766526022223745  -0.043368712558697  -0.640747229432047
0.808296224583247  0.413918089215429  0.418723093159092
-0.234843074867422  0.497844277599702  -0.834865142072686
0.193072872507920  -0.955131079373828  -0.224605180518453
-0.926858380584460  -0.374234135496046  0.029704446971467
0.041985048720012  -0.998161413328533  -0.043715542155663
-0.524267267129527  0.345973299993039  -0.778104304260337
-0.444576162174944  0.277953977839448  0.851524293387467
-0.629049113583057  0.556919044832765  0.542345268443389
-0.940009422584583  -0.292905428472050  -0.174896241880158
0.102260446690877  0.961699020717364  -0.254318293863902
0.208699862310650  -0.111874547412549  0.971559804187449
0.469588718855360  -0.470739478358327  -0.746920865044425
0.914806375494091  -0.270884917121841  0.299584140153076
0.074745911781611  0.613651066762282  -0.786031435079698
-0.519963568420342  -0.813505627998768  -0.260473570117803
-0.580793124140404  0.561539942683346  0.589365964170323
0.573767646156637  0.577377181664048  0.580884048943982
-0.565072142973897  -0.592946997916959  0.573678769779878
-0.589488627323144  0.577109758936257  -0.565196854553536
-0.962889205689014  -0.048141950623832  -0.265568691975753
-0.076703626476624  0.088560880207526  -0.993113047030499
-0.504865858917377  0.742151152267385  0.440819840397199
-0.381319720295014  -0.878853983098744  0.286724514657547
-0.488838495413438  0.412693425189928  -0.768583802982428
0.587171250859692  0.677099824167968  -0.443582856156064
-0.830153545786075  0.446414950217580  0.334004165604327
-0.245856200487056  -0.710821349195620  -0.659005112430691
0.225399649105240  -0.386374641104113  -0.894376673943872
-0.782158020263453  -0.518219299498614  -0.345944488270477
0.789410533119838  -0.607429443911942  0.088659352965619
0.218147136248856  0.739274102306443  -0.637091538639015
0.029816924818777  -0.908211791999848  -0.417447352209564
0.412504729555473  0.064188787014488  -0.908691172905281
-0.929266376099483  -0.360535993078830  -0.080484780832130
0.546578571362787  -0.611864585935506  0.571728601527847
-0.475124519121152  -0.716611285191709  -0.510612335598917
0.221007539550333  -0.892250461280591  0.393757262544426
0.290857193974396  0.023530578388039  -0.956477080015023
-0.986989252645882  0.152108597700843  0.052107481871680
0.552611857544370  -0.369420156012881  -0.747093624141432
0.960991341261389  0.232602803022795  0.149638157054196
-0.306810911445593  0.392365112273252  -0.867131295300039
-0.101568572271425  -0.994388071308928  -0.029600485895590
-0.944540252976123  -0.127323916609726  -0.302708326226686
-0.018978273967458  -0.628455959252832  -0.777613613819112
-0.383773456745952  0.881675520057814  -0.274529071735665
-0.541788522262714  -0.380543477414708  0.749434359328091
-0.133682817129935  -0.149340935807878  -0.979707195694832
0.044261375368845  0.876235772523911  -0.479845601834468
-0.894475386300391  -0.419681703387199  -0.154211060384088
0.716531193801611  -0.605895004944590  -0.345650533476275
0.525519253053520  -0.776641581299830  -0.347357695849927
0.942378323392023  0.061378276528090  0.328870495440503
-0.005697937554938  0.014150118668289  -0.999883647055643
-0.411161132783565  -0.852169976496208  0.323655455765213
-0.998170500678099  -0.032201727899521  -0.051173238087093
-0.280836528624993  -0.797393403902050  -0.534129762888537
-0.338224195506582  0.831873586702077  -0.439989465011774
-0.379109776546523  -0.066681910699548  0.922945989813219
0.992090667355227  0.095793186834721  -0.081115800573679
0.290347895854774  -0.297455227900153  -0.909515523104237
0.447219924338341  -0.564412988910940  0.693853238965870
0.254522847162112  0.957661403645814  0.134546483564688
0.299651106865703  0.953043270173992  -0.043792000756099
0.974107577219748  0.033206867727007  -0.223633029624060
-0.153909918730807  0.438827221968703  0.885292271611758
-0.520546551623237  0.481009180478282  -0.705451242743798
0.748476133965968  0.216852176493072  0.626704563916345
0.103371311210600  0.992516988194547  0.064995385711809
0.849027038527073  -0.401806399067322  -0.343081193769785
-0.203922215771705  -0.373858412634153  0.904790371974321
-0.068005567825009  -0.857792917418021  -0.509476744878780
-0.344780172059280  0.185290983294737  -0.920214042744645
-0.626966576248418  -0.619470198853455  0.472408282103307
0.903741180482688  -0.423613701859303  -0.061670984237442
-0.545328141005098  -0.465338674972616  0.697192323683110
-0.112763426439308  -0.961224347280692  -0.251658824308775
-0.898073691004303  0.434878259633184  0.065913161237502
0.465508976438513  0.061007412674892  0.882937986754383
0.847150473826321  0.377932266987811  0.373501373846594
0.729452920713400  -0.081965382784070  -0.679102431513650
0.254605625079671  -0.504227341573785  0.825185290517968
-0.136908071966750  0.964124991345666  0.227418514842275
-0.959612456696788  0.109427160684586  0.259171042859471
-0.465348682959935  0.569715005742316  -0.677403436291466
-0.055064801532539  0.437258277016481  0.897648632156681
-0.439198972204313  -0.897546122074211  0.038925846994256
-0.574876151041437  -0.324690909807161  0.751061398323986
-0.154583634851945  0.745847205563711  0.647931976204882
0.457173659392597  -0.757299645830207  0.466357686312797
-0.877466175582090  -0.313238469540665  -0.363228264193693
-0.876234334954504  -0.056275328908633  -0.478588004031719
-0.084290313119180  0.769806694743966  -0.632686965127021
-0.745867852443458  0.032132167125410  0.665318473009137
-0.046076169391866  -0.858214190778009  -0.511219511913834
-0.092825410633491  -0.769555292057240  -0.631797511555261
-0.951855792276049  -0.074134751889116  -0.297446783934327
0.271843492517316  -0.844609233918012  0.461233517381832
0.587186889125243  0.149188693749888  -0.795584245002767
0.593062301234305  -0.798121005357014  -0.106207192141493
0.904901654393635  0.295520535046137  -0.306301500554124
-0.394814574991343  -0.620908211983569  -0.677196015689529
0.082975221832013  -0.472733328419581  0.877290324102160
0.873920715451634  0.332848850116836  -0.354223412665517
-0.155178783372922  0.505848278819976  -0.848549977317640
0.603971705296341  -0.776317840366788  -0.180412831942952
0.425127793528215  0.603318411663648  0.674739396595074
0.848559649906125  0.284544354230884  -0.446072898780597
0.716413512182536  0.114020260081730  0.688295764808398
-0.147585809480741  0.867830890933334  -0.474434372260032
0.279731947204330  -0.697306796784180  -0.659934291328963
0.714934637915298  -0.244400065539617  0.655085545156625
0.769327794757827  0.631738542093479  -0.095085007475760
0.311076412888762  -0.933396935712115  -0.178889982244660
-0.365469569731291  0.057258328079019  0.929060534877045
-0.275607905306728  0.866219879588672  0.416777401903973
-0.987219530859049  -0.005918362137564  0.159256305620996
0.234200588904811  0.754384114373999  -0.613232983568885
0.477411036647510  0.117754127352236  0.870754079851862
0.599214489244968  -0.371050825790126  0.709410516245254
0.194226822690771  0.709815981729318  0.677079916574914
0.856154205920709  -0.308399610642421  -0.414595774025596
-0.451166539366512  -0.772467196877023  0.446926373695937
-0.097899291361303  -0.721309470620652  0.685659081719122
0.420436440166099  0.296078917695057  0.857654052795754
0.452396009294514  -0.831063306421261  -0.323529954555307
-0.970731740821915  -0.186325081894448  0.151534983478675
-0.057068958819296  -0.561642684838562  -0.825409370256125
0.371222234413813  -0.909089840753176  0.189075948010798
0.527660930332660  0.429737958670045  -0.732734078283912
-0.955952123565769  -0.082290802755431  -0.281751239983010
-0.833703816443120  0.542373746360211  0.103772181760656
-0.798523376863708  -0.590219753649671  -0.118326070685636
-0.015054010098924  0.723491973949446  -0.690168631865196
-0.020126429480487  0.409101526060436  0.912266884311488
-0.248667903331689  0.317366410735332  -0.915119027880852
-0.530581053387353  0.844502063822089  0.072801167481013
-0.548334307287163  -0.699739902961011  -0.457923089236635
0.830247457342827  0.172604249874253  -0.529997106125229
-0.317390249191931  -0.721613953561726  -0.615253388241706
0.102482641997669  0.301279690658882  -0.948012582240165
-0.962913021844831  -0.196263161634876  0.185146654700370
0.543040130655231  -0.826630482585732  0.147612539298090
0.932324589926903  -0.240414168511976  -0.270133090524520
0.235595422718252  0.477948485942754  -0.846203309837085
0.060368730400200  -0.987304386046031  -0.146920610140776
0.636360436808451  0.268941731591301  0.722990829453341
0.818024797052563  0.573769423468222  -0.040299877171735
0.141813800877035  0.312804488547553  -0.939171016282611
0.793861438776915  -0.529905291868117  0.298302527098268
-0.117650442601387  0.790870226788787  0.600568612012609
0.724135716393385  0.682561953157495  -0.098674436128437
0.572381919654506  -0.232562331532882  -0.786316539317731
0.560554692484799  0.013360022149824  0.828009629498008
-0.408800895745920  0.901764262540552  -0.140367526308714
0.404089272733640  0.348221537544197  0.845844915130400
0.121698935151003  -0.753460685759280  0.646131847379672
-0.605585391613820  0.687808678191046  0.400231877377380
0.887975729196457  0.413873545112430  -0.200518809626652
-0.618383719597348  0.142841666601794  0.772785761786131
-0.334407254492364  0.942370828389037  -0.010440782740803
0.489986996569029  -0.170370407969579  0.854919099846027
-0.773963461674014  -0.629158753817664  -0.071692555319094
0.583124653612807  -0.799548976768560  0.143830011114833
-0.558440776589314  -0.829094739734382  -0.027309551206531
0.448600361611850  0.070541168043661  0.890944251439311
0.692965068590271  -0.040995405077840  -0.719804689117947
-0.140677612371896  -0.145916013331853  -0.979243752306177
-0.789764359758810  -0.597714157410472  -0.137876909182962
0.814011756711590  -0.427062969323479  -0.393703035507633
-0.164925009324676  0.878861113402098  -0.447663807615582
-0.453601725407196  -0.831200512832611  0.321482786746693
0.481794539660199  -0.801207650025302  -0.354880716712744
-0.946221770008143  -0.009725927092741  -0.323372491571010
0.010825504940749  -0.020266935714568  0.999735995030448
-0.970538878807397  0.098398196639535  -0.219936535440041
-0.122185090132779  -0.034632143887805  -0.991902927891122
-0.333055144939677  0.876948143152466  0.346462443347981
-0.515298643734942  -0.743917802625127  0.425503949103099
-0.833604883804261  0.278076215428811  0.477259380327379
-0.771319692418979  -0.542596959676744  -0.332647668616880
-0.175299525086894  0.969283481687972  -0.172509734888072
0.113014333701611  -0.148610306582417  0.982416783832331
0.241549407061210  -0.284974424058550  0.927600917194930
-0.374521323284648  0.653604163543975  0.657674217073390
0.995403324599461  -0.030849089320175  0.090667276701447
-0.379332594253603  -0.907729498282351  0.179259423420093
0.021539246839546  -0.298530621902827  -0.954156972741853
0.912157669045225  0.157955908871875  -0.378177627120434
-0.673604189140941  0.518440320739579  -0.526760885225183
-0.217014233064739  -0.974926851514280  -0.049218460396235
0.172022370613254  -0.257114773821253  -0.950947052727670
-0.859406203211810  -0.273365951437470  -0.432078736430929
0.644633183455259  -0.764002746581777  -0.027347065726329
0.386795390369804  0.780253924197994  -0.491521250570413
-0.383097635626302  0.553403745145755  0.739581298057346
-0.711962465230403  0.599077147145838  -0.366355046192420
0.723718989349773  0.554718997670857  0.410509023137840
-0.394854159745672  -0.600392399670939  0.695427321111926
0.695907168095746  0.496490397055097  -0.518854988436105
-0.146414734923519  -0.145878837037040  -0.978407936548962
0.907399667558946  -0.334265940744550  0.254739325923728
-0.065077764539681  0.976635174836687  0.204813622189128
-0.150326272595488  -0.542599525319823  -0.826430739318335
0.177816582584314  -0.964083727791265  0.197291228305098
0.618641080728492  0.312322581146088  -0.720928442039381
-0.946783935908294  0.109161621325354  -0.302793525584053
0.489301282752087  -0.581271461446001  0.650159782519338
-0.348599310835187  0.165066393998955  0.922622136119341
0.976335893193820  0.214070295158137  -0.030694175218330
-0.138435299606547  -0.960408150603093  -0.241768178381673
-0.502650449847078  -0.631721322529809  0.590144639838167
-0.970897219215606  0.239425656864782  -0.005826195522885
0.353301675092448  0.063169093693792  0.933374304327463
0.114945094276080  -0.934316073088383  -0.337403468966410
-0.602409483337889  0.778375527196727  0.176732433485748
0.504159788962237  0.851350457112411  -0.145001056437672
-0.325237187455665  -0.038004200092779  0.944868484325325
-0.781332084844461  -0.034970729822905  -0.623134994401905
0.093997802695416  -0.120535703483824  0.988248732493037
-0.264524700686832  -0.931728262379347  0.248815449299486
-0.592183897503740  0.652244043271826  0.473176435966227
0.950706400885988  0.158948515623696  0.266256847227324
0.306960083725472  0.743122854231164  -0.594595602505250
-0.794645345045970  0.457694740457989  -0.398816123237095
0.571783128823961  -0.372495937845513  -0.730965683107541
0.529822299947481  0.657924051618687  0.535186203839387
-0.523169096371829  -0.850724766637083  0.050610947746174
0.605112609415521  -0.747675137324092  0.273533579206904
-0.395386066214971  -0.201979094655842  -0.896032535104088
-0.732895639572380  0.098929465342851  0.673109903643358
0.985350991788167  -0.164984636106518  -0.043168192351262
0.173292039736593  -0.984868190965182  -0.002124944446740
0.442544914375816  0.414606959272724  0.795144683741725
0.369514037675759  0.405276595585940  -0.836187931646247
0.548162288825045  -0.233353631472488  -0.803158880788036
0.964129010061855  0.186588612420033  0.188785438189268
-0.299614506557755  0.550255279076606  -0.779390964348753
-0.116352214679055  -0.970197522969127  -0.212553354628551
0.392261287726343  -0.919279504276664  0.032500387199573
-0.421349995283435  -0.516028789477373  0.745773739082550
0.986006356731850  0.063579511793618  0.154107463039497
-0.172395073722072  -0.466830226592910  -0.867380814922474
0.951695627238609  -0.281218615763419  -0.123253897475970
0.480477974847029  0.057146553177819  0.875142952406515
0.442643417692508  0.603390454524730  -0.663314981107721
0.028574234699072  -0.941755623465968  -0.335081868774764
0.280219481063807  -0.772544497622632  0.569782451138438
0.385430352832677  0.340774547281984  0.857505773181754
0.689256800353453  -0.538751527346427  -0.484429411729318
-0.794467672122323  -0.574567517558189  0.196706089686002
-0.445207708483076  0.683545650264490  -0.578407676567094
-0.152164454588366  -0.382587462714613  -0.911302810339911
0.584584464558457  0.808207977777012  -0.071139781096768
-0.877627718453166  0.257925135202091  0.404034914869585
-0.424976662457936  -0.085051267700878  0.901199821476119
-0.492050846192735  -0.868773057175592  0.055851050901394
-0.640393416938448  0.755332398897490  0.139173412394978
0.707467600673247  0.028389390577223  0.706175358179747
0.804714916095717  -0.413497921632671  -0.425973441212624
0.827937251988182  0.394732122114044  0.398379791833874
-0.014569670481542  0.178946489505472  -0.983750923046951
-0.008652665410923  -0.987176533252187  0.159397690000452
-0.491664607451618  0.247135884397325  0.834978902980548
0.599855755210210  0.536414350005051  0.593660440024302
-0.284930764852188  -0.831179769754510  0.477445965101379
-0.806589597809639  0.541901304146783  -0.236127502145133
-0.854972728495149  -0.114594954753629  0.505855344811710
-0.220006486179335  0.849489602500372  0.479546203491157
0.102255516842923  -0.740730535177511  0.663974459998896
-0.737221759158737  -0.223354022076491  -0.637665318678342
-0.127336945732673  0.354623042920518  -0.926297900073873
0.395106685172691  -0.639867130928788  -0.659136375941132
0.454507067987083  0.886886288916097  -0.082801181648681
-0.976950698892447  0.107603884933209  -0.184360342484060
0.457859363157030  -0.670567472440352  0.583698610992349
-0.619632494033881  -0.764152140669550  0.179240280761600
0.256558616616545  0.431087181259764  0.865067349050532
0.820933240574366  -0.337502513030566  -0.460609018819783
-0.399601939239455  -0.017231402129010  0.916526796627756
0.690724457938580  0.272124806086946  0.669961053433404
-0.319170366287596  -0.924780980147281  0.207148294807550
-0.771156030890440  0.635424771931326  0.039417448386802
0.619555555576529  -0.448747794471523  0.644031311747498
0.465241049114796  0.691897371710357  0.552113025782642
0.677627289808001  -0.533572890959350  -0.506084208547100
-0.523312783346269  -0.607072275222530  0.598002494511956
0.716210956768140  0.083145616002990  0.692913177782577
-0.130944161296790  0.847288978172334  0.514737811016408
0.894954758485873  0.015775015751412  -0.445877930763046
-0.047799640420942  -0.779918377920756  0.624053297529214
0.184868192521875  -0.868256853733956  -0.460384390849328
0.964844005984045  -0.040808337046164  -0.259635752053115
-0.568945994073766  -0.070604363102846  -0.819338440290858
-0.211029819388404  -0.756844153584946  0.618589801494645
0.588473080972644  0.340660909735105  -0.733245918876481
0.926717767652983  -0.354561803542958  0.124419076449865
0.019321562619176  0.999494051167462  0.025264973754369
-0.357566249299515  -0.304271337889399  -0.882929969080715
0.445855965706166  -0.889768703815735  -0.097591554728312
-0.593450078543842  -0.712967347791928  0.373489712386904
0.867707808506806  0.005655656915670  0.497042425353378
0.171598235743202  -0.182457012939478  -0.968123692468594
0.455021806093153  -0.819215277440460  -0.349057996882861
0.178384337128878  -0.629898623962732  0.755914513550936
0.865024786804075  0.257142034566619  -0.430824897462420
-0.588387317839800  -0.446458688044347  -0.674147612971377
-0.305940138750028  0.938127306282815  0.162227583068240
-0.975692470589220  0.072866724168451  -0.206675212215843
0.513025084900928  0.624467453213524  -0.588936042486288
0.156727246938264  0.240793128900841  0.957838837770371
0.086112851536170  -0.005027771823932  0.996272702783127
-0.146685642019970  0.924463314160714  0.351924570321792
0.915556197338418  -0.311940444660575  0.253870062236924
-0.682757703782278  -0.617550641324071  0.390478070224410
-0.053702229036816  -0.824324392973630  0.563564872703342
-0.849755084162920  0.011319249612573  0.527056136979237
0.779808843863140  -0.027601143744596  0.625408941331048
0.016244011262965  -0.808042498841607  -0.588900205606944
-0.929460678704277  -0.261730487126817  0.259999997790278
-0.641409464685517  0.706053103470368  -0.300138157673597
-0.053076918896474  -0.097875628922775  0.993782270894097
-0.234974295122286  -0.869907961674409  -0.433644115430222
0.035238358694633  0.458468886254704  0.888011564346366
-0.801826069373452  0.588556694296104  0.103324595679646
0.830131605138115  0.554746065391697  0.056020720124328
0.006932822929970  -0.684833873433097  0.728666248542392
0.673418173360908  0.699384491288045  -0.239518886798142
0.367143821346025  -0.188824613952872  -0.910796727932741
0.743960636195407  -0.010913152819786  0.668134323985273
-0.437686284180524  0.899122258060703  0.003143517149326
0.403223758463633  0.737907909072373  -0.541204691719225
-0.725631370869138  0.595846245937189  -0.344131319140143
0.505072295128126  -0.389241774720227  -0.770319944897349
0.623782834204644  0.531303437855411  0.573246572318267
-0.630730694989641  0.492758682473423  -0.599472827778659
-0.097843283569880  -0.497422020937627  -0.861973331923089
0.359637087385809  0.915128822897699  -0.182209777121110
-0.892524498805570  0.075051880513351  0.444710281265541
0.347126634706810  0.141667391168976  0.927056335805166
-0.717147233188910  -0.219129480980156  0.661575480572594
0.275040798429365  0.955046344063021  0.110630194301538
0.789233069466356  -0.594249471913889  0.154850660931034
-0.437751706510623  -0.869080490365961  -0.230374791833434
-0.993590858069404  0.109784491796029  0.026917877367914
0.276276052356256  -0.697868900218392  0.660795385124938
0.279563099202525  -0.280996081943599  -0.918088054326286
0.474611729015461  -0.355975756414755  -0.804999979829750
-0.664107914365419  -0.181978302733979  -0.725151415506633
0.472673460240740  -0.848037797640514  0.239607374170895
0.666046183140139  0.674040343959738  -0.319455938494012
0.421906461290225  0.895814640602163  -0.139682023196895
0.971591532415287  -0.117525421029526  -0.205420713538699
-0.101260672044295  0.549144718419917  0.829569981694521
-0.448424399080766  0.464195343211772  -0.763831291352717
-0.239497010049172  -0.703306011700170  0.669329392813365
-0.511721184605975  0.415810404901236  0.751826533451253
0.835062351649813  -0.418872534790184  0.356674457251329
-0.562838177093010  -0.700243881811223  -0.439171597889217
0.689138611127930  -0.354241584613526  0.632139916777264
-0.013647951250883  -0.999743873693360  -0.018053266719610
-0.201454150423756  0.319448306913363  0.925942225242606
0.904240712802569  0.326053982166470  -0.275749041745732
0.769367143825719  -0.249096959764242  -0.588238814290308
0.640192614359403  -0.571954452705578  0.512856237702083
0.466593432797181  0.829273661711334  -0.307564241195914
-0.337418903330865  -0.506416168769998  -0.793530810796476
0.946943374730746  0.280251187089568  -0.157345216604871
0.437133173408009  -0.641533702526024  -0.630356325604412
0.495314071382885  0.003517640828795  0.868706853255521
0.014496129939853  0.918267248786797  -0.395695744255981
-0.060784358550425  0.969303130689067  0.238236652494925
-0.282365477519758  0.091477384285768  0.954935403715494
-0.671947977976003  0.446901671912568  -0.590563130017201
0.893529096945336  0.430924074490731  -0.126135621203368
0.072524244516155  0.995008885558995  -0.068538687002356
-0.453745796723313  0.310542459694536  -0.835271292864057
0.964458141974479  0.262838982502642  -0.027132299130591
-0.438188100735011  0.421627443361818  0.793864904992292
-0.044957160563307  0.682821428291292  0.729200761642721
-0.255027289347581  0.885690813729397  -0.387959874424383
0.893770932484784  0.074721515092245  0.442255825770107
-0.683700803700510  -0.277590900530350  0.674904810296997
-0.954881242458657  -0.083691487844366  0.284951833935154
-0.235166985508494  0.760601797484175  0.605129237924173
-0.128300084496573  -0.864525664564123  0.485936686851418
-0.591414172453590  0.020232379235583  -0.806114090840436
0.908377231318218  -0.402091146917880  -0.114775934728986
0.303352043205720  0.125924376887954  -0.944521354543292
-0.038906457633616  -0.976888852099242  0.210177206658163
0.643931645746115  0.448873328293409  0.619568213156144
-0.569702085040337  -0.671142164525589  -0.474349796349276
-0.887921619628722  -0.064820394723455  0.455404780194283
0.450431092408841  -0.892604181787689  0.019225130597970
-0.132211557820456  0.286282411985554  -0.948979707141529
-0.773856794743985  -0.611530256463639  0.164852681683018
-0.097865143044398  -0.156286686570241  0.982851405542972
0.160210482698699  -0.872336914441541  -0.461910065852716
-0.836202134398286  0.417093344548143  -0.356088658007237
0.489611988852192  -0.855691157850837  -0.167549224850775
0.983419471225252  0.154580991093363  0.094820149797605
-0.199067235791741  -0.322234754854587  -0.925492840814039
-0.294740246581319  -0.688037394089613  0.663123466165659
0.918753524300340  0.394638744680848  -0.012337859718309
0.622667289503809  -0.588859526568654  0.515295938807324
-0.021776216428929  0.908404645443126  0.417524605904119
0.317862451225460  0.075093625806376  -0.945158404429752
0.397847371951858  -0.109621430667816  0.910879031798044
-0.406883618493157  0.667177230697127  0.623955338018057
0.987899669918973  0.147549798415527  -0.047783879724471
-0.183168679473957  -0.924348459780469  0.334707573504457
0.218230044094784  0.974852342406734  0.045150397102269
0.775372344904159  0.139835460869257  0.615827711816632
-0.793014021999759  0.503577283838206  0.342839146122349
0.235871721190384  0.331439597699271  -0.913516460836712
0.813615716649672  0.245086923422829  -0.527220888800674
-0.094985123576065  0.933898098846697  -0.344691408755375
0.101056253972962  -0.630648191613402  -0.769461169876491
0.807544586252775  -0.058162983810466  0.586931689831191
0.998510898776736  0.005028203828659  0.054320366257344
0.281430256139535  0.118229626769134  0.952270322063681
0.359955465154545  0.753622259314888  -0.549986866543647
0.357125177482656  -0.866823682255363  -0.347963089262691
-0.594882288186885  -0.552431127743628  -0.583896319821799
-0.951155929416370  0.277167895027984  0.135942472766378
0.103019110474282  -0.965804897524266  0.237924279541265
0.253254530755204  0.136205874752654  -0.957763072129442
0.108361772040464  -0.943772857556626  0.312330785705879
-0.073767334678612  -0.031793011585143  0.996768571308687
0.897155098605807  -0.342496065535224  -0.278942958574861
-0.715025991886731  -0.569483780436259  -0.405494827027946
-0.896167037381779  -0.341988157069908  -0.282716716050349
-0.390859955496782  -0.556536191683038  0.733141161397991
0.100743435651238  -0.557417441765245  -0.824097418870533
-0.606050517536235  0.771965476378375  -0.191760458577807
-0.138514007686177  0.985364135164852  -0.099354873083999
-0.639353329717516  0.172864331976072  -0.749229766166289
0.874901249831852  0.441112575787005  -0.199918729800930
-0.374061927800513  0.371387227401774  0.849793622883219
-0.403347451982056  -0.632726598531398  0.661035463867462
0.709195382228870  -0.610460523001232  0.352675289299249
-0.712492889959107  -0.540321305606276  -0.447668145466761
-0.400049944251819  0.518055230076110  0.756028320034974
-0.839260515495475  0.509231848830262  0.190590428057610
-0.746550244517853  -0.368462365022265  -0.553983951006284
0.137139081997143  0.964716946581165  -0.224753387445206
-0.229849352974765  -0.087022732728638  0.969327766509101
-0.329020700691355  0.047647551265006  0.943119870098716
0.653469740635611  0.514274084862570  0.555427280309847
-0.094122899284979  -0.925308587918047  0.367348468018175
-0.888367542041987  0.458682054320483  0.020344121770694
-0.710705045926491  0.053326236735073  0.701466072002275
-0.017067359148117  -0.852346202670389  0.522699393576344
-0.888747692971879  0.141488895277857  -0.436014255214453
0.195110006193506  0.764183544127606  0.614780933640384
-0.737178451716889  0.172458793766419  0.653319137004973
0.329743672121297  0.608749403057611  0.721590794684193
-0.296808399578381  -0.865385875911462  0.403747519760397
-0.770113724259805  0.429095266620270  -0.472019177439618
0.391206738753046  0.739921296588943  0.547241959656187
0.505344290271700  0.624076696711110  -0.595949179806416
0.620575702873825  -0.383477801527538  0.683981412567815
-0.734713254392480  0.499322401405371  0.459209726894788
0.119371189507568  -0.974758156505338  -0.188671819416316
0.970111365717526  -0.234926384172859  0.060774436444474
-0.335680716255010  -0.205122169655558  -0.919371172187991
-0.515059459954948  -0.534709602676921  0.669924916327201
0.540752809494941  0.197727097564036  0.817612618488872
-0.323249556940223  0.850012194139538  0.415919455846967
0.962651450197553  0.097519271108962  -0.252571132940653
-0.098649083762388  -0.749804367684465  0.654264295582559
-0.350108380147585  0.854609982890977  -0.383491719980390
0.044361631396738  -0.039721649803568  -0.998225543750861
0.554757748893632  0.764563647463252  0.328155860865167
-0.949227760437956  0.129767985231293  0.286577962905304
0.379269875800610  -0.179618314680173  -0.907684759341945
0.381249777231593  -0.924132378835103  -0.025059005356051
0.721552207915943  0.663718302996189  -0.197079744061856
-0.723532109346926  0.080795761158740  -0.685546009924037
-0.897444520218047  -0.429995773638486  0.098473183068487
-0.073273169333529  -0.414544100609037  0.907074545616878
-0.109655103814367  -0.706464263802402  -0.699202404299064
-0.714516247070151  0.691012590772953  -0.109398958249327
0.912169561500712  0.217998526221369  -0.347020653040869
0.078540210534937  -0.308570970900126  -0.947953264273552
0.688515349330277  -0.461958732680900  0.559053434866886
0.145114001635498  0.988528229802395  0.041879176365797
-0.409493550763184  -0.065883477021935  0.909930986030732
-0.099435242706169  -0.962636539493513  0.251879982015085
-0.899237767431721  0.437409168409866  -0.006682590471009
0.589179459374707  0.459343894061712  0.664733594486657
-0.061192070373053  -0.067368769188234  0.995849877974347
-0.351756686070450  -0.901499705094255  0.252122025058711
-0.617489676335906  0.707070515209639  0.344612515936019
0.908054292033304  0.127060420696382  0.399115336979617
0.974740602790795  -0.142427083298128  0.172032796914501
0.114359718630430  -0.641613615287003  0.758454892154511
0.428151760538743  0.872805200690542  0.234301411850459
0.432229123621622  -0.373618668701667  -0.820723507090469
0.543377413287561  0.829543757207234  0.128833775103521
0.472763796392547  0.224491131962645  -0.852113915207725
0.672517751321710  -0.151208125250942  0.724469445190952
-0.601904134426696  0.756260750495532  0.256478245120293
-0.594218096478933  0.163523703258062  0.787505461752312
0.555742290595982  0.067427969997036  0.828615698201048
-0.646339312340432  -0.757380468385301  0.092845675353025
-0.503621074734483  0.853476201646328  -0.133955911801761
0.346660347147108  -0.861474121488919  0.371064605858254
-0.686232762108895  -0.716663623942518  -0.124409992870242
0.193328584156448  0.110766639566668  0.974861431233778
0.839564525099554  -0.255577137113069  -0.479386832505282
0.541343666088491  -0.710416292268407  -0.449728503505707
-0.280394706226900  -0.077185123592318  -0.956776497106806
-0.147714827653729  -0.874376117729185  0.462219357487403
0.969453199969120  0.241144949053096  0.044828636113696
0.921375212546849  -0.222392550577093  0.318762091773887
0.671324851532928  0.505341997199660  -0.542173781716297
0.160106537595007  -0.981809652526341  -0.102057350668363
0.089943823418914  0.254075104749587  0.962993224158547
-0.890984669553040  -0.454032166418621  0.001053792519710
0.074330439853078  -0.881111074130317  -0.467031327381973
-0.667099967724264  0.573840164047598  -0.475063258091080
-0.298215141681854  -0.146761256335902  0.943148377992763
0.744909714958103  0.666265797838122  0.034632400901011
0.617850466081621  -0.229569498439645  0.752036333529766
-0.377283048414166  0.914533457087797  0.145897420286850
0.504342297290648  -0.018698160810030  -0.863301352915605
0.724872437393207  0.649251185969833  0.230288616792921
0.536130330581222  0.205263022515084  -0.818798729981210
0.595692188024274  -0.398936903887818  0.697137119828843
-0.406950081212288  0.842925067342568  0.351950226945288
-0.589398643453730  0.259780394495348  0.764933582561744
-0.857263763739794  -0.512368559686765  -0.050767099810739
-0.194065572834875  0.979883762674997  -0.046544227205551
0.461930693120939  -0.207734808492884  0.862244909578035
-0.559105384289619  -0.419435624601746  0.715174752122375
0.246091004573541  -0.964810051536696  0.092632510069327
-0.966514459377246  0.075415799135948  -0.245279956489309
0.161318070514086  0.469958627799002  0.867822198542358
-0.049807800124369  -0.272917856275981  -0.960747119055006
0.612782806183828  0.575029714258328  -0.542068316880316
-0.937857992841507  0.109262777428768  -0.329369140527544
0.275267386533309  -0.957210347963077  -0.089309661647146
-0.879639413684358  -0.075044403735127  0.469683765273060
0.154919995884953  -0.190140978380116  0.969456653603274
-0.531615745681286  -0.743989131764887  -0.404802261307246
-0.502943663888024  0.859085706409876  -0.094970627022967
-0.121470611125729  -0.988563079501405  0.089375211772842
-0.969728963701822  -0.206209718219085  0.130779543774230
0.520131375654289  -0.329876059367126  0.787810343621098
0.328126976921804  -0.452477301915194  -0.829214675622486
0.799786834873899  -0.141812407811793  -0.583292602175797
0.559500465565693  0.828809686809726  -0.005807932690494
-0.299240179041834  -0.206704288517485  -0.931519539438380
0.539526548350040  -0.763917806104033  0.354034869953077
0.938247807720122  0.207807566707862  0.276599107965560
-0.008881340992967  0.718627635906343  0.695338365613338
0.520568267046032  0.311712129451849  -0.794886298597029
0.426560881667057  -0.822532198650330  0.376147040949251
-0.173184797849422  -0.983787358172471  0.046577459075028
-0.577271312487826  -0.199718923543431  0.791751339346664
0.868547284032269  -0.487497466057691  0.089285138671002
-0.464460769393865  -0.296570968571349  -0.834459018942639
-0.321925455469941  0.946571423286536  0.019145279777868
-0.804670117243970  0.090351476916702  -0.586807134443292
0.723908408622514  0.605050904414558  -0.331466467373013
-0.241163746848486  0.251169041955276  0.937418881594172
0.349529101176289  -0.687809987620403  0.636197161547045
-0.258589046769830  0.247609472894568  0.933713689427088
0.996659465513589  -0.042600615064238  -0.069678528962047
-0.388541317567470  -0.892818845450732  -0.227837998917996
-0.534501510334388  -0.202860890838022  0.820460598943461
-0.405663454081999  -0.910240825174603  -0.083059028453982
-0.725773323657873  0.680377315206275  0.101684765915576
0.596935267405485  0.027002619130306  0.801834861481868
-0.420679835376758  0.789087323720609  0.447626710162420
0.043017690642092  0.791328126618611  -0.609876441842199
0.491685475957377  0.204393362445594  0.846444768499842
-0.955383001976227  -0.206634165343595  0.211058383504777
0.778393988939277  0.207154588535824  0.592612668133035
0.680262349333911  0.522758596182847  -0.513776786353419
0.409526884308562  -0.853266170793096  0.322838307529650
-0.311395244703196  0.537662163146072  0.783551146956804
-0.509305307928111  -0.345237934681328  -0.788301256990767
-0.211603696923074  0.757322332663333  -0.617808028353352
-0.850581589885168  -0.423242219998083  0.312052851548444
0.552879978880131  -0.679318047346578  -0.482546080185860
0.197568986251671  -0.006667613337545  -0.980266310042260
0.744407053795099  -0.641399069933407  -0.185648515611252
0.270015429253777  0.917554906123607  -0.291864116008455
-0.816853496797204  -0.282823449527746  -0.502753678422552
0.186607039378472  0.974728179827159  -0.122812003913444
0.595427043547979  0.320791097585547  0.736586524124337
-0.860310483901496  0.509334281774981  0.021082236549718
0.451490479731989  0.144602800466631  -0.880480764587499
-0.992783856492423  -0.112933600613750  0.040326370286042
-0.439557212951755  0.721426355948208  -0.535101363748379
-0.303753187298882  0.058238300486256  0.950969138070339
-0.249473456241786  -0.892598257048214  -0.375541404035918
0.858324373383975  0.485241864866493  0.166792094044935
-0.173738718459534  0.984371319198017  0.028774357480154
0.646128333590756  -0.203079967491562  -0.735715096579416
0.385934758252753  -0.296049486839962  0.873732833144197
-0.107398764839487  -0.990438169358779  -0.086589479662275
-0.036071362560869  -0.412229086194324  0.910365881005212
0.776110250244135  -0.376482669792373  -0.505879114820916
-0.847437652522753  -0.201726413372083  -0.491076245846571
-0.920824518929256  0.246918082926565  -0.301850402786834
-0.377112329520255  -0.738941958772013  -0.558346731422319
0.040706184801423  0.839606789839096  -0.541667282540676
-0.584418374210425  0.146253251859482  0.798163611176162
0.249160487047100  -0.599361529934093  -0.760713354772687
0.987185181258839  0.047566726851773  -0.152324733380898
-0.479415196474834  0.294022070461343  -0.826868847805153
-0.258609497736906  -0.940950327247210  0.218480226413364
0.432273042235401  0.896656206846263  0.095643419431883
0.829014862923483  -0.086839284516580  0.552443024860127
-0.634550730601923  0.629893009727160  0.447861771743722
0.237808909913840  0.353602481635683  -0.904661377171966
0.030945077806746  -0.523406991271035  0.851520712401136
0.381814841521412  0.569711906578598  0.727767662304776
0.574577906947716  -0.808620830958222  -0.126461775205064
-0.925447670662382  -0.284498066891411  0.250214825301423
-0.051356460019671  -0.162383218042546  0.985390381783989
0.221338453823945  -0.956056848873248  0.192261776183883
-0.925183269429176  0.199401497632486  0.322916337013572
0.652488355585560  0.594272133198216  0.470212268586533
-0.254110602005429  -0.407687824186227  0.877050990512375
-0.953876081801172  0.218892621047675  0.205442062437375
0.588677309028465  0.366014004007525  0.720758471823526
0.111088170767278  -0.992594449241427  -0.049149543748526
-0.420517352227249  0.715937747486533  -0.557313464936649
-0.995134236096022  -0.055596563779672  0.081344171551991
0.263706955273852  -0.124155828955074  -0.956579307677452
0.310909928594922  0.895690140221279  0.317921671188811
0.124436065707041  0.951029704997387  -0.282945517306666
-0.498794895052184  0.162470255154523  -0.851356017691720
0.972994432392048  0.180309812588294  -0.144118721956767
-0.349763471632823  0.608249637254570  0.712529222341821
0.876912191537388  0.403370210410613  -0.261376130674539
0.401557373706876  0.464753006014802  0.789149110765413
-0.143195874389524  0.659506590563833  -0.737933600373834
0.618550692220036  -0.720889386168021  -0.312591641066118
-0.140859519085403  -0.984974761820039  -0.099916537472963
0.603557242775553  -0.488643200838479  0.630036885402353
0.207503800345609  -0.272796705889758  -0.939427554470182
-0.951920562206566  -0.223534855091802  0.209474131594866
0.131215905060224  0.981361513563485  0.140399308957033
0.838970758620739  0.152764607857370  0.522294017547135
-0.779192203976318  0.371640091755677  0.504720864896984
0.071437350415803  0.456956813950438  -0.886615573487086
0.977308828588759  -0.157416695370996  -0.141730157626887
0.503927383101011  0.843441478221697  0.186181807317917
0.158546679494460  -0.280996581976120  -0.946521986717170
0.314834765993288  -0.719861591616573  0.618610021772365
-0.695817599950540  -0.531644320722601  0.482899765833940
-0.382600264428556  0.548845479892028  0.743226531322240
0.415114905723545  -0.828105269377725  0.376724405733128
-0.728332241245529  -0.252384531236905  -0.637051171221427
-0.693521327311567  -0.523585162076558  0.494860330413812
-0.616971963699125  0.628382608379603  0.473794146750772
0.445862279895654  -0.596137505098652  0.667702705087379
-0.522411643508097  -0.555830265357509  -0.646636521424340
0.517958505464755  0.661043329419413  -0.542900270074362
-0.591514391895950  0.386642638097002  -0.707543775737838
0.778005332698073  -0.458288802296049  -0.429743034828273
0.331467564662632  0.732689493618460  0.594386540491749
0.446944990574511  -0.257901760117618  0.856578576388988
-0.574900679670212  0.273037331042780  0.771323423974511
0.885741744963813  0.459555444353765  0.065347951714451
0.136103925280911  -0.990494535514163  0.019907200700025
-0.203226109506699  0.673036063121687  -0.711141059250858
0.577679140417092  -0.173149471535153  -0.797687953547042
0.181129734718583  0.919258098668111  0.349509037413721
-0.962034984642373  -0.073072564011272  -0.262962143117537
-0.287876843869694  -0.918138048643436  0.272303959568801
0.319617770821236  -0.187817838120932  0.928745896496368
0.390435623600327  -0.672077448939740  -0.629183539557794
-0.997930238291257  -0.058242761582764  -0.027258397369773
0.901749954853625  0.189071093555305  -0.388714728950791
0.190622273133041  -0.653028996027986  -0.732950393500319
0.695411020770443  -0.087168562120637  0.713305792748686
0.015716660950141  0.929268651703928  -0.369070128199158
-0.768446901177169  -0.526022098303202  -0.364403776281068
0.068963899700540  -0.948538018086777  0.309062467443239
0.021429947624279  0.027342405303874  -0.999396392937767
-0.858840748501988  0.395173514479700  0.325930149213460
-0.029885782637435  0.081776556579967  -0.996202506918183
0.489156470044657  -0.768556166731717  -0.412367998748813
0.432744606997057  0.857852435234929  -0.277166564499516
-0.951786859679149  -0.007519711923246  -0.306667943669853
-0.910123719909681  0.270062206895086  0.314231155146526
-0.140358196658007  -0.326373953931924  0.934761797906694
-0.692322384989961  -0.400356086359107  -0.600337171393736
-0.077443138261713  0.996792247186118  -0.020193471366431
0.769623245587746  0.578181979089882  -0.270897875419301
-0.316800393617102  0.940443243925797  -0.123304564223604
0.384320753338752  -0.337637541759216  -0.859242951060949
0.702102885866096  -0.024623723076699  0.711649639865252
0.652536229356945  -0.505116899063643  -0.564848110253499
0.047563804325171  0.416686968007729  -0.907804855247339
-0.298459571105088  -0.950647294734912  -0.084803333831640
0.903431996136863  0.028843427663539  0.427760078825480
0.343554744862559  0.328512907747970  0.879800776724706
0.266733691599551  -0.780069408816881  0.565990154679175
-0.716972115235918  0.519456233966146  0.464883003526524
0.793793168498926  0.589126082598706  -0.151072381480993
-0.503299303090100  0.255995575805613  0.825321801891221
-0.596380159871383  -0.754417115595770  0.274199782290108
-0.553468666042338  0.811953400067112  -0.185483454326177
0.646549522823621  0.198459291334271  0.736605473927290
-0.999642864330166  -0.024618847543213  0.010395005503910
-0.328885781731296  0.203914477341995  0.922091659492339
-0.313883335161361  -0.909575530530272  -0.272304252938796
-0.356873747437509  0.681042205645064  -0.639392401049634
-0.861556599544538  0.107708321758176  -0.496103964109631
-0.313318988785908  0.946463339670889  0.077706871801689
-0.688004376193035  -0.611970872522604  0.390053367532133
0.139766765434405  -0.226784145390109  -0.963864203443453
-0.206863476389019  -0.258361313663779  0.943640256526912
0.083548113102708  -0.991463171963610  0.100102404750505
-0.933048133862963  0.280340789799073  0.225455586468101
0.642636544371236  0.452761068500759  0.618082265308306
0.087765926374186  0.984866350420321  -0.149450372958517
0.967924884865496  0.251143401990202  -0.006957650099280
-0.466650108264146  0.491609047845545  0.735226645690604
-0.413508850227164  0.242113900584574  -0.877719368549841
0.874237575827929  -0.485474277464597  -0.004836003591190
0.491970787748150  0.190861097595553  0.849433214224100
0.547463851418914  0.307008773176337  -0.778478608943322
-0.165197063339135  -0.983344148236487  -0.075790608871968
0.528945388233914  -0.087430985547989  -0.844140153666547
-0.376757007674598  0.613018644223509  -0.694451077472310
-0.047876198834795  -0.943766075460908  -0.327129124955647
0.953578594743308  0.243316445689409  0.177440048761411
0.605558233820863  0.157060488688295  -0.780148209217166
0.951157987858174  -0.107477582988663  0.289390827927398
-0.139547464148648  0.926663053218381  -0.349030215095585
-0.206052289888663  -0.662124981541424  -0.720508822048979
0.133747774864858  0.949893052659406  0.282514992926207
-0.243126842935645  0.098136441956086  0.965017397254757
-0.581405845750435  0.597139945342239  -0.552622048242639
0.958280463550938  0.254616665361081  -0.129880356085911
0.715595238569161  -0.261987051560403  -0.647523157386539
0.368143759875149  0.819362166805959  -0.439449441542520
-0.385454774848607  -0.606567293618914  -0.695342171062733
0.732906253542619  -0.474781924747447  0.487268455218714
0.612282753642645  0.324729263924655  0.720874978580012
0.844578282740413  -0.535253260222525  -0.013837331549584
-0.446412870811234  -0.104612897555835  0.888690998288520
0.214117341713466  0.964595421703014  -0.153978688158924
-0.508382059206815  0.798418792067005  0.322606748768377
-0.527988871772050  0.386791815301279  -0.756055449620476
0.640642749120937  0.686195874312496  0.344546208911487
-0.621035936555703  -0.274568897546770  0.734115989477367
0.262418395885824  -0.872790035658026  0.411550894977490
0.469121336328398  -0.562067763645139  -0.681179125393909
-0.818554951002002  -0.477367774833908  0.319511814711498
0.611852010559427  0.166645502821020  0.773218205659901
-0.991876557095342  0.127173005855200  0.002814616571435
-0.340056129585653  -0.051923062764641  0.938970619500080
-0.429450357394384  -0.716189719109480  -0.550131508619276
-0.222370070115304  0.895285787729321  -0.386024494309369
0.886723665251320  -0.051782085782354  0.459390636686573
-0.098197748546600  -0.503518840619059  0.858385682151105
0.330632740653734  0.924111772744009  0.191570932773544
0.654288673144185  -0.472375017907304  -0.590565978238076
0.503218837504287  0.860344907049457  0.081101433371393
-0.470519207034958  0.711807817610355  -0.521479919651733
0.925408029105848  -0.119945218395551  -0.359490089224271
0.048330015433397  0.268482307834653  0.962071442247397
0.621372961040337  -0.263164932146166  -0.737997196320195
0.928981090933823  -0.084020905752689  0.360464450513366
-0.017951702949575  0.698137244119088  -0.715738866301821
-0.289656426943911  -0.877281270512565  -0.382722780531741
0.775823025465067  0.570727997172728  0.269013357291859
0.163048940659181  -0.100229994343634  0.981513622515650
-0.202091555935590  0.956954868829928  -0.208317983002496
0.814865640741475  -0.285996877313566  -0.504182282221295
-0.682122156938599  0.043960975309628  -0.729915608589966
0.375347414913231  -0.408434207780824  -0.832043157553985
-0.238876142128222  0.954981360250282  -0.175922682723006
-0.818593429723608  -0.502586177159830  0.278050231687025
-0.340468456873124  -0.197676747378616  0.919241607750783
-0.673711688609931  -0.737590676164354  -0.045525323346096
-0.428358046846604  0.819713140377337  0.380236441171132
0.761601278583411  -0.279799211591598  0.584530489925747
0.727633004821878  0.615774431578275  0.302278116489329
-0.394918882598506  0.742151598345857  0.541525697672637
0.466773960083312  0.381435186606284  -0.797890511666088
0.655777927337073  -0.507812353373866  0.558642930482781
-0.225655985976859  0.159500136294598  0.961061435348863
-0.816027794576087  -0.524762866757145  0.242327406935555
-0.175049096317668  0.973957840346701  0.144096978127784
0.765420904916896  -0.289694837294958  0.574637050285524
0.018520563759415  -0.893908262811618  -0.447867174947158
0.817254483106927  -0.069332076209714  -0.572091053111373
-0.815358242596174  -0.104480141435321  -0.569451346715534
0.016624323248661  -0.720096045166583  0.693675224879749
-0.052062260279171  -0.821295485221237  -0.568122563369769
-0.859782963778447  -0.477172737126836  0.181877525107509
0.767996138341415  -0.603282318200780  0.215017152894758
0.039724565157862  0.259159570106379  -0.965017241372037
0.576865997724998  -0.801279573378277  -0.158671566310629
0.017573287382585  -0.209763875261923  -0.977594136748819
-0.369909633813409  -0.781730114056974  0.502060645329328
0.929202344155822  0.190214415940620  0.316861925108863
0.844274260969367  -0.335544357268426  0.417864758707825
-0.181524606404182  -0.274005756157984  0.944441455497427
0.688187004146494  0.725461703674845  -0.010196265250778
0.337611863227054  -0.787000304785287  -0.516380431538824
0.364709055505444  -0.410795501075916  -0.835604189271520
0.401030532454326  -0.890715462148762  0.214010461259533
0.702545694603961  0.597762139976635  -0.386147602613291
-0.738867171552843  -0.117842178903789  -0.663467047917762
0.037788218591392  -0.688469585766259  0.724280111566323
-0.862378002960197  -0.505669193704345  0.024552933608456
0.147543897889122  0.450325582235857  0.880589386819771
0.752622323662466  -0.633125974297772  -0.180862208861905
0.368047061695172  0.670571093889851  -0.644108506710569
-0.302796976360497  0.916014839792217  0.263117472599940
-0.328344816208910  -0.207760800660348  -0.921425597309793
0.999188854264579  -0.037682945242017  0.014199617999283
-0.826448747916246  -0.388940658712882  -0.407072021966210
0.163881045027719  -0.957705442892960  -0.236523334438322
-0.237209227717246  0.511441957099770  -0.825929117299871
-0.753120565226719  0.057322827080307  0.655380429771983
-0.592018235951976  0.762894106726574  -0.259821073475909
-0.954410874499991  -0.246249869178570  0.168703540465811
0.125145395852042  0.203323639299908  -0.971080906824388
0.237247242695972  0.805820336605235  0.542556292882668
-0.124357106398515  0.796817154671782  -0.591284814711958
-0.233351656902945  -0.303590374194823  -0.923785629308498
0.847427203310912  0.530200324014308  -0.027472741104031
-0.738432652806482  0.570207204852297  0.359973555700572
-0.645514907474202  -0.276618555686533  0.711893727236354
-0.657989456378655  -0.649630942073084  -0.380827407621563
-0.485502446167963  0.805063396241455  0.340822978681160
0.497976995072415  -0.432051009854903  0.751898156176757
0.741610818448692  0.228555196171897  -0.630694788517146
-0.114056617858159  -0.515316414350844  -0.849376289416739
0.877419324260863  -0.235876814822279  0.417728928424771
-0.021751887954012  0.979748425345020  -0.199047427525178
