0.835454172266359  -0.543563003932035  0.080966578284597
0.179254266113418  -0.466726613510844  -0.866045135267694
-0.112308044715715  -0.677592250880855  0.726811973372997
0.768507950868656  0.600755860459664  0.220199740179295
-0.340629370339492  0.779045296385677  -0.526364947770531
0.079138397618183  0.832730537922594  0.547993581379905
-0.959196765861231  -0.152422392516132  -0.238136470581498
0.539428997903556  0.098737150979215  -0.836222058568938
-0.533395172270799  0.539598609488193  -0.651400745191939
0.494322796574245  0.841027929530429  -0.219811270267877
-0.885588580079813  0.229685706849722  0.403704524251544
-0.142129388765231  -0.531115026891958  -0.835293999175606
0.461184933658603  -0.886310400782214  0.041980119480311
-0.664791721667790  -0.711181073281121  0.228633872837532
0.712624624950343  0.027920285766316  0.700989729994036
0.413352030376050  -0.203049613267410  -0.887643483351257
-0.941661876320855  -0.302836613850277  0.146843099925004
-0.079546067657374  -0.968257376924364  -0.236960070796325
-0.616337198053036  0.536067917310287  -0.576853227716326
-0.245778610610445  0.129352845763800  0.960656398437655
-0.108153933722361  -0.977605375696333  0.180528269337552
-0.965936211239360  -0.247848781871432  -0.074419198741979
0.327136340446236  -0.206891428862677  0.922050839933788
0.530645937070763  -0.522865164962223  -0.667103371854257
-0.156004050997475  -0.983797426772683  -0.088347943653628
-0.950648814537484  -0.208693860107492  0.229594651880027
0.608903040991740  -0.491306444995736  0.622780108687379
0.185741722548269  -0.283797121669456  -0.940722704221034
0.787745828069900  -0.211898447696437  -0.578407778493951
0.833704874604174  0.341294528259308  0.434113150044427
-0.114275494629158  0.437174901142637  -0.892087000879503
0.068316448094884  -0.990367877098382  -0.120433927658875
-0.733069145824331  0.629514432157448  0.257529041364022
-0.882558167152699  -0.392005452497357  -0.259659020263908
0.128876565017094  0.872440188455512  -0.471422261414442
0.020612456311274  0.149079696199293  0.988610323042372
0.670134438373119  -0.248383465896352  0.699446558627362
0.500309573674133  0.816798504783138  0.287281278669596
0.641474763088230  -0.668923069707951  -0.375568975200815
-0.471649898389244  -0.396258900971538  0.787734255158581
0.311496861840085  0.651484791632363  0.691763884093060
-0.101109219216720  0.931370534375962  -0.349751130785335
0.961603667803387  -0.173720177405122  0.212461022376826
-0.548997586746582  -0.106165565338477  0.829053992501568
0.134477096325134  -0.990658660261100  -0.022612594137854
-0.237201385114422  -0.347972370503695  -0.907000954942077
-0.585494766055006  -0.431618137574204  0.686222749724293
0.957173247494563  -0.211068152183201  0.198165611079930
-0.134013129712346  -0.744861210675771  0.653622412326357
0.680785179573821  0.069837009795467  0.729146303107592
0.102481817380230  -0.877333847757640  -0.468809979293552
-0.917280126666397  0.062635627286401  0.393286088512317
0.123517168557006  -0.985564230442859  -0.115787118209395
-0.208390683863650  -0.253350757151258  -0.944662223617376
-0.614932990709973  -0.488052605007379  0.619404610639927
0.946840843130630  -0.244160868284221  0.209470494768054
0.510515207188877  0.724718678319058  -0.462771067077855
0.881460078200602  0.129095836167109  0.454271279768932
-0.522322282200104  0.851917525836852  0.037629279680765
0.151377411188378  -0.256294683684902  -0.954671626527552
0.758488878944072  0.599011031928301  0.256671782918103
0.405079116920287  0.396544015441586  -0.823810507855140
0.692209310158590  -0.529946147004050  0.489901369874928
-0.338799548134806  0.732413163490765  0.590580920898315
0.575845457365193  0.369832698413915  -0.729126727267458
0.268775543740672  -0.737843480727468  -0.619149985895890
0.817744669073917  0.414786215173827  0.399056452025226
-0.510674755449396  0.692889963967556  -0.509033193396794
0.049953137818802  0.189433607700173  -0.980622043549783
-0.022735663230566  0.988403028969856  -0.150141739501983
-0.778419146792530  -0.425288061853621  -0.461729029141098
0.851107947841897  -0.373681359416061  -0.368751274906703
0.126109561404483  -0.322199827782557  -0.938234325474857
0.906645951187627  0.268332862471801  -0.325561966625055
-0.699140582102645  0.405859053820252  -0.588626260788035
-0.081395807680498  -0.996391744074610  -0.024046098061767
0.364220721638468  0.187515702482720  0.912239621618994
-0.565736956690116  0.691538886679067  0.449127670095802
0.938374896053420  0.336599263120583  -0.078444187314389
-0.008417217724836  -0.840622447316929  0.541556138837581
0.463528986701698  0.721200379074063  -0.514792085905296
-0.087201494724594  0.867636984397038  0.489491534782994
-0.417172873599854  0.084400811303028  -0.904899605803777
0.967903355026145  -0.230837416626003  -0.099384014884513
0.724840589115629  -0.558237786260780  0.403703721014771
0.791298020123022  0.576877575697319  0.202631947152884
0.266419913714906  -0.717011231463721  -0.644139211297543
-0.332877344722299  -0.418104130494378  0.845210985159429
0.963874571282434  -0.232723402738762  0.129559363431576
0.567788175064669  0.789422441474567  -0.233299801013775
0.239597474608305  -0.769524364960124  -0.591967314886591
0.156488921609460  -0.252621479253205  0.954826479331942
0.929248143946818  0.362320714895597  -0.072260546143368
0.386952440476518  0.110158581448098  0.915495983466126
-0.023009176153715  0.887044025431932  -0.461111130594612
0.565304879624015  -0.634881891984433  -0.526645399014882
-0.870712694496206  -0.251302282417847  0.422736994471429
-0.017173713432707  -0.985786248841662  0.167124310504537
-0.751294839654097  0.247507653730404  -0.611797372709295
-0.102244141409402  0.486976312693410  0.867410056676186
0.947815924716723  -0.053659964445612  0.314269917537584
0.015824513657405  -0.220029556705617  0.975364844016554
0.451437274809714  0.879489233864271  -0.150675394239460
0.480554136249604  -0.713119641604266  -0.510419532239510
0.289006017202908  0.599769167643068  0.746158473492900
0.248558851043137  -0.553183878906340  0.795113887242735
-0.750233867496324  0.614866048033623  0.243082058237588
0.790681033656095  0.538086998515784  -0.292037471987423
0.102688514009151  -0.065337187911770  -0.992565424023210
0.711091615572688  0.633983939524794  -0.303995195170658
-0.866366984479930  0.234549899211887  -0.440902021976364
0.257963882916393  -0.933871026648451  -0.247668206876188
-0.847710324982353  -0.370728255110168  -0.379404488351526
-0.244531235053976  -0.838439257722854  0.487056553381768
0.130274152324210  -0.204058139907865  -0.970251988286317
-0.733453242252587  0.671769142520551  0.103790946553023
0.573880877674490  -0.477323051524596  0.665449804810856
0.289257169452742  0.640817109979802  0.711114422211589
0.805568604491949  -0.372347346478656  -0.460886837550388
-0.520944896270202  -0.745792815025742  0.415222220149654
-0.990321111120479  -0.138680524149201  0.005639954858280
-0.367413221077963  0.256458914978619  0.894000195696346
-0.202831121818810  -0.962508371452381  -0.180103222918995
-0.420076768223706  0.567368932324561  -0.708257017919071
0.030077838861429  -0.183740116080458  0.982514576661418
0.935431350552796  -0.231244390045283  0.267384031826058
-0.606891467821856  -0.765225241377131  0.214739554447579
-0.298462043869510  0.812729515341956  0.500390990387781
-0.967311790815322  0.123563802880762  0.221449511101964
-0.558298774928698  -0.262410697674433  -0.787047078426146
-0.170610438748145  0.959380683234059  0.224679288826355
-0.238402577138479  -0.573406182678863  0.783817300701756
-0.801891647024415  0.390504389973430  -0.452190344704475
0.050129320128861  0.998097608918642  0.035891702861636
-0.829011914588255  -0.309090849814728  0.466049452345484
-0.023009052565020  -0.298502369130484  -0.954131499911594
-0.671658573802069  -0.068179614726318  -0.737716951393922
0.191019908103424  0.697892761497038  -0.690258711033912
-0.917966617241977  0.140508043120456  0.370937702920291
0.055288135336485  -0.906580419343812  -0.418395943280300
-0.864746264573067  0.073773142592895  0.496760929762894
-0.026732981372055  -0.686691683847403  0.726457073089512
-0.760839530258511  -0.152304915036606  -0.630814094683767
-0.077173752942501  0.912769741476903  0.401117951357150
-0.474514216939939  0.791083994976382  -0.386034157574281
-0.966409690758340  -0.221731064886878  -0.129952470051556
0.409106129709057  0.236724745584201  -0.881245464931634
0.082789344109344  0.776090314279059  0.625163777408909
-0.969129073834500  0.201032645504283  0.142740021333308
-0.545502299783995  -0.487637909014349  -0.681642509400996
-0.153419934198026  0.983864366565071  -0.092050160207278
-0.270206839852480  -0.295193812046439  0.916432690941581
-0.563303625841052  0.648260192773886  0.512296542618715
-0.821655699576656  0.216802783140016  -0.527141787924217
0.521305717457726  0.837424313960532  0.164197647162249
-0.262953643722122  -0.405966904326663  0.875240683380684
0.338711111013148  0.917489004239414  0.208539469587912
0.162192391536813  0.497169445369037  -0.852359179406789
0.855306397270533  -0.069156830561471  0.513486416154110
-0.678787677794199  0.489476389431849  0.547412232840590
-0.916993275755249  0.338906495680907  -0.210394200026867
-0.085935925639517  0.945679559398826  0.313536580991314
-0.679861346749032  -0.568036410025424  0.463813740721447
-0.151196003366701  -0.038736653692495  -0.987744521739627
0.330983761029313  -0.068695030031835  0.941132691379816
0.923511432143138  0.379299673201435  0.057082331856845
0.016278319560896  -0.960338460420500  0.278361379773591
-0.608805990674721  0.512343757187229  0.605688979749380
0.473416164174239  0.520328469146989  0.710728794754864
-0.280415397057230  0.958769465945797  -0.046133678189018
0.987835850089141  -0.065536610399507  -0.141015197677443
-0.234004288857672  -0.372904386399301  0.897877670621325
-0.474178150747072  0.855970966360132  0.206079562554343
0.669984114467483  0.734334547722923  0.108968153062227
-0.521801631425423  -0.103501754369565  0.846764692393459
-0.622360633789132  0.225138173006774  -0.749653282901344
-0.585869661801182  -0.717319057503847  -0.377107556438163
0.239294089716587  -0.878035277891434  0.414478454693150
0.131651898887440  -0.051789349307709  -0.989942241152288
-0.956815650405209  0.212505569695297  0.198356230020976
0.045477865680736  -0.041574545288258  -0.998099855183438
-0.597598205255764  0.700348646594682  -0.390369258892254
-0.297884302535468  -0.902888119252501  -0.309932228746286
0.940960373471968  0.160964927369561  -0.297798367544898
-0.180865307416410  0.931413333910110  -0.315843223748145
-0.663634139442934  -0.024518593424306  -0.747655380200216
0.851170415477095  0.413551491397248  -0.323239984809525
-0.368401583450570  0.542380435937168  0.755052141261596
-0.706340558808305  -0.676269466958222  0.209147371588584
0.380412439338022  -0.705183929182270  0.598332685067388
-0.320680871789439  -0.420451118056843  -0.848754755976729
-0.766072126356889  0.449365580280891  0.459569442497925
-0.413010609654815  -0.593163402502785  0.691071207795462
0.357720085153920  0.240296316743519  0.902382413856216
0.221997397733654  -0.953582092374906  -0.203465841116837
-0.992728092542389  0.120122373128602  -0.007845364943917
0.605612239175908  0.770118104338168  -0.200379442885068
0.490097144025390  -0.174769329830321  -0.853967488121660
0.657632563686122  0.109606984909961  0.745322561069076
-0.542117468535604  0.835280449258528  -0.091734515832484
0.720795276389866  -0.646145252565081  0.250899346594734
0.314712965486356  -0.482261759871212  -0.817544704784213
-0.359227388309945  -0.660657713509623  0.659156331281322
0.765309699213455  0.496774220815754  0.409287720097624
0.386324976748881  -0.861954137960092  -0.328310944675092
0.938626890633277  -0.092589470873215  0.332275112013411
-0.001790606478402  -0.006638293920159  -0.999976363111784
-0.550511307405993  -0.762726373166718  0.339390306423280
-0.351401025160759  0.325336540649433  0.877880091375939
-0.244773230900548  0.966559558186882  -0.076476701759995
0.703076205604393  -0.111245071607395  0.702359155387039
-0.809703999864604  -0.529977945930054  0.251997637748895
-0.228643685405804  -0.346950813218868  0.909586278662348
0.420195853071849  0.583741021141815  0.694753096644795
0.344158749026852  -0.933913543838215  0.096748375199894
-0.992998287504505  0.003221709477532  0.118084806817658
-0.317629011288407  0.345475064585320  0.883039518332967
-0.764130986081766  -0.559271814301257  0.321432533882131
-0.300613009211126  0.948312898139499  -0.101658575217713
0.747114984004485  -0.043566019252922  0.663265559668548
-0.844342042491026  0.289164526771263  0.451076924414489
-0.779364412926975  -0.193129221688328  -0.596063935826562
0.041335010323850  0.981455824472511  0.187178742197158
-0.106312639887900  -0.499162076012920  0.859962118043892
-0.858710619581961  -0.507369666156463  0.072056184199863
-0.079022109295284  -0.393139810695841  0.916076741047693
-0.011857598727736  -0.733438154636046  -0.679652757425793
-0.767830911558941  0.619208299175425  -0.164367799422037
-0.718331101480266  -0.560974143704273  0.411471066712357
0.316179313356856  -0.945928568915997  0.072455395338938
-0.819131427566348  0.034734492976585  -0.572553245882665
-0.215378987270774  0.350219932235139  0.911568917256085
0.182546532410903  -0.918565176242811  0.350592042834360
0.938457450567509  -0.262197883412209  -0.224833012274642
-0.636419240117580  -0.648663449766947  -0.417380257971800
-0.119491678039026  -0.007703843063655  0.992805313080802
-0.249345389547742  -0.253188367755972  0.934731259317004
0.342990726203378  -0.917915595670907  0.199470100422605
-0.995484343533036  0.011638810407144  0.094209659127438
0.403148227781915  0.653088417507791  0.641051499766961
-0.211186679601451  -0.134332310782648  -0.968170964571190
0.756206105035617  0.343522966781302  -0.556906004636900
-0.836514650431106  0.496975650298540  -0.230777907574507
-0.130878134205962  -0.974830927862490  -0.180487052359784
0.954757302443097  -0.125680511181737  -0.269523473079207
0.333861673173767  -0.873865104749244  0.353406510816095
0.552885970385413  0.744232424382840  0.374746850884994
0.068009658883917  0.003952169184666  -0.997676834780296
0.606977226659975  -0.307372403093418  0.732871647788849
0.827281200754212  0.561763322555719  0.005271082415260
0.247794149981423  -0.956860431114241  -0.151710825595451
-0.468098124075660  0.087724705465104  0.879311390969040
-0.095961427250855  -0.065936477410065  0.993198764309910
-0.965594540479380  0.079507572893520  0.247599937901844
0.517342447696877  0.737243182202298  0.434544913797450
0.352290665531648  -0.882687232505884  0.311053912610616
-0.207108071566561  0.955534447983779  -0.209905134306706
-0.118581925456246  0.106272610401750  -0.987240831425386
0.753377029907272  0.580147075413831  0.309600422636785
-0.841903176017587  0.269114762168197  0.467735274481895
-0.829372013326581  0.488234933451411  0.271603964014352
-0.774903768129640  -0.335662811144916  -0.535588113528277
0.120272067297098  0.978908621103079  -0.165144001883664
-0.174740312494039  -0.155010876506752  0.972336079426293
-0.283472451272877  -0.445372767318344  -0.849285857353428
-0.457577649992659  0.666066491324487  -0.589048489822258
-0.630039823839255  -0.747661349347259  0.209886462328652
0.804145022559038  -0.363777909295572  -0.470123829859822
0.164280241830739  0.197868173219058  0.966364417893678
-0.657631148282516  -0.503988422048817  0.559925837276119
-0.106778523286643  0.980958395978661  0.162231231036743
0.928689913399898  -0.279101800710786  0.244207349580816
0.916844475012698  0.260184858959392  0.302820157530790
0.679263752540688  -0.385989763940155  -0.624189599895549
0.158211146433701  -0.350662736043862  0.923041103469595
0.079369576038309  0.996837358943409  0.003968653956744
0.206464768912071  -0.770165045196933  0.603504848658974
0.235915798093802  -0.800868758166293  -0.550411635417480
-0.800414921157243  -0.206365316607830  0.562804859689569
0.770963891975511  0.237069029577189  0.591111624386885
0.911057782639344  0.246580402182270  -0.330411594760100
0.151504962443505  0.978602760208416  0.139222426596661
0.070024046872970  -0.212812435577700  -0.974580679124627
0.689528773322868  -0.519209922448446  0.504946657767867
0.757887112936166  0.604862950363019  0.244433907883968
0.139109617621569  -0.023288551750487  0.990003109915593
-0.214131155168705  0.934416235454280  -0.284629842612416
0.832908650483302  -0.306264733340774  -0.460939359419209
0.067672003843452  0.941009931496979  -0.331543072194040
0.863331165599854  0.400372320051041  0.307182850824953
-0.763121505843491  0.536205185629261  0.360734758823506
-0.032537655912911  0.004432425816677  -0.999460681842499
-0.103027066982673  -0.063871808692800  -0.992625717742221
0.876640861000021  -0.250706925182563  -0.410666334742267
-0.297032339168743  0.883653625087024  -0.361839826937980
-0.682635588813950  -0.696818508597261  -0.220119556061974
-0.728288601464913  -0.201610662533710  -0.654941870496153
-0.872737384023573  -0.070161952316656  0.483121888320956
0.196373051050522  -0.865450681055192  -0.460904267155570
-0.051924268491862  0.734001970838138  -0.677159491661539
-0.747846838407862  -0.585393226815291  -0.313113200427811
0.209413073541497  -0.348215709113886  -0.913724238792108
-0.847432975711473  0.529974012131000  -0.031383086887196
-0.109826936237886  -0.767151529832405  0.631994125251493
0.011561089956404  -0.683630810368917  -0.729736429345115
-0.495453470565171  0.351798175019223  -0.794206460914334
-0.439022015418044  -0.838778116147320  0.322041832454469
0.946036575939619  -0.196650869240820  -0.257571800885250
0.000278983923722  0.465243689793354  0.885182597702551
0.622106032200411  0.782162628779893  -0.034723289590535
0.302675467458195  -0.635368505702875  0.710418484669325
-0.924502515734884  0.318449566716335  0.209487402623761
0.903242312305271  0.111923031207066  -0.414278360944485
-0.031409602966887  -0.298765877210932  -0.953809408349407
0.666966877884491  -0.552023629778026  0.500424915418594
0.267685037387668  0.962712538196024  0.039106131986327
-0.520718506731771  0.819926399933026  -0.237850657850470
0.257232999855198  0.747546900345005  0.612376367579670
-0.977793416312095  -0.186978648316553  0.094652100295962
0.199841909725125  0.259358147904575  -0.944879125726102
0.206431694425433  -0.329803719947465  -0.921203268473065
0.917586152319728  0.298138448184139  -0.262962200297745
-0.668534582630993  0.371054689937480  -0.644499750893516
-0.042619875263301  -0.998996858069084  -0.013741317281804
-0.054612802180693  -0.911761890257160  0.407072103333873
0.558331250173826  -0.636566737834702  -0.532023498881224
-0.950974463950868  -0.309266139338117  -0.001422663788598
0.338030411596350  0.034070986915658  0.940518266003694
-0.986969278133341  -0.024105337824350  -0.159092981332697
-0.449080694293306  -0.467276987383692  0.761563357229498
-0.188665268960690  -0.491226888209076  -0.850353785543652
-0.349223314879345  0.934398537768417  -0.070302553018544
-0.732797217821231  -0.392525255371148  -0.555816661723340
-0.801035965503586  0.597631325566691  0.034324636504098
-0.241883062301972  -0.902441168345201  0.356500381272122
0.310121809984327  -0.087715412592638  -0.946641679499560
0.758318779198666  0.407040757150879  -0.509186067300240
-0.015440993681934  0.993100635110928  0.116244157945189
-0.092022736802658  -0.223498674011054  -0.970350533893113
0.865782509683258  -0.362561203948995  0.344920308647684
0.305496065229160  -0.875923197427683  0.373404213068848
0.650729126181336  0.162588645987769  0.741698413464083
0.442592441587431  -0.533457915937113  -0.720787473929527
-0.787825502539607  -0.505053927478338  0.352493273534291
0.567243093555258  -0.041239989624229  0.822517194999384
0.529306840825471  -0.848427323986847  -0.002311745634204
-0.585466855567392  0.025421764388459  0.810297658226536
0.623403108297179  0.781765569974159  0.014531282407051
0.968962575855193  0.235585921391851  -0.074905275074736
0.498401943452670  -0.388605692255681  0.774971688972626
0.102376764133469  0.994741629211852  0.002844165696541
0.368183868269054  -0.370550015564320  -0.852721129743903
0.720748062686888  -0.464397045386347  -0.514643191317567
0.621622758882368  -0.457576076654067  0.635774551011084
0.509197178552910  0.670484755577137  -0.539600246379135
-0.410071874748391  -0.677305724309417  -0.610817495949515
0.543145039390264  -0.510300385521773  0.666773561804965
0.966830208256838  0.048074065704819  -0.250855003156501
-0.294943687802535  -0.955472934535558  0.008927059731527
-0.128741481064040  0.397098483308966  0.908701505229939
0.559690390843003  -0.828430822209851  -0.021190545314269
0.964721729646248  0.251401152941342  -0.078162936537177
-0.263206654619018  -0.560097899852966  -0.785501495571181
-0.141824684184228  -0.519734075298228  0.842473886794089
0.532975152568318  0.022198075131788  -0.845839661050025
0.757291299740021  0.645370982852779  0.100030904373142
-0.586827348173539  0.289314801266625  -0.756260939890238
0.362511201001837  -0.912487708987616  -0.189609625532930
-0.873398384001150  -0.443597533049191  -0.200988784505135
-0.553020101929135  0.599541848453832  -0.578548475769189
-0.486805308125219  -0.180223642482813  0.854716345152787
0.166427026053203  -0.862915739020210  -0.477156653888733
0.534777128311149  -0.391507973568027  -0.748822361890949
0.973220578803076  0.047959794599234  0.224814508197768
-0.174098938745205  0.515517344558333  -0.839006213914604
-0.264344511746722  -0.954985112725594  -0.134630656174113
0.190057559319963  0.977375373959941  -0.092819731318316
0.814165215222885  0.233227082199371  0.531733138378493
-0.780877503079662  0.525040645110802  0.338471041842143
0.156769847176740  0.219107646649768  -0.963023911538952
0.309029464252751  -0.940675926765107  0.140105642385542
0.998236675675366  -0.033694562110836  -0.048869375080453
-0.388503336662178  -0.587690556967610  -0.709707662811565
-0.300703874760436  -0.319290807686661  0.898682680277560
0.671949112359470  0.337907056498170  -0.659016852264085
0.917468067417408  -0.272208086121490  0.290094989821338
-0.052295691242505  0.997493369317576  -0.047666957580057
-0.193223263815433  -0.387378226697915  -0.901444884505365
0.263194448693035  0.922847336846016  -0.281214286716350
-0.395534083758056  0.666552968126587  0.631870183872694
-0.337963675780330  0.175843437737423  -0.924586198933195
0.996692208231421  0.080450930982006  0.011501728344150
-0.161339640809954  0.708442784758913  -0.687079574013339
-0.621904543747000  -0.350347646658935  -0.700350815625556
0.868435088850356  0.257200348283104  -0.423873185394552
-0.407870185913310  0.801590083134744  0.437144427006768
0.909199126090895  -0.110767450593397  0.401357099108253
0.129056481597333  0.676650447735637  0.724905922266386
0.694803527738668  0.132216237291256  -0.706941952665454
0.085339116754894  -0.919634135620290  0.383393129507321
0.347560524454138  -0.817010773225185  -0.460103334344743
-0.187620945321158  -0.804869502943029  0.563012845420988
0.986660896017934  0.088634453892006  -0.136543801955103
-0.451479426242638  -0.100775724174163  -0.886572377810628
0.559690390843003  -0.828430822209851  -0.021190545314269
0.964721729646248  0.251401152941342  -0.078162936537177
-0.263206654619018  -0.560097899852966  -0.785501495571181
-0.141824684184228  -0.519734075298228  0.842473886794089
0.125668958502144  -0.675251754979870  -0.726802848278399
-0.421780919509618  -0.864930093355648  0.272023509177814
0.977212969349111  -0.141037279735305  -0.158629436930096
-0.429763091337350  0.330715618111083  -0.840196920526117
0.370391628020627  0.891329383122704  0.261422976561608
-0.739473830019479  0.672526160496074  0.029782850178112
0.684202142391120  0.286371103667144  -0.670715304232626
0.425663315648986  -0.067567881040514  0.902355430616122
-0.271701395529101  0.955655538595050  -0.113581878925050
-0.952130060591610  0.042115755980382  -0.302778154456392
0.586657478712394  0.434357609246901  -0.683495771720743
0.093771186350115  0.479182173367767  0.872692047252085
0.874738906399969  -0.437908186332355  -0.207528952132693
0.536670753967197  -0.086927017442363  0.839302207476458
0.502953709478003  0.556772877997765  -0.661091165005555
-0.164885557045231  -0.907754046887758  -0.385739994603596
-0.225375582774508  0.611822162755936  -0.758208076882395
0.798721445880782  0.104769333588567  -0.592509441806222
-0.266899712717071  0.893635419148561  0.360805045689111
-0.757197315938219  -0.386582589981192  -0.526503680765283
0.705091495595222  -0.145519985115103  -0.694024435284085
0.618383767073320  0.785696953449682  -0.016787315452387
-0.430999230859194  -0.104184154058351  -0.896317647400702
0.517706959381096  -0.827032784506435  0.219080527569004
-0.391601054521474  0.619581291294859  0.680270268036951
0.142095877955065  -0.377062174840340  0.915222856889431
-0.980071608400576  0.104223157949387  -0.169106994988866
0.446374675924037  0.892420308185812  -0.065845593863615
-0.404454861716906  -0.668374543372588  -0.624252941206562
-0.938728008590968  -0.195669050898709  0.283731119913262
0.537150856687353  -0.843228839157781  0.020834633970015
-0.002877709813291  0.370523346683902  -0.928818695089839
-0.989092394661493  -0.147293390374763  -0.000944444122581
-0.192727720978186  -0.969825125726631  0.149315943810027
-0.378342390050890  0.283207310437286  -0.881277853577099
-0.418022283632417  0.539324424914582  0.731017465644491
0.116614137262029  0.288685174716992  -0.950295750221610
-0.622152679647800  -0.520146528281565  -0.585127022383770
0.943740577230359  -0.166695972253660  -0.285597926678953
-0.204973760320529  0.975527675252217  -0.079570801158886
0.729560736759130  0.003057796839815  -0.683909190797991
-0.105890478038651  0.795374666310049  -0.596796738306204
-0.051780678618673  -0.835942536642202  -0.546368773589772
0.887231893416453  0.043625667171967  0.459256321097985
0.303580243539914  0.950832867604257  0.061285345848029
0.681926764762266  0.178562279125663  -0.709289362654142
0.404364948565758  0.163464266963955  0.899871336246104
-0.782711469788109  0.608806321514638  -0.129296627743933
-0.988757452291999  0.138824357840538  -0.055556261638074
-0.438350576772618  -0.398585622044766  0.805591877902390
-0.352878856664189  -0.442204951492450  -0.824579464572660
-0.197528018855191  0.979614931377754  -0.036568674967805
0.043409280349796  0.392524934100018  -0.918716392848898
0.706250024675319  -0.469375867416626  -0.529997356345296
0.222195444171071  0.972940856717873  0.063366189081497
-0.885036188496594  -0.111040055201230  -0.452085225585099
-0.236020008625550  0.577405036606303  0.781599628473600
0.367037635879498  -0.405742888759773  0.837052018735314
-0.994735862541257  0.072038777221752  0.072876459509892
0.391678218036209  0.911109148144325  -0.128328849771606
-0.319138055198845  -0.186586326377786  0.929158998521104
0.608617319755503  0.444751510766282  0.657100488330923
0.000182747850229  -0.987018766828668  0.160604858367482
-0.927938122804578  0.355680929684600  0.111453651822699
0.354879205093288  0.860587462245653  0.365308047567999
0.988221192879603  0.042255660245363  -0.147082742430389
-0.193683351581531  0.051322678866744  0.979720746924391
-0.439658636204783  0.767009123133546  -0.467329956926003
-0.485935518027494  -0.845268846370366  0.222232422645890
0.017953411288637  -0.144564387839258  0.989332508710677
0.444448260078526  -0.770150799626994  -0.457529769465412
-0.948337189394657  0.069446341095886  -0.309570316599375
-0.690972894418297  0.229078825565377  -0.685623330157885
-0.622761569724676  -0.773609498464832  -0.117031496440265
0.448455954122197  0.201600412019665  -0.870772376161447
-0.516667278815817  0.801087912010544  0.302180542443827
-0.288024863530676  0.560548609104940  -0.776419303481471
-0.068731042502006  -0.572407689604889  -0.817083521237444
0.671892008909189  0.724074214743469  -0.155812900324725
-0.891185829937859  0.408882083966359  0.196477118080698
-0.848391243869039  -0.068679172958572  0.524895673946806
-0.507351020761068  -0.811079002939868  -0.291111306415214
-0.556529409047980  0.815715719966692  -0.157743085629537
0.215489185940009  -0.073315889985397  0.973750065991557
-0.809086344944102  0.567625527841745  0.152251589703930
-0.188097579559501  0.539299361629070  -0.820838290475252
0.164120406876693  0.614117083916415  0.771961591848084
-0.785109172261294  -0.585790917703740  0.201128288331098
0.530343903043747  -0.205169111360654  0.822581898808748
0.935936963835522  0.332795008223950  -0.115193238636501
0.013811193476996  -0.988629110296164  0.149738883426307
-0.419404254268771  0.450664990711560  0.788036254018942
-0.075931058232859  0.331337334864989  0.940452042860349
0.908761286532330  0.033646094262980  0.415957767617040
-0.584300576598742  -0.618652525245017  0.525225560301801
-0.400391768166446  0.916343765847026  -0.000731285058492
0.916278576600568  -0.342355084997679  0.207909994562719
-0.028541607060735  -0.995559320012601  0.089705167088849
0.319750846555965  0.402924077404002  0.857561417027887
0.625069337105337  0.250280157610920  -0.739356589554017
0.015682161911537  0.011590317064062  -0.999809849095384
0.402733012048800  -0.851042788149586  -0.336945535279340
0.546741197115979  0.775451143658783  -0.315831580394477
-0.933792047253242  0.087181961554865  -0.347032733421568
-0.823097884100998  0.555813692828011  -0.116537599311765
0.199713745247623  0.767847125338558  -0.608707821592988
-0.295899652447368  0.348040645790775  0.889556689907432
-0.726911976901253  -0.560074078301323  -0.397386467626210
0.893278809949339  0.342588397361305  -0.291008861873495
-0.109135659188240  0.559824343782616  -0.821392787892560
0.603818941878893  -0.771553678700384  -0.200268835099619
0.398595527258686  0.554317732279073  0.730652761118684
0.191982065627327  0.961220724682040  0.197983850147425
-0.801608746330818  0.419059329599127  0.426395000066681
0.213697996230317  0.479416773260319  -0.851171383402785
0.779892815727828  0.062744621822594  0.622760233483529
-0.309762870044088  -0.944923694910193  -0.105670124156820
-0.599574769007207  -0.241536662460523  0.763000745122432
0.791394513052112  -0.611246907754262  -0.008481890818840
-0.501582614088993  -0.092140124695408  -0.860188978460412
0.054882786980763  0.489743667911968  0.870137356647418
0.334787242571678  0.928502040309454  -0.160628339194656
0.627858120893588  -0.479296461057688  0.613244716606307
-0.907762576484503  0.040538088660202  0.417520979235768
0.646996505237343  0.506430515916652  0.570020749410983
-0.476359045199885  0.367950987188456  0.798557531479914
0.393084968060082  0.751839664367891  -0.529359355228923
0.730270582377146  -0.613360135639695  0.300822573159992
-0.473188620037543  0.694945892613497  -0.541426575083452
-0.986852704704887  -0.085379556007175  0.137229991738929
0.214274983704241  -0.128797759833908  -0.968244477608994
0.299389100963104  0.909123208454580  0.289587910786614
0.907817547840640  0.090914351527964  0.409392086536681
0.601239559552257  0.493354561678555  -0.628579564176541
0.377695537881082  -0.908570841668366  0.178451972067440
-0.071117549592698  0.506130631517775  0.859519678645782
0.277596097561966  0.580652374915919  0.765364766711187
0.300968670741455  -0.573805731448375  0.761685526834478
-0.775040221732319  0.560852610959932  0.291130560876981
0.751667648552830  0.593605495404362  -0.287451321000272
0.430849311454041  -0.136206332796733  -0.892085593273226
0.993352523736865  0.062717734066202  0.096525900250670
-0.318319353741348  0.703987486415410  -0.634881412552142
-0.244183858541475  -0.902911553278345  -0.353730080971754
-0.194734374522709  -0.638375084004192  0.744685017642956
-0.672556408476950  -0.673857461371122  -0.305915019525117
-0.364795362839709  0.503074686218220  0.783479548767602
0.842617396793950  -0.467592308851290  0.267120488400471
0.567165244412225  0.799503433568235  0.197782317822965
0.075275415520842  0.118596630615267  0.990085072619960
-0.419266604095187  0.813869389323761  -0.402283645966696
0.911156432986570  -0.132962586370793  -0.390019108830299
0.268475770489725  -0.961513416347066  0.058418411862545
0.848286521417252  -0.077993284861612  0.523762374649338
0.142283135564427  -0.362898098786580  -0.920901992196260
-0.722093886491954  -0.520622032698875  0.455558029409467
0.853147447182613  0.470641213999129  -0.225025067606292
0.262320170333084  -0.216844235784320  -0.940301390854834
0.720926540344806  -0.299876198305030  0.624771309453780
-0.130099263495277  0.987361648088479  0.090505013794762
0.174801667953010  0.070091734903908  0.982105659070859
0.985489113799556  0.056813555416333  0.159948199438196
-0.366731229024623  -0.807334050761229  0.462298535731573
-0.443956216821923  0.820612230248804  0.359858923901090
-0.132848448628221  -0.966535180020937  -0.219456226794706
0.734701966618182  -0.539300668436125  0.411543204623432
0.013201179773650  -0.121331817626301  -0.992524215767093
-0.880751595020053  -0.305902693958511  0.361524784348955
0.709219425095159  0.699398810711032  -0.088595206663153
0.651268857915641  -0.088341736828962  0.753687343825872
-0.420752901535472  0.906755635875441  0.027590082595119
0.478703468714990  -0.119015088335448  -0.869872633084144
-0.507649731749783  -0.861397908180819  -0.016893597487890
0.335954894213455  -0.599208802450650  0.726693277882550
0.129071996533922  -0.445661099559824  -0.885847957637131
-0.972676622497159  0.183471993829655  0.142261082266691
-0.801452156578510  -0.165216839231872  0.574785035252211
0.128964142866741  0.443143302641807  0.887125844048272
-0.117689244649146  -0.984110108360174  0.132953135793182
-0.812727054796104  0.375749966486495  -0.445293944589243
-0.559321998766030  -0.131215757817937  0.818499435917117
0.073697567406741  0.806317690411739  0.586873453725255
0.321731557634056  -0.805280510673401  0.498008136431475
-0.954751123806827  -0.132252937556275  -0.266382154239613
-0.660087803718721  -0.362310626814826  -0.658038829461334
-0.920140521527495  0.051278584269453  0.388216341024474
0.222614525908528  -0.953087722240613  -0.205101356818332
0.037438191900246  0.539498511156335  -0.841153813667476
-0.724918683543372  -0.292898407733353  0.623460844798622
0.304007736577676  -0.804566466392526  0.510149093165481
-0.819472015402631  -0.228580336741043  -0.525563169968465
-0.209454404718417  0.740248395400217  0.638874921601606
-0.407924656773636  0.290666253684898  -0.865511758074319
-0.244264992481211  0.968140227014732  0.055128162349357
-0.821381445733609  -0.541302372242422  -0.179789494713380
0.657721781441184  -0.136171601087412  -0.740850425710295
-0.599333145955584  0.800181703843547  0.022561493590213
0.028143437500187  0.462635432202387  -0.886101802163038
0.309349835676788  0.628143513777659  0.713959666413867
-0.936826419132559  -0.290597242136499  0.194703629339383
-0.958131878421352  0.082883101732602  -0.274068777864161
-0.573307684464276  -0.524610517753091  0.629366430306736
-0.113070727904900  -0.354555279189521  -0.928173240559055
-0.271753466052176  0.962048898675214  0.024738032388158
-0.152299071341350  -0.116866468847397  -0.981400642616308
-0.967901228417358  0.143257133568035  -0.206505703819626
0.265143974059212  -0.925461326983145  -0.270591953462562
0.550458183016796  0.665337724567713  -0.504302985334120
0.437524854653022  -0.832809619202215  0.339116705169642
0.775056378080038  -0.232346329312983  -0.587624705107126
-0.660817172156643  -0.750508545029485  -0.007588729842538
0.323285648729628  0.150045255140253  0.934330140119305
0.898220167937885  0.427621301478029  -0.101688506881917
0.617536937075972  -0.350149072964117  0.704303739908569
-0.089648011015821  0.991133310870289  0.098071373010718
0.370331241877735  -0.213362936428142  -0.904063619801204
-0.133738296190321  0.172908837938225  0.975815864748551
-0.649372311785375  0.751019698217512  0.119519929617597
0.874592405788003  0.245874096339796  0.417892393430463
-0.358958390192949  -0.823984956619083  0.438403541700491
-0.561762345005686  0.653104172627141  0.507816903451165
-0.829322317160534  -0.455068866167119  0.324248086046557
-0.249747539647117  0.761060984151205  -0.598675492101531
0.517307511801965  0.347112054643055  0.782244309506140
-0.778140170814053  -0.569306481224714  -0.265307378338808
-0.674128772488561  0.560224399419120  -0.481351244309758
-0.418046967677011  -0.395277858327931  0.817919401611027
0.314035569351519  -0.734253022315903  -0.601875535640077
-0.445444678929108  0.257459955528179  -0.857492512686363
-0.078424969751072  0.995713598636537  -0.049030129612518
-0.912004934189442  -0.408451834851422  -0.037604502664153
0.544985225011406  -0.329801808256936  -0.770857880409692
0.823650364093327  0.019111389762195  0.566775822093962
0.500135017678122  -0.858968192211325  -0.109720594517678
-0.258044235715696  0.115288453735080  0.959229766452895
0.581559582130902  0.762791128238440  -0.282733349841255
-0.289539109922436  -0.060628543584734  0.955244096306341
-0.986502673810479  0.152506802042879  0.059616691416333
0.477775646898380  0.694583327494151  0.537851682527802
0.219187916989662  -0.907718673121764  0.357775722362206
0.731404156813164  0.123350998727875  -0.670695527426015
-0.395582009262177  0.262598248923883  -0.880089219119408
0.504981300398364  -0.856854571442438  -0.103894800862094
0.622004865676977  0.717607321246430  0.313288492555487
0.566058118623431  -0.808137057173315  0.162765792363617
0.777744187442617  0.005701774320676  -0.628555064150167
-0.544944402380018  -0.824680410876048  -0.151452362913221
0.333258333560833  0.010841579382057  0.942773219427005
0.463159911719239  -0.878473343187972  -0.117334911617876
0.644296823678392  0.062059999586523  -0.762253343350658
-0.676781958924726  -0.710542544767743  -0.192601848768360
0.495645046965574  -0.229990798006751  0.837520280501142
0.586539726236909  -0.785078570136225  -0.199054736840881
0.051307205525624  -0.590468224839622  0.805428361877019
0.917014107567557  0.320663518914062  -0.237191977435426
-0.381781586856272  -0.515273864210665  -0.767291121282474
-0.364581817148134  0.782901506004027  0.504128287741911
0.432090313076388  0.047064621204533  0.900601400607629
-0.988407311550184  -0.105080250064155  0.109586164822902
0.191735181325662  0.840917134863649  -0.506059277688619
-0.548888587781679  -0.077204257083397  -0.832322546187015
-0.531764137753533  -0.846405876296938  0.028705302110492
0.603456945413303  -0.012346518820554  -0.797299992791584
-0.620581395441448  0.781548138034095  -0.063727855505922
-0.858710619581961  -0.507369666156463  0.072056184199863
-0.079022109295284  -0.393139810695841  0.916076741047693
-0.011857598727736  -0.733438154636046  -0.679652757425793
-0.767830911558941  0.619208299175425  -0.164367799422037
-0.399087517977679  0.859306188048452  0.319878145824397
-0.063901344159875  0.642492159678824  -0.763623233647198
0.578665654742745  0.390032538434020  0.716254618822011
-0.913851828560550  -0.173218510064391  0.367246760649583
0.851953414343245  0.109077874605813  0.512130253998303
0.219293449418777  0.972459552339313  0.078948097545396
0.740175343741039  -0.470702432950292  -0.480187130327867
-0.107515378816570  -0.392679244783208  0.913369286780773
-0.911918431135660  -0.136301917116293  0.387074362810946
-0.005219547114618  -0.831006047756763  0.556238891951653
-0.666257205459656  -0.090184878691910  -0.740248622983126
-0.240441678561386  0.784889009332381  0.571084093842419
0.104030721848489  -0.432829983580240  0.895452854272972
0.871224362224297  -0.489682410662513  0.034340171150081
-0.750466014857708  -0.644101323479631  0.148102145951295
-0.016727625518101  0.700953750561904  0.713010537171595
-0.703758733627770  0.476754185713011  -0.526715379733460
0.233509394603313  -0.029878372711784  -0.971895388133975
-0.053727707988603  0.952175273557654  0.300791592002998
-0.883540420242480  -0.445542715132859  0.144388416397517
0.548045633962532  -0.123065287771525  0.827345706485698
0.853361443519780  -0.466931545721809  -0.231838690307893
-0.511924304097416  -0.549538006348553  0.660258651176064
0.206608494540167  0.893404264298837  0.398925745617528
0.514325175691698  -0.382938483747128  -0.767351113451434
0.979505838429158  0.059551126765948  0.192410955467972
-0.208354665772364  0.515384880064956  -0.831244102927244
-0.256825996965097  -0.957874490578031  -0.128517965992162
0.572253459289963  0.132655274164332  -0.809276563708017
0.377404968002832  0.926023563027269  0.006771325207307
-0.552361039859403  -0.128822565065046  -0.823590935097941
0.747209531146535  -0.664545723797891  0.007543046182617
-0.817771883862596  0.489371273367438  -0.302927223548088
-0.465356474979786  0.394100490523134  0.792545364357027
-0.615484109613890  -0.635736993326313  -0.465851678250940
0.263068700731080  0.731007776170617  -0.629620909654175
0.020202631358703  0.112961300740904  -0.993393979356181
-0.920233571665423  -0.130215625735046  -0.369071895969240
0.618348507945381  -0.676549826752407  -0.399906807447698
0.322087695078745  0.919726753228357  -0.224415275939243
0.695369963496348  0.389091055835803  -0.604209205603216
0.711404960391148  -0.681463402021079  -0.171786536249867
0.406451058242118  0.804076123726345  0.433888377935014
-0.422486055136918  0.266478334130537  -0.866311047288363
0.976637128133296  0.145139368730513  -0.158475498409238
0.206421910901859  0.976432463382239  0.063005072438006
0.243178916031957  -0.334027196607686  -0.910653527267058
0.527036301199480  -0.497265898044040  0.689172956419813
0.477498123512451  0.819499836268388  -0.316884143494392
0.960619197157289  -0.047079371269799  0.273850855126886
-0.422994612354605  0.810156372681864  0.405859839996448
-0.060126461290233  0.056422834856322  -0.996594838617726
-0.749378364160781  -0.572751081449198  0.332247296492367
-0.154306077589475  0.183117980855349  0.970905474032571
0.236738843007639  -0.963634248347437  -0.123950617680081
-0.831811129578946  0.207765186042890  -0.514707559860123
-0.452853688418695  -0.781042204031856  0.429996060919916
-0.495718737932318  -0.521640285753463  -0.694373347084863
-0.642495595165369  0.327219790843875  0.692911696158456
0.685360644678992  -0.586621709122268  0.431457711846323
0.133536851669363  0.862812521146839  -0.487567905627996
0.130478192584676  0.739389887073223  0.660513464021502
-0.804222495197044  0.193191179142345  -0.562052796915584
0.807281154281731  -0.069768545068729  -0.586028572733914
0.206143811144295  -0.466245655297577  -0.860302108589208
0.227323786985061  -0.956056125001806  0.185150159917031
0.776473434759995  0.447325416627621  -0.443834402396818
-0.797653410600761  0.042485053076607  -0.601617866109421
-0.279304863785189  0.932764756544313  0.227900640663352
0.172969049104117  0.599994211449813  -0.781081720614902
0.523238779855632  0.321178797391854  0.789344892528679
-0.975512692744937  0.011591747702646  0.219637468749574
-0.065820007061050  -0.982490564499734  -0.174298644112560
-0.929659356174460  -0.311806970103288  0.196239381552980
0.645958609032147  -0.486857135532443  0.587969051054899
0.217880740081263  -0.183826458864004  -0.958507076720439
-0.913834503342152  -0.078363471625201  -0.398454096247297
-0.683825405229818  0.265960441222035  0.679446729970243
-0.160669395436000  -0.945847313941112  -0.282060639013341
-0.069339702676333  0.601523401093876  -0.795840187204198
-0.269882959083155  0.308440331052247  0.912155551743726
0.324160859406227  -0.654795563767498  0.682760944181359
-0.996654752175949  0.065968473303673  0.048243813023864
0.402610933686566  0.897267421516072  0.181150794538503
-0.602304603311177  -0.588855577329296  -0.538960363921456
0.519664648378271  -0.413119642710921  -0.747850796638133
-0.749536542463328  0.544774524082997  -0.376052774783360
-0.372432709226120  -0.720510458701372  0.584943207500037
0.788779010425752  0.228861230529415  0.570482436076987
-0.313040073884943  0.254683058151650  0.914954890709172
0.495392558665675  0.766755369605558  -0.408255331869310
0.606426525645020  -0.792577197227793  0.063782877237126
0.612282127748546  -0.503528697984930  0.609564964827634
-0.539998037420532  -0.491425826753998  0.683302843826311
0.614683950021408  0.641335465971239  0.459186739435639
0.537596215147670  -0.653438337202171  -0.532924618434317
-0.094122186292778  0.345301452801615  0.933760098066180
0.557377136125196  -0.554289674695099  0.618137270071362
-0.958829194897345  -0.051318743679312  0.279308004825654
0.307329872479371  0.950909871176026  0.036314823169164
-0.344983435472687  0.091115767170480  0.934175757672183
0.631405866243630  -0.447076961724516  0.633599891389122
-0.899885287382046  -0.431020673583902  0.066540577819935
-0.076504014334271  0.969213402478898  0.234035288463127
-0.134363623472668  -0.568505678609618  -0.811632743348809
0.570152238948707  0.344012202315691  -0.746044254102721
-0.961369938250747  0.031309408528362  -0.273473148161496
0.256854075829372  -0.943827289453671  0.207884658915409
-0.987447732943315  -0.018165519659146  0.156898019747288
-0.200467508093172  0.372740620166769  0.906022741589087
-0.328589615182124  -0.943003727805030  -0.052657707320777
-0.458390609668019  0.552097587979114  -0.696467014521023
-0.431120112314006  0.757118833760316  0.490822289962241
-0.743649853930277  -0.351762137134721  0.568549288653052
-0.366045504899549  0.658265578682745  -0.657797169547198
0.678575246515819  0.450615392212292  0.580070170856387
0.729284089344218  -0.615905103628086  0.298002718702786
0.825846731785278  0.177732996846233  -0.535152461857023
-0.287857044119036  -0.947942675764148  -0.136172705107002
0.191294401677977  0.154304575289829  0.969327885666811
0.469614239586697  -0.683703096877638  0.558580827899898
0.113462990837583  -0.841347654070452  -0.528450825243312
-0.541820233728598  -0.190984717640856  0.818508199073125
0.897971482477712  0.348629274833670  0.268523454070086
-0.451341904543978  -0.014475097698287  0.892233689539484
-0.654335020595107  -0.755596043747650  0.030336438414917
-0.481969977765768  0.864305495893929  0.143808728177447
0.684963093816897  -0.123184549844567  0.718088522947120
-0.639825499087611  -0.068055710614624  0.765500980384760
-0.425860765673626  0.890763547437587  0.158691243666055
0.492896295498140  -0.285019722733904  0.822080895980985
-0.706861028912124  -0.673799535318307  -0.215271159262281
0.366290089932601  0.579785495318762  -0.727791418907331
-0.741178307952435  0.273745496158587  -0.612958497089041
0.688968242389873  -0.508574768968312  -0.516405330478915
0.418500155495163  0.814614768128487  0.401572408660625
-0.628219170382210  -0.665477032912555  -0.403089310984788
0.094345614050673  0.013004263458384  -0.995454566638431
-0.939522385020361  0.235274846108874  0.248884380454256
0.216957600587478  -0.913756142479812  0.343480875199388
-0.193110845076902  -0.890654183225063  -0.411634944358932
0.612918164831508  -0.148470782304629  -0.776072000539530
-0.948693657781042  -0.022805334277179  -0.315373208143199
0.142664647872632  -0.719378066643255  0.679810264323797
-0.540579373180566  0.258249848065101  -0.800675313261286
-0.967327932029020  -0.179732848779425  0.178809325780540
0.298011092637752  -0.535469396417956  -0.790229026399716
0.128737466210702  0.973452093262482  -0.189255612642110
-0.349098207610914  -0.936907420261301  -0.018301019156341
0.608121094822558  -0.571610328084592  -0.550863292350142
-0.916512672633797  -0.006468993864930  -0.399953338553425
-0.040706629799676  -0.358828098311780  0.932515611747227
0.623033400601277  0.709820271164775  0.328610049114105
0.436649471265452  0.447612219311709  -0.780372052527798
0.700287702486427  -0.414219403733085  0.581394375030658
-0.513903773150602  0.676427455586151  0.527587726611245
-0.715011219530638  0.604098923489408  0.351885558931095
-0.818857435314905  -0.536411957803379  0.204290753963666
-0.218421830697240  0.693295069067880  -0.686756034615663
0.322268046481507  0.447215812224906  0.834350839583092
0.520919002624442  0.202758672273940  0.829175683147103
0.450447768801266  -0.832487250891901  0.322586088795544
-0.619207060571234  0.339690150474711  0.707950010812346
0.689678294394411  0.695555772691131  -0.201360416460786
-0.091300364295813  -0.939657859358027  0.329707978105084
0.646194378933888  -0.588162486776885  -0.486310306062578
-0.932432191927280  -0.321807316845145  -0.164347979247137
0.194937448697579  -0.029688055735997  0.980366263414799
-0.016166919069595  0.779914802654295  -0.625676858552807
0.440553382690446  -0.254187859821406  -0.860988530074251
0.490906129450583  0.767820754796417  0.411658184142753
-0.947626431210624  0.266281907679285  -0.176346512621309
0.903953855869481  -0.257274738140325  -0.341580350098663
0.400097414586908  -0.690273758908021  0.602863331613281
0.590444957245206  0.806804983938964  -0.020987385615053
-0.086588515962633  -0.373805963171269  -0.923456296096891
-0.906755289015325  0.395719616551931  -0.145605051144277
-0.654640131081562  -0.729975127558978  -0.196424570567864
0.033305923008320  0.634545709187913  -0.772167377220621
-0.285421080942083  0.491149034922995  0.822986896644208
-0.990800830104660  0.087484233023582  0.103248360937073
-0.388226533910588  -0.885974853459983  0.253631065534828
-0.399723207415078  0.303812752304671  -0.864823201001721
-0.202851088778994  0.669646334178894  0.714440496403966
-0.575054433775027  0.004777313059810  0.818101201243228
0.393464042690138  -0.610259379239732  0.687582385725428
-0.919470542665124  -0.313673626683836  -0.237029063817313
-0.049047933800040  0.928710318983379  0.367547879335113
-0.192899011400975  0.953140939505303  -0.233050039346649
-0.864697281334062  0.277148477268321  0.418912082902050
-0.065825558477112  0.093495208810277  -0.993441312700805
0.737623828410199  0.582497253426705  0.341479190452107
-0.689126973139011  0.575542937100229  0.440288930642489
-0.065953281678056  0.871684241469047  -0.485609666100693
0.262832333961913  0.166889986614532  0.950298319788021
-0.886006025422868  -0.463031290983351  -0.024399723044838
0.787268292134854  0.406998031412873  -0.463207554585540
0.436252940883781  -0.686677084563529  -0.581513502083644
0.655934284326438  0.325367596546796  0.681091874685439
-0.304918933075365  0.768307519429606  -0.562785927187334
-0.568393433370160  -0.821910574039324  -0.037308352738091
0.529255678564501  -0.753897012917242  -0.389265617055615
-0.801543647526288  0.174706795041850  -0.571843787127621
-0.296105464408374  -0.242720356163932  0.923801051445145
-0.935282286601519  0.351296508499981  -0.042869656928391
-0.595231524803467  -0.686772372551677  -0.417184779420199
-0.017607289316710  0.834846333782619  -0.550201401609118
-0.322443472481341  0.203222547269039  0.924516524100926
0.248438598370149  -0.701667268605496  0.667788369925367
0.196063867730911  -0.857806448480501  -0.475107415976288
-0.758605282371107  -0.137539724216926  0.636868000311670
0.810980013010345  0.293678904091931  0.506027785589985
-0.774504607445962  -0.232009961667637  -0.588484486398715
-0.740531114310469  -0.376528367113552  0.556632785143758
0.286750406245744  -0.678503181464876  -0.676319182974978
-0.320723899381237  0.823021586910792  -0.468798088567494
-0.336104680207966  -0.458468778057483  -0.822702876796222
0.445386515012540  0.391413691540348  -0.805249138043464
-0.989341281447445  0.126776505032655  -0.071634814131345
0.207850086226939  -0.976658974630487  0.054181075378588
-0.848311931464634  0.157428259870724  0.505552380994115
-0.768434011137381  -0.387174919224985  -0.509514231842882
-0.139986773026998  0.983057858218754  0.118325613338129
0.060108852699745  -0.438454679123045  0.896740999498868
-0.626814545070890  0.321802906141508  -0.709610044803802
-0.940187184610173  -0.217697149939483  0.262022916560789
0.217446963733451  -0.450268728168239  -0.866010906626966
0.095925675805833  0.989768784249229  -0.105622054737625
-0.967289233158373  0.239458983359806  0.083731324509858
-0.559924542512250  -0.811762762055252  -0.165908784676631
-0.228140307718386  0.705194234611284  -0.671307002395450
-0.179224382927738  0.346027510803773  0.920947111581939
0.056708164387531  0.203455719993812  0.977440511792711
-0.444560015650212  -0.730205670540378  0.518812173330350
-0.458890051836442  0.868624788030224  0.186844582327120
0.960158231874185  0.065036602503965  0.271783756135241
0.686843333786650  0.720631191150651  0.094535290625430
0.148689816906219  0.437197945833753  -0.886988891986333
0.858426528377042  -0.398058688724648  0.323501430768634
-0.320273011496611  0.681491934041547  0.658022751843129
-0.939836164535178  0.183481589488394  -0.288170939115345
-0.111347703851987  -0.260054130583533  -0.959152510299240
-0.196935186271371  0.974654877233341  0.106133890409813
-0.631553274411820  -0.531119157161413  0.564847680774082
-0.887715116933208  -0.378103514363200  -0.262677756185138
-0.197553208999592  -0.805707789476504  0.558397427994479
0.021051675372803  -0.260425295058137  -0.965264467727825
-0.711213583306419  0.688029570171441  0.144189283548208
0.710321358515721  0.595419142139043  0.375392611555939
-0.422018233743581  0.821410846098050  0.383646754580870
0.635383361486023  0.260204814747580  -0.727036063980941
0.496956230773279  -0.486196518706587  0.718781920956010
0.219215602648550  -0.355746945839341  -0.908509014859739
-0.536560856221562  -0.825948242392046  -0.172950711071900
0.974453931000453  -0.219895129236408  -0.045669119718561
-0.218677472130341  0.690096425789113  -0.689889184069279
-0.530804722984272  0.157993041688042  -0.832637102725882
-0.975942390175608  -0.046789303694698  0.212948848595353
0.227170956636875  -0.699236667606431  -0.677835849697655
0.217966710554462  0.904019012989171  -0.367750101623581
-0.655364672094750  -0.397913275639820  0.641998576041824
-0.508234826982251  0.731838857064356  0.453992563742027
0.489775225526763  -0.539973204881546  0.684506513095501
-0.636905070639262  -0.589778927822630  -0.496500500795704
0.406103130295504  0.912625081459458  0.046858385112060
0.837422795351539  -0.035396391833076  0.545408248260709
-0.648163194359528  0.631845353504826  0.425036378127819
0.216843529303493  0.316176119787708  -0.923586241276468
-0.384421391266415  -0.696865729907545  -0.605473656253695
-0.194871732839120  -0.827854256976482  0.526006023678622
0.656761596552081  -0.211805051203081  -0.723742236973373
-0.846311254979377  0.342793578272018  -0.407737442958945
0.209654055998911  -0.283188896841401  -0.935868166735548
-0.134828478765570  0.772759448212877  -0.620212960612314
-0.606175614202242  -0.749860138200251  -0.265067723204536
0.950658148966723  -0.306088206854028  -0.050587482918698
-0.009845934037380  -0.348043665294433  0.937426618264784
0.938951160846604  -0.148882181096584  0.310169008278937
-0.501776867614500  -0.864499165246037  0.029345671160939
-0.447020227269484  0.665337681048188  0.597911938824907
-0.392850514884064  -0.916337964685826  0.077415808661824
-0.164928863754179  -0.211673485437963  0.963323832085192
0.636314502785433  -0.669015353488947  -0.384086331885145
-0.864236153915318  -0.035649125758916  -0.501821691538223
-0.034391492151848  0.521970820909284  -0.852269726898039
0.315641069545487  -0.574132005915746  -0.755475449633767
0.590248338970152  0.803523067171667  0.077185353960536
-0.940280900667487  0.292579759653363  -0.173979631224808
-0.617280363838711  0.630158227095597  0.471026072784599
0.505448658236853  0.496705033601417  0.705553515675161
-0.743792183189886  -0.516631429822008  0.424105121338674
-0.378936838885678  0.650084623316188  -0.658632564229237
0.690530120155217  0.685075225315701  0.232034671583931
0.722095916081913  -0.006982990657427  -0.691757707452039
0.393228577874027  -0.212757174811027  0.894486260436459
-0.424794373800723  0.904815390784155  0.029306118599512
-0.334764282954457  0.895496816726092  0.293288810034450
-0.947592206107703  0.115546032760997  -0.297855879977433
0.566756224201324  0.717012305935759  -0.405808742470815
0.046071698951922  0.062938478029337  0.996953432482699
-0.214022248530802  -0.082194323054536  0.973364561914716
-0.751155537342331  0.618926056432630  0.229555865507086
0.806635916996368  0.240084826316647  0.540090523508730
-0.269502628184840  -0.941205205803813  0.203718172898900
-0.931154234151174  -0.238625446232628  -0.275698546663961
-0.465433670993243  0.815832038260748  -0.343204870672122
-0.498575168240739  -0.361595077508995  0.787827266305872
0.032854605082808  -0.692862406984381  -0.720320942297711
0.751733577478601  0.567523241549653  -0.335877952226993
0.178501641427485  0.736831558925770  0.652086204254249
-0.248206291972002  0.391789596774725  -0.885942745601886
0.821438228023118  -0.561097914150842  -0.102021410879355
-0.359548692537374  -0.929334299828631  0.084038662868309
0.500369655601855  -0.608007846100698  -0.616406251455054
-0.970310215545260  -0.005144407033910  -0.241809058318295
0.110391867406031  -0.316182046694023  0.942253972641659
