0.518982241390894  0.842493262818706  0.144438690197521
-0.542017024761748  0.782204927174842  -0.307201882760868
0.852484562796966  -0.040128677696343  -0.521209899579055
0.208514703355676  0.100417013340207  0.972850472537444
0.990302389264599  -0.133574487075768  -0.038197306440009
0.223065984858425  -0.628665367329411  -0.744997598868424
0.318233848469782  -0.384005648780954  0.866756528324091
0.449002555936391  0.879096529034596  -0.159956235895676
-0.941812586225552  0.208864438391236  0.263371788167699
-0.077694937793254  -0.011485793508820  0.996911015682330
-0.615001748697655  -0.685217851050283  -0.390191421869906
-0.249115899734643  0.905568082950339  -0.343347805644725
-0.480922518156732  0.798861138638960  0.361295464547027
0.625676053155161  0.538793404829475  0.564119795274411
-0.774992928276277  -0.300685454889427  0.555854493855812
-0.331605643035616  0.560753188698912  -0.758678824583195
0.622489512624179  -0.181556719971557  0.761277849478154
0.866311662809333  -0.351949988682757  -0.354450713564997
-0.409678014147708  -0.677031928223128  0.611385061062556
0.165855863962553  0.847425196934328  0.504343501980596
-0.177488282709754  0.919008622036139  0.352024235137270
0.850172721227384  0.526502848084733  0.001046441345334
-0.354152674127072  -0.063093257802506  0.933056870843632
-0.673508329810066  0.455599031753912  -0.582079077051695
0.054496687716693  -0.971130731127771  -0.232239561847567
-0.738045912004358  -0.233244333795038  -0.633155046198137
-0.089315865305831  -0.547265027757399  0.832180068013146
0.881858465026882  -0.190621369575334  -0.431264583662576
0.941628622533727  -0.319406405224275  0.106372390811444
0.589670811718559  0.772863259793655  0.234458344846801
0.312030465613343  -0.409261254457949  -0.857404346926598
0.039927345201824  -0.683008410559981  0.729318392891241
0.431813059799080  0.262388425169424  0.862954109859885
-0.163490078369672  0.971303172140164  0.172745888706890
0.984291538733022  -0.167674429637968  -0.055276146972837
-0.388988400564270  -0.541240317332772  0.745484368125833
0.932381866944834  -0.330220326007521  0.147032617075097
0.631545178573145  0.775330947717154  0.003550905945637
0.250159806004867  -0.630325561813025  -0.734921599617743
0.050676882366823  -0.475225711911650  0.878403310747202
-0.879446123103545  -0.470529702572639  0.071946616008321
0.026621514072397  -0.640871444066168  0.767186474834533
-0.180343643378839  -0.500794473818619  -0.846570177413296
-0.725723993797103  0.671136215312149  0.151330318587084
-0.836305758039033  -0.422999344046535  -0.348804005147533
-0.404644113459008  -0.574618225214132  0.711390916932972
0.218348441463048  -0.561656103958821  -0.798039083627146
-0.650010086043073  0.713274985126419  -0.262155838453358
0.469678448137349  0.744274918679893  0.474823125784043
0.455434233097172  -0.359217187408540  0.814581286056516
-0.665638510820774  0.695801210758069  0.269788895286495
0.679882725860951  0.407690895330365  -0.609547055558969
-0.147918041614760  -0.983482262718089  -0.104321099897201
-0.981307014429351  -0.186168313816869  -0.048763740241468
0.391980727835789  -0.481066211270872  0.784172435997857
0.441408244978802  -0.316247737630348  -0.839729795653590
0.974901063944331  -0.216670893025675  -0.051201949529952
0.344597001933952  0.227304196190830  -0.910815957618318
0.134165084213046  -0.975699332999687  0.173235509529866
0.496138977797334  0.531724243783182  0.686378498558500
0.865985618991618  0.495271853820271  0.069099193288606
0.111413392742288  0.589812795589969  -0.799817430465227
0.755637586385478  -0.653773148319071  0.039906247361776
-0.001065360136147  0.559232206549373  0.829010376392057
-0.497116618536177  0.235856076051475  0.835013160953022
0.345303700450525  -0.550315486527537  0.760209326266874
-0.974445081765453  -0.183900027507787  -0.128986675690769
0.132024762778751  0.970071590086799  0.203790510376918
-0.430287657510733  0.817388592209258  0.383051460146146
-0.776139523492702  -0.268206307749631  0.570677506614578
-0.320017546831082  0.587610705465055  -0.743170524538667
0.665869412813052  0.497984194493834  0.555544478070235
0.516016154091803  -0.856577430550862  -0.001560188190056
0.622709141112221  -0.015440395220949  0.782301041652573
0.526999218494820  -0.070130023134290  -0.846967297810862
-0.633692205515239  -0.771007012195623  0.063106067968233
-0.817473271771988  -0.570264146214280  0.080847099396951
-0.634957967797454  0.417812661306946  0.649816096432009
0.258916050844488  -0.909620422227949  0.324889467482315
-0.441431354819022  -0.078456385293276  -0.893858464517373
-0.097347009048170  0.615853331156211  0.781823659358793
0.901786783545943  0.330950104232066  0.277943565370107
-0.423727188910941  -0.491561443181882  0.760803928062006
-0.575406603683172  0.776464670106027  -0.256923834073320
0.939667031737015  -0.203260763852747  -0.275156194450616
0.491239724501846  0.855148845189015  -0.165541492210394
-0.008701793416461  -0.546859797118680  -0.837178977929244
0.457129100651630  -0.511549811923082  0.727564275689022
-0.662905784037997  0.666519455523375  0.341039201409151
0.125064454771700  0.120607190029492  0.984790733032073
-0.926807598449255  -0.329343192193331  -0.180445939861866
0.138837359639557  0.875255457687214  -0.463305591761056
0.346008908497616  0.379163100817308  -0.858203459687091
-0.759981368491010  0.381266941123659  -0.526368539288529
0.442468576701540  -0.723617482177179  -0.529716243020047
0.663521700287086  0.721513641870828  0.197881322621485
-0.618604542109632  0.206410650987609  -0.758104915984723
0.041052867130450  0.977467682147902  -0.207054563960273
-0.934561069857907  -0.247650971727365  0.255469377633674
0.274903660617824  -0.523406059432928  -0.806519729658125
-0.115638273758443  0.838901731104794  0.531856818318190
-0.706521405531928  0.567778079285754  -0.422440003086556
0.863867985396545  0.503292198789874  0.020713919092451
-0.272984853623061  -0.232168546970834  0.933582902312295
-0.233154517635335  0.746960283670494  0.622647015190091
0.825551466999942  0.311917579912845  0.470289483909175
-0.665382214587222  -0.322599011673208  0.673198623125801
-0.393323770048056  0.757641715430857  -0.520841091844885
0.325036456048950  -0.577916621560185  -0.748574432346979
-0.445421918443841  0.275948238720229  -0.851734632451336
-0.219948843059251  -0.955447179978920  0.196832905549928
0.990407217552042  0.101582319698507  -0.093672705445571
-0.124976305823270  -0.772851371195814  0.622158887281632
0.616713525034161  -0.742197088811552  -0.262312617690413
-0.946312890974436  -0.319224928465660  -0.050866073385906
0.204623060117005  0.288570646081398  0.935337578357952
0.032391908094294  0.564524980230802  0.824780159185115
-0.596979867215923  -0.395258479201054  0.698130197569572
-0.308950512815404  0.925886948383643  -0.217446405911719
0.938322288125622  0.033896511048213  0.344096367527262
-0.466025166811448  -0.598380189965043  -0.651737441118554
0.361296468197021  0.161757663346741  -0.918313301883928
-0.980841650847319  0.194476181199275  0.011343320027799
0.153520015838850  -0.954614034511059  0.255232540737575
0.057152016280408  -0.391048862405188  -0.918593726435519
-0.088852389831720  0.728988529433530  -0.678734835392682
-0.736785914258438  -0.664297085197391  -0.125920209452687
0.882790320370566  -0.455740306641328  -0.113938681590149
0.340027409679296  -0.940075688241109  -0.025279656738057
0.909588802419690  -0.014414362590925  -0.415259481124527
-0.622540088884045  -0.565199639962234  -0.541288467195457
0.052978696143651  -0.360461685687950  0.931268291581927
0.785214884755481  -0.422856406627685  0.452360524507122
0.289468937278106  0.571032646649119  0.768198835466435
0.752896057479785  -0.087958106291450  -0.652235308894742
-0.257150110002410  -0.905930946985354  0.336396997935429
0.981851307545538  -0.180436100190000  -0.058402256971303
0.178183158253863  -0.954797259729959  0.237934770319180
0.487305877675192  0.598510579050353  0.635860101239276
0.316362271616482  0.175850580489605  -0.932197128529759
-0.007184850635364  0.970181132476077  -0.242274530458291
0.800355655283797  0.209202185263091  -0.561840965697937
0.024395428733755  0.551912736542459  0.833544956375546
-0.831935934652916  0.209066210670527  -0.513978521135900
-0.371856913220722  -0.057661858147754  -0.926497461521026
0.751247622273381  -0.040174125184292  -0.658796667944115
-0.562215829413185  0.806192196259346  -0.184302750516037
-0.560888706080918  -0.823679929222808  -0.083398043060874
0.717558794831885  0.098312845766173  -0.689524445046563
0.020728586929506  -0.815665887619698  -0.578151784099536
0.884711134914507  0.110089874819972  0.452953007739663
-0.187880927012129  0.803888858565899  -0.564325668686689
-0.417015599963483  -0.908700221043613  -0.019023608027553
-0.565606812523338  -0.124326433330513  0.815249576266375
0.717910624020586  -0.695929432989809  -0.016928089580815
-0.569319411460731  -0.088444354723291  -0.817345094713113
0.721661269187665  0.522922715758498  0.453604283377268
0.520693383244238  0.511682231743425  -0.683417657339739
0.610985020807582  -0.626045526478738  0.484524821990287
-0.410017134864154  0.637286010493811  0.652497118726721
0.844837949028950  0.054558593162180  -0.532233219362266
0.429843248332163  -0.902166995657403  -0.036462224421316
0.625053726346856  0.649811735848495  0.432495719208267
-0.210059025650069  0.306913852971089  -0.928266714149217
-0.541521966741388  -0.291273734805676  0.788614970025862
0.574242413691145  -0.535597595540147  0.619177572243845
-0.767486420692470  -0.560399819929103  -0.311314368245493
-0.348277959740064  0.804723680663573  0.480751766027510
0.660161766018532  0.518600724125410  -0.543359670590203
-0.461232472399396  0.400163945392340  -0.791917560868792
0.728061786099119  -0.610573296084859  -0.311650903624925
0.393332452318809  0.729010074817928  0.560208793903515
0.353176002919083  0.637415343417739  0.684812668499748
-0.351035606275749  -0.251559344031767  0.901937857924217
-0.294971104339870  0.928540497973495  -0.225398738300932
0.999182713534701  -0.039565810523988  0.008273548876464
-0.292033668701166  -0.845337187106325  0.447349277902741
0.772348502398013  -0.632963827428385  0.053240811514823
-0.738434579319596  -0.418871780735432  -0.528451325448824
-0.325947591779582  0.206498421057492  0.922559791836743
-0.329607766428579  -0.907071648738656  0.261877346031496
-0.985637027165351  -0.055385759221498  -0.159537043836560
0.190129698536569  -0.156768282385835  0.969161701354417
0.465899562200203  -0.694917607131323  -0.547747311486361
0.252871217708578  -0.963011013072545  -0.093091008994276
-0.784977365675924  -0.519653433959640  -0.337299338793365
0.279513374075914  -0.358829179876442  0.890569420866166
0.758335209308588  -0.084528399236462  -0.646361091067077
-0.036462660072791  0.579769915033072  0.813963955002284
-0.148257678090159  0.950244293227956  -0.273962486620008
0.863292829039186  -0.072077280794769  0.499530136150715
-0.751497811021818  -0.298397097400115  0.588396305471578
0.479457515935180  -0.146639335928064  -0.865226788519544
0.252323122570577  0.883290661264570  -0.395133710962546
-0.598469266301962  -0.489965532041005  -0.633851965922459
0.825603659666565  -0.539964465151628  0.163758888365461
0.874656999515736  0.164843552674257  -0.455852757302026
0.114963052232081  0.981063221763956  -0.155879605861741
0.014795938591084  -0.480799645635339  -0.876705640998244
0.744898008692571  -0.335420023454360  0.576732489557958
-0.515007006748641  -0.115959834564579  0.849306246160689
-0.474909698372006  0.851882355512083  0.220810395496667
0.628703223518339  -0.233098598018946  0.741887660188018
-0.668800531894973  -0.734743592057716  -0.113391809523995
0.068707253329353  -0.609956752575535  0.789450488205209
-0.768938706700459  0.165982240079053  0.617400325004907
0.858436750746649  0.174478425323356  0.482331446273430
-0.020790790716836  -0.950417417977944  -0.310281283073128
0.097070493195689  0.303484115535167  0.947879059252067
-0.905966114814457  0.136675194371037  0.400681032807441
0.508404267547957  0.860784035855573  0.023998840705680
0.494632340462189  -0.693975114691443  0.523199185738946
-0.114783323933211  -0.370282491914319  0.921800230379970
-0.867340956848656  -0.494677340000301  0.054899853033357
-0.001018341644075  0.749140471060033  0.662410384580623
0.753575974559520  -0.624745622974051  0.204489992765991
0.849440991909982  -0.527424513784295  0.016534313483960
0.183924739161612  -0.364401467322600  -0.912898275240713
-0.089437967629854  -0.755707351372436  0.648773650072118
0.754954220378225  0.592684304910741  0.280658938652555
0.935708436444888  0.221045924014050  -0.274933485488104
0.643881895770559  -0.433230580479202  0.630656299767604
0.128337794850927  0.991496749137351  0.021531531828127
0.163488745823403  -0.337220244644100  -0.927121317083835
0.214752579274374  -0.028256823403743  0.976259638429313
0.706853512959954  0.676839397295821  0.205539634825990
0.331223778978639  -0.911941967712503  0.242183103794955
-0.823324712664219  0.206845747012940  0.528536899808368
-0.808617973396554  -0.039872972951722  0.586981361823390
-0.284316020486629  -0.952222060735134  0.111523753272482
-0.742353245303960  0.522605701570341  -0.419279071589378
0.218051292394035  0.389743386213071  0.894736680140286
-0.108293143568265  0.658576708113007  0.744680679611831
-0.821345272451710  -0.222727476855464  0.525151801363021
-0.086630906934142  0.921096673417613  -0.379573450313343
0.799683035817587  -0.039792488449142  0.599102328562153
0.393789366554868  0.613976374230529  0.684078172926932
0.737372393582464  0.532718870555238  -0.415322234098801
0.364641414760275  -0.537850097915156  0.760101250370161
-0.708224441787872  0.619107601590447  0.339299156655572
0.346008908497616  0.379163100817308  -0.858203459687091
-0.759981368491010  0.381266941123659  -0.526368539288529
0.442468576701540  -0.723617482177179  -0.529716243020047
0.663521700287086  0.721513641870828  0.197881322621485
-0.254269471011168  -0.713643179847441  0.652733060269614
-0.184756382796680  0.413996876169574  0.891331400511461
0.750141351718820  -0.655654889976539  0.086050088270232
-0.819654439933307  -0.471985166040475  -0.324648428512079
0.384867283453934  -0.901508292465827  -0.197888788823772
-0.686182743634412  -0.703396863692063  0.185434879368796
0.800845262993307  -0.154845117464264  0.578506572424774
0.270204764095039  -0.043266311309500  -0.961830240617342
-0.139350952260736  0.124057085520121  0.982441424022969
-0.463129951496685  -0.803045947253709  0.375003806148781
-0.561646564891225  0.812335376947982  0.157048946206799
0.885425564127174  0.114767655825847  0.450388671667390
0.766553169200493  -0.236877335048128  0.596896445733410
0.840527099108478  -0.047181665276781  -0.539711113583922
-0.172093768323189  -0.887629055769008  0.427198307883990
0.098119838415204  0.697933385997661  0.709409251433342
0.979186117720131  0.016447332318032  -0.202296891038389
0.176618624493552  0.648899684314878  -0.740091251926449
0.298141972613811  -0.912881029961682  -0.278854064524879
0.504425520612768  0.280428677964836  0.816648425412939
-0.326042384959238  0.941689868244252  0.083165829859474
-0.719308611057982  0.043696037276557  0.693315064299171
-0.365637131720120  0.305039071866761  -0.879352405206325
0.758903357818864  0.592954759100934  0.269203170766628
0.259056725832527  -0.965192934954688  -0.035947338072347
-0.312885730252018  -0.397200365302234  -0.862748161173603
-0.422818719474943  -0.487294122813333  0.764047621770498
0.994761175559488  -0.080698446839121  0.062753201330758
0.562767893338072  -0.765702316428020  -0.311435805334894
-0.355686138147843  -0.343166631560701  -0.869323894824453
-0.024681084372277  -0.730883929771337  0.682055368189575
0.943135115858192  0.308348244904018  -0.124167278700015
0.211625090594658  -0.707546904957857  -0.674234527679620
0.453686866578152  0.415724864397111  -0.788251904036078
-0.846778581671339  -0.441191262910934  -0.297180590136252
0.604716805687845  -0.682080506444034  0.411197966492710
0.511334581357529  -0.669264405892779  0.539093777475596
0.975325956825401  0.217736394595344  -0.036471090074704
-0.151479978305319  -0.915000209774063  -0.373936401392058
-0.312511397162554  0.027999409285939  0.949501268942358
-0.587815235132382  0.604994127573769  -0.537080398960451
-0.951629225559870  -0.293787876589766  0.089947210235780
0.271428193609803  -0.039024587861549  -0.961667207123106
0.092385796817685  0.937806592025083  0.334639597926875
0.953217356044420  -0.168407529617760  0.251029034383931
0.037645463714969  -0.403580151560524  0.914169503061697
0.503375854690833  0.864058754371688  -0.003901013704375
0.412196037638619  -0.628886132428923  -0.659239454973391
0.940145975502190  -0.171941113346248  0.294213864881125
0.625977260245147  0.189813401905072  -0.756388354030655
0.092817893149687  -0.956218245410857  0.277545502313828
0.221350822107356  0.594463730159538  0.773056716597952
-0.695097075065524  0.651052723893690  -0.304910490055623
0.141571303251570  0.877622824665431  0.457969151495952
-0.908295395799675  -0.351586179619822  0.226686197792124
0.071627017482581  0.125016078848080  -0.989565839343700
-0.998555228947052  0.051265108162030  -0.016104143182325
-0.339271665511046  0.183548647432864  0.922607517315422
-0.373162561517754  -0.868720628272693  -0.325690301812943
-0.286121001918251  0.736437089001859  -0.613021358684805
-0.224595195608562  -0.954279524148410  -0.197250064386901
-0.879430323534821  -0.044357620921259  -0.473956440523437
-0.056697077197049  -0.513001409935182  0.856513277679819
0.711532205123308  -0.396920493291969  -0.579806901543284
0.931271873517144  0.309236905971893  -0.192627188062327
0.650248074785900  -0.706843620410817  0.278477175944026
0.183849437596139  0.841107934660466  0.508661799771507
0.097174361135105  0.174972591722244  -0.979766163777861
-0.837351152086190  -0.482794788194075  0.256421997091840
-0.723365264951439  0.664253265226667  0.188441749878966
0.169306287167121  -0.549539583486417  0.818133013211947
-0.283292174301873  -0.597508469934325  -0.750152765999072
0.099624998419044  -0.400034480895481  -0.911069302404976
-0.398055301694451  0.615928679181962  -0.679841039474746
-0.472657365273607  -0.880706034744814  -0.030852802412074
0.970337665387102  -0.135257125332629  -0.200375460518155
0.019479811446076  -0.655881681334327  -0.754612322345774
-0.586845957938193  -0.779145320671558  0.220327916813144
0.937493328002737  -0.318162967227990  -0.140991440289948
-0.331167558618467  0.441426606565221  -0.833948798868970
-0.039307446195848  0.900766666681411  0.432520909169975
0.821843332123167  0.518876546498726  -0.235245971141369
-0.052705395675066  -0.108888096077199  0.992655793213044
-0.808445382643948  0.490778216259883  -0.324888912901700
-0.515190613988869  -0.042982088859184  -0.855997179490139
0.595172210764835  -0.334124715575880  -0.730842468644671
-0.334694221335180  0.912860220246172  -0.233807605729472
-0.775668603418524  -0.621717593529476  0.108652894884004
-0.803007841399202  0.281763389182325  0.525155023938536
0.106219846285672  0.952253055129155  0.286236725897009
-0.091377288541773  -0.582609592767801  0.807599067330870
-0.817850399143101  -0.087880073179029  -0.568680769289343
0.857004091447235  -0.437297103095200  -0.272608200293470
0.238828859866799  -0.708310267531441  0.664272038102059
0.727876218668206  0.684904923232427  -0.033188197137796
-0.109700987087770  -0.413891758796186  -0.903692041257733
0.083364970103978  -0.172674280939913  0.981444789308827
-0.552186510439665  -0.796475567820667  0.246407645078664
-0.322345666404581  0.799024638508841  0.507595211173237
0.957897146948225  -0.175223351628088  0.227441933056926
-0.261912621317295  0.422545648534273  0.867673298943475
0.204640196737746  0.978361706746904  -0.030508370169853
0.513055198232155  -0.424760223039288  0.745890820757688
-0.979608016287197  -0.131055835173343  0.152290848355640
-0.183604824773574  -0.978411435203233  -0.094870078441077
-0.980368615547124  -0.143616577883399  -0.135098690620142
0.295708358972822  -0.476462851921437  0.827973258730312
0.501055431800729  -0.358332005398398  -0.787744646551247
0.891792981597216  -0.360074437358228  0.273955612344597
-0.075524332997323  -0.427323052393247  0.900939001275129
0.663218247510930  0.747351690232978  0.040087495237829
0.304099067083609  -0.680103075197958  -0.667070884168362
-0.952471784794375  -0.117415347653193  -0.281089194573713
-0.460625586352855  -0.620863493079726  0.634312692729642
-0.030286181880114  -0.383628378632813  -0.922990798596976
-0.461560016561406  0.887076524059347  0.007588911293622
-0.927811319198085  0.319307551655540  0.192895939365386
-0.588608675438863  -0.191995281377452  -0.785288252253209
0.015479876156180  0.984965662635441  0.172055272698388
-0.354682519915402  -0.473662829602449  0.806128918920207
-0.679539703043465  0.717782396822495  0.151704392814956
-0.603905617550412  -0.266128348526577  0.751314652593420
-0.539811501365246  0.129148751422303  -0.831819777956655
0.464177415872193  0.854761993926768  0.232209518178192
0.627989784178155  -0.601037017731260  0.494351427918023
0.941489339170353  0.216986624045586  -0.257904302433814
-0.198095896054115  -0.952345651227755  -0.231939165632070
-0.115403658938083  0.134322009450909  0.984194895983907
-0.422526336619709  0.712601142548594  0.560063484349022
-0.136850919311857  -0.343589354828812  0.929095356318080
-0.882861840710629  0.254498723815918  -0.394696554067943
0.597186423402777  0.801691773561487  0.025664682098885
-0.765168295156879  0.470080392289565  -0.439933977855319
-0.031319864681152  -0.248033224073452  -0.968245106278407
0.121749049858847  0.988736764536706  0.087044697207557
-0.855597480334574  -0.270623148173689  0.441266431215531
-0.612756220359914  -0.546379382841628  -0.570963557870233
0.289925088812377  -0.956826048574584  0.020672581993646
0.031561932721172  0.337612122804361  -0.940756025193800
-0.934243241893462  0.072834542928595  0.349119885329920
0.838916571342688  0.361616664064477  0.406758373727584
0.792439599205584  -0.429998091535113  -0.432598107817237
0.007242442786855  -0.197632342070249  0.980249460285650
0.039234529350249  0.989247097669840  -0.140892978740829
0.710714819482146  -0.566911295230381  0.416528544890592
-0.250863551145009  -0.964352562880111  -0.084211716367015
0.091579231702596  0.237381146784451  0.967090189936834
0.869999138924558  0.160060120865279  -0.466349928679227
0.850612973374331  -0.515033539836992  -0.105820708607804
0.107493801376401  -0.273268276138109  -0.955912931140780
-0.029765054180791  -0.815207128776895  0.578404165563273
0.772884226178721  0.573441865078012  0.271688056969702
0.089669682070099  0.632265410664913  0.769545189442554
-0.894995232895832  0.137736025738689  0.424278588085053
0.351808941368965  0.876678274595726  -0.328124475808661
0.632855973596966  -0.382148889669502  0.673391077166161
-0.151705071070604  0.438000694748783  0.886081803679009
-0.981365150901030  0.041641119894152  0.187585867620566
0.375629138715867  0.926604212325810  -0.017532365717182
0.454030941114559  -0.530244637471179  0.716028301775625
0.386354773512037  0.309524068473933  -0.868864109064131
0.945210302595571  -0.317394575860670  -0.076407899339102
-0.020119979283238  0.999125193520009  -0.036661070732415
-0.538735549800296  -0.372206549185405  -0.755795138992615
-0.481755198606936  -0.837942515832877  -0.256445449900873
-0.501283728122274  0.151143036461761  -0.851980285246644
-0.642067463580191  -0.250415410676825  0.724597470536060
0.661595993095529  -0.738670141617813  -0.129062635190289
0.843196273636956  -0.373758224323983  0.386425715856147
0.543920767653523  0.741466175305968  0.392909798035556
0.524951396317181  -0.452723441609761  -0.720740949940862
-0.225675890333748  -0.662500958020190  0.714256867761452
-0.747605028756342  0.461577568116423  -0.477527873102668
0.326593318086642  0.870694325336731  -0.367733866277737
-0.750178753288521  0.168592136096879  0.639381364883878
-0.324019593554463  -0.577708893317187  -0.749175371708809
-0.956574431842332  -0.108687099236403  0.270467134426896
-0.176297720174442  -0.958578503596047  0.223710451934767
-0.593610626861867  0.280914454469006  -0.754130952121078
-0.186666084806023  0.568976949890639  0.800887634613206
0.581269175818720  -0.539982578792464  -0.608724042439320
0.699963738918253  0.589939786416895  -0.402519331960552
-0.558579713950369  -0.398586724474524  -0.727404513483243
0.439885150850837  -0.731335640734835  0.521199803004476
0.528584826332962  0.429161811605557  0.732405776076342
0.472103260510392  -0.705904081702060  0.528032138086148
-0.615752556526500  0.509802499080480  0.600791312405878
0.672234122349069  0.625263394227136  -0.396417674415683
0.210148520396603  -0.965904718439014  -0.151214001575147
0.572860094685897  -0.092974541833305  -0.814362969742211
-0.850393305361379  -0.509655238552165  -0.130701048247075
0.487681731072085  -0.363274938053544  0.793850016414139
-0.594161398790092  0.088839715256965  -0.799424628830550
-0.829259936033204  -0.541244301123791  0.139221280669395
0.481553295319349  -0.330710464115444  -0.811626153282177
-0.246454758076238  0.960794480496200  -0.127019756217768
-0.049363757915300  -0.965630627766304  -0.255187597904237
-0.835686293331892  -0.401506209167067  0.374728145643605
0.795264119615011  -0.482767725197060  0.366729196493840
-0.008941584198420  -0.081356693402177  -0.996644940041682
-0.179701814990810  0.431076393201552  -0.884240013182705
-0.799469681459072  0.595879359146838  0.076000116910987
-0.174797774331134  -0.706442450020579  -0.685846048977322
0.794565640799396  0.541639484075293  -0.274394081116369
-0.022259788166338  -0.133608822373173  0.990784126041008
0.886316642305873  -0.344054701658872  0.309950273169855
-0.713638441504518  -0.661251014294806  0.231229909183679
-0.194937988967692  0.871696893580505  0.449603943687474
-0.682870974498017  0.701196501496458  -0.204965115269056
-0.896773182767284  -0.303962108293885  0.321566315697045
-0.034366528947128  0.153228534947422  -0.987593012209986
0.248268737216396  0.851930074842921  0.461061581243885
0.301189223253515  0.508865851446931  0.806436976475617
-0.280573201403701  -0.488376032395473  0.826297482530193
-0.414339782967135  0.910101222190747  -0.006189476363753
0.996102207624350  0.087140661651658  -0.013671029690823
-0.422445412968372  -0.809344775823693  0.408045226548331
-0.994155404246981  0.062769802536797  -0.087834982188267
0.246471740708160  -0.052610813009662  0.967720922263620
0.325238250570449  -0.819503765350828  -0.471840713527022
-0.654322547205849  -0.590789593299457  -0.472048366872624
0.350782616343932  -0.936229400417852  -0.020641362942791
-0.130377422256504  0.327818532509663  -0.935701200976551
-0.874727741293277  0.017621274608731  0.484294197046719
0.232472355066178  0.105824005669851  -0.966828776957933
-0.302000794595514  -0.808042158975397  -0.505829407391522
0.990166268394595  0.102231236377334  -0.095496257739688
-0.455693118732903  0.811634928267914  -0.365503111826724
0.716729832229092  -0.449978672621333  0.532745287899199
0.816286910839223  -0.111598623647141  -0.566763995321354
-0.322130842552218  -0.897595044358408  0.300923340104795
0.222573763942088  0.559214995384215  0.798585943115758
-0.526336568385828  0.010422214425798  0.850212440644274
-0.451747560155494  -0.883594184237164  0.123229296337437
-0.689002081151191  0.723461963840948  -0.043346499797875
0.614413072920857  0.170554434822014  0.770329644104712
-0.447020741361111  -0.797561542833513  0.405053135015629
-0.809531740350207  0.293894528999443  0.508216850556689
0.635379402905183  -0.458502047300571  0.621344418969896
-0.272868403916087  -0.632954024532384  -0.724508134510956
-0.546105265475282  -0.811355767374653  -0.208496661287559
-0.182848715969247  -0.504590887170676  0.843773893678103
0.502364071345383  -0.585453523838363  -0.636297502153305
-0.865620620851418  0.278688643634386  -0.415973052812357
-0.273517226342377  -0.899160461946750  -0.341612046868490
0.177524271230033  -0.051337893873649  -0.982776451578315
-0.975616601689476  -0.138598592248555  0.170184243496858
0.524575104117066  -0.709223975824546  0.470980161212967
0.819037234581127  0.332643091852911  -0.467468268240996
0.180607178758991  0.944245134738304  0.275285619863733
-0.142356158687069  -0.037422088897575  -0.989107836055505
0.780786214509204  -0.574179953987818  0.246353947950776
0.716368609756675  0.227278215545426  0.659667058214806
-0.418259357456000  0.338617861882015  0.842850552301502
0.594865264869952  0.706175840750289  -0.383993487694550
0.539762702342723  -0.817515487086878  0.200809993607854
-0.847690943729803  -0.304277494582757  -0.434551803826558
-0.734771180287178  -0.016911738038865  0.678104199762760
0.128593182807793  -0.918012586381888  -0.375122226187409
-0.241512946250419  0.630646829837996  -0.737533777401909
-0.421062380158821  0.529426772035761  0.736487450719143
0.084456208646526  0.976001635521921  -0.200718599735025
0.461779869099056  -0.203962842551833  0.863225643359276
-0.967298457904403  -0.242612020934328  0.073980407094893
0.583478543158535  0.701168615478340  -0.409774770260179
-0.289648949756469  0.165488383245315  -0.942717922241763
0.950282443542727  -0.311311351726641  0.006965614157840
-0.077154950627724  0.846991583959666  0.525977537823745
0.418829981011986  -0.907221641709568  -0.039119558015096
-0.027429471025038  -0.339544145996171  -0.940190085588557
-0.504052732237986  -0.625791324610512  0.595244538963310
0.950312184275010  0.058113828897115  0.305825988610151
-0.047573413782370  -0.175755208511437  -0.983283721507782
-0.933983251448913  -0.257432703215334  -0.247797678213824
0.624704491134872  -0.744284248349721  -0.236189026871301
0.261705346531671  0.825961743053618  -0.499297016422657
-0.410195894348624  -0.435653397583172  0.801214980784665
-0.872491747816656  0.441485318873853  0.209401201550251
0.616486792875127  0.092440999378797  0.781919878148899
-0.154190939407095  -0.969579715835822  -0.190106098914485
-0.049091385279989  -0.978195559113422  -0.201800604612749
-0.952716496256522  -0.301211007490107  0.040040064029561
0.538373159667205  -0.506695529143151  0.673360216894563
0.365251951309329  -0.170289022480165  -0.915200885536874
0.294148784781640  -0.286306823579582  0.911868902410459
0.504724468003766  -0.860638706800447  -0.067485018746159
-0.801668476738470  -0.128606950976341  0.583770421967738
0.591092793516343  0.702938834197206  0.395583499188880
0.996099500338279  -0.079656934176112  -0.037954686976620
0.403001652521694  0.485095603124021  0.776061804171889
0.334140533887218  0.400338037559811  -0.853275781501107
0.258957313929367  -0.965090574859944  0.039259290352598
0.640761086093577  0.352955245180870  -0.681797495923454
-0.300794261230336  -0.274051050595274  -0.913465288929209
0.911809498055209  -0.370997948688410  0.175965795895962
0.029745849268704  0.998004244464554  0.055701997109793
0.303775063373813  -0.468772040112381  -0.829441670813031
-0.676226019813248  -0.689299856849139  -0.259969377956883
0.879597354214730  -0.443873058505617  0.171129197950896
0.100403728972332  0.664400875242376  -0.740601490807044
0.619351946505657  0.034706375069323  -0.784345991185779
-0.091570828250026  -0.840212849361819  -0.534469036690525
0.942251676694831  0.088583313227965  0.322977978170860
-0.231328901939148  0.786335911203177  -0.572854932666114
0.476162848299259  0.769759144733307  0.425135038545384
-0.369273570963985  0.858279969490500  -0.356360104050515
0.976278475326356  -0.055254005883945  -0.209349787313535
-0.130842056063113  -0.033266818873248  0.990844929909434
0.532848129086366  -0.298891293646150  0.791667143382679
0.820680376321681  0.565449785047755  0.082159969023561
0.265025328982059  -0.956918630504243  -0.118609905116879
-0.552857576217374  0.092577551810339  0.828117079475997
0.558233811802349  0.044143775083417  -0.828508502359514
0.180201595664474  0.956372017444749  -0.229956407104994
-0.488398665683035  -0.437988978111494  -0.754739954164267
0.866430881820911  -0.474239264249839  0.156187858909748
0.153479523116904  0.796575652166170  -0.584731790105386
-0.880258200169098  0.394281375095830  -0.263984276591624
0.499318504382533  -0.279697128499461  -0.820030821061225
0.534419218903468  0.681991405569801  0.499283307547463
0.622289104309300  -0.121993674979726  -0.773223004005229
0.719717040541104  -0.647577339453423  0.250301759844354
0.411368026840879  0.879628671216129  -0.238809018396688
-0.508795963072683  -0.354045006742431  -0.784715745452895
-0.831873293502726  0.238161802072606  -0.501264181435753
0.137758253070314  0.864901134301398  -0.482668303905665
-0.760723504735334  0.094157769753253  0.642210295571694
-0.208908041837706  -0.720897101982045  -0.660806173101783
0.197969615762591  -0.322648579442238  0.925584099592640
0.280805934569402  -0.959152267072794  -0.034277626518248
-0.819832722416592  0.087286820594542  0.565911051496166
0.736996403609780  0.549216867036015  0.393950674614722
0.905499076399043  -0.387390595928799  -0.173204933031397
-0.052480705171102  -0.998063106034016  0.033403771620525
0.639905863593813  0.323658899429068  0.696968724232745
0.318073917976331  0.287013610676150  -0.903577428884667
-0.079098918053739  0.319576666289981  0.944253205197478
-0.699644003066413  0.712503642076057  0.053261890705829
0.878179604534348  0.372019952311897  0.300668816576896
-0.257634519521673  -0.764946928097972  0.590322497914752
0.932381866944834  -0.330220326007521  0.147032617075097
0.631545178573145  0.775330947717154  0.003550905945637
0.250159806004867  -0.630325561813025  -0.734921599617743
0.050676882366823  -0.475225711911650  0.878403310747202
0.973832009390411  -0.159372874616460  -0.162023159835626
0.538686037444822  0.561394849665297  0.628214275411882
0.225506945631400  0.245015339525240  -0.942928470706728
0.209639026314189  -0.965783063806997  0.152691035459220
-0.104305112859825  0.287649091949306  -0.952039097585829
-0.284358707324062  0.958265805206957  -0.029440994209636
-0.692719730672629  -0.567099848874431  -0.445575062299763
0.872773325136866  -0.103516864383219  -0.477023041076430
0.295602270822926  -0.909039974413636  0.293710099251601
0.218317385870117  0.019547486059460  0.975682025465056
0.811721892831740  -0.270051332488005  -0.517860837020053
-0.734437007878932  -0.658536127985092  -0.164111089193402
-0.993019181161545  -0.050568587053250  -0.106563238730307
-0.331493484962432  -0.866859755248662  0.372379153763595
-0.234455565819894  0.057314655850148  -0.970435787613407
-0.427070130379219  0.758976512345264  0.491493395119505
-0.022299330030860  -0.985115370515022  -0.170441915781376
-0.839415755301226  -0.385630055459837  0.382976043739180
0.792210162156014  -0.431042274722427  0.431978722136701
0.024906263114352  -0.168443040332758  -0.985396681657258
0.969594871982246  -0.237038488958055  0.060815614592090
0.104746683707817  -0.992779118185885  -0.058461566402821
0.368135465941796  0.323263715896206  0.871766510426269
0.496712722332633  0.432476913331624  -0.752489329431358
-0.872658159276990  0.375294130086785  0.312445279960667
-0.669298096282511  -0.050993449130684  -0.741242016117788
0.125436096378653  0.954435489044236  0.270774228792504
-0.328796159373131  -0.528147909826767  0.782913067285951
0.649705323807618  0.750552759715302  -0.120638083123789
0.606779955962785  -0.204590068874904  -0.768089180212534
0.542093607412783  0.108791072878164  0.833246076056895
-0.499168239567951  0.846351755712043  -0.185794978968151
-0.900826200336677  -0.102174654849602  0.421986370269645
0.054072747431348  -0.665848276391496  0.744125131151811
-0.654939794579682  -0.318444694131168  -0.685307844881139
-0.299959153188343  0.882118315673062  0.363169083998973
0.207669809945930  0.976412053264286  0.059099511649788
-0.837615887132032  0.507268051243447  0.202678932826514
0.377220850999935  0.313893853123084  -0.871306535349316
0.668064846078028  0.155250148897755  0.727727114172591
-0.469639623998766  0.853602099338305  -0.225393166656702
-0.600612261420712  0.259722812154822  0.756180515669037
-0.544210307677143  -0.127851214544460  -0.829149689716794
0.675182945099089  0.721730501727944  -0.152423992608945
-0.412597754805152  -0.743839424844077  0.525800344976475
-0.808739252362155  0.339818141273357  0.480067133378472
0.662060621894516  -0.345101797186536  0.665267226394980
-0.265919124337513  -0.738555768930898  -0.619534014796977
-0.705119363691578  -0.387429811464056  -0.593889572341619
-0.281860277721300  -0.891405518626710  0.354895738498953
0.365917283339443  -0.109697036329114  -0.924159673419096
-0.789176369309720  0.613672743491769  -0.024625637421476
-0.314260852129723  -0.136793957038805  -0.939429364101616
0.632454424459332  0.448314460980901  -0.631676772611767
-0.912925575973280  0.393907355940305  -0.106788986651122
-0.033789700615776  -0.979015773960012  -0.200963604838726
0.595395530781993  0.711074628920285  -0.374001382391439
0.419738537961831  0.511635855817015  0.749698813385786
-0.539558690837362  0.622235914698417  -0.567185054106062
0.715215683657524  -0.422797141595147  -0.556515141671163
-0.249218381098664  0.797032565483491  0.550117522063573
-0.384042313675937  -0.303687116317104  0.871943597195045
-0.679128818519712  0.545132541237132  -0.491543040170815
0.813952751096984  0.555587140563464  0.169716965039343
0.878499670844107  -0.250887665422740  -0.406563288634775
0.726012943392465  0.114823854859857  0.678027055788876
0.183132948490387  0.588614179970913  -0.787398038043268
-0.030646221038745  -0.954325700253510  -0.297192306380384
-0.842404198981916  -0.042726455321980  0.537149528114152
-0.787926155326169  -0.007428387661481  -0.615724932749741
-0.053477771832529  0.798080586085388  0.600172896783445
-0.001000271823218  -0.833378653745887  0.552701564080448
-0.468035649814532  -0.860488374159847  0.201252052010488
-0.124324277091199  -0.088615292437019  0.988276683966617
0.549168128810931  -0.764847080482068  -0.336783773030053
-0.892879501534263  -0.007026001240760  -0.450240858926076
0.823859600426468  -0.549575751437900  -0.138642894576707
0.621792166708681  0.481428141761702  -0.617738978646806
-0.250781269784336  -0.881590909277117  -0.399882762075713
0.452848703502124  -0.149412983922485  0.878978846145813
0.591781636362175  -0.014727939223123  -0.805963760147282
0.694838431542078  0.714295991000230  0.083551129813688
-0.549030674335299  0.163294681758852  -0.819695166234499
0.445973879155396  -0.892318611982204  -0.069819723726471
0.688927784102797  0.462767497877929  0.557875211135082
0.876917368630423  -0.471261164132031  -0.094492559364310
-0.283807500312305  -0.013031354682330  0.958792723460928
0.095817915784679  0.947060016692290  -0.306424952961536
-0.963483075905798  0.239674412547760  0.119400747120732
-0.143749893352958  0.950367910222125  -0.275928982495578
-0.254321712465920  -0.110247054115891  0.960815306719855
-0.565411470086919  -0.600446443558473  -0.565485577103546
-0.719049191127577  -0.488482310140781  -0.494321042864152
-0.437421398064544  0.620326621913791  -0.651043318574336
-0.681788483584639  -0.336247843097929  0.649693659860822
0.400160690521607  -0.772561088956644  -0.492971384150638
-0.069172176161086  0.429409628447808  0.900456873504476
-0.254373634032629  -0.688626879261145  0.679033928068467
-0.696922167403732  0.716706092960240  -0.025137002505327
0.882123625275274  0.401330414748713  0.246559947941336
-0.468068002086479  -0.196013602517758  0.861679182208078
-0.969302232837276  -0.169384555612604  -0.178219117202933
0.093963064782051  0.782256441393340  0.615829361394366
0.407271165968746  -0.808885488298494  0.424068938016646
-0.048208117704403  0.940644938782914  0.335951003167853
-0.708376316541393  0.497046676444454  -0.501146281637179
0.882940898013820  0.448818210473254  -0.137759154186341
-0.222772699176829  -0.005219948134794  0.974856438991373
0.921119569025306  0.385756317989793  -0.052257082673951
0.344374516811200  -0.084863341009033  -0.934988986846282
0.604569329883036  -0.494957990584079  0.624109375768181
-0.027824277668929  0.965577649582905  0.258622528404150
-0.725651359758163  -0.339183355131588  -0.598652449826114
-0.567374802453903  -0.653409886427390  0.501140054135907
0.406826502303657  -0.451973899201623  -0.793858798190115
-0.565103059607917  0.766200430497425  -0.305933705771906
-0.466031202548816  0.818507166073702  0.335947819366194
-0.648544497381796  0.321220731536998  -0.690077732249513
0.673872616604014  0.715842155121946  0.182936342867205
-0.491359321771035  -0.218555720585242  0.843089208748502
-0.497116618536177  0.235856076051475  0.835013160953022
0.345303700450525  -0.550315486527537  0.760209326266874
-0.974445081765453  -0.183900027507787  -0.128986675690769
0.132024762778751  0.970071590086799  0.203790510376918
-0.128304890237245  -0.614444312076577  -0.778457476358183
0.185631268983457  0.494512287796808  -0.849116381418683
-0.942185967975425  -0.334982573660902  -0.008501593599461
0.628249808754723  -0.773974026212483  0.079160498659962
0.266143658213424  0.494264080479567  0.827569073818291
-0.711191963281578  0.662198593979072  0.236006384438716
0.862241377376815  0.480137509140860  -0.161269276228747
0.115094244118187  -0.648072022640364  0.752831965608322
-0.429221054787913  -0.863967649783701  -0.263304360491771
-0.927059287813336  0.175686236193534  -0.331202994085470
-0.038954330689507  -0.608109100186232  0.792897144900412
0.536792563714931  -0.431544785791003  -0.724998511306712
0.594428944905055  0.410392215344499  0.691543533729943
-0.040512536566475  0.996399955606424  -0.074470550209239
0.940676547322448  -0.307077880967265  -0.144328820192550
-0.305735065850918  -0.278929859294660  0.910342904131732
-0.785461333136892  -0.270754452493518  -0.556545164925320
-0.493332047197168  -0.739939526192588  0.457288736780319
0.317798245627930  -0.314246028065121  -0.894569007355556
-0.609927531567654  0.783431101764190  -0.119264894350083
-0.207063188829686  0.636661337674717  -0.742823785929020
-0.093648605237769  -0.506771711193680  -0.856978629529845
0.741809043045218  0.665147083019613  -0.085432438844030
-0.855223626637135  0.478285965848784  0.199587282444855
0.323057280377823  0.459914104929900  0.827111243836894
-0.332514948752616  -0.490398663995986  0.805569959225763
-0.344342467620042  0.938715614971312  0.015532520799021
0.999914696750480  0.011597153954573  0.006008763812109
0.006943962265733  0.962533015541590  0.271075589790867
-0.742367650530482  0.482560434273706  -0.464785648142694
0.875376007524248  0.411468236060920  -0.253792703133527
-0.126064394728033  0.068504345206963  0.989653941067088
0.147836349270063  -0.707668010510610  -0.690905493345114
-0.201638565769489  -0.897061275958399  0.393221255745810
0.952475613277003  0.024391999481525  -0.303636684993579
-0.603000698237451  0.165001265966264  -0.780490064097345
0.984674618081574  -0.071696539658223  0.158982711975057
0.458902276128904  -0.242229620177679  -0.854829522227847
0.176458012886063  -0.706875172083215  0.684974496445399
0.349314329066606  0.877408252602671  0.328837737757505
-0.018903190412154  -0.705948472846704  0.708010891920208
-0.360831657207807  -0.849202112961628  -0.385559705490828
-0.585448015207268  0.299184566198039  0.753484715730029
0.927376482002921  -0.155930926083115  0.340085881681008
-0.218230413012730  -0.293996165382526  -0.930559907569988
0.113101283725081  0.769960184642549  -0.627988386584458
-0.946058881768675  -0.322145688538713  -0.034565120895540
0.614727185030864  -0.741810661486362  -0.268006400089990
0.327593756569680  -0.694725401357040  0.640342835804279
0.875230971691960  0.289841033664892  0.387250463389283
0.119902836157387  -0.867780616144301  -0.482265603299295
-0.667540051279668  -0.116785818877631  0.735357975714291
-0.361971517523271  -0.823209266670812  -0.437382125571227
0.217431032930758  0.017988594163581  -0.975909912030143
-0.992260896190809  -0.032314674655727  0.119891933392149
0.412858345736779  -0.808883186178666  0.418635853066768
-0.266936043423529  0.782313748299292  0.562788013325891
0.809072444062196  0.379049073745584  0.449136482543824
-0.657551576927862  -0.296528848172397  0.692601303695881
-0.418456910557864  0.699793522726105  -0.578949772913814
-0.172771950386239  0.622760720549223  -0.763098249310499
0.786036895890302  0.606447928467276  -0.119862038848375
-0.815538312342507  0.545553025514653  0.193052214318676
-0.143270533934033  -0.529240233432706  -0.836288424780800
0.239780014911777  -0.707588252838824  -0.664698735438400
-0.797881204180768  -0.576751499731831  -0.175337650184243
0.743390244156965  -0.561125335024491  0.364018273285697
0.294270974935580  0.430288581917498  -0.853379358539854
-0.396376313103674  0.065000747380980  -0.915784211072812
0.537775539963760  0.637697792794432  -0.551487981448188
-0.941784667798136  0.329467524634406  0.067028275463659
0.007632814730702  -0.902164570047857  -0.431324505088282
-0.249218381098664  0.797032565483491  0.550117522063573
-0.384042313675937  -0.303687116317104  0.871943597195045
-0.679128818519712  0.545132541237132  -0.491543040170815
0.813952751096984  0.555587140563464  0.169716965039343
-0.716285606243182  -0.617956835045739  -0.324136206414974
-0.127260375620036  0.124263006988173  -0.984054623428651
-0.856027396623647  0.203597065843923  0.475147693890528
0.267002166000501  -0.945816907877835  0.184770723123150
0.858270363545360  -0.500558079608788  -0.113197137764511
0.011101709203592  -0.786522166194455  0.617462253208681
0.768355776102047  0.603020136796019  0.214467050963855
0.078812878239722  -0.317056050210352  -0.945126441937047
-0.747738892552278  0.465330263478654  -0.473660526596401
0.028776125598072  -0.228065455577390  -0.973220469661341
0.097491412584498  0.988721385418574  0.113690133645160
-0.874006430734849  -0.295325666362530  0.385869809419781
0.250425939268517  -0.011075985519441  -0.968072399919683
0.846018354032726  0.516711309192082  -0.131386329550537
-0.732254470424851  0.416892796619754  -0.538519996536230
0.136662055660643  -0.944680091331278  -0.298166073832917
-0.003976787697887  0.682961542524356  0.730443506776779
0.866513613727271  0.499121852994692  -0.005615433059996
-0.116188069283443  -0.456202278901988  0.882258359711496
-0.754302332141716  0.640041968431652  -0.146199419874721
0.957121885109672  0.105833425506146  -0.269660866811896
0.294217607432251  0.939245745391342  0.176786394389117
0.095903853796375  -0.201459787528313  -0.974790441498095
0.567000423881047  -0.631952532356883  0.528343180297083
-0.451169263123678  0.771045907326134  0.449371232733090
0.227208821013260  -0.002301048303003  0.973843343064208
-0.990363891275993  -0.082252683971716  -0.111417497890241
0.311985807139055  0.855599639600853  -0.413054612440877
-0.490184304456799  0.367354921744325  -0.790423752891084
0.580986644532626  0.661099442301682  -0.474765253849864
-0.837084727307057  0.452372389473501  0.307649769301563
-0.234086221682369  -0.746116910030858  -0.623308268342783
0.420929531798699  -0.649454846458127  0.633266714482752
-0.217466685452033  -0.933188894570462  -0.286123623227558
-0.353514697188358  0.156828938483080  0.922188724137361
0.991910914439090  0.126905109629255  -0.002798386427052
0.592825206029719  0.539431898094419  -0.597972827488066
-0.217104191601466  -0.202108338992988  -0.954996329468637
0.955766189302238  -0.231956112157788  0.180851744308208
-0.145836791671053  0.973496349245196  0.176171757672363
0.089636331831947  -0.159376235319281  -0.983140144451017
0.329339293002133  -0.930878160103221  -0.158118566676076
0.650896706774768  0.653884128951952  -0.385705876302797
-0.890599667944955  0.117617795831989  -0.439315701472143
-0.381666363721009  0.187950915654331  0.904989082867126
-0.969092530974882  -0.246460427663780  0.010813140361786
0.098791258837196  0.973151581308713  0.207885273585490
0.488634908416678  -0.538740237990602  0.686290668919850
0.718519473330046  0.414666947257444  -0.558373610853617
0.817045932082924  0.140945375776250  0.559079910132745
-0.318191949587206  0.879847093785957  -0.353019793742926
0.219665490834328  -0.606125522304763  -0.764433727243436
-0.791283535071890  0.451458202583557  0.412378295311667
0.186844038486875  0.184442157485892  0.964919890884142
-0.800452796429211  -0.594451842768448  -0.076826605533838
-0.177674777129554  0.861467887866114  -0.475714990038637
0.416639908529367  -0.458538811327303  0.784954358626783
0.540638765194764  -0.779075545532127  -0.317413011583491
-0.717654210705058  -0.321781882978610  0.617599266226929
0.593655354039662  0.642318617183433  0.484768103983345
-0.780540392996800  0.509033965741413  0.362823809337220
-0.735014661301562  0.011011799118638  -0.677961789448286
0.279567400402960  0.938243792964395  0.203815243776606
-0.325093132098198  -0.440221626341619  0.836970355008900
-0.823023957076576  -0.202356222531105  0.530738660058750
-0.488138923361185  0.850609732513926  0.195405922255113
0.257769958269653  -0.441395598179521  0.859490880999563
-0.592654991985044  -0.611570356865509  -0.524158143195926
0.378895309522847  -0.278413832561722  0.882566757962184
-0.587278768616649  0.336701655145847  0.736026931133746
0.917902604023832  0.382828935835509  0.104387812570813
0.048271474115664  -0.997944423543078  0.042152014257626
-0.115555789774034  0.990590151336939  -0.073334927039981
-0.794454490977141  0.283582529486754  0.537050286971478
-0.139283628887876  0.249303173450170  -0.958356926427466
0.818182330090982  0.457704448400015  0.347971712416008
0.041140221224123  0.625591533840829  -0.779065282877058
0.455704844591217  -0.452053604191580  -0.766798952498957
0.513148808088950  0.818962340643665  0.256863748637950
-0.927713431456044  0.258682797388744  -0.269130079016051
-0.422470498632144  0.529962291027094  0.735294939377949
0.197350007067272  0.971229562064372  -0.133289581298748
0.369727980398926  -0.297536297860561  0.880212117597550
-0.989548486098342  -0.143730973176717  -0.011627596920853
-0.502123412885349  0.180987983788874  0.845644977491387
0.614110211072382  0.418189448037334  0.669317737854649
-0.356764746437643  -0.859398275750961  0.366269735762539
-0.759468877520088  0.622196811502501  -0.189942496125802
0.812137992899496  -0.509073145636296  0.285090183768479
0.186817671188317  -0.726859442302287  -0.660889180474142
-0.158164445118758  -0.402055861526876  0.901850925880856
0.783484766829937  0.619842158192867  0.044128438361765
-0.840190003804881  -0.514194410820993  0.172292963834295
-0.685661269171083  0.242078148380031  -0.686488742832390
-0.346841026065969  0.223678276301241  0.910861861836586
0.192312291432171  -0.979950835502265  -0.052080155169901
-0.439448514042480  0.506755877094475  0.741676131836577
0.510543096075626  0.841433745779813  0.177016944139446
-0.012220452300660  -0.562634031664035  0.826615755329549
-0.937771157817445  0.227956162978697  -0.261956567632419
-0.232389002265708  0.864838955383115  -0.445026890061479
-0.042877974017143  0.726705851424616  0.685609280019903
-0.888333786694025  -0.085440960598288  -0.451179482766999
0.698822758445460  0.223574064556787  -0.679456687314383
0.610555525923290  -0.135539045525293  0.780289123916659
0.567162143964927  -0.808496621501888  -0.157036032403843
-0.543077995401185  -0.129814984197924  0.829586861509223
0.586471377359549  0.802772560174519  0.107738294811279
-0.475883098834194  0.825296723055024  0.304007557732704
-0.985842984062058  -0.167483491248458  0.007930380498036
0.205217114709433  0.752672817699064  -0.625595368690727
0.304742770518431  0.240107396604418  0.921672545925395
0.583982255576135  0.710323311013821  0.392944676770882
0.868842526398365  -0.403632979408703  0.286693359280189
-0.456148190263551  0.406304264575974  0.791735860692608
0.171287919441321  0.707652025846550  -0.685484543201914
-0.237524926999144  -0.439028877467320  0.866507676713736
0.427297069903249  0.498394290354392  0.754334372406720
0.328398472068422  -0.944531408866066  -0.003855023814385
-0.993220468970816  0.007108241044355  0.116028328121401
-0.966167523190989  -0.256484655633889  0.027128187469024
-0.253362047744734  -0.246271112037509  0.935498910816257
-0.154393455369771  -0.781910265578023  -0.603969368033420
-0.558412020076485  0.771696721981643  -0.304401355313814
-0.120247888608002  0.907917802725379  0.401529212859586
0.445341151824178  0.030375023055565  0.894845582470120
-0.975831155532748  0.190723723320266  0.106667789207787
0.410242115100569  0.686819056349547  -0.599984158818322
0.401519270215044  0.910506666749084  0.098792132538223
0.518511962555610  0.044791038945604  0.853896426691729
-0.727980217759246  0.685417640336380  0.015730888942123
0.610987525418680  0.180297987467100  -0.770835183095629
0.407200085220134  0.913083705352018  0.021592536149001
0.143817262567238  0.278469877323479  0.949616302730273
-0.614013880086793  0.649495604681857  -0.448489035049588
0.877396702739688  -0.014881776653318  -0.479534731531684
0.750962433879418  -0.353840486280840  -0.557541328665812
-0.260889943197667  -0.883807251429482  -0.388357026277347
0.813661933354837  -0.113554990540929  0.570139914698593
0.198190443722248  0.643521755689570  -0.739324217087059
0.514307529336561  0.185805129546905  0.837236059365446
-0.091265186203597  -0.774413900768481  0.626062118390634
-0.359457029318437  0.825133140706747  0.435827883666230
0.965029744858594  0.135085889608639  -0.224653942691419
-0.479811087548406  0.862429427013548  -0.161235243314541
-0.945193174129254  -0.080177625157802  0.316514473608271
0.007486387562303  0.207801782470106  -0.978142307235258
0.457895699018546  0.734805269701244  0.500392590312446
0.528571060422823  0.847806031370568  -0.042866854971883
-0.165983632812582  0.452349969698091  -0.876258488433907
0.973852278332777  -0.209546460792199  0.087761157441794
-0.279297585097372  0.605002522464676  0.745630476020230
-0.669663730294947  -0.700005817524168  -0.248077293922232
-0.922710907531593  0.375258086266242  0.088238029295885
0.099394583574862  -0.787041580879489  0.608840099470046
0.153652593661783  -0.288222322910922  -0.945155422688163
-0.092312041544674  0.754364467558555  -0.649932871203598
-0.256718493289584  0.832885581703974  0.490303194964870
-0.706907886340090  -0.222953791195182  -0.671247232561805
0.871314338084999  0.144432677049762  -0.468988833606664
0.156449875654655  0.943964672132758  -0.290609934745765
0.227029440083351  0.560649986808287  0.796322312651924
-0.827383105509951  0.356688475176372  -0.433832373611127
0.756803541081255  0.026626210148099  -0.653099873786562
-0.400221262154221  0.118641663034098  0.908706276588968
0.712240386802014  -0.104343542592885  0.694136914828253
-0.709665575857851  -0.689603119706842  0.144299368442610
-0.402796073098384  0.912588325333825  0.070269993318105
0.462500318120004  0.058692322357790  0.884674328233359
0.812273281628112  -0.583204940081270  -0.009171358563490
-0.621243033192870  -0.305048371461396  0.721805087802845
0.271470069684761  0.946945633900455  0.172040598994004
0.439724794545304  -0.757496776868320  -0.482535737636288
-0.459994768418426  -0.149531805722345  -0.875239996860915
-0.061820101566746  -0.829511505882329  0.555057597597861
0.961539664530476  0.221546534736354  -0.162353338373234
-0.774149215676708  0.396537057311289  0.493407898240432
0.305701522080704  0.805243430865534  0.508064559328285
-0.370316853938568  -0.675603790314248  0.637514663519251
-0.709533883818844  0.266897416760003  -0.652171324607104
-0.274531957676232  0.188899888001790  0.942840939144757
0.506617660948205  -0.598179610252835  0.620902326854342
-0.980577656688656  -0.167746386118177  0.101629765065538
0.199428038064219  0.954825884372802  0.220308847224877
-0.446310338484619  -0.493379494984445  0.746581379148073
0.676037887332103  -0.225742168201719  0.701436560486502
-0.407420381263153  -0.842033182945330  -0.353537482808179
-0.714927844553569  0.574395856162604  0.398682301469750
-0.919015816683966  0.108751393974824  0.378923558245242
-0.666040304299506  0.033089799637278  -0.745181439790731
-0.045446809339521  0.849480103942635  0.525659719330355
-0.207528703044939  -0.773818509605089  0.598445278705618
-0.248559084029159  -0.928807877698601  -0.274835056118404
0.352029989792178  -0.651844919296769  0.671694191931051
0.395145246093601  -0.199281235294158  -0.896742562695260
-0.995734319914939  -0.077681723107674  -0.049786685354195
