0.481822591264319  0.672501299924523  0.561773078873636
-0.346942654634820  -0.038565773773791  0.937093098623703
-0.150146030827404  0.915345927019939  -0.373628161833105
0.978911276726543  -0.204278853321625  -0.001691857916962
-0.277144667486565  -0.804064074179948  0.525996005590256
-0.586664928366010  -0.581238322410750  -0.563902717129863
-0.502676951148683  0.291172924089679  0.813962045221355
0.812197212028128  -0.513998675858877  0.275936677498764
-0.678741719269911  0.726906606453665  -0.104481883676275
0.373594931728228  0.724069347508052  -0.579784793683177
-0.226699107276353  0.376024871951127  0.898450227021087
-0.825637543721786  -0.373187613005514  -0.423147317014185
-0.475978841289242  -0.675414577876037  0.563257747960457
0.108643465251883  -0.907837441953871  -0.405003427695020
-0.972047297955989  0.230162005621169  0.046362718911876
0.387424991414864  0.002260858456665  0.921898456743600
-0.111756981306190  -0.799117976409980  -0.590695214901684
-0.139226130327521  -0.814244623483605  0.563579433409405
0.820295954079111  -0.118204475430070  -0.559591145131643
-0.792826805057780  0.133331122503695  -0.594683503179446
-0.217909462259168  -0.668353639435389  0.711209447990808
0.108013939127294  0.423268013529724  0.899542760338166
0.618405292709933  -0.782096689472984  -0.076809258971439
-0.944328694096394  -0.309524963492129  -0.111524053375919
-0.541384114890702  -0.594465844530685  0.594570096650034
0.510135022076259  -0.839873331058102  0.185405089004114
-0.862770388061078  -0.226898933767854  -0.451823119527928
-0.188748748905884  0.472306420295271  0.860988127173848
-0.244741848995071  0.623110171091857  0.742856070872649
-0.182174950231207  -0.526566899789474  0.830385204320476
-0.818141041256599  0.516035200474984  -0.253678750553354
0.755574142492735  0.633641870406348  0.166149617105527
0.182980883296867  0.651589961963077  0.736171527442385
0.969806519846709  0.243841395408189  -0.004085088518393
-0.235648195215733  -0.415066659755045  0.878743191183498
-0.551177441334109  0.822815226309933  -0.138486575222720
-0.477509183702644  -0.857521316843109  0.191421447699298
0.654657628391238  -0.755837477527556  -0.011536773983292
-0.699950611139743  -0.154597474855558  -0.697258031673631
-0.432216200954139  0.052913635540005  0.900216253356221
-0.644146576220216  -0.608846265555337  -0.463013405057665
-0.145022834538904  -0.817698466741241  0.557079523004864
0.372054829540066  -0.264490661544241  -0.889730236516554
-0.871178571221378  0.473342862730144  -0.130362691545975
-0.181868585023887  0.888095519069022  -0.422149460251858
-0.890573861784782  -0.022969344833536  -0.454258303065181
0.712126144363013  0.201492574427027  -0.672515499423945
-0.003420867602118  0.709572289475530  0.704624342237268
-0.904339354088162  -0.013894463773041  0.426587946997879
-0.583434074038757  -0.657424687495869  -0.476862099061665
-0.409067048144469  0.910775928000802  -0.056136967291158
0.088161768095064  -0.267245704277974  0.959587013350703
-0.628439551682568  0.201905816650072  0.751197557959210
0.251525370436714  -0.544132582995982  0.800409095493545
-0.933927255121094  -0.226230522657133  -0.276766386615605
0.053962333001812  0.972268922303188  0.227554849081271
-0.612461626239892  -0.410953892308422  -0.675283388497114
0.540221366112280  -0.396894129492375  -0.742048465782575
-0.608325280221477  0.702486307004601  -0.369395914858975
-0.544357712130695  -0.716546069820649  0.436160992144435
-0.472124520938278  0.171372304696621  -0.864713808095933
-0.125626170692203  0.984576578666983  -0.121766276027606
-0.892491582777690  -0.450892269378794  0.012447332461818
0.545993232531615  -0.362312004591569  -0.755394864530145
-0.367269813512108  -0.265240587994461  0.891493305955313
-0.837449454695585  -0.531047599984491  -0.129100183504052
-0.204563554667949  0.820523505178017  0.533755496039145
0.674743195851426  -0.554716493187988  0.486837993420220
-0.978766326900636  0.108725063810479  0.173768057550418
-0.278373926214704  -0.616819662313980  0.736234651036392
-0.512342755029275  -0.219395191518109  -0.830283476475200
-0.188049645656656  0.944939917642567  0.267816882989226
0.922107370580889  -0.234150444547774  0.308044747461271
0.670509785952535  0.374028274668307  -0.640717938480371
0.095655093966038  -0.994621428069168  0.039728048328573
0.155942490662317  0.386442708853086  0.909034637613068
0.173428903062502  -0.875554970873637  0.450916742382673
-0.858243852610128  -0.364760303064424  0.361064275116321
0.647173541225464  0.133981113938225  0.750476827520720
0.384499214447166  -0.644775781747438  -0.660624360254368
-0.448396990274032  0.544838014127170  -0.708584276903709
-0.989374129348253  -0.136168893202030  0.050959441721048
0.330003996623057  -0.286416676935937  -0.899479210090919
0.210973142451164  0.967423584265137  0.139935491466163
0.046906456034736  0.998891020704012  -0.004063636199156
0.923061949764941  0.291379309761383  0.251107018498340
-0.656327065323295  0.367204821467409  0.659086794295865
-0.219828428406910  0.340306889475220  -0.914257448993361
-0.129754188120802  -0.818919955606087  0.559047365591894
0.114183553007762  -0.813964992451052  -0.569581519439213
-0.919999725057865  0.006244756600940  0.391869249761255
0.676061983929301  -0.011199719755974  0.736759635269852
0.091390525288512  -0.564600695482543  0.820288867746064
-0.866379161512104  -0.005122777215553  0.499360496686696
0.719412250613428  0.375251641804176  0.584493129977242
0.238357436187188  -0.934729560071165  -0.263564758917875
-0.298378536924805  0.483883277551523  -0.822695096866760
0.115378986215388  0.984506896246459  0.132037346167943
-0.963646106134561  -0.202226081293884  -0.174616133779837
0.549888582994368  -0.298397537401052  -0.780116309254866
-0.916778467284834  0.392860205808553  0.071959020386138
0.038929425865136  0.977390814593894  -0.207826118063383
-0.346236534080592  -0.129687059738907  0.929140209550817
-0.609471359069378  -0.454843549046435  -0.649355071101296
-0.217623311468341  -0.976032347255461  0.000975405838313
0.060755657958961  -0.354132641130290  0.933219600368562
0.649332789022214  -0.486882568455612  -0.584219388273531
-0.927711758449516  -0.135017137669558  -0.348024806256718
0.546028759665716  -0.584201576548307  -0.600467410919521
0.970121969877284  0.208309569725310  0.124380411328611
-0.257443549049702  0.167043643962196  -0.951745365139503
-0.166649661161866  -0.959554790235812  0.226897542891371
0.952915456572607  -0.302926417559897  0.013701028039819
0.362583696756414  -0.001948942498063  -0.931949174831757
0.050653369511424  -0.923881070132392  0.379312541854557
0.539678390304769  0.622903595070558  0.566337661017019
0.048059217364032  -0.574083702792955  0.817384985067555
0.949855986416278  -0.265158237298756  0.165724814864207
-0.556203996181709  -0.819945592443004  -0.135374813258558
-0.345592772870537  0.511020126948804  0.787034983461905
0.693408445630371  0.690799254058389  -0.204892943072342
0.089599610193859  0.623062107060018  0.777023500673590
-0.273507354771375  0.516377212867383  -0.811509889599183
0.877316190207887  -0.448640065869011  -0.170406554146748
-0.392617539705639  0.557432479576701  -0.731519308172014
0.724441224870824  0.530355825137476  -0.440349418587567
-0.681938398972465  0.622208389807399  0.384469426170866
-0.435120365603998  -0.595131735368175  -0.675639315755314
-0.355245455477776  -0.337742507658068  0.871625300736061
0.113262519576270  -0.992591494591018  0.043974157465552
-0.970649173554992  0.228399600444094  0.075324659932782
0.502141198500947  0.426449386488856  0.752326483337727
0.073758129428578  0.862027474708867  -0.501466221385101
0.925227275203845  0.365900175435321  0.100357116515323
-0.659558981142811  0.656284104326734  0.366432974501359
-0.191910164632456  -0.160156805053188  -0.968256312401783
-0.030974241210007  0.685434331481719  0.727475342267814
0.593746522327591  0.767989020562888  -0.240120660332985
0.314018489498899  -0.408903742198420  0.856848946938116
-0.938739253036497  0.326349053117252  0.110747055662684
0.813029662646558  0.540031237671277  0.217598322594759
-0.114918970507570  0.930452800318918  -0.347924153510738
0.802031559008971  -0.418529705467222  -0.426120011258753
0.125917074145157  0.028108142819581  0.991642487364250
0.915182201790478  0.049671627000630  -0.399967832452865
0.305305409437381  -0.919132707250436  -0.248965205261213
0.634019409683928  0.392831947525754  0.666109937733380
-0.024142617330831  0.575972386725312  -0.817112564925032
-0.517513495556513  0.672867508611632  0.528610535055492
0.368404497829429  0.913663666858407  -0.171746411438189
0.075387362282749  -0.212076752046142  0.974340903816323
-0.961305355668691  -0.028719406200633  -0.273983957322641
-0.106725910904633  0.991322818152553  0.076737540693300
0.612676669990804  0.347254501134520  0.709958878732279
-0.946131241347390  0.215698095736297  0.241474648032010
0.226728660451952  0.428370221281737  -0.874695986070989
-0.587873989087088  0.781929445946381  -0.207341540740924
-0.949272847552902  -0.306279365362483  -0.071232094255054
0.283932175337952  0.409915328708228  -0.866805597061927
0.077466683127861  0.678293482600636  0.730696150576058
-0.160455399140773  -0.607036817831166  -0.778306088042479
-0.611783342707670  -0.741304784357572  0.276022387269591
0.870435281428650  -0.383583726840222  -0.308554606751532
-0.419107337861753  0.517851693366628  -0.745773868560538
-0.347182923993102  0.304043532922493  -0.887142348992319
-0.510422475535696  -0.744110869943054  -0.431008015819431
0.766799559293488  0.261516684093706  -0.586197458036067
-0.603560007750894  0.786637718771841  0.130063124863179
0.206125924901556  -0.682775904471183  0.700948762290823
0.980718372471053  -0.195400426506890  -0.003185469926804
-0.507795560709664  -0.839591104750186  -0.192951924965574
-0.266796886859833  0.352215626785893  0.897086157183201
0.085411362629754  -0.132650243503101  -0.987475980483726
0.935425360778071  0.209462275479274  -0.284789307320800
-0.636850960937879  0.607834719260240  -0.474297172260520
-0.213163037210438  -0.949947238242615  -0.228389500902406
0.123871587168865  -0.529870699428276  0.838983236888352
0.115655269064641  -0.966284570288362  -0.230039100937692
-0.803536338242827  0.109496376826434  0.585098193968493
0.811752656347051  0.326917494033652  0.483924143857550
-0.802247040459366  0.002872892739101  0.596985286721121
-0.064624097644746  -0.877209477995637  0.475738644339751
-0.823516289134083  0.142924943892567  -0.548993061836065
0.085893346319463  0.737157426842172  0.670239704217434
-0.363713071642475  -0.433295677501021  0.824601514293617
-0.969658460936083  -0.205964780381494  -0.131685148659486
0.106473716810141  0.620271548069403  0.777127115911046
0.499471672483466  -0.847602445188931  0.179159547042058
-0.123349372170778  0.842571270568280  -0.524269574167747
0.135250196105852  -0.189690060166077  -0.972483966720027
0.666435341960599  0.681422741637862  0.302534266099893
-0.925034910237228  0.350838589096495  0.145680126452388
-0.919374823081443  0.023693452911713  -0.392668505196286
-0.284154711448238  -0.928356835174464  -0.239603185593644
0.003004255207886  0.570167761079213  -0.821522792548426
-0.638224366841092  0.381882527006964  0.668457472945784
0.014655384355167  0.998426867630083  0.054120326161092
0.945535995951092  0.315672869228032  0.079450110095075
-0.519342424869998  0.298068502378451  0.800898628803932
-0.411538186725927  0.384685496023600  -0.826228412737914
-0.946676824479417  0.239041469185364  -0.216014272684168
-0.104990239230927  0.083136477330703  -0.990992116922872
-0.231244744239109  0.870772668550819  0.433913387632457
-0.610441841009381  -0.714867676696158  0.341064456606247
0.516921422659728  -0.141820170923252  -0.844203341568098
-0.157298410100849  -0.928956219339080  -0.335108270162031
0.975113284265079  0.128549972326505  0.180634956375076
-0.300893451504503  0.658586076089323  -0.689730027781144
0.880884686943691  -0.028729925061968  0.472458209489526
0.648373826784951  0.601445142214069  -0.466770952017515
0.350729556941812  -0.936461558657646  -0.005341071417995
-0.118218696783071  0.306286491381609  0.944570232925036
-0.991928612788915  0.011657485727195  -0.126260564536908
-0.243185741620093  -0.573258344115342  -0.782454833185163
-0.303789171616713  0.938023187864988  -0.166807188802032
-0.444953699552109  -0.353107358022451  0.823001457450287
-0.903634365454713  0.339743691109849  -0.260804827256540
-0.702432627661113  -0.623113330347897  0.343974099518928
-0.061068598192263  0.053590624759256  -0.996693870379840
-0.140133139601337  0.909266396698490  0.391914943604372
-0.317877920642898  0.462360814895629  0.827753649594369
0.784442955417516  0.226879522183325  0.577213073405047
-0.619646033952325  -0.603492940281188  0.501831708481958
-0.482674842108089  0.838974232993491  -0.251291132292636
-0.164459216146554  -0.976451538093031  -0.139626501711585
0.862783463657110  -0.455241018401021  -0.219909776965560
-0.644536260351200  -0.124956560376600  -0.754293621285066
-0.382706419452464  -0.396253959315409  0.834576896539041
0.847498099700225  0.205789467502349  -0.489282807862292
0.745669113753507  0.110997122910786  0.657006249208930
-0.113209402213223  0.845572491415617  -0.521719074801479
0.215038388159941  -0.750780146824054  -0.624569982269743
0.457018134415713  -0.139264576787833  0.878487223849777
-0.651245965393816  0.155154892589422  0.742836221426932
0.761763686756519  0.642259789205998  0.084961454249462
0.346500413053011  -0.936679258583253  0.050689548173383
-0.303129865513511  -0.872102786773684  0.384121092801912
-0.989055049029033  0.025567299186953  0.145314910461599
0.461218773978545  -0.157965154342026  0.873111821328418
0.224706409536976  -0.739704931618610  -0.634305638988105
0.218543241680116  -0.189296222539985  -0.957290860526747
0.570410140309878  0.736487659779527  -0.363618204747976
-0.846119729204764  -0.058819978462139  -0.529737306581451
0.494252830575002  -0.866963903857372  -0.063935349197320
0.774979864947540  -0.301893715546593  0.555217428976582
-0.301942912404830  -0.710728960281077  0.635369831410233
0.362835812922617  0.776031449262652  0.515873397856578
0.714086964429753  -0.367196204528168  -0.596025800290229
-0.546469719043504  -0.048943652843346  0.836047465766666
0.224941996463254  0.774614212207342  0.591078607694039
0.200198255697974  -0.854377450305656  0.479541271242314
-0.971609971204733  0.030819585254968  -0.234572413169688
0.824396376306357  0.554599402129375  -0.113093403391568
0.801747645458461  -0.596899212690929  -0.030200047860284
0.084290722615412  0.632712613202058  0.769785569607533
-0.061641991767516  0.518786001618245  -0.852678925138817
-0.592090714089726  0.286945340439218  0.753054418942575
0.218672962165553  -0.532709947331446  0.817558712039613
-0.955961162962993  -0.151999029370075  -0.251066823728260
0.145197486707714  0.971654317140740  0.186562530631223
-0.055259583954637  0.894415267038169  -0.443810442047279
-0.161971843366544  -0.123146003948278  -0.979081295740050
0.859070434070888  0.493381690266858  0.136280948832456
-0.752358174658981  0.524179580719588  0.398989904860315
-0.711896535741652  0.494393638517321  -0.498776756267410
-0.528850071757179  -0.644450464273362  -0.552269137921245
0.423307445680620  0.681468732279313  -0.597001820229198
-0.606353909665093  0.457375370511369  0.650494201883033
-0.470351469202949  -0.580962137166639  0.664268387474068
-0.984669573043315  0.026267524504861  -0.172440856756985
0.185510239279350  0.333080706553060  0.924469141748189
0.328807864561017  -0.940310368224559  -0.087759897517136
-0.366508346266525  0.916454526435277  -0.160570025513074
0.037822900331990  0.207583479062972  -0.977485819554734
0.544772297539159  0.669954503010997  0.504365054032487
-0.949103544137674  0.038916544361308  0.312550740009172
-0.252053284271526  -0.161039922744406  0.954219725833842
0.362468076149984  -0.883769431799280  0.295919727610897
-0.996318412837800  -0.002765782782768  0.085685300291040
0.381797052416290  0.725495291837642  0.572614697931906
-0.323435650563463  -0.937013870027058  -0.131887783063881
-0.993616317003203  -0.028143167908885  0.109245488167897
0.426955084425394  -0.598524431536948  0.677847962847628
0.243225582014347  -0.310346270581225  -0.918981234079406
0.253700982992879  -0.888073041790934  0.383356340331871
-0.316435666801235  -0.728182873637561  -0.607962310770167
-0.424265769031400  -0.108465913153152  0.899018188309918
0.994402418825514  -0.051424255000221  0.092300462792120
-0.502131640114504  -0.059127736432685  -0.862767481295085
-0.176745363774439  -0.959877996256140  -0.217704636348286
0.543359307225586  0.412985551584554  -0.730892329576479
-0.868745583565651  0.487764708238901  0.085829484629680
-0.404653255436672  -0.408483456599342  -0.818166858623079
0.450298641115332  0.367641811085505  -0.813677228728601
-0.975813817339679  0.216142994313388  -0.032704738161410
0.120861920787675  -0.992268261998236  0.028215108266932
0.656526918747481  0.078511023428588  0.750205587929159
-0.174586368406695  -0.719316183764655  0.672386665350239
-0.097498270743847  0.894640067505347  0.436019766542744
0.928611557898023  -0.096812860312103  -0.358200843963824
0.668920474445900  0.409256561821644  -0.620527570276293
0.631487552822148  -0.705487052529475  -0.321732014794875
0.511870387603733  0.710348530542609  0.483108343387238
-0.474437465979980  0.404395083808510  -0.781903898868655
-0.172772926350083  0.916025700820730  0.362003358211383
-0.962680334335519  0.235218668381884  -0.133860942504927
0.574887812129949  0.662236795344487  -0.480568861201290
0.215019595855487  0.018570237094359  0.976433161917600
0.263010408366084  0.508374770571165  -0.819988181462283
-0.345405269286535  0.936323005688193  0.063201494983303
-0.388529210842174  -0.444861329232513  -0.806934600866663
0.996944888494792  0.016913094115484  -0.076255075578924
-0.694333311369006  -0.481544376008051  0.534804886531872
0.317507201739108  -0.103138919385001  0.942630118419678
-0.160584803033107  -0.903070841402240  -0.398341030329376
-0.851255710075007  0.524665384779190  -0.009484201558431
0.662860141707412  -0.537590459406606  0.521164974351332
0.041870780902367  -0.927804989391844  -0.370708429046637
-0.280852387933434  -0.036597334920856  0.959052955403808
0.901841748738479  0.426811864906094  -0.067179552005839
0.092329992128482  0.950977354675010  0.295156303420535
0.674446700055023  0.056553452135928  0.736154437490123
-0.882877677679623  0.333677699689804  0.330433350291338
0.300760969753082  0.560746202849279  -0.771431484360926
-0.808132896204026  0.035517801622747  -0.587928318624627
0.018808161112008  0.840128302192945  -0.542061517661958
-0.824557534256790  -0.013359736014970  0.565620358680602
-0.002383523059244  -0.791250764555227  -0.611487159643270
0.198115479160882  0.979852587542899  0.025281685116710
0.690400656401773  0.218390442256299  -0.689675683470934
0.343882061722505  0.247285287026663  0.905867051197702
-0.836167238963396  0.514176858259936  -0.190909682610058
-0.667770914456049  0.394739489192521  -0.631080614088692
0.194748157861011  -0.312507348379052  -0.929737765296665
0.057370650738610  0.997732952012457  0.035179040668217
-0.919889723055670  -0.290486114440885  0.263478110539757
-0.398635261801454  0.545462211828365  0.737265829613576
-0.010266730875402  0.963785310362859  -0.266481649960930
0.547065624153196  -0.110609337354833  0.829749828177023
-0.935434155079248  -0.307713761179662  0.173997651397483
-0.281632492466824  0.630167717444784  0.723582605565775
-0.594145557236290  -0.478753459263075  0.646363815555928
-0.496497372816467  0.769127794037321  -0.402408741487596
0.809010437585933  0.339793382670539  0.479627531497442
-0.563494252537173  -0.641914051346111  -0.520019786202406
-0.368320868981353  0.459006894789249  -0.808487729040307
-0.753750152105981  -0.321791618898709  0.572984172736699
0.558576768550160  -0.779129327236650  -0.284516229898798
0.738824679123138  0.643705154207659  -0.199453673731736
0.401515375614311  0.322582316753599  0.857161625402805
-0.364903239612784  0.778363052882539  -0.510878247361804
0.702212543121610  -0.457240215428479  -0.545737051772737
-0.211055302930931  -0.765377804659833  0.607990522326482
-0.956135512030074  0.056467723626661  0.287430476504166
0.592791797025979  0.039979946800920  0.804362784589458
0.152288412073163  -0.861825475087414  -0.483802738767142
0.610116456717437  -0.055053793562405  0.790396728900714
0.442320367206192  0.885547775526624  0.141978273036504
0.696827963874782  -0.698052726930522  -0.164782217447717
-0.529031874363537  -0.242548842158506  0.813200673311926
0.589474652480972  -0.166824592743285  0.790372816674811
-0.553687064497818  -0.009580848239748  0.832669707600076
0.685322333863621  0.725445381882993  0.063736148396004
0.457839383115169  -0.882689126386530  -0.106033039321269
-0.093811650648147  0.899031877371637  -0.427716094708044
0.159672186750896  -0.080647548945122  -0.983870299189548
0.669157092608734  0.628917210399919  0.395843312276727
-0.922640930007777  0.350762215916840  0.160310892204778
0.828643600777208  0.229369100050557  0.510626672661134
-0.036969642991077  -0.425809954044365  0.904057038318849
0.064925378934802  0.992713288406845  0.101513655192991
0.800687864833483  -0.337534234311922  -0.494944020850705
-0.337185432380891  0.891824642508283  0.301587120423081
0.601043908789288  0.719014374788123  -0.348947773392149
-0.011813681676020  0.031319859595557  0.999439594632999
-0.926415659494159  0.141490408124603  -0.348904700817769
-0.093983369837584  -0.047725766585682  -0.994429171634552
0.734129238830719  -0.564403487634724  -0.377495647444562
0.056405954462144  0.921296760382682  -0.384747511505390
-0.884518563130447  -0.404619039333640  -0.232186012684599
0.868142714855922  -0.038735870099023  0.494800726566019
-0.176456848206743  0.012276863586901  0.984231811791009
0.560577824333367  0.790085747765320  -0.248026236603678
0.484021738729298  -0.841098481451244  -0.241404848621311
-0.489094786665601  0.199757142343921  0.849048510827927
-0.765021496557962  0.614507924576558  -0.192671016078776
0.623140620581159  0.436752438730849  0.648801259434955
-0.347213910688798  -0.851503220963486  0.392918267471748
0.244012967131130  0.511233170507115  -0.824074218286864
0.949167919695978  -0.196893302578196  -0.245587637351438
-0.103329094279812  0.979557223389974  0.172599954750395
-0.601825858285036  -0.271430750304663  -0.751086535685821
0.358531134770980  -0.898873132484605  0.251957371587233
0.998519727931793  0.038274486139757  0.038644749213257
-0.281559859052284  -0.674453214783840  -0.682522458852602
-0.358428734108529  -0.262694403840523  0.895835081226578
0.185807820191728  0.974286698171596  -0.127439725837307
-0.552859883444887  0.348566960907615  -0.756866582061156
0.969475396942599  0.130052262031500  -0.207855391711355
-0.230807693305984  0.495667475232481  0.837282247935204
-0.386415958904622  -0.921115567815979  -0.047210353005136
0.084590187518732  -0.443108425350156  0.892468163891156
0.494543892821472  -0.534206004590019  -0.685602131511383
-0.965550039244826  0.056198862124197  -0.254076385384909
0.259811634362615  -0.475310283238454  0.840581970599898
0.768802449873627  -0.611568061484583  -0.186888467381749
-0.776624805469419  -0.533583202780871  0.334877406284293
0.267633989958407  0.669840981026999  0.692593031697354
-0.801276896641268  -0.483288560494222  0.352686124201622
-0.397880797828596  0.521022788271128  0.755133183499083
0.273494192056480  -0.904635557172795  0.326856903873912
-0.676890290869153  -0.099675791592555  -0.729303963171373
-0.791755001656278  -0.382968919448009  0.475876900142349
0.308907289927477  -0.517314201840505  0.798099181056956
-0.498829219332467  -0.607375292309489  -0.618275556877454
-0.601833072251288  0.741720574701985  0.296053275962847
-0.920378029665498  0.260799973690023  -0.291354863066227
-0.036820305730157  0.032362554795033  -0.998797742354816
-0.224356743537383  0.901040654022013  0.371200473368345
-0.659200980397958  -0.672603235127023  0.336242405920243
0.494704167115443  0.856079872010834  0.149649723609936
-0.630984312291007  0.693060517429405  0.348605675259498
0.394213516404664  0.312637402009819  -0.864206895568660
0.731474963001786  -0.149618047428390  0.665250943919099
0.350895826890995  0.132469767231206  -0.926997238097393
0.835497342420444  -0.536241857436883  -0.119953579108823
0.201957235064597  0.968643659432098  -0.144716053867762
-0.686558750594046  -0.299932034764009  -0.662327605120808
-0.196631964168276  0.809576415746799  -0.553102068097646
0.473119539891296  -0.073167626635006  -0.877954668183756
0.315717656474588  0.817501876847307  0.481677322220306
-0.985469160534160  0.065242165534497  -0.156824722134195
-0.946254967547186  -0.323058171774968  -0.015328210648668
-0.018651117321173  -0.985247356208964  0.170116968306867
-0.403128396819283  0.191439409578979  -0.894895775014033
-0.524475453406730  0.470749774855016  0.709450596058497
0.742500951468171  0.413964252018730  0.526617446653105
0.825568904611860  -0.556485894608593  -0.093591841736597
-0.261774199647045  0.048530880003808  0.963908202104954
0.178706246503355  0.921919266623514  -0.343698913715253
-0.755675022269973  0.378171942644314  0.534734740328232
-0.859763357125634  -0.414246465527770  -0.298675133785539
-0.041972780693654  0.989823436615351  -0.135970033492016
0.146061115549315  -0.197405028443267  0.969379907605786
0.841022255283723  0.325135324192920  0.432398643706761
0.317403996137746  -0.677803955694215  0.663201704522134
-0.178748223124179  0.865652665612194  0.467647875274177
0.702366482270156  0.137286614274942  -0.698450936089551
-0.046682900651005  -0.096921494827567  0.994196625737182
-0.946739743543876  -0.168490756706607  0.274398839099059
0.327990030160175  0.839833554343812  0.432553050057177
0.572066812732696  -0.768264292464772  0.287244736580946
0.011790673200785  0.018193539331113  -0.999764959954128
0.535055547282766  -0.772865647990868  -0.341166017471840
0.412906965239088  0.855308725251551  -0.312977351521821
-0.936171839321069  -0.064249537929570  -0.345621590960467
0.244611934706747  -0.357105968383954  0.901465655886890
-0.113613576950873  -0.993500123867590  0.007032709827075
-0.594330044662475  0.408384116683427  0.692816145346078
0.952555556320094  0.228010038800209  0.201616800713737
-0.075199046015980  -0.735180012296415  0.673687949274833
0.048916619339435  -0.884160706274137  -0.464614904876308
-0.873717629627979  0.076208593908574  0.480426637366980
0.749601964272564  0.072772100069147  0.657876216784161
0.062497073506236  -0.683110565615789  -0.727635946711838
0.349583493489914  0.430436107444966  -0.832175545475240
-0.907090695072615  -0.381523587111586  -0.177837632097903
0.620004275088937  -0.732023085949169  0.282377230861304
0.311126677939333  0.918341565097321  0.244640471077534
-0.708892309521815  0.665429952395477  -0.233826157552531
0.836954328311244  0.213642214933815  -0.503849636617165
0.183064659149904  0.039269397768029  0.982316265247230
0.668349479531544  -0.678109882429789  0.305738385815346
-0.024680160151936  -0.791322940664617  -0.610900068155814
-0.221766868891153  -0.290452346280445  0.930836661505336
0.914796508574633  0.403665404515273  -0.014198207534176
0.783684143747323  -0.526802712309454  0.329117099437917
-0.101444853428190  -0.955883966326025  -0.275671515818662
0.044346739651250  0.056359216464340  0.997425187872168
0.840782257524263  0.372722037552232  -0.392636572615589
0.464569584651567  0.269967300125836  0.843381739119029
-0.262175557337782  -0.621197141340711  0.738497182611249
-0.263003179167346  0.934191507852869  0.241071678974226
0.989748321156695  -0.043027066386323  -0.136187122466446
-0.649317894668135  0.395598338722073  -0.649529234187405
-0.856612361212151  0.210235354763491  0.471186118456403
-0.176039528736611  -0.654130621416751  -0.735610776462069
0.383333995280628  0.839493605375333  -0.385104576181740
-0.518815582602321  -0.702204494833825  -0.487585109169863
-0.431535687649068  -0.614462508555560  0.660464060994127
0.617469644359731  -0.522843162617740  -0.587678709498777
-0.704749539312983  0.435101176339475  -0.560370460665214
-0.712064377303687  -0.428142003284295  -0.556469898196500
0.190663162693819  0.162604422232994  -0.968094706246173
-0.888677563838521  0.393501554741440  0.235390556195658
-0.014049976158985  -0.984247980258729  0.176234251854015
0.922367092670667  0.384202224917198  -0.040343484318239
0.650514420291961  -0.653470553421140  0.387049382900532
0.029975095177067  0.850736842664847  0.524736427363084
0.241877577201639  0.186935935673492  -0.952129294581855
-0.187765223338700  -0.445171701620539  0.875537764451564
-0.595103904985780  -0.789811493391511  -0.148489552418164
-0.452442881180283  0.647696063399334  0.613013253303948
0.859781562827363  -0.303056271628362  0.411014063565780
-0.656704314365903  0.568131087408272  0.495950109399629
0.406743586430966  0.894375738615488  0.186149652358731
-0.239173345486066  -0.443688407667148  0.863676274833803
-0.824274555310803  0.117443756459932  -0.553875817792905
0.742032433740993  0.666102253688055  -0.075469562792646
0.383081577657713  0.176404850696919  0.906713755002027
-0.355102371220342  0.852557791590284  -0.383467753471383
0.714053227303623  -0.362860388599148  -0.598715564323290
0.276015452709122  0.933766120446420  0.227807599022117
0.961281672136620  0.005613129612434  0.275510507222825
-0.564321465597756  0.340284994863251  0.752161821509520
-0.120944753829742  0.587867995970735  -0.799864729710228
-0.831136409573332  -0.430142177236605  -0.352405981850060
-0.120889321237081  0.246454610953585  -0.961585095948640
-0.788543612220276  0.316941851364753  0.527016920487456
0.078296523884025  -0.993538639554943  0.082162193611124
-0.091308909740459  -0.803673331898406  0.588023688806261
0.370226917964529  -0.801020303989606  -0.470423747073726
-0.966097902844567  -0.152662997074804  0.208203869905121
0.504562075139579  0.150009969166003  0.850243565974866
0.031171247281160  0.993428309557546  -0.110129683158421
-0.788952670154295  0.300903195768886  -0.535734030123605
0.842273568324550  0.256553925021348  -0.474083663141825
-0.022149650889094  0.435971188767311  0.899688010107009
0.554823299419404  0.599376480098940  0.576991283751819
0.739636130340534  0.395602508798591  -0.544460328882777
0.387887735666138  -0.529309460703907  0.754569148142922
-0.572700566587268  0.733083432004256  0.366882464491674
-0.795456927858598  -0.543134688979787  -0.268799154664952
-0.828702454563173  0.413058082389156  0.377670838659758
0.098112696881328  -0.931179576458554  0.351110374522230
-0.064867170176752  -0.025013194910388  -0.997580367846940
0.404442895229530  -0.173150752066015  -0.898022695457821
0.990128570333287  0.131148595050714  0.049451594776972
-0.387423060195355  0.635204487566316  -0.668145666306742
-0.198262614908402  -0.939503834683044  -0.279328623928050
0.070833952553763  0.407391542352178  0.910502434036024
0.299270198334553  0.950593924376978  -0.082513873538778
0.664454360794027  -0.512642931767103  0.543780862968743
-0.892890606574817  -0.030559450257697  0.449235444606059
-0.950675202714478  0.233962840695720  0.203661601970955
-0.593019188919017  -0.356429886578843  -0.722001369477389
-0.095403424942164  0.994220924096700  0.049223374504479
-0.262252588853297  -0.403828196822137  0.876439596943865
-0.574925966294360  0.026882577566952  -0.817763694659926
-0.538145377484789  0.842850577876182  -0.001567183952174
-0.615264072287930  -0.788320479450353  -0.000971097749410
0.578483483478359  -0.027647520858877  -0.815225412958343
-0.307694823410132  0.544018805699540  -0.780619904109455
0.480485615259603  0.876987041939347  -0.005225112350399
-0.984503888111994  0.159734119779765  0.072367846938744
0.196323449442259  -0.492702356019572  -0.847762638697799
0.987219300643648  -0.141329785654970  -0.073647431206986
0.223789054444109  -0.936328600964402  0.270568309539490
0.474550931048180  0.643097064264463  0.601022112551389
0.288879315151359  0.151901751044969  -0.945237853297864
0.115232747084296  0.975618899552469  -0.186786447140673
-0.896255213478829  0.442873571806844  -0.024281509571413
0.454619658952654  0.118969639061560  -0.882704475277732
0.556868301610472  0.413775688684065  0.720199537708472
-0.004510167285414  -0.996683313959047  0.081252877282406
0.911517333690765  -0.355433623423265  -0.206889075887268
-0.661601509001880  -0.383957544338103  -0.644096302917731
-0.254425991974299  -0.257292146197679  0.932238256087405
0.716856435620107  0.247266036691116  -0.651902107535406
0.058470541362450  -0.699418400296435  -0.712316711245467
0.876593799775873  0.064135039828763  0.476938158318937
-0.218207905518217  0.882549397158788  -0.416523554608876
0.539247674389985  0.797279724783329  0.271213912095991
0.049103686450402  0.644452015312929  -0.763066463642641
0.923309984102550  -0.291473233479970  0.250084040716875
-0.433165996162967  0.444300942950370  0.784196335021758
0.033329585152905  0.908148626500572  0.417319075694677
-0.852889287017218  0.486000660819620  -0.190743864315880
0.768770603161279  0.513810097911892  -0.380776762682302
0.117448269008843  -0.091662132230940  0.988839702692860
0.329098900181245  -0.942248062366564  -0.062149037530370
0.972400632009141  -0.029400139877017  0.231457647623566
-0.131196541974235  -0.338119503851441  -0.931913444741119
-0.512105189853661  -0.574728418638105  0.638306759587182
-0.257515544968900  -0.952371254039030  -0.163324029400134
0.814694293127117  -0.529898071026721  -0.235544567053173
-0.655426580375420  -0.043474010825385  -0.754006636655234
-0.416783257720598  -0.378999172186923  0.826227174308273
0.913189184147210  -0.035308401239553  -0.406003486140773
0.117049526560537  0.771904167538383  -0.624870678195762
0.107553840910802  -0.856626449875881  -0.504602117195696
0.688585816675871  0.049413881097945  0.723469309250685
-0.445472371161982  -0.818952308146995  -0.361761639083016
-0.863262005179842  -0.150304000439845  0.481858296457225
0.597734321902109  -0.790675925004955  0.132458529501818
-0.179944687884250  0.122027617297805  -0.976078465042059
0.696695207488793  -0.009351997036876  0.717306299995734
-0.194910062533643  -0.739457268867553  0.644370246862835
-0.008333473414836  0.874916327026121  0.484202410076578
0.899938743437272  -0.144811055195444  -0.411266356943679
0.266105547751212  0.821931996080111  0.503602652173112
-0.643204414507165  0.738255842891003  -0.203141309427180
0.921231313692624  0.275545787511555  -0.274604052513433
-0.011921351434246  -0.191869634322447  0.981348014113725
-0.269996859168657  0.940608890120113  0.205807220150482
-0.992262973109999  0.044168522173047  0.116031607090288
0.274487076413764  0.597944470859220  -0.753073206700857
0.447779037527578  0.298495897087846  0.842848819761052
0.863310991740017  0.093037633694218  0.496022308225597
0.759995719673994  -0.004383521649317  -0.649913294844134
0.102140049952969  -0.763666390254339  0.637480238589019
0.001175222113053  0.861087545597874  0.508455364480712
0.095405138984705  -0.637415677151103  -0.764590814735117
0.234209045193922  -0.907174106824483  0.349544364933198
0.724242820628744  0.318842421175092  -0.611401543363220
-0.863046726837960  -0.049083991501712  -0.502733636305096
0.206175202342824  -0.212454200482524  0.955172758529172
0.967053429580654  0.179793194132032  0.180227832700992
-0.198553235571397  -0.963893826995687  0.177440984340534
-0.562324991666433  0.571646432381131  0.597503941487646
-0.879292689397883  -0.328376660974812  0.344982803772119
-0.068833766609941  0.196721458221221  0.978040173228894
-0.068318657533539  -0.986751639110158  -0.147152178870151
-0.742140265254403  0.461653519914125  -0.485905190586625
0.257425795661936  -0.950415582661094  -0.174476875151957
-0.755458162770561  -0.602573699676056  0.257270093019066
0.809246619817692  -0.230716637842366  0.540268212405982
0.203637338614806  -0.117125245142672  -0.972015180577005
-0.207426046636662  0.035543414643112  -0.977604777429097
-0.932647810604010  -0.325829975137064  -0.154928656735049
0.643237436696169  -0.581090655419835  -0.498577225930236
0.081984327271180  0.942464045200011  -0.324098894763811
0.125131954977525  0.117746425665411  -0.985128302855279
-0.892349861727245  0.103286161508710  -0.439367378302218
0.465425623580243  -0.801687827852509  -0.375067481379108
0.552056193124527  0.816148092009211  -0.170693443173954
-0.349994576111559  -0.201827701736866  0.914750990982850
0.443555209958740  0.599364290373805  0.666349175090029
0.194509841360291  -0.953952596927919  0.228342646977023
-0.988059627430590  0.152760604817248  0.020059168915798
0.413939734212339  0.335289529421229  -0.846306580324595
0.937766707874157  -0.340147162128407  -0.069953625344634
0.007700572713998  0.999951994400459  0.006058883925449
-0.531527546375815  -0.324515302850823  -0.782411838905410
0.800404442480990  0.515555768715840  0.305867582134027
0.031009003158093  0.879809477141029  -0.474313952626286
0.829523434120344  -0.519121278913680  -0.205922242665081
-0.060127994797448  0.154867570488490  0.986103777425394
-0.399035253186975  0.884589815193029  -0.241395371891777
0.695883455341880  0.713354397970385  0.082895835104996
-0.760093932220998  0.202448592864371  0.617472089610581
-0.334824776307858  -0.031213175641728  -0.941763296607354
0.999103443188638  0.026549955435005  -0.032975895363250
0.355601693405815  0.280580186718340  0.891528011039484
0.293239229883787  0.654533831263740  -0.696847341810510
0.350262519899036  -0.908564062547075  -0.227656564592223
0.927053149280493  0.055377789872988  0.370817689434988
0.425180231472851  0.856717319365893  -0.291988365287408
0.540063895938746  -0.771634417817794  -0.336022787236905
-0.038190978131103  -0.029705111675111  0.998828841959301
0.416492413718107  -0.893139309114669  0.169812378316299
-0.579324096207101  -0.524787265650588  0.623684148720171
0.903140122837412  0.125978955413583  0.410447586561459
0.092676387087796  -0.494330998877663  -0.864319356965332
0.484224800018503  0.238390300833057  -0.841841082102653
-0.067099936139414  -0.757719011378882  -0.649122098195013
0.962094372213622  0.176925074270696  0.207537796676135
-0.410769636055705  0.819184237941244  -0.400256780583774
0.550139777761985  0.606880053867515  0.573622545879915
0.970501821366650  -0.188862598591403  -0.149857043802814
-0.225241717828705  -0.155643654567457  0.961790632800331
-0.195120325775960  0.951386307026375  -0.238311043117602
0.808423028253686  0.142775235785370  -0.571023151400688
-0.174204586533037  -0.353983018655183  -0.918884532754044
0.779982984898171  -0.481093355539052  0.400219597877859
0.202644629888552  0.977851609979605  -0.052358216524503
-0.225171724050542  0.682102323135249  0.695725603569111
0.743836092657096  0.054822406866644  0.666109879048474
-0.844955583937254  -0.264427603287027  0.464895798855112
-0.124052232770384  0.891707519555631  -0.435280074334475
0.773553735988107  -0.412634457227253  -0.480985885705198
-0.098409164242576  0.153756721498318  -0.983196067418481
0.020587698612082  -0.982847476006108  0.183267524603463
0.851375201618600  0.416456297280538  0.318942657109821
-0.260816639128005  0.024134714824517  -0.965086626316162
-0.867781223391370  -0.481505890072649  -0.122913897321354
0.708488933522712  -0.444699129552646  -0.547983681555363
-0.101524349259347  0.950339734449812  -0.294189047439445
-0.498496924810536  -0.360912021201162  -0.788189906625892
0.544944741451210  0.132014806549164  -0.828014081774254
-0.870636383520149  0.482974557572586  -0.093423040137435
-0.172805282741596  -0.975901385322911  0.133247215285797
-0.721136707067822  -0.604869290287155  -0.337779501134827
-0.712967753616248  -0.089442869087915  0.695468874553509
0.386388825470321  -0.900610655895151  -0.199007844166433
-0.394557778921895  0.385184234695911  -0.834240531521902
-0.490359516761816  0.777209602069287  -0.394325726744298
-0.526358469447863  -0.305742263651219  -0.793390464940140
0.656427106148356  0.698650778602661  -0.284588376206040
-0.620428153462309  0.384301087117846  0.683653114401882
-0.996908804943493  0.071556529113210  -0.032442221986269
-0.327688605205403  0.465727644299454  0.822020644116569
-0.398635517123687  -0.915982394345900  -0.045453027796636
-0.270584682614403  0.521811279159656  -0.809009838306202
0.476181704296484  -0.372008041563432  -0.796781652339859
0.164478644457948  0.731579430908049  -0.661617950020653
-0.562114936772440  -0.711139636590491  -0.422264390077189
0.873817996610977  -0.392447835880990  0.287100687757982
0.130909649590429  0.101803831588689  -0.986153458401872
-0.373334830919258  0.878924246335365  -0.296838800068826
-0.472338197911967  -0.741053762564765  -0.477216877092460
0.976582678421653  -0.036066652181911  -0.212097781240586
0.335598764439075  0.880510397546748  0.334775908809212
0.221629497949946  0.589444845480849  -0.776810877739565
0.820231864299719  -0.144493058576440  0.553481205471905
-0.706262597810590  0.435558610642339  0.558105581076872
0.190754834273986  0.362916689853688  -0.912087753139327
-0.542275188886020  0.826716253574956  -0.149926167141098
-0.239379797205354  -0.685005745173822  -0.688087524787930
0.972409820365360  0.221206181452554  -0.074074061210299
0.914986390335568  0.210808816038050  0.344034225886500
-0.051034456490354  0.208942597861730  0.976595348672891
0.366970376804863  0.789994014794310  -0.491164126475931
0.599050470021059  -0.788127796617990  -0.141396996310460
0.131020293053914  -0.136668941773974  -0.981914091538791
0.757450659087911  0.570333576428474  -0.317786265665456
-0.835818289324235  0.254548189921518  -0.486428829572002
0.209387923290238  -0.961550708123966  -0.177698996301333
0.072888030838909  0.995082557348842  0.067067421454206
0.635124354681319  0.335355742479192  -0.695811454401886
0.337987192788510  0.249052429682335  0.907599881434693
-0.900223516630920  0.410674385187314  -0.144721005578601
0.730684930431432  -0.097156683227227  0.675766314153568
0.021569807055204  0.809759293792710  0.586365610809445
0.877790530879137  -0.095034005169751  -0.469523505013668
-0.168675407502908  -0.811881971850185  0.558924208357791
0.139918189409270  -0.274802728323210  -0.951265662566747
0.786134573493585  -0.615421625531570  -0.056996975236766
0.170324102418958  0.811036535631026  -0.559651175292968
-0.816540486503273  -0.470417638422666  -0.334617512037013
0.424104391895371  0.758177776006001  -0.495279642975210
-0.712260323288029  0.598337049911352  -0.366985022273406
0.552503597738013  -0.360373878993197  -0.751578633162192
0.583861117445386  0.520214605087846  0.623284012460388
-0.394068864254903  0.759670348429063  -0.517311020511372
0.484907914696072  0.844680673001564  0.226669086826438
-0.967033311191058  0.097379572525421  0.235295120862342
0.088056532240083  -0.182389897097922  -0.979275228200152
0.080738630340456  -0.864083146451807  0.496831550516564
0.924438985245531  -0.364257771612490  -0.112822153755886
-0.663005754859343  -0.655558605989383  -0.361477915143720
-0.180694600045732  0.155733231150066  0.971131619416170
0.816399707068755  -0.269353797435608  -0.510822914624108
0.807486391280527  0.111324160426433  0.579286336108579
0.090336969750107  0.576450086798497  -0.812123469262140
-0.081423653961879  -0.957128044660539  -0.277985781470547
0.347272957452070  -0.795524728927168  0.496529856793979
0.246754143035161  -0.717713625287062  -0.651152474442266
-0.706970809840799  -0.340843962055606  0.619691590683045
0.807489624257708  0.263032858415501  0.527990740553200
-0.015871285155961  0.586138597765535  0.810055335466010
0.421647730384749  -0.481646010119665  0.768264480759848
-0.946627346949407  0.227534658322062  0.228308224271026
0.509108331408697  0.840249949563138  -0.186517369564864
-0.936780263846246  0.134320991303584  -0.323110830154886
-0.417191679533237  0.762309783257473  0.494807939384749
-0.530664209880427  -0.832159445728782  0.160953885434148
0.011075625567418  0.204170653774892  -0.978872654973784
0.496242596819951  0.186024560408385  -0.848020134210420
-0.642289878754314  0.011637184794554  -0.766373464819748
0.684184102185714  -0.713864142128451  -0.149298696911725
0.454348373388551  0.888251517742283  0.067652027521054
0.852404606305046  -0.086968536112134  0.515599515977714
0.616519637624094  0.747714035157766  -0.246631826924156
0.433237899532580  -0.874695651142196  -0.217284238456286
-0.197352930851628  0.040013079872296  0.979515581358156
0.161842289832747  -0.365203082407948  -0.916751755832203
-0.828364370820922  -0.453173266973727  -0.329312100073498
0.750738089610504  -0.659834719653077  0.031787789295835
0.239468571043165  0.747804904218856  -0.619227445054540
-0.593034431868334  0.514643708465569  -0.619235024813204
0.306742556807274  -0.132851877901524  -0.942475136213882
0.041412424204081  0.972284722751071  0.230103083478717
-0.941189412879689  -0.324789136383979  0.093137027921961
-0.954847700319691  0.055723068614888  0.291823249276577
-0.077037520188595  -0.306589328060776  0.948719244245859
-0.562171198221502  -0.583891551964161  -0.585691215091267
-0.315638981909594  0.946203948639826  -0.071204779878016
0.337871949740608  -0.436928315780407  -0.833628329921541
0.985935776821410  -0.148129930544074  0.077383251809232
-0.187809373353270  0.590033326481472  -0.785231375405912
-0.460254453727532  -0.878831711717805  -0.125780206324860
0.415297699587147  0.738399189376270  -0.531313897659464
0.711863814526751  0.443120830760051  0.544879655441406
-0.700612367462127  0.671160547198083  -0.242251585018310
0.404046252522523  -0.375882188581864  -0.833941968082560
0.984987505507267  0.102720761588421  0.138737374680602
0.303053513465890  0.868590901437678  -0.392056646309767
0.480205156294981  -0.753780785051115  -0.448572776654399
0.201728835746396  -0.012089354798142  0.979366797644768
0.746072628954831  -0.524181310299152  -0.410620976397325
-0.374054924092593  -0.797522018708589  -0.473330268878995
0.628798818066731  -0.302173778434928  0.716451710880950
0.491328734980692  0.575514486844366  -0.653742418399280
-0.773292171489148  0.267912875024682  -0.574666780760475
-0.168434167228175  0.980253076869524  0.103604230598861
-0.814315649493846  -0.509378534820490  0.278250842323159
0.209457645232873  -0.202961667024352  -0.956521853682495
0.227280468259290  0.412763988675442  0.882025781029431
0.405388243022150  0.901978578784278  -0.148643922962590
0.653063389329299  -0.583523515389687  0.482709557088930
-0.831171164092159  0.094308925280850  0.547960146903091
0.389408672813189  0.868970578953490  -0.305370297264007
0.576442632331145  0.379571502090370  0.723629301805835
-0.738465527899007  0.641179810847599  -0.208703412205642
0.551431568381051  -0.151780733984479  -0.820296186864200
-0.482659696914353  -0.746049454818071  0.458748109467717
-0.959870060914958  0.001750683993045  -0.280439657082718
0.058109266932676  0.124666854688683  0.990495577192840
0.419101097067928  -0.872466993499800  -0.251307810642406
-0.806675412806874  0.417840744089991  0.417952019915185
-0.613644901835016  0.330387757792892  -0.717135875516264
0.282574217511581  0.766831728576320  0.576299324697133
-0.475604728483438  -0.679378742279221  0.558788570734316
0.397523913838614  -0.895710320489173  -0.199192770189117
0.932871682145757  -0.037790749347751  0.358220998706499
0.016720102592449  -0.144710582324235  -0.989332747629775
-0.552067870899592  -0.713208988817187  0.431918978734159
0.552040820779056  0.258616718050877  -0.792696868505344
-0.329035748951504  0.870677153973129  -0.365590986569931
-0.075296853805379  -0.706694061735749  -0.703501163406601
0.956373423535940  0.094633625813497  0.276395281471189
0.647706735037034  -0.760485948026940  -0.046228868050506
0.771743782460795  0.181937139697517  0.609352452552536
0.332017171617427  -0.098510124997519  -0.938115319683107
-0.456054219041188  -0.843912962726938  0.282533999080064
0.993089554329208  0.083502400737348  0.082465060197122
0.337790529232034  -0.674119659142747  0.656856334001895
0.232005321323928  0.919610334096969  0.317002151884562
0.423293703773245  -0.161988274216874  -0.891393425689334
-0.861719013718350  -0.217180672289850  -0.458555227840663
-0.250913849358225  -0.948414253158730  0.193785047425251
0.107680000680402  0.121357687812584  -0.986750895141348
-0.718485165040527  0.609875893056296  0.334410619875434
0.225330777073545  0.254743575348933  -0.940389149087693
-0.661865721059746  -0.413705607509846  -0.625125137553251
0.918432077038517  -0.326787722916720  -0.222917706828376
-0.031235578905225  0.995236905775499  -0.092346304706065
0.959653525371412  -0.190164001200197  0.207129823757355
0.257288022892866  0.466996738477230  0.846000543455800
0.574277650682834  0.328365180928548  -0.749920987758022
0.128087851795712  -0.985525920605976  0.111050268059577
0.261270814651968  0.209277448468214  0.942305954015856
0.955360026321670  -0.256901318383893  0.145907274387797
-0.583135899588935  -0.513528549045673  0.629476728660917
-0.110953312080767  0.979707315897780  0.166921950967142
0.159539795800973  -0.976946579185096  0.141853568775419
-0.820372115262595  -0.512112023278792  -0.254422617141006
0.211786670143761  -0.166787985015971  0.962978802676222
0.768125240919807  -0.298046570890334  -0.566702616759797
-0.667975552512719  0.578608722237471  0.467996375836446
0.446292860830208  0.480902362855343  0.754689074899151
-0.740393078849275  -0.568603268551380  0.358480699319753
-0.373875334493653  0.666309627933508  -0.645173398382457
-0.404873673686156  -0.269914049022629  -0.873626759260547
0.706152119610176  -0.397378555637079  -0.586037087128318
-0.391850639278924  0.803477622596584  -0.448192800570513
-0.719175154017408  -0.676013115982133  0.160603128438284
-0.513861778395941  0.429514569146201  0.742605755158762
0.574031124389321  0.683661419803980  0.450660993767975
-0.271905838336275  -0.696793672663693  0.663736237382358
-0.815987064448986  0.442646822005914  -0.371791475991571
0.741493730763331  0.105274271028189  -0.662649511505261
-0.320287692356632  0.545008490219862  -0.774842912926956
0.288768552871906  -0.901238269470185  -0.323082504191503
0.773012870248057  0.461504050278512  0.435275905613198
0.134634155142896  -0.044722416892112  -0.989885624552800
-0.477413184858133  0.762799437392220  -0.436134920910635
-0.364790259239457  -0.863882913413943  -0.347324601310428
0.976837599240486  0.056361059129611  -0.206426102331737
-0.328159083597145  0.834090916866747  0.443400449089839
-0.969297940069716  0.129424420024308  -0.209071334424347
0.521289302592493  0.783956671875622  -0.337148927959636
0.119849553880078  -0.079290175033183  0.989620711473822
-0.084069479079213  0.993573870063772  0.075784480032852
-0.481918947150126  0.230227774986248  0.845428471251469
-0.513422682881403  0.351749484501723  -0.782732041541443
0.911272150952316  0.411596610575800  0.013088050322827
0.332678240053482  -0.913042959066601  0.235961317791336
-0.003879052949001  -0.577477728909484  -0.816397222901795
-0.595268362248021  -0.402200350116443  0.695622351044566
0.931825655250503  0.066635119959327  0.356736189648564
-0.954905876327953  -0.025504989126212  -0.295811194656348
-0.538044061629520  -0.529706417754691  0.655682620430573
-0.058248015254192  -0.427967076254098  -0.901915378714360
-0.358613799444241  0.932168504882576  -0.049578436372562
-0.672146267127153  0.066243823647937  0.737449083947858
0.093927565297959  -0.788046825492547  0.608407604577981
-0.921226373111479  0.013007042478065  -0.388809447325864
0.155152540686368  0.841283606662419  0.517850926695741
-0.522011833350933  -0.650419651102567  -0.551777059419121
-0.517448856443335  -0.608012774421284  0.602135488993978
0.627430052555768  -0.540678608747539  -0.560355397219205
-0.631993029463366  0.498271732066255  -0.593557151193894
0.489559849835339  0.838657155125230  -0.238716001948877
0.759642552573809  0.135100292752518  0.636153364541391
-0.625008363484552  0.778533215045252  0.057013846087296
0.354925660746082  -0.074976352672540  -0.931883212577563
0.426846087360690  0.254134253401453  0.867881442913118
0.723025885430658  0.670142519285386  -0.167757482226725
0.392515356046315  -0.813448878474281  0.429223272175181
-0.688695154116283  0.397440612590348  0.606415652964663
-0.047550691607193  -0.988949117542391  -0.140422842300688
0.321400219239435  -0.469296356096627  0.822473603969922
0.577007235393286  -0.254610531761134  -0.776038740927352
-0.945958146239913  -0.265042229684630  -0.186857705343258
-0.802299404476961  -0.561908298594811  0.201431699457159
0.161431648498825  -0.523900504566327  0.836342085619336
-0.166270809693322  -0.628265073528597  -0.760024351733571
-0.797460243282464  0.590257279500113  0.125113965571394
0.318419879049047  0.192675930525880  -0.928162036727627
0.999300524556154  -0.029864472476609  -0.022507218963901
-0.312679299101397  0.908313273401615  -0.277846456295384
-0.368201346405711  -0.685772870399127  -0.627808361468342
-0.665905460749152  -0.188979905588106  0.721703895395037
-0.804110821963971  -0.443259599731634  -0.396139764787857
-0.272773521945474  0.858170549038560  0.434899890191201
0.410978883160293  -0.603890854895032  0.682943769991693
-0.201040037554225  0.789200842530155  0.580297280236509
0.402241372619551  -0.140392770675786  0.904705337717821
-0.990532527093812  0.105135097097799  0.088271876197253
0.387251116920036  0.824458516108142  -0.412679933678565
0.882159613469376  0.142882822067861  0.448752621743299
0.302890041135502  0.940798107770738  -0.152172741961014
0.674088134417341  -0.632925964774627  -0.380801667737757
-0.094818562083467  -0.164989320928250  0.981727031442070
-0.808836726575543  0.588032388500353  0.001029474200898
-0.731574468714798  -0.438502291006690  -0.522029249665710
0.226821834469628  0.879587049893771  -0.418184740356466
-0.304084092330373  0.146947629613272  0.941243464223074
-0.002757463476577  0.687226875990113  0.726437621074270
0.108858435831931  -0.450952294084012  0.885884794659324
-0.866747687300496  0.498489758141886  -0.016012732024422
0.755131787991987  0.639689411932239  -0.143434441560631
0.196531524733585  0.963018880946339  -0.184309507966226
0.960457778720810  0.189215808022139  0.204250418088231
-0.582509739590830  0.574970338281082  0.574535911304734
-0.181416514396394  0.198832734643118  -0.963095837359192
-0.782410414967558  0.583242545055271  -0.218316458810927
0.026660506834516  0.244461416280191  -0.969292439527726
0.038837189927881  0.831211445107546  0.554598238548169
-0.847908111729956  -0.492430316332466  0.196377742168630
0.616883243222978  -0.453140917455716  0.643520297394023
0.756386709586659  -0.419114622798620  -0.502217162706570
-0.500412234366335  -0.706853955360753  0.499945078470977
0.360908768002653  0.672827660703657  0.645792381629616
-0.880202072069680  -0.469992204248084  0.065966963476183
0.152326253940408  -0.963784541962099  0.218897393852440
-0.482227520900841  0.071333385839460  -0.873136968722839
-0.550300805109248  0.422458951874554  0.720206538346582
0.637155496312932  0.322495219175839  -0.700021219054787
-0.499165152906916  0.179934228945037  -0.847618914004029
0.695808372094524  -0.699041522688914  -0.164898935351120
0.440512277125324  0.841602512919716  0.312496630300362
-0.498143904333125  0.812854734890248  0.301860614427016
0.633771613896920  0.769603793419223  0.077740224936877
-0.419494188349829  -0.177591988948016  0.890216665426011
-0.712421329880216  0.220842930419041  -0.666096275935871
-0.253345675348609  -0.851188130923319  -0.459668069978137
0.627805749854286  -0.168036016885348  -0.760015682390308
-0.933929199209600  0.075093830710278  -0.349481283408670
0.052777774006705  -0.758245944748249  0.649828895820841
-0.343754028607508  0.680456829922388  0.647156604252853
-0.020013260479877  -0.394118664491103  0.918841633637002
-0.924222641252207  0.274965361917139  -0.264965203644875
0.600481873124577  0.799610132496352  -0.006719825739274
-0.880806560442079  0.228767375168966  -0.414542267013264
-0.369691801975553  -0.805512841238094  -0.463116652856063
0.125376971939251  0.737685002688363  -0.663401425771768
-0.636491730405778  0.296595213718696  0.711975811614566
0.742032433740993  0.666102253688055  -0.075469562792646
0.383081577657713  0.176404850696919  0.906713755002027
-0.355102371220342  0.852557791590284  -0.383467753471383
0.714053227303623  -0.362860388599148  -0.598715564323290
0.238213324397374  0.871248422191389  0.429162671848993
0.221346913605861  0.670760272037365  -0.707874424805361
0.791839565895705  -0.128056634999213  0.597152911836474
-0.774973155104192  0.328544785153238  0.539884184817880
0.010581149822637  0.155562037961486  0.987769452662766
0.165726881307546  -0.865855558142599  0.472047405718582
-0.881849209549372  0.373266109456672  0.288122167054582
0.726703478064463  0.648151486647413  0.227599879889603
-0.269428752461138  -0.569268526484664  0.776750598391282
0.815505659242616  -0.281651699226756  0.505591574362101
-0.482673136019034  -0.810358216250274  -0.332183992873265
-0.602261275684720  0.522741388992366  0.603343016902447
