-0.173451397878655  0.353580594293573  -0.919181905779778
0.864956513246836  0.078475919583626  -0.495673037634065
-0.429893594587245  0.900544583611188  0.064891835090471
-0.608514316538245  -0.625439908901241  -0.488400703236184
0.596895205742349  -0.731671027288528  -0.329201490258397
-0.155382673113871  -0.826074274809143  0.541717193187125
0.954906884326112  0.282930437322856  0.090017831027495
-0.202629005469892  -0.188527189802241  -0.960936514473018
-0.316619418148929  -0.004740666160751  -0.948540811001501
0.751139105496677  -0.273600123419561  -0.600777010760609
-0.311594096810497  0.916194120247409  -0.251987009301923
-0.756164426835109  -0.647334662988600  -0.095776790938969
-0.921219738532705  0.369384142045861  -0.122104663886269
-0.034953236345036  0.536511619848215  -0.843168757151765
-0.230140714264378  0.585419883390106  0.777379451599665
-0.656125787923290  -0.752547361192461  -0.056315358334169
0.332605882628395  0.397458931576183  -0.855219109089189
-0.328179250525484  0.941224524574215  -0.079967329982786
-0.339191835720582  -0.537980161498602  -0.771703469225349
0.999976968874460  -0.005785431499429  -0.003548309881054
0.238670159946916  -0.118339218656943  0.963863260052264
-0.544575957489026  -0.742793450085722  0.389480316620314
-0.188493168589075  0.847304451057653  0.496533475823273
0.971739286025016  -0.222850219628874  0.077849467608677
-0.358971772782117  -0.742543015998421  -0.565481331024847
0.412957671847614  -0.865183613528564  0.284470167405750
0.220665736530556  0.175118715989750  -0.959499905175362
-0.992595181160287  -0.052478118459607  0.109548406744765
0.406471026954783  0.499886272212860  0.764784295798138
0.741225253273187  0.580299451757144  -0.337398384999777
0.363032900637078  -0.649905882356040  0.667704618176366
-0.697787126955482  0.569492702811756  0.434478062621550
-0.549769971701466  0.119845902361423  0.826674021548123
-0.168048467344799  -0.891496151640589  0.420706933901836
-0.872766306755948  0.425675622339161  -0.238912616531130
0.491044802399282  0.585666431662852  0.644879704177417
-0.507787366957682  0.777058152438802  0.371930931338844
0.378713713596546  0.850807984340332  -0.364282441131403
0.075940736379921  0.001336443562591  0.997111437341223
-0.962441816934149  -0.075086275464122  -0.260898064870976
0.548440672478331  0.583271534828468  0.599172049940883
-0.585645440251648  0.696854438267147  0.414020905486466
0.719506043469741  0.443743763766433  -0.534230779278881
0.414580069260238  -0.557326667205111  0.719381923733297
-0.511128519692651  -0.749650400547402  -0.420442520822906
0.171868935751348  -0.845437988546043  0.505663600081042
0.294622045615243  -0.113358472354328  -0.948866538024702
-0.977619501059242  0.209146060352969  0.022760417120753
0.972643176976029  -0.156969471783705  -0.171247876512153
0.226185025075781  -0.951169917033584  0.210038385448454
0.542844864981705  0.607567005721525  0.579811854071280
0.203613286918543  0.186633439528355  -0.961098116031887
0.896018853413774  -0.443850083784779  0.012137440064128
0.717290590092300  0.696621246827709  -0.014596158167424
0.091075997672333  -0.589101599569864  -0.802909999957789
0.087652265649141  -0.551369731042623  0.829643598189342
-0.270198560520050  -0.838758048816242  -0.472734252449369
-0.433768257250280  -0.624008339094234  0.649968223640903
0.809381456171965  -0.437051319525466  -0.392285358515963
-0.645811759441735  0.222301609803458  -0.730417117574309
-0.137149385927594  0.986915703417271  0.084778772626625
-0.977669217993735  0.195201346699969  0.077841726818189
0.368060847974869  0.458392570786056  -0.808954549549090
0.472458984091272  0.333321785931246  0.815891595357525
0.388159808289268  0.606945764214425  0.693504724231210
-0.732956001439959  0.528418005607084  0.428427253222036
0.652727496116034  0.623490410518142  -0.430356275434682
0.468388313613194  -0.544962651910801  0.695433746443855
-0.422147804295853  -0.821455298870710  -0.383408950450328
0.384261648690980  -0.180680575400293  -0.905371479017485
-0.987293524140466  0.138199016084876  -0.078438059279100
0.180884071153633  -0.778973739555292  0.600400587846257
-0.670592699178631  -0.714449170723422  -0.199669262183576
-0.725235536876634  0.021836439280367  0.688154478275638
0.449328090204484  -0.893195486147405  0.017495453097671
-0.394685252506481  0.156909876143616  -0.905319193556886
-0.219181607424655  -0.865794130476594  0.449844358194056
-0.880701933224232  0.080481334968574  0.466783525348504
0.712107963727451  -0.218640204801827  0.667157184507638
-0.050587637927875  -0.727635260643341  -0.684096351662085
0.232988953297528  -0.847257472565040  0.477358275118410
0.146866560799391  -0.729448044070706  -0.668083650690825
-0.748699866524548  -0.254422141598765  0.612142045386871
0.834822259022685  0.136612713104431  0.533299880422364
0.669041407514657  0.733048832657320  0.122568364476921
0.738844731892237  -0.318871067900561  0.593657901666478
-0.445626106598998  0.791503021864493  0.418258699248199
0.375822782221418  0.260416878693388  -0.889348236437755
-0.281471460279076  -0.415133481161693  -0.865123118328796
0.537116790180304  -0.827625744340531  -0.162914643329536
0.152208030684707  0.648376327270222  -0.745949632100359
-0.970796281144087  -0.235884064091384  0.043741157101100
-0.762027679397788  0.255374067921277  0.595061258413755
0.050293481420806  0.977449365642673  0.205093401481645
0.052197838698882  -0.522304180698037  0.851160224905110
-0.864518999517475  -0.199771117023359  -0.461192367973000
0.112092115671236  -0.282818857311247  0.952601097812461
-0.038629983896318  -0.997551391090068  0.058300484375688
-0.733316215765597  0.394894602822520  0.553448805542906
0.884038315333151  0.319837930956301  0.340851807893867
0.972239351371394  -0.217400448790060  0.086531430768319
0.307624597304021  0.211697235287559  0.927659090240129
0.522826009258709  0.543472347483763  -0.656727319032109
0.141788744808663  -0.972570031561382  -0.184400340439701
0.088833771969040  -0.170970669042684  0.981263262985449
-0.765493469492451  0.425058031826272  0.483058399931506
0.859901488673855  0.389663963572384  0.329744484820517
-0.005574247212364  -0.985692664441339  0.168460378233426
-0.880121249503772  0.226112503600345  -0.417444273990556
-0.034571181163589  0.980262710296622  -0.194653158810422
-0.739040187090202  -0.241207114622280  0.628998195324337
-0.106509881249981  -0.512943092073996  -0.851789310504471
-0.621360834982655  -0.604891607368022  0.498012907548980
-0.945697194519137  0.239004885087154  -0.220303157451522
0.149842894722116  0.104471499120392  0.983174863782041
0.174493464814366  -0.948367991575569  -0.264858798781539
-0.649371179423780  0.742451188366301  0.164570058720401
0.467972390673682  0.757295443907806  0.455527663488880
-0.743636537657424  -0.330294394233815  0.581300535866427
-0.373707032440038  0.315450138692310  -0.872258140634906
0.487874375887016  -0.628496371911053  -0.605781234314417
-0.642730176331508  -0.398856268266366  -0.654073082841281
0.418543084965349  -0.728363869528803  0.542501391327910
0.712061467253176  0.498723765884117  -0.494209542801046
-0.032585495588745  0.247867858443702  -0.968245686914106
-0.188039654929012  0.978255428186013  -0.087506602029675
-0.723780752218194  -0.520400379916966  -0.453127870805519
0.879234911558460  -0.209987189825345  -0.427611214078913
-0.048282944974052  0.512678411024904  -0.857222027303086
-0.032916345404386  -0.638535847671497  -0.768887823706204
0.807730870613259  0.583321295790672  -0.085481615189689
-0.823097470182925  0.567892962905729  -0.002852588407194
-0.010842666379732  0.353842393010819  -0.935242213276408
-0.220708644770201  -0.740993752955893  -0.634204976489496
0.899439628437449  0.374611737647484  -0.225109752816345
-0.689573650046981  0.720224408319229  -0.075927483970567
0.219143530615852  -0.127677220970846  0.967302765546745
0.992491661615177  0.013632923749379  0.121550174884242
-0.361813634219969  -0.879005777644679  0.310547479396970
-0.411534496779356  0.737695632924455  0.535205111265532
0.043222631194653  0.947163760617186  0.317824817668668
0.054479957630828  0.613734523461876  -0.787630540880410
0.809366339221572  0.122236812185687  0.574442591284588
-0.820623665657748  0.211192424969623  0.531012767264490
-0.787096308029058  -0.441053868989925  -0.431220229738871
-0.433276801472835  0.638925438097885  -0.635645732980955
-0.658308666299311  -0.268510878439067  0.703229413516744
0.304489159743088  -0.811468428648742  -0.498803910274659
0.991300593623622  0.005619423575310  -0.131497357996794
0.396153323831682  -0.818258251552183  0.416552491030693
0.388729748408723  0.814659570449476  0.430370732017370
0.206417521383217  0.009218104678017  -0.978420581044857
-0.388226726223779  -0.015598255214633  0.921431876743922
0.689140273065996  -0.327152890846247  0.646573019889841
-0.791011857977932  -0.611532224770092  0.018126737324801
-0.286355141311843  0.923086860401706  0.256732119529280
0.438643475578182  -0.134345276537274  -0.888562461510060
-0.699512290887571  -0.162657899453178  -0.695862746985856
0.613284869070103  -0.788472583313084  0.046825791325499
0.524870897395650  0.816785206228987  -0.239525505849703
0.307521151019822  -0.550496126595573  -0.776134496256103
0.361536368916619  0.601191561000673  -0.712643081024548
-0.770847883159585  -0.522628291382578  -0.364215883886075
0.716832665262788  -0.629059396213669  0.300724468654520
0.479876621734198  0.349663761440159  0.804645065757874
-0.626433512194790  0.019868570369336  0.779221595382712
0.331038251044786  0.925256521685954  -0.185240506970854
0.775271882884202  -0.595461330615130  0.210663977346016
-0.448580512734299  0.745427387848536  -0.493065444987115
0.502317012303673  0.191745093174282  -0.843155643042195
-0.013018538313751  0.818885020240582  0.573809934809214
-0.937878986724221  -0.265202725566328  -0.223719736754134
0.581079370367374  0.525924366941221  -0.621088017587631
-0.505766296622940  0.202234730530439  -0.838630769151477
0.816611229972109  -0.532219486091487  -0.223357376658918
0.270234437018205  0.855909122502269  0.440900128222764
-0.782293395346231  -0.081260195292826  0.617587098520231
-0.742398936626963  0.586700153993614  -0.323460582141045
0.271084050667017  0.282229014345691  0.920250086082812
-0.310978509386284  -0.950189363632131  0.020797594578465
0.255735842085856  0.402987674102141  0.878749175586745
0.298044151279284  -0.722442586117500  0.623896140116342
-0.788685000810982  0.474074444445970  0.391445258777044
0.746376691617553  0.651355815773671  -0.136592223306641
-0.449376195129620  -0.201562435940908  -0.870306623936871
0.690899005080610  -0.218487890302235  -0.689145562686071
-0.525757608805306  0.797394195699797  -0.296211805044299
-0.614517591404924  -0.780468741338469  0.115050743793499
0.252251013182891  0.402347176586360  -0.880048962184031
-0.780760913959312  0.500853607541345  -0.373574703434588
0.264952456235251  -0.725915608465825  -0.634702076032999
0.768059470906952  0.627409177510840  0.128227817283557
-0.194489376042294  0.875740330290099  -0.441874141028944
-0.695935592550204  0.490644683909856  0.524348591275683
-0.334706952870668  -0.162086264960757  -0.928277597710461
0.836153169378578  0.547181911341000  -0.037945134594166
0.556685800803465  0.505496562349685  0.659222378743666
0.041575219112995  0.962629022066327  -0.267613278877065
0.924277233632518  -0.381319105114923  0.017530985795842
-0.409166651942048  -0.075813354601719  0.909304671824889
0.775025998527641  -0.586687894327910  -0.234802078899052
-0.108515244242292  -0.889307466460292  0.444248434848129
0.848323147431038  0.427419886715914  0.312506124695905
0.035218095338894  -0.124800314583532  -0.991556638443086
0.910852707923012  0.344904032259277  -0.226690434294453
0.346891825499438  -0.479459298520969  -0.806092328746185
0.616884009983702  -0.155579671951041  0.771523871245754
-0.052923127560128  0.979943002731287  -0.192121976794022
-0.940040232888085  0.174672061234724  -0.292940320843218
-0.010278268068181  0.756655362801838  -0.653733140622944
-0.557949224785324  0.238604131228104  0.794833775781036
-0.371812740034580  -0.820587432795218  -0.434040956001310
-0.447209043505920  0.525005748058690  -0.724136061739681
-0.533667684005341  0.741424916464727  0.406802035754061
-0.606693236494447  -0.600435529708312  -0.520961122787288
0.693151876993868  0.384016361302275  -0.609976974706454
0.367420628322770  0.703450153712985  0.608407727699179
-0.141884021354752  0.901528287562574  -0.408797836599825
0.978706441120433  -0.154358537928843  0.135303894540570
-0.469401791442911  -0.043719595920746  0.881901669758433
-0.931420467066025  -0.022051615722368  0.363276258203783
-0.125526694966839  -0.828704842298139  0.545427660833514
-0.653246616133763  0.002857744362701  -0.757139809947242
-0.152647155965422  0.803795482213070  0.574988407317510
0.187611820237940  0.981949498949406  0.024020541626235
-0.132106462939415  0.341941841590179  0.930388982855856
-0.624224122609405  0.473918400889392  -0.621084208502326
0.943942405786760  0.166089256469835  -0.285284232727295
-0.101455825442812  -0.649867519718817  0.753245592285962
-0.867263342634329  -0.488548904132095  -0.095782372042353
0.010302251187197  0.493498188261409  0.869685806371004
0.755505266004320  -0.654816803848131  -0.020657842042689
-0.055977638760551  0.970858719837001  0.233023282260066
0.789100629342380  0.480642319309163  -0.382495957704873
-0.003945420258687  0.104407132987106  0.994526814239010
-0.841132847844244  0.385809267540731  -0.379007574274072
-0.562026671805243  -0.528722278286367  0.636065069488331
-0.935268999983573  0.353842235555700  -0.008220097728849
0.377770756569233  0.077910239927346  0.922615439929103
-0.004528428390903  -0.960474753769413  -0.278330272711923
0.929543308028374  -0.364497004235387  -0.055598312951891
0.030461949719111  -0.902385187091861  0.429852351088717
0.628678889794766  0.616445453098683  0.474086339056907
0.270402468514497  -0.078557270242209  -0.959537003097515
-0.418048588447268  -0.230761212414564  -0.878626564896719
0.409332489673307  0.559127343464342  -0.720987882483721
-0.983223637182096  0.177549060281426  0.041804431339200
0.155842559061521  -0.967437616160332  -0.199443113752197
0.499509413143886  0.461261897997278  0.733299261991037
-0.176350421849956  0.983349962054787  -0.043856366016708
0.979931066229684  -0.168023406357691  -0.107253160111544
-0.304071231235842  -0.354064657699818  0.884408788119289
-0.581608252375214  -0.025562911713462  -0.813067265552967
-0.640305447249169  -0.764729035446986  0.072100184239455
0.569418698434241  -0.117595598372356  -0.813593031630005
-0.510721503560286  0.856761722105880  -0.071574418162416
-0.211752124217809  -0.418228288133268  0.883315423217756
-0.953779538658527  -0.300437517402990  0.006472230917945
0.143531157375193  0.669533882869108  0.728781988356431
0.598496257065525  -0.787324653599386  0.148061203943380
-0.214697096147807  -0.454534907924784  -0.864466988602519
0.714218658640216  -0.666950245723109  -0.212294788866932
-0.048712788341535  0.680380370564366  -0.731238412286095
-0.880202966446487  -0.467965032766041  0.079066212550508
-0.416443635071523  0.804355709980159  -0.423776581031480
0.120724615862649  -0.045534537836630  -0.991641151318772
0.438896875818718  0.826887355051509  0.351606078520393
-0.976065126752890  0.023002892765281  0.216258491766900
-0.048282944974052  0.512678411024904  -0.857222027303086
-0.032916345404386  -0.638535847671497  -0.768887823706204
0.807730870613259  0.583321295790672  -0.085481615189689
-0.823097470182925  0.567892962905729  -0.002852588407194
-0.726217269107808  -0.573550011518204  -0.379010372334408
-0.545395960804086  -0.383209935085312  0.745448449988662
0.405642208229350  -0.743016158419567  -0.532335784284925
-0.586463516533071  0.552676081986675  -0.592123038038145
-0.370277195568850  -0.907385496782631  -0.198862662835954
0.450429155711873  -0.373431751078540  -0.810963811135309
-0.983311398350985  0.070647415057291  -0.167653322719099
0.162605047070262  -0.604601160761382  0.779754471018453
0.018603114237612  0.283745098111802  0.958719272487096
-0.497956835929377  -0.666636722848004  0.554648058954215
-0.431505917772738  0.897567951508350  0.090412473432661
0.948065867939727  0.052813869451456  0.313658740100221
0.398154011328497  0.297417359502307  0.867765116566518
0.901165260326199  -0.418219404665128  0.113989925619596
-0.595160780046139  -0.280108254782755  0.753208478110431
0.092149531048437  0.995745018950190  0.000566712836491
-0.904845729160111  -0.381407168810180  0.189163363262845
0.038967587810580  -0.997297005232469  -0.062291335308974
-0.655859476089015  0.350373935190977  -0.668645237149740
-0.287953840881675  0.265515901231311  0.920099935721558
-0.971778505318417  -0.189895715524859  -0.139950540643493
-0.122568780576235  -0.493531364106146  -0.861048016472706
-0.506391736819704  0.861607384532788  -0.034642802994175
-0.342817987922478  -0.557971735951501  0.755740278823388
-0.973786726407539  -0.069916094667801  -0.216451267445799
-0.110244652305896  -0.333202613266287  -0.936387812367541
-0.426008894572032  0.900656001753618  0.085645713557084
-0.437533179529611  -0.637369483155132  0.634290831364658
0.866907959415420  0.259855728892552  -0.425376997572640
-0.163726559585382  0.280975768492601  -0.945645933320884
0.624619091698799  -0.780832024671905  0.012342590171495
0.406015427302003  0.759711985071856  0.507926345576750
-0.818001270772518  -0.565976364976354  0.102687269428586
0.034001561958390  -0.478943531684625  0.877186973935345
-0.038640644834879  -0.667948087865203  -0.743204044986277
-0.813362187896028  0.580915254573474  -0.031295659520482
-0.143403276757160  0.027813183163239  -0.989273433918872
0.643025702689136  0.645574386632116  -0.412009292377866
-0.936377222876535  0.293190415357637  -0.192969108461550
0.149948243430238  -0.910951618826513  -0.384295033079457
-0.463225568757314  0.807929284405980  0.364242150016585
-0.979257666103147  -0.185562896347169  0.081368512813422
0.142549026507613  0.773003813909330  -0.618178678638597
0.373483070838219  0.220488366843820  0.901052315841760
-0.210732220123630  -0.925232532802805  -0.315494360718337
0.749777911385150  -0.336832955474545  -0.569540730505909
-0.844582179738866  0.014600002772721  -0.535226850584482
-0.115927951769914  -0.602999580100981  0.789273220372054
0.210234916529206  0.511657664220178  0.833071254165398
-0.341349407651582  0.935764531653035  -0.088460856858220
0.990107415238546  0.018110846501426  0.139137714256946
-0.438523091057759  -0.442217713934283  0.782394396766673
0.021608070037536  0.309044935648008  0.950801934715938
0.723672903791860  0.680857190346268  0.112831798138838
0.179399688845522  -0.779680440984174  0.599928463726180
-0.881464522599846  0.407868186285914  0.238041672850920
-0.618327662430180  0.784310994593580  0.050270922343431
0.023421456107034  0.384311997730643  0.922906129459605
-0.931011718040773  -0.295224837979601  -0.214614715037637
0.289262599503560  0.695223834842538  -0.658020492078536
-0.301866008601300  0.068243319989726  0.950904707175172
-0.672335043762496  -0.715848759070650  0.188483800539708
-0.415411876775808  0.896444960288605  0.154335367971059
0.785880911937004  -0.112352881228229  0.608085538664405
0.888830798223873  0.082941148432802  -0.450666814870321
0.401948363473906  0.889619840227035  0.216827242234625
-0.119342055343500  -0.079560576359198  -0.989660339973155
0.606224490093467  -0.727118115435035  0.322166282868209
-0.675997304094825  0.216516069631258  -0.704378049379707
0.271686776099930  -0.423558744408558  -0.864166815914307
-0.053428722066776  0.991678766368690  -0.117126410308627
-0.894255358127979  -0.351603952328873  0.276915176843226
0.206643814086111  0.959901912231418  -0.189437728540048
-0.419953097051932  0.576061724249788  0.701279035855808
-0.364181883328684  0.248523526427712  -0.897556467676050
0.990778794466727  0.135316661553918  0.006839703280193
0.671031126055258  0.515791834468607  0.532612440110558
0.733028718303114  0.315083358234357  -0.602819521504284
0.383608010753971  -0.588076095314104  0.712047330031858
-0.445605603001827  0.788784571548353  0.423384631582984
-0.589276186287579  -0.540560361692211  -0.600456552667679
-0.453022945452372  -0.714713252245790  0.532874448587942
0.552991181485671  -0.420441131325580  -0.719326079249702
-0.689244422320877  0.594594021879159  -0.414004922005919
0.864342927727291  0.498548100147221  -0.066038588169432
0.575976571393079  -0.225907907302022  0.785631342694966
-0.182097412808428  0.983247524040490  -0.008052249171734
0.470463769142640  -0.258791516591247  -0.843617681692663
0.106491195292919  -0.019937809522749  0.994113730453674
0.897629124657947  -0.374978760201386  0.231630921864157
-0.714399093108479  -0.573911393878778  0.400324428110379
-0.076738836256550  0.928952344557415  0.362158380479138
-0.490570842636515  0.625169659887861  -0.607044598617430
-0.859220813176767  0.276763639836184  0.430280701250338
-0.194133582807296  -0.460306540709819  -0.866273652263626
0.562783553347548  0.808712560761496  -0.171051647604142
0.020637946943353  0.290160853860329  0.956755326106423
-0.934072410744306  0.155822804691602  0.321291121919613
0.525729792163051  0.846859960157938  0.080227137014174
0.428980565524608  -0.712521910989211  0.555237067172636
0.487404454565984  0.096865179064270  0.867786860210549
-0.595104924483083  -0.287506018799677  0.750460137522270
0.262232215524718  0.956194810492429  0.130098998952130
0.820277163524349  -0.571823612628482  -0.012772276263851
0.367942327680168  0.649594842746320  0.665315702338885
0.999287362231826  -0.031363424127426  -0.021002459636013
-0.321928242328740  -0.241982937699898  0.915317685098051
-0.309416792222919  0.922941204573644  -0.228999523123153
-0.245636517419874  0.729576894689569  -0.638263469144962
-0.985203799528588  0.165177457035825  0.045715217177793
0.249597065982993  -0.272098906980421  -0.929334971618276
0.489970216125721  0.836498344634165  0.245356285295521
-0.153131317208614  -0.655346919572410  0.739642626338496
-0.070536717814778  -0.921955807394208  -0.380817621246722
-0.847987379758243  0.228989050874590  0.477997299521979
0.765392780364406  0.037619836947208  0.642462948063240
-0.465954577422889  0.035366692975628  0.884101537611277
0.607624520497302  0.408833234866038  0.680916902536129
-0.244620019870519  -0.926733030227086  0.285178780004177
-0.828959078049672  0.553266488336675  -0.081994144929028
0.145720229801035  0.789222253059990  -0.596568394990588
0.559407746327178  0.678727903547685  0.475806059539926
-0.882711067963885  0.404306984041708  -0.239493284142074
0.469023551437742  -0.293812634529403  -0.832881170388441
-0.258103466875658  -0.362409996587414  0.895567749955455
-0.984518402328721  -0.174364445831191  0.017904063954465
0.233592422358401  0.665552370067426  0.708854444095801
0.492822513094662  -0.853597920823650  0.168809241905190
0.469518310888947  0.562815925752757  0.680287284504905
0.651353093965197  0.604001074223732  -0.459262288151928
0.488777826609781  -0.591077526342768  0.641656913051776
-0.670612609686031  0.549892377871793  0.497892659605057
-0.668110882023332  0.718646215232279  -0.192809404994484
-0.863190205366466  -0.415576570178040  -0.286703302524501
0.345366093692780  0.588864570780341  -0.730726199480404
-0.150286770349647  0.545358214629977  0.824620097010421
0.152762762925005  0.103662093027468  0.982811125665905
-0.423734670957299  0.849074582945668  0.315469937116598
0.982608549660874  0.029686577004161  0.183300696341093
-0.406111115778571  -0.775099066922361  0.484040492208214
-0.760777148977719  0.626889843808536  -0.168009682230053
0.351872319163138  0.859208143257601  -0.371412489782697
-0.479699299466907  0.179744489568242  0.858825069825521
-0.632950168673950  -0.412062789017307  -0.655422262272878
-0.811203079556463  -0.198201851858931  0.550150515439004
0.228393400426508  0.077261711758228  0.970498368127327
-0.316403388659686  -0.928345435785312  -0.195099070990220
-0.723193091323285  0.652881872168152  -0.225248781698104
-0.603762675269248  -0.762954320730546  -0.231022372142422
-0.007705519813859  -0.658634155234576  0.752423866263448
0.330900084349598  -0.447124472855377  -0.831014344010517
-0.926957239804988  0.342804307359407  -0.152431894395353
0.051869908188531  0.983759706287828  0.171832339531884
0.766431074704648  0.387856784308361  -0.512006369680159
0.136646244996131  0.160898291978643  0.977465878364464
-0.851207411512248  0.435004630000824  -0.293627169152421
-0.765202680751163  0.611917033535243  0.200055995762842
-0.534464022473862  0.148415984619375  -0.832058233653463
0.351281629916307  0.875740804562831  0.331178591860929
-0.582020288193608  -0.412239755646963  0.700935637555377
0.136141254901728  -0.249671375997646  -0.958712554794828
0.975806264935692  -0.131085417064545  -0.174982132645788
-0.348831234529403  0.730258423529400  -0.587400548757871
-0.490833775504562  -0.848844382462501  -0.196329873391169
0.408588597651231  0.082226834457440  0.909007208752774
-0.488921440351857  0.697909438125961  0.523333776226006
0.960898740142811  0.262229730131548  -0.088933569742223
-0.063388702139722  -0.877912333800069  0.474607002268991
-0.038998388379939  0.591116885578394  -0.805642571670507
0.842982909205857  0.534293526883357  -0.062531927184221
-0.781759462784414  0.618678627855261  0.078031389723348
-0.100221834801383  -0.561855269160225  -0.821142034209634
0.396003981809232  0.918199332329663  -0.009530608616166
-0.576240738952974  0.617114120046711  0.535832785120418
0.054943225930868  0.329550049777114  -0.942538066401677
0.917301494831338  -0.028464837494162  0.397174672665093
-0.993855915144987  0.095974422472672  -0.055130120282460
-0.432377270803675  -0.638676821953208  0.636507511968332
-0.303150423564184  -0.201162695695122  -0.931468405558411
-0.258328220777128  0.935813940121001  0.239830773307618
0.712233255134402  -0.697765113447459  0.076469842005252
-0.343875795168810  -0.867984634508843  -0.358262629579991
0.254080623068917  -0.113097847005391  0.960547715620445
0.802028427234295  0.283317368066774  -0.525815244035203
-0.121193239395877  -0.917888703882325  -0.377878983286924
-0.958335758826098  -0.272230816917633  0.086504078953339
0.576422940881776  -0.645526161814843  0.501031503638047
0.260719578548445  -0.000131725149849  -0.965414565878310
-0.875947325868296  0.254622624128354  0.409736014509554
0.064392979831767  0.923967486790560  0.377011442137135
-0.225442534339311  -0.643519855946493  0.731476492249255
-0.714897771360751  -0.025825006715714  -0.698751919876836
0.772928812474857  -0.195164698134680  -0.603731555783038
0.734279858419942  -0.428550285068764  0.526476725683359
0.332374475329296  0.853019592859992  -0.402349080210890
-0.293725521274381  -0.619634005925908  -0.727859201255507
0.200305703404485  -0.957513540959956  0.207473959961152
-0.845974759542497  -0.470886144401259  0.250185821396678
0.645994334298156  -0.047911191025949  0.761837146527496
0.400286128648826  -0.438716205532748  -0.804549007963022
0.746220661345461  0.529120300806561  -0.403963404104280
0.865527816524660  -0.267301482768140  0.423569966041040
-0.160233292487919  0.974739784923465  0.155588057593883
0.040926137308719  -0.178318001348764  -0.983121427739204
0.578910456645275  -0.684456156826019  -0.443150598069905
0.926803965143098  0.056503941482697  0.371270406566362
0.024441098312254  0.171345325699191  -0.984907819074622
-0.372334606810077  -0.912305424007907  0.170486814438355
0.231751892872495  0.561687227417127  -0.794228253530732
0.326142747728606  0.893866772700661  0.307624935214525
-0.811656180131277  0.119979589051435  -0.571680980500273
0.717265325275166  -0.452159134334969  -0.530172208244984
0.695333740143837  0.605619110893426  0.386957985236432
-0.197287068219253  0.944575178484520  -0.262403401091504
0.900477874451588  -0.261377299751584  -0.347593879114293
-0.007857066088498  -0.077578767839510  0.996955265442229
-0.911291483370197  0.068259016230764  0.406064698096441
0.058271842707569  0.491211503684844  0.869088977605365
-0.363416436593554  -0.917854646342246  0.159597436701204
-0.606146889484213  0.494902158888166  -0.622621716210129
-0.056518165435744  -0.450025326827767  -0.891225505800490
-0.822074583894129  -0.568308232294890  -0.034916065373282
0.807804146027755  -0.573646374578990  -0.135581335709423
-0.042247727569369  0.691929280046114  -0.720728104717785
0.256317655589401  -0.853916605359862  0.452910245549648
0.632407517733411  -0.509850545970133  -0.583192208699861
-0.819303013030962  -0.549538962486649  0.163552748517060
0.443213150886952  0.205472903096921  0.872549705732449
-0.897683816080478  -0.295814627426704  -0.326584556505037
-0.096826264527350  -0.985650499143043  0.138267017168778
-0.086235073390306  0.210041384672493  -0.973881989176425
-0.714622478162822  0.479794487043846  0.509030415502610
-0.954583021787557  0.071806010275806  -0.289162845820839
-0.377246170335888  0.872910428812092  0.309374708465311
-0.526503447109473  -0.750781040743732  0.398900926348386
-0.050833404342196  -0.050323377792554  -0.997438480634536
-0.897683816080478  -0.295814627426704  -0.326584556505037
-0.096826264527350  -0.985650499143043  0.138267017168778
-0.086235073390306  0.210041384672493  -0.973881989176425
-0.714622478162822  0.479794487043846  0.509030415502610
0.254509071793360  0.889374660344490  0.379786579425874
-0.478473307493191  0.141656648697938  0.866600650759158
-0.254391317580297  0.722239780464895  -0.643159977807840
0.987373696866847  0.025478231181657  0.156345906474556
-0.677882143354564  0.458667184720104  0.574543482585918
-0.546803446057311  -0.684807236671885  0.481710535468830
-0.597622195577389  0.561015284394900  -0.572808486344757
0.466543498280135  0.582459136997090  0.665641433461845
0.659020686203361  -0.139745990215315  0.739028276437914
0.066542057641633  0.833021606973467  0.549224140838839
0.895856592385410  -0.215513908428283  -0.388580392137286
-0.303377963823683  -0.757253688760499  0.578384527736361
0.339072367378566  0.201608558936889  0.918903650359322
0.980542842253534  -0.191546855038810  0.042959711708786
-0.480667742655827  -0.571117393573651  0.665419750178631
-0.160802732219141  0.964272807549350  0.210524188471904
0.094378152153726  -0.973970332932443  -0.206093558762800
-0.095958874026947  -0.143103288188158  -0.985044843347356
-0.710158718678592  -0.513072013218446  0.482111712714752
0.900495744859265  -0.317795031525838  0.296839571869805
-0.897994614731207  0.430785696764491  -0.089606670381638
0.114874722356276  0.981846228781383  -0.150936348144985
-0.526317530569049  -0.149234690371628  0.837089519827708
-0.486551806518434  -0.401825841645265  -0.775759842064361
-0.484601779794480  0.624124805829935  -0.612886075684354
0.663170970395493  0.532230662800981  -0.526245936420538
-0.571940952425107  0.618795138149075  0.538494311893940
-0.575831797764866  -0.526900995120121  -0.625134451157756
0.211130331634769  0.885413264192700  0.414086144003179
-0.714018927604895  0.238963261448661  0.658083224751835
0.043657148793816  0.699605421677658  -0.713194438647990
0.881492110445849  -0.053155418933619  0.469197357899334
-0.339186243716599  0.498666171018010  0.797674583997548
0.693743163715720  0.652458114824516  0.304989887041098
-0.197454619365194  -0.645727146605079  0.737596180459613
-0.835474788067125  0.491935202798572  -0.244911483503163
-0.847644024473602  -0.368961175313198  0.381270584868148
0.095431031808883  -0.986700263347839  0.131588405557626
-0.755289689705093  0.180762588095309  -0.629970135300294
-0.187785366577392  0.436976499939333  0.879652314610816
0.433829501200115  -0.223720036392639  -0.872777926625631
0.152027032675988  -0.986934207573455  -0.053372757630571
0.876532515178115  0.476463853998249  -0.068358947246596
-0.594730046653988  0.286750317182566  -0.751046221748464
0.051767994287271  0.978041090867116  0.201880408516861
0.868549495165120  0.364220714231652  -0.336102730981171
-0.060030898804809  0.139990294585845  0.988331426501483
-0.756750602073041  0.473830082049619  -0.450348287003450
-0.283769661180668  0.259272894269111  0.923175143562005
-0.777937388117640  0.626028088224516  -0.053872561872082
0.759685395714743  0.451817273214893  0.467695682214829
-0.265517668777770  -0.818572467170298  0.509352023219257
-0.200529001622187  -0.962306642321243  0.183722741251118
-0.861460574641123  -0.070871002735818  0.502854829260102
0.738259765789500  -0.395979450863726  0.546052005499563
-0.077328192770565  -0.495456188721699  -0.865184093508547
-0.671119057336304  0.230857250947592  -0.704488566667304
0.206841409684655  -0.507448077758324  -0.836488541235950
0.037854058789896  0.981519928419164  -0.187578517824325
-0.915814525810855  -0.243214599713248  0.319578492392971
0.411559210564027  0.811793335104878  0.414259094383230
0.153425587889034  -0.164401035883418  0.974388468928776
-0.614941406001699  0.780346641300720  -0.113605398618814
0.873075028676692  0.195847729687576  -0.446523975926731
0.438643475578182  -0.134345276537274  -0.888562461510060
-0.699512290887571  -0.162657899453178  -0.695862746985856
0.613284869070103  -0.788472583313084  0.046825791325499
0.524870897395650  0.816785206228987  -0.239525505849703
-0.737760680020191  0.421425339682594  -0.527361225432393
-0.120931342258848  0.947933499245099  0.294614479393693
-0.848867676480502  -0.506719350787960  0.150529622877438
0.232038338719158  -0.019788808774545  -0.972505327703524
-0.824996809801726  0.123241126652691  -0.551535935835871
-0.743189123611200  0.331261126532504  0.581322623501299
-0.261173308678218  -0.874326449169743  -0.409074275793897
0.179365622487692  0.666306449289930  -0.723784283543273
0.515799905904067  0.201776261830980  0.832608429714035
0.969407646681028  0.099606695597052  -0.224337515250098
-0.115779968203744  -0.748126975290929  0.653376635490424
-0.337827772573217  0.850296541524857  0.403569309473710
0.403462124652315  -0.753180490425912  0.519555062349337
-0.205942411719636  0.117276348389308  0.971511184270963
0.991161453383507  -0.003110850820371  -0.132624643011275
-0.381756917011556  -0.867345987994849  -0.319331478910351
0.236647687737658  -0.012762457174138  0.971511704291460
0.711583823138590  0.679495547743916  0.178701603920232
0.336203223857005  -0.908199140844730  0.249282395762420
-0.811139359257937  0.215941135926676  0.543527704608808
-0.036811412496756  -0.924873070704463  -0.378490056666871
-0.946428618237351  -0.322912825971183  0.000421194307095
0.560990977431717  -0.611215819154308  0.558304885932172
0.348626228308878  0.009255574421028  -0.937216136906137
-0.865386015993766  0.439799686143402  -0.240173436063616
-0.743288788924942  -0.665027279677323  0.072529259912623
0.049649820251522  0.343455383660581  -0.937855689743126
-0.171747047320345  0.761371582160144  0.625152993766888
-0.966240383572613  -0.002577288695064  -0.257629343702212
-0.493420712201152  -0.662694035327771  0.563358337394507
-0.087296398263439  -0.251442377699858  -0.963927419231797
-0.385523273108022  0.911559124332565  0.142939738135078
0.297484673842115  -0.366963223098360  -0.881385762150895
0.121003601739006  -0.989832580975907  0.074763560674720
0.867542000865795  0.423058308546884  -0.261519682439436
-0.691060928762686  0.199811049330663  -0.694629640386180
-0.909975764242456  -0.414256508594717  0.018320850915633
-0.672223272986342  0.656880279534292  -0.341502810551363
-0.230970379129718  -0.255777251122547  0.938738878375061
-0.006782112126396  -0.815359537006462  -0.578915216908066
-0.845284262478814  -0.383760021515282  0.371783218411264
-0.733863290472843  0.096399923431086  -0.672422282244464
-0.248149051958429  0.488443138902480  0.836567599223892
0.136728079952458  -0.968603083848848  0.207637901431836
0.593843428798807  -0.790604700079985  0.149312391595316
-0.127938346533686  -0.657881929077529  -0.742174606733116
-0.232333618440410  -0.431506043114285  0.871678624550493
0.954115393772903  0.298783272111829  0.019808373777939
-0.932127445935858  -0.335640500340861  0.135955430432294
0.024139691553119  -0.979846175634475  0.198289554405205
-0.535864037465374  0.159192150584058  -0.829160776052347
-0.420403100023603  0.485013524709556  0.766826652079437
0.131467088870592  -0.713926258543667  -0.687768639809735
-0.709868369664984  0.076855132636416  -0.700128692696290
-0.057983479198131  -0.897918463461758  0.436325966582961
0.899318937733707  0.107137072281676  -0.423965913696406
-0.507429754147590  -0.431500949303397  0.745869945336306
-0.670957761742933  0.645932428380177  0.364124950976725
0.635069233875028  -0.265330313562063  0.725456334241036
-0.471541226279685  -0.812103064121510  -0.343711339881455
-0.037038495395555  -0.987677663857700  0.152055852157782
-0.042533750619707  -0.184735634948193  0.981867417342336
0.818265029123349  -0.427364642392522  -0.384450002661564
-0.812769773899197  -0.375577386516985  -0.445361562522990
0.139510204792668  0.404906634333587  0.903652322650340
0.052913968020666  0.994964888899294  -0.085117459113409
0.851790819023679  -0.346722689614301  0.392728630397116
-0.765194582251677  -0.243335564951406  0.596041151366633
-0.235149612656306  -0.162786540825249  0.958230244666562
0.578798139902444  0.566883925203258  0.586204169715311
0.146097201566264  -0.964529737036302  0.219859032262015
-0.960044954125014  0.234859271007794  0.152167042689236
-0.617425514083568  0.653340131649447  -0.438100909534465
-0.499387841374064  -0.455796748119585  -0.736791088634604
0.530796560905438  0.759064186883489  -0.376930459265191
-0.648834233614942  0.350072692885543  0.675620638365330
0.429860839369928  -0.441389651919128  -0.787651467309553
0.466405048884906  -0.832843756275278  0.298056383940950
0.663765864442044  0.624831717869729  -0.411096340953637
-0.700310073957022  -0.233377613513580  -0.674611510296865
0.356729180283023  -0.430564421700283  -0.829070908125779
0.946089584938104  -0.285370661606761  0.153225594356052
-0.032650357412900  0.654029084121980  -0.755764454895422
-0.556710047242181  -0.799222844215503  -0.226532047586409
-0.071734723534309  0.122671628723263  -0.989851403467126
0.581673140584539  0.762061079730808  -0.284463122885963
-0.949750038639479  0.196608712684162  -0.243556724811663
0.296342174520632  -0.835998163691708  -0.461831555769500
-0.034765001112378  -0.762739649610458  0.645770564217488
0.607996283014530  -0.729669999437624  -0.312925249478550
-0.936154671152708  -0.347137646675155  0.055766351322289
0.293393387025800  0.314067996502322  0.902929462373749
0.899456654388685  -0.161489675495778  0.406077346800068
-0.057474030629867  -0.761858607890164  0.645188497562394
0.300772309377182  0.822967620159271  0.481933931240894
0.656158375641370  -0.222598687764886  -0.721045082003220
-0.562381217953441  -0.694710169560089  0.448447484108225
-0.952119921584625  0.105782041070057  -0.286841096617520
0.063377478693774  0.109227831108769  0.991994241972046
0.326361224937410  -0.909720041738915  -0.256705661246301
0.789029203672514  0.488407147721555  -0.372681330101756
-0.184634181382390  0.256910092405120  -0.948634504688527
0.805160354802953  -0.592062729845551  0.034329680764859
0.168503030251950  0.823559785161986  0.541623493821912
-0.780003454153190  -0.623124768224432  -0.057533770381755
-0.359555770507732  0.001295850659286  -0.933122697540715
-0.713840494345063  0.300201571029972  0.632701165941974
0.293392810699604  -0.924622189913690  0.242887761216986
-0.140863088127974  0.748313590217978  -0.648216291910448
-0.349062197014444  0.801020006830734  0.486335821498211
-0.660744570814086  -0.281635473171396  -0.695771566242278
0.868943679700556  0.228929056558639  -0.438780547166381
0.097003692121456  0.458194888580472  0.883542714187342
0.970588545162528  0.097888807026325  0.219944669083501
-0.449166700560487  -0.544035581982416  0.708713313438276
-0.424418152480585  0.904341663536564  -0.045115268334435
-0.120884978070954  0.245009530814073  0.961954859589083
-0.707670288520099  0.702140252261678  0.078751691409063
0.861619906364708  0.352734252664984  0.364951618646838
-0.274834595915563  -0.809864974112589  0.518251549533183
0.646863427573838  0.319581177617190  -0.692412865984043
-0.045204648800390  0.996957754079003  -0.063496270036787
-0.234215247878552  -0.401365746931510  -0.885465275915041
0.926283324252780  -0.276010829530303  0.256548679967786
0.353517465090658  0.922239870380972  0.156521638617679
-0.356291396493670  0.617090646696805  -0.701609274841710
0.998915636440785  -0.013930739745808  -0.044423932336491
-0.289106774856457  0.319079963429975  0.902554845795880
0.256645084929614  0.355260969897822  -0.898845339114984
-0.162290135984237  0.986364464900020  -0.027332291245242
-0.549931884478366  -0.447957012277645  -0.704918036076081
0.968867105392218  -0.183146482724554  -0.166595011793661
0.933596372750547  0.151797801931702  0.324584719473555
0.648371838562609  -0.374923143520532  -0.662605912599355
0.124328563585995  -0.454624875287919  0.881962941991379
0.160895970601942  0.981345820740153  0.105227690081532
0.557398111678113  -0.782127529726882  -0.278538816578586
-0.584672555830336  -0.692166592469887  -0.423158848102517
0.451377538148937  -0.390283801749687  0.802456772758768
0.690693129359512  0.300322864492691  -0.657836741234836
0.263550845440351  -0.202692221039901  0.943110182002924
-0.787854256433729  0.131019153905087  0.601763784162234
0.738344987549354  0.613977693374343  0.279066428291664
0.313060114324726  -0.947689068319331  0.062279969549026
0.113982625355614  -0.545647955388103  -0.830226637670597
0.084533975288051  0.607956810424533  -0.789457106928823
-0.795449017522296  -0.593951448766165  -0.120343412912331
0.824897667589859  -0.559653317046471  0.079573882170557
0.437025565460957  0.364836154024463  -0.822133344324490
0.989845336589948  -0.126663025543351  0.064518893289780
-0.206612505877136  0.974926752842467  -0.082638362805748
-0.346207265251855  -0.483427573274653  -0.804013874808521
-0.964379252588357  -0.212067797295386  0.158113587421847
-0.564094842400884  0.508156803156547  -0.650825377641683
-0.250088149711949  0.260683764734686  0.932469780838717
-0.150196260475523  -0.980908365186619  -0.123530815775187
-0.574962499505923  0.313919397421391  -0.755561206047858
-0.680046508031400  0.646877715062787  0.345088349078097
-0.464549322286858  -0.783288102646814  -0.413102499889283
0.569633330812336  0.450329785005418  -0.687547055236671
-0.458905356207097  0.375769152130609  0.805110811225064
-0.985707716183124  -0.149229251727328  -0.078172429193116
0.184790931302915  0.980847949419555  0.061559823161350
0.342011428673112  -0.455849545561618  0.821723417256831
-0.724784783855074  0.627931071184380  -0.283530574953375
0.268432917782773  0.458037136738742  -0.847434805763135
-0.148238776291324  0.682778845789878  0.715428761614665
-0.844978925346523  -0.512884911344240  -0.151524530804905
0.165369757332787  -0.205839910862660  -0.964511676681909
0.673860527259725  0.641309174705187  -0.366925785739021
-0.855334702346430  0.086746444575562  -0.510761785292755
0.346843932419492  -0.933895530143408  -0.086824105650133
-0.339186243716599  0.498666171018010  0.797674583997548
0.693743163715720  0.652458114824516  0.304989887041098
-0.197454619365194  -0.645727146605079  0.737596180459613
-0.835474788067125  0.491935202798572  -0.244911483503163
-0.087611200006202  0.938763168389855  0.333238640178649
0.038254304257441  0.633090696498886  -0.773131798733137
0.748323420908118  0.200456541375856  0.632320514248907
-0.874188925171761  0.105215930515113  0.474049924662878
0.898529248704500  -0.424173813796096  -0.112790801540736
0.013220821421673  -0.882730489061697  0.469693616692662
0.701418804271392  0.596061434631956  0.390797168821609
0.183889623011435  -0.137504759366356  -0.973281587055007
-0.063934500187887  -0.990546840800035  -0.121364475308042
-0.179395360216860  -0.207101584214620  -0.961730855566389
-0.745512189824752  -0.357327946312014  0.562608490521732
0.860973049853725  -0.426117310273401  0.277757889736615
0.213940462450276  -0.606187724891491  -0.766006475636754
0.975615630685915  -0.219219836492233  0.010807610727779
-0.229737580696533  0.455723405376159  -0.859963267708605
-0.531937587539106  -0.842691293775418  0.083149181344072
-0.580518688042472  0.812976134115726  -0.045473708796371
0.573326052469425  0.819325968809206  -0.001481348939985
-0.608145607781267  0.020148197004918  0.793569763722008
-0.545699132730629  -0.026498031698398  -0.837562123578395
0.015367286664424  -0.251581412259717  -0.967714131087265
-0.792400736487088  0.399571424984523  -0.460916206213840
-0.031405353694967  -0.995793843771961  -0.086071624041593
0.839173376846478  0.344641006527722  -0.420726300831832
-0.176571612143915  0.982544974056919  -0.058547756066195
0.394741251185771  0.457666634439112  0.796693539783943
-0.986775519205448  0.160627276323848  -0.021747477959519
0.415462655875762  0.364251063293959  -0.833493817890618
0.932520458849029  -0.358796321341176  0.040875342445494
0.028122144382856  -0.904436947536254  -0.425679401576601
0.287912948816170  -0.071948083496027  0.954950054811887
0.616485365650003  0.617588709691105  -0.488395310789793
0.270151017522474  -0.460633331489917  0.845479367963567
-0.312694724104814  0.534355059070841  0.785294008867005
0.995950794786636  -0.084811514868488  0.029816460379806
-0.413105053159348  -0.910176875692271  0.030368898716755
0.494809985256289  0.866807312871747  -0.061710297704136
0.980834605282563  -0.180561265297509  -0.073219577671289
-0.178398366980840  0.544726816159750  0.819418524574000
-0.307626253045433  0.502641762009506  -0.807909244606847
-0.153788340426837  0.844102750720503  -0.513653280506257
-0.389380287629647  -0.220274887730578  -0.894350024006672
0.869565116521670  0.478091800928115  -0.123631460453908
-0.633973169318860  0.586285837522967  0.504328203954323
0.362275011329034  0.931628809052184  -0.028715471623441
0.785524043447450  0.071283050388432  0.614711886897667
-0.709355495138903  0.642566864627256  0.289693986819436
0.286106463020487  0.217778894036496  -0.933121345340544
0.732732928044197  0.677905515547700  0.059553070028213
0.706098753756880  -0.212146324615244  -0.675587512388458
0.399001964871649  -0.020095162641544  0.916729849228754
-0.372367790584332  0.910147002804489  -0.181589266812082
-0.065712068751941  -0.067181124655190  -0.995574517808890
-0.905417204681865  -0.341636638087620  -0.252000184488555
0.699747713659028  -0.629075552330815  -0.338551453532020
0.139957422270897  0.903531065763245  -0.405022879788315
-0.996389951185454  -0.084885005101338  0.001265340110050
-0.314917275614980  -0.216571216881669  0.924080092598922
-0.273042156888243  -0.731199599387960  -0.625136086317774
-0.408430518682231  0.862885811168291  -0.297678666171098
-0.206099118537969  -0.972794983652488  -0.105797320941641
0.292552432076465  -0.493701538644736  0.818945581358106
0.485841850711592  -0.358913341223290  -0.796956027387377
-0.984493401326025  -0.120180103784461  -0.127786874912370
-0.697168538595731  0.452857784784245  0.555766007913942
-0.056825883332923  -0.447005301624241  0.892724525989543
-0.885432693299777  -0.061714151233402  -0.460652047833768
0.245090038036969  0.961577237641887  0.123693529758167
-0.376345513388399  0.502861038632151  -0.778135483304943
0.175015284018542  0.977395206055130  0.118609702555732
-0.985985851937168  -0.157984732858138  -0.053597798121569
0.434625054530226  -0.316549434564841  -0.843147387739105
0.423400372272220  0.854469655597209  0.301021149461850
0.220437756104181  -0.062052155139692  0.973425254308862
-0.635022507926443  0.757725724889223  -0.150326778279564
0.837985124094481  0.158796085847678  -0.522077326567448
0.029948807699449  -0.159936552989104  0.986672877875614
0.087167706257145  -0.980476937332276  0.176257670316466
-0.841997791972701  0.340358295681088  0.418564151444150
0.784778893415005  0.480182088662085  0.391851056114998
0.282666612182351  0.751485890821236  0.596127957953630
-0.802718321131999  0.382670180321305  0.457391331369414
0.442577557985158  0.710788567361942  -0.546721791842481
0.642807375329192  -0.341972856862010  0.685458418426698
-0.898654642910875  -0.332346976526093  0.286295860900384
-0.460476184157751  0.705841310711165  0.538284058761786
0.110846119649536  -0.823847654461840  0.555867052447225
-0.549024578402661  -0.214340632775419  -0.807855250308627
-0.865571962381663  0.489239494227359  0.106910688085497
-0.006356298214551  0.800921986923530  -0.598734973369246
-0.101772255940552  0.293563378326219  0.950506681105645
-0.757443408226561  -0.605245871022391  -0.244861019650901
-0.194044481062380  -0.976483981169159  -0.093945590046903
-0.901381957822962  -0.122275326682586  -0.415402588576324
0.012327643726574  -0.430632757357962  0.902443049444357
0.695009833034008  -0.423575897128612  -0.580986050914936
0.197323446844422  0.905574761486922  -0.375496749231391
0.481617880026191  0.547047990649665  0.684677087074806
-0.857000119616667  0.452883064822274  -0.245861189646116
0.572705686434898  -0.094356293985017  -0.814312646660081
-0.704948009076124  0.707745805244294  0.046305287589155
-0.256760323959447  0.152795776206525  0.954320484330964
-0.802894185218940  -0.294843905272072  -0.518100375280243
0.354706500102263  0.849793934309841  -0.389914821461567
-0.978827487993759  -0.198177599273806  -0.051209255939706
-0.135498437890447  -0.913815830223540  -0.382858722980306
-0.446846979621578  0.676355268928313  -0.585552155658216
-0.396482070481734  0.039282962021422  0.917201622698816
-0.642235912818876  0.696044727555530  -0.321021447146221
0.073939131259920  0.089009634129418  -0.993282583105471
0.215909874996048  0.876530004379643  0.430207016797045
-0.932084919074844  -0.269494910953531  0.242054119162204
0.793097855888053  -0.607342933052761  -0.046155743484899
0.459233974296683  -0.016645471539224  0.888159380476787
0.634746399451653  0.333033747421201  -0.697270056335244
-0.300882517860283  -0.923731208934738  -0.237045067626442
-0.538825999833486  -0.307998155632812  0.784094176760821
0.131328062024815  -0.982872174046543  0.129287391534631
-0.968006561781122  0.187929001762124  -0.166270823193314
0.297852499922821  0.486945016651607  0.821077608419504
0.829179940607889  -0.462801411177941  -0.313489202214692
0.037248975972582  0.023206354590656  -0.999036525306061
-0.010746422377624  -0.950290203287133  0.311180082817944
0.802677387012931  0.464282437518536  0.374367240273425
-0.624348731990216  0.775745111894494  -0.091696140780340
-0.913016245010902  -0.268873775686851  0.306770645750356
-0.040407771042292  0.283934280122993  -0.957991929303390
0.329075284062978  0.760684607458352  0.559525142772694
-0.225792227545374  0.973894548811680  -0.023393968773874
0.508340215904131  0.477341523219924  0.716753301425689
-0.981259271972556  0.118420134966085  0.152009581285204
0.247126828523051  0.378132890625671  -0.892156851484767
0.507397084160012  0.860312479706155  0.049098230597087
0.690939981207408  -0.061156924761437  0.720320604260930
-0.631048500306955  0.747878106706173  0.206048848018942
0.447505603259559  0.173591297761419  -0.877271221682784
-0.221001436156270  -0.335495523206617  0.915751668917499
0.811307994992572  -0.421112773694414  0.405516176116971
-0.732302413910431  -0.678223607836740  -0.061203858978597
-0.300007017238411  0.763840858324537  0.571439351779125
-0.322893952903824  0.659427980345012  -0.678891916225433
-0.982249826401333  0.145897351853346  0.117895043393400
0.176571726737214  -0.353703842056960  -0.918540155589936
0.482784146760294  0.867234470548627  0.121753195971102
0.466965271976073  0.314333236152326  0.826521658166511
-0.675116411100849  0.186890171472465  0.713645496916573
0.510545741926814  0.835563208599652  -0.202921585434012
0.631535941150109  -0.708120143919791  0.315797746683950
0.057426623660904  0.179587628634244  -0.982064390219113
0.486772594828050  -0.749851042194223  -0.448080188632130
0.492758627957227  0.856431544873810  -0.153993322968140
-0.922104599124373  0.073007125954656  -0.379990878618843
-0.667425387067655  -0.334019103911626  -0.665563363564782
0.176462150242457  0.421679596496716  -0.889408470518566
-0.922276012143856  0.237947136694847  0.304611420604597
0.078388474833744  -0.993645837103190  -0.080766313650812
-0.052906997653432  -0.769683591462719  0.636229532977172
0.897783328719084  -0.434319388595809  0.073155747305619
-0.665888110153042  -0.665704488868934  -0.336794534184512
-0.284802216219474  0.330340286002024  0.899868319856065
0.018639264524569  0.612574996746256  -0.790192667125751
-0.538027131544239  -0.397986276623170  -0.743057016212016
0.944881762888263  0.125099701670039  -0.302569857724190
-0.388215366819455  0.885461571699388  0.255434206810455
-0.521354347625827  -0.748720281678948  -0.409399052287918
0.196822730836305  -0.849712944931593  0.489130579540698
0.259334710718724  -0.100565618142934  -0.960537383064275
-0.977511789180856  0.201558281395579  0.062007751235659
0.401990404789112  -0.664381449804574  -0.630080156498409
0.120296904382600  -0.874516173009809  0.469840523944285
0.888372699084345  0.334276637903680  -0.314726987837725
-0.606679198677833  -0.124141914698444  -0.785193692604969
-0.389289172251620  0.029235587910106  -0.920651519722419
-0.314538992415530  0.928023677750081  -0.199592774882850
-0.772241983055313  -0.632888802405046  -0.055624485589570
0.697491803219223  -0.265899287434929  -0.665434259249999
0.294185755981077  -0.748858327603002  -0.593856839783359
-0.730549970801849  -0.219275377290859  -0.646695484038175
0.205738478302618  -0.805269872872513  0.556068440382665
0.818997248480308  0.275686922560370  -0.503229796127849
-0.162634391490932  0.961690321157552  -0.220684799875883
-0.699354818344749  0.064997868983803  -0.711813258576678
0.848770334718147  0.414942186959128  -0.327737548022837
-0.312049907864330  0.481750265214621  0.818866006723631
0.661844698919050  0.208546719036932  0.720048512595980
-0.375851617772372  -0.269784218005649  0.886539360171319
0.190501035298696  0.981680731785733  0.003506620987950
0.847195281392726  -0.503349794743152  -0.169997468563289
0.925151403060097  0.098163677493929  -0.366686206226527
0.654183489853740  -0.419930388743188  0.629048829752331
0.215360021097950  0.970786087698656  -0.105803748721057
0.055607892108406  -0.452692021461539  -0.889931287257800
0.149365852210006  0.732253497699300  0.664450643238999
0.948059152592038  -0.025855503752627  0.317041536887779
-0.615276644258315  -0.125477466707694  0.778260917931028
-0.183416656123717  0.883586468159620  -0.430851811579808
-0.958406601675857  -0.283208463804714  0.035351830129570
-0.091660953088461  -0.915653465054595  -0.391378335645228
-0.557397779854649  0.643874519917696  -0.524150090731525
-0.309347868732747  -0.011429518667814  0.950880256506322
-0.023951207196140  0.823556709108313  -0.566728053440566
-0.234469253206649  0.788858770222111  0.568089790389139
-0.687087150854333  -0.109512268486778  -0.718274536776681
0.897605196864843  0.144210207372980  -0.416543307053024
-0.629109587985327  0.479779844378938  0.611581905579829
-0.677873772504217  -0.644640930086197  0.353447619610749
-0.463907081972010  0.728676099158885  -0.503806869554998
0.512671266490900  0.395744675306251  0.761941155524078
0.613406376364764  0.299197224673134  -0.730899198373445
-0.538023751993681  0.252607497558950  -0.804188966890026
0.624195590234806  -0.744467633873574  -0.236955285330596
0.527234538123639  0.791057360987758  0.310245053847177
