0.336372930203955  -0.271165377300795  -0.901843994258055
0.620276660679370  0.702258168622336  -0.349414265335078
-0.772484491390732  -0.104050410781457  -0.626451293060372
0.488580760915317  -0.869373135141674  0.074021564137395
-0.290776660345616  -0.448068559745056  0.845389554919057
0.805070182862122  -0.288501866035573  0.518294003399944
-0.558025795427641  -0.799715221244475  -0.221501188591054
-0.537821047780097  0.640148527534991  0.548596740110166
-0.528074967941246  0.726439939742798  0.439797501334800
-0.707927239543888  -0.405751610215491  0.578104362826737
-0.428309218684767  0.571345783973104  -0.700082286824773
0.608161490287409  0.560845765985185  0.561775425332836
-0.500015316409726  -0.369912967833408  0.783038364056552
0.313907223345020  0.447339149641696  0.837466381611623
0.164679054741362  -0.984141003374565  0.065934015548858
-0.978601594496108  0.166888885899460  -0.120362033103929
-0.865819401376511  -0.033538274242033  0.499231357549671
-0.209445491668832  -0.947710816422945  0.240783708864527
-0.730933356998219  0.367094584001035  -0.575306869439626
0.074559447290540  0.547077958179876  0.833754518124770
0.365432525560344  0.683830323590455  0.631533972008444
-0.225006539765703  0.915556665321043  -0.333358740171723
0.993379727291391  -0.098300914008631  0.059444492693186
-0.402940661965345  -0.133425427721956  0.905448219486981
-0.725524504544419  0.595674164900967  0.344654149220797
0.376450733552845  0.905920967778615  0.193886681715335
-0.380609129859601  -0.389309527622706  0.838793646834371
-0.721366108237663  0.079062724745059  -0.688026179328909
-0.891984996709650  -0.108225735437532  0.438919076634738
-0.447849222739333  -0.821380072802650  -0.353222096837796
-0.567393009015027  0.799669001756535  -0.196455239050987
0.123257235044710  -0.086514664391418  0.988596412523520
0.565431611082930  0.823480490124643  -0.046550784872429
-0.550083715507798  0.796654005814882  0.250500101701054
0.346995818402578  0.113901501683799  -0.930924459838338
0.768519508188150  -0.087075017374037  0.633873573264855
-0.390421855243172  0.645108003578771  -0.656815376393620
-0.997587231190039  -0.019068871163581  0.066753983545091
0.277135310276824  -0.257928475408972  -0.925564109811402
0.330030065670044  0.922105350151324  0.201994749872691
0.319900864687259  -0.598925696090840  0.734133126438555
-0.407951915968952  -0.906614175279614  -0.107823798112135
-0.268405472386581  0.383339316845241  0.883747402006682
0.996258253042792  -0.075650837656467  -0.041790477455993
0.179134013781138  0.256874206109630  -0.949698187500748
0.918612840623829  -0.298837152213232  -0.258547491765258
-0.066440617012018  0.993270864610219  -0.094861129697739
-0.673038209830672  -0.437559506287357  -0.596289566037751
-0.927456847611024  0.128591856897747  -0.351123810299175
-0.552378226284075  -0.805461386633978  0.214732973175825
0.033473628088708  0.126584489063016  -0.991390883229836
-0.408552249415657  0.807468754468709  0.425534099754836
0.767379605615946  0.223644275301882  0.600925768302053
-0.129359896371559  -0.445723066294884  0.885774782539798
0.044849600185648  0.990664310997678  0.128735140030540
0.851889901801856  -0.321296969400913  -0.413584154268285
0.140319801682850  0.753774711092384  -0.641976664819898
-0.519849037498381  0.798202523006269  0.304351294523999
-0.312367608458203  -0.274248462398739  -0.909513198396829
0.972536447639434  0.229820650484854  -0.036814760947067
0.215035853059570  0.973528926542579  -0.077466193167060
-0.507573967380288  0.393519549097831  -0.766492682362770
0.981135171893256  0.113211464822101  -0.156706536898835
-0.258525351453398  0.466797912622647  0.845733026094545
-0.750235185595551  -0.031802812131189  -0.660405744550241
-0.706237366347045  -0.627526069252862  0.327780131770128
0.345928649790383  -0.319021604857007  -0.882359668666164
-0.389926469038888  0.914744861978680  -0.105826207654205
0.177372110936482  0.731763009426642  -0.658074488410545
0.623719481347120  0.668547084507256  0.404992351020273
-0.860838757420783  0.449281818825721  -0.238961254170829
0.414491387010144  -0.386065893906335  -0.824105585259989
-0.037031684517728  0.639757889366665  -0.767683852464600
0.908894631045717  0.386901102357763  -0.155621613700082
-0.643966432741101  0.735683034829635  0.209946911781428
-0.301959882822345  -0.482826247820734  -0.822009150545946
-0.884556080773435  -0.359084739366245  -0.297688914676071
-0.733780413419935  0.484180134388989  0.476587769822443
-0.052004856445478  -0.975894674945463  0.211955368696277
-0.098770810908022  0.132629801190229  -0.986232053194791
0.805188424640276  0.555427753861494  0.207777792522894
0.819038284481176  -0.457860916241477  -0.345745093866344
0.076995608102044  0.118173126032914  0.990003428588308
-0.090845467942945  0.895115544070057  -0.436480542199070
-0.348741867821462  -0.172867036778043  0.921138478853195
-0.976222442329668  -0.211520677581150  -0.047420945240572
0.137904781224952  0.812410129994832  0.566543954161615
0.489575793283254  -0.773756489191725  0.402015469932152
0.142663610743192  -0.224798053483989  -0.963905041650641
-0.822608720265124  0.228230372359085  -0.520793423995166
0.190728659312804  -0.977544401497552  -0.089607597989974
0.774543671695511  0.524515975654478  -0.353504019665502
0.695470713787010  0.230704410138410  0.680511543919187
0.724521452473522  0.536630187381905  -0.432546768449516
0.388153480234458  -0.840473455767979  0.378075714548435
-0.417204218920970  0.534547678524484  0.734982597820268
0.820536793603724  -0.374357858613962  -0.431943936219145
0.198687442540069  0.510429639241903  -0.836650992684684
-0.151259106173890  -0.962598829751670  -0.224775834466680
0.773108457237545  0.077811331895804  0.629482890932220
0.279362601461541  0.891897039706819  0.355634935666975
0.513293563130338  -0.125561582918288  0.848978213468412
-0.811392489552122  0.556038234432355  0.180176884609983
0.577461527883326  0.461420388192753  -0.673520162411419
-0.130674774746746  -0.193216957119162  0.972415194619304
-0.272522110806821  -0.955083315884702  0.116393981116197
-0.713910327897110  0.597261894795561  0.365527389872575
0.855757663957184  0.164604463969978  0.490493823630532
-0.783092802173363  0.027784719738446  -0.621283890450515
-0.232689632686644  -0.929910764152722  -0.284818372920457
0.231988077447840  0.546807264687146  -0.804477064438394
-0.782391246934559  0.410888219204022  0.468011546908337
0.048121746341125  0.609568852747033  0.791271199583143
-0.905408766407381  0.384401112162822  0.180196422496814
0.645054259585789  0.740534774568103  -0.188449594973296
0.308476253162717  -0.515367033983892  0.799524372059625
0.686987164579023  -0.575917525025368  0.443133885041901
-0.455830354834229  -0.688519512564350  0.564056352175783
0.588507229079326  0.566817210319600  0.576521891524408
0.554310290333926  -0.454215222780617  -0.697444358658289
-0.000308968804053  0.937414449790167  -0.348215527888801
-0.289837402138588  -0.000026570273791  -0.957075900655520
0.921750111435825  0.381572220023871  0.069133009294398
-0.632221678101289  0.555868800040088  0.539727363472321
0.831830193325809  0.540887265226286  0.124496970997600
0.712231196290560  -0.337387318531427  -0.615545709370711
0.311758449330529  -0.081084283368723  0.946695309094539
-0.192159452295281  0.959358867126435  -0.206652628726229
-0.446897180378282  -0.121796230172892  0.886255374305631
0.439044870950951  0.589018554739317  0.678451725227720
0.080674458245163  -0.954960277778541  0.285556473664986
-0.966616509574396  0.244145492866332  -0.077752824587075
-0.819276401284235  -0.471747265446701  0.325945848021283
0.013384880949645  -0.948504796345613  -0.316479851288090
-0.813368391921801  0.459147457242300  -0.357233077318539
-0.019292890312078  0.017610073656611  0.999658776627913
0.788464500064061  0.564371468689722  -0.244557922520897
0.771875552446743  -0.231076600053241  0.592293623503470
-0.232254482139579  0.965638186570878  0.116622245571681
0.248843429756897  -0.170190117827915  -0.953473791596049
0.235237785508322  0.391778830810258  0.889478797947477
-0.154813346463385  0.987753818978586  -0.019370618214896
0.962475695500168  -0.182679253063886  0.200670939778255
-0.572424563528461  -0.413295735104442  0.708178476384117
0.202953473034974  -0.413078631416055  0.887792730343339
0.859907706310767  0.370402310990305  0.351227653581544
0.081954074570958  -0.991148642676023  -0.104440881759465
-0.738908307846751  0.207667700269664  0.641005958521261
0.508622739482386  0.583435823916286  -0.633171026068437
0.319531490630629  -0.546966028657663  -0.773775025436872
0.785435673027672  0.399580936479564  0.472679467226664
-0.596344424175914  0.730820916094385  -0.332075467858228
0.163375144036395  0.449600929209486  0.878161469642716
-0.872413663076163  0.149514147205923  0.465338500731798
0.450414518951216  0.879362189335528  -0.154430894205051
0.585374288161341  -0.579275407331964  0.567253863115969
-0.164033966591974  -0.917234654772201  0.363006123762429
-0.315945877094687  0.067625532495006  0.946364089609087
0.848958471291250  -0.527543584922720  -0.031101125859170
-0.697046560788538  -0.457316602344487  -0.552256839987488
-0.809871962765643  -0.547922457308428  -0.209495548170407
-0.774911394974575  0.605873835779577  -0.180081162413786
-0.212854215815685  -0.591185663059478  0.777941253953289
0.177893648024617  -0.562610630028526  -0.807355639709910
-0.796234864104101  0.487191192413138  -0.358684796472040
-0.782373435551446  -0.149308419247425  0.604647668717297
-0.215663931878515  -0.341719584932733  -0.914722249516267
0.201802503325860  0.978219196593296  -0.048610215673070
0.641236826690624  -0.557837452269369  0.526908634339350
0.553214014761564  0.591980666740028  0.586099943761663
0.597287517680242  -0.501872264038879  -0.625597196134913
-0.509264705751182  -0.647945854970518  0.566405886712600
-0.379609380680057  0.452453426761624  -0.806958868041840
-0.449455074878645  -0.677914489680534  -0.581740561029583
0.736628261286696  0.442331686436452  -0.511587220176602
-0.666782567088109  0.688036230005705  0.286368913164345
-0.222459371792916  -0.849638654624610  -0.478148496253187
0.605150774377646  -0.729792398971806  0.318112550323172
0.122463714223257  0.129376874560014  -0.984004198683993
-0.950073860393819  -0.249223130212818  0.187743152107634
0.143148870762493  0.591749447368491  0.793310148894182
0.868706420156690  0.485404590224580  -0.098648564953865
0.021261594906052  -0.555881630744969  0.830989504856929
-0.746819144300249  0.662226487888880  0.060969208991118
0.240329135747926  -0.393895844227675  0.887179784717180
-0.302988153625818  0.612777621420724  0.729864210280500
0.991442146908265  -0.118637336737345  0.054476156855997
-0.448124857534522  -0.888036128911054  0.102839417580683
0.070374836111919  -0.058863090646288  0.995782365279576
-0.263718075974242  -0.917031695958395  0.299174940481508
-0.608525737639394  0.674741239184322  0.417637027542384
0.942618649725556  0.183427366127785  0.278970397255684
0.677880411153426  -0.433835499863387  0.593519087504983
-0.053631036173874  -0.993221608481748  -0.103123946801153
-0.183507735289006  0.246719431677197  0.951553694292645
0.915019182616306  0.312666676941163  -0.254910659986509
-0.540693786197770  0.190915573868384  0.819268865038594
0.363589282450555  0.811331792059268  0.457759278312289
0.047819695405468  -0.782525353267512  0.620779629357218
-0.952102764053793  0.162109135076628  -0.259270042630912
-0.135513171930962  -0.649514907430447  -0.748175490950371
0.536858999587978  0.288166149723312  -0.792932963569454
-0.968922112713599  -0.027931747738883  -0.245783964006744
0.296549941194659  -0.909749309414877  0.290541436625828
-0.295778265439464  -0.049047475825037  0.953996626204105
0.306801745396259  0.817990948197545  0.486583495084545
0.395190398225835  -0.811633396319171  0.430204345781762
-0.997770409061559  -0.055405027703411  0.037208785337799
-0.296352270314595  0.444626898792632  0.845270520454506
0.642410438515482  0.729097589519689  0.236062562561126
-0.026560972118743  -0.673081449342165  0.739091251004609
-0.912201736711333  0.388610758615108  -0.129883293111230
0.915815247368201  -0.225470736988386  -0.332333235548050
0.668095249996709  0.612452090715451  0.422553160572854
0.030099920816152  0.108457482320716  -0.993645293500409
0.217620076555340  -0.946380310024554  0.238758897379505
-0.215337591636947  0.338392302339637  0.916035136523310
0.090236749240501  -0.745416170058654  0.660463520946914
-0.937686063655709  0.347150142475108  0.015219218290481
0.632111722778261  0.736658329923183  0.240352397285915
0.054373815814295  0.807814220683646  -0.586923907346656
-0.218285661797557  -0.256732298321701  -0.941509371622004
0.925492775185274  0.376985784750421  0.036672076242948
-0.652833297573422  0.687560734254926  0.317913388032399
0.431268860090835  0.462576637383781  0.774616049964540
-0.432722523577165  0.890693006990894  0.139345559263757
0.973683408933079  0.128272315016997  -0.188379490307836
-0.109692025265078  -0.556388684624110  0.823649981008619
-0.262743146915516  -0.180527333347400  -0.947826946580128
0.810417510524854  -0.253901537900939  -0.527974874105044
-0.410711483531947  0.822048591449881  -0.394401052978125
-0.662449173908422  -0.748674386896343  -0.025451019496960
0.164269999978157  -0.247010625074945  -0.954987496361739
0.893901968317787  -0.440835932443634  -0.081258548498842
-0.017608145212718  0.824648402501072  -0.565371528708864
-0.712023823126912  -0.630823095132384  -0.308357419154033
-0.382467406204499  0.923413144771024  -0.032044457481613
-0.316033195267244  0.197882664525016  -0.927882250379678
0.703318122413340  0.661334084441111  0.260731370267199
-0.769752333350595  0.064196395804896  0.635106422630865
0.739904854697186  -0.663926746768688  -0.108360882797633
-0.039498299010933  -0.667447698783980  0.743608400815384
0.879895102769606  0.474540540675617  0.024410722589818
-0.100491949061487  -0.471019588660326  -0.876380006202835
0.694673040477756  -0.714986744855025  -0.078888031506723
-0.262943750521619  -0.642242227072443  -0.719989934531486
0.076870387203397  -0.487485508168159  0.869740664162158
0.880746403795978  0.414740990385577  -0.228638761137395
0.008884175992302  -0.016137959370411  0.999830304443857
0.850080645905812  -0.418992818589815  0.319073523543588
-0.778935750233312  -0.532184149760646  0.331721461096513
-0.062260719680198  0.935039008980050  0.349035319803757
0.425545462358188  0.875234628519689  0.229946525319167
0.457339097375552  0.370844303154367  -0.808279316096650
0.670608799801765  -0.136756878724901  0.729096285650845
-0.702402434819129  0.641147204090224  0.309129555764971
0.473103435199715  0.808618996719563  0.349726261162179
0.626468602379864  0.347455922856622  -0.697718762757656
0.517153726311773  -0.245027200794233  0.820069322821425
-0.670518893491922  0.706190274657175  0.227375701098409
-0.571267988752688  0.434705093276294  -0.696192765623219
0.413491744552002  -0.132490294014298  -0.900816795569081
-0.073372152297363  0.978563819986402  0.192430188590235
-0.911387581007327  -0.411368432695810  0.012193841355627
-0.027820166929330  -0.899270776050901  -0.436506712036406
-0.841142659238791  -0.472424563451525  0.263237646730727
0.790257166496576  -0.537738995454509  0.293820325315282
0.023065325812885  0.110892782855132  -0.993564684082415
0.026175445295443  0.999247348875849  0.028628339598597
0.328152888744652  0.299319554276101  0.895948372416903
-0.918897789528013  0.362137941394656  -0.156470328826180
0.616920346078804  0.337789853205092  -0.710849703992125
0.853957609844865  0.361023233508598  -0.374724732910763
0.650870709630946  0.155121058432856  0.743172104276781
-0.181153303276095  0.863784565567242  -0.470169868239097
0.384240203490014  -0.657882390491500  -0.647726968948447
0.203150728758609  -0.263232410181499  -0.943100461051147
-0.069863256326590  0.802540227355500  -0.592493298604826
-0.654035201817567  -0.694186593998068  -0.300571002421751
0.927049186902766  -0.371586043538931  -0.050036160024570
-0.344644649304062  0.732875390513316  0.586612075980400
-0.817251776553056  -0.315496500104844  0.482246298215412
-0.230051550208843  0.795430432087829  -0.560684146338273
0.702658677457837  0.252941458530332  0.665049924103261
0.955897288534499  -0.229679713173791  0.183050821163955
0.589224771903043  0.736898696546841  -0.331352499920212
0.234245530826301  -0.851001023169350  -0.470027967096241
0.132426985805156  -0.115577386551283  0.984431288180408
-0.294014026710666  0.863253156544321  -0.410304447713703
0.769649229518899  0.419504860303699  -0.481306280535107
-0.321071826912989  0.617908690820153  0.717705881104286
-0.742591429316575  -0.174160394579531  -0.646704048282882
-0.247801223669388  0.950858145100649  0.185643048465885
-0.733408760536529  0.280337295894924  -0.619292007455768
0.797840765812337  0.586073120802262  -0.141309622747639
-0.312233228945196  0.084447728403464  0.946244678669292
0.530393464443734  0.808840450176329  -0.253889541009328
-0.421476492215266  0.813974131482463  0.399754524411275
0.016943984123939  0.088382033521880  -0.995942527233648
0.934925972535061  -0.093515714828014  0.342298461813045
0.304375482553301  0.214248629886692  -0.928144972626648
-0.689973176137994  -0.305898042007978  -0.656020886943194
0.864775531494960  -0.467450191397020  -0.183449171953703
0.129573127196335  0.987596863291689  -0.088674913729751
-0.411763712089281  0.737683325868420  0.535045751447634
0.591300349460966  0.805780182916452  -0.032896710268195
-0.107146990693549  -0.296304362602027  0.949064406185546
-0.895917070856698  0.228207505553995  -0.381121944469717
-0.575431248852333  -0.802212491566735  -0.159166567527656
-0.687987136411600  0.215476303306290  -0.692996149228567
-0.454873451306801  -0.258331750234794  0.852264542332290
0.567429338866068  -0.759357044638231  -0.318434960631379
-0.942424681581625  -0.227938375632190  -0.244703527681828
-0.023813143606163  -0.902686266214768  -0.429639894538244
-0.352820069901243  0.682983969098407  -0.639570868809289
-0.565791468074219  -0.008236078515829  0.824507235665704
0.690791510935624  0.708701804842598  0.143348666656242
-0.298601811484006  0.613532817143697  0.731036552072596
0.122186388393880  0.521991491755300  -0.844153640652184
0.867206934025750  -0.426822504056398  0.256465755235830
0.723466933042049  -0.544998774752286  0.423759285813584
0.038117927136421  -0.899481104102850  -0.435293885774589
-0.192873965353730  -0.109476947154837  0.975097139535536
0.878222971259358  0.463959276505402  -0.116043967947364
-0.047731852446271  0.998256279090393  0.034728540404837
0.814949069004211  0.357000673492526  0.456517835418346
-0.815270032656881  0.277246482737902  0.508398624763198
-0.047410888793601  0.364009122859965  -0.930187919776708
0.456558313529305  0.504140821182136  -0.733073351558409
0.916205969891280  -0.374769472608998  -0.141825467162821
0.070023196497148  0.965041274892444  0.252570959744560
-0.529670852859123  -0.086130981101310  -0.843818844140148
-0.343046834122941  0.278186386955436  0.897179582754149
-0.952931505901910  -0.287482244567210  0.096309418636587
0.058371766320031  0.994631030477070  0.085450863710097
0.551512905458937  -0.428962398954424  0.715419300407465
-0.673793661401041  0.243237283555333  -0.697737576560416
-0.553074586245450  0.767573646529147  0.323943203669058
-0.592410940021829  -0.785396307454731  -0.179448929723550
0.471691864866238  0.261059944480917  -0.842231850505923
0.237147338978972  0.317444816722161  -0.918144829507538
-0.618381019968349  0.739040768392855  -0.267252047319012
-0.086402622551657  -0.757382503191503  -0.647229735623734
0.941930981498978  0.335786551520810  -0.003663046564793
-0.250360556249595  0.869922375248318  -0.424917230665830
-0.651827988246066  0.481690620458941  0.585742622574939
-0.417806965553872  -0.172749624406802  -0.891961269788086
0.819274397550344  0.560981379196180  -0.118698583452683
0.454344665407223  0.633348464367087  -0.626450834223925
0.705348498064612  0.508650101948602  0.493719120619885
-0.672258851640438  0.639282144823706  -0.373344848231072
0.421255018983049  -0.514583782405221  -0.746825106612738
0.217124347587807  -0.954576133068627  0.204062303868980
-0.709454878488724  -0.592230013725903  -0.382017520842654
0.042819878510225  -0.127628707728645  0.990897255505275
0.883759347566306  -0.234717411614079  -0.404817430793641
-0.170804472435888  0.773187139286126  -0.610743382967376
-0.267135526733521  -0.340109681345884  -0.901645171346027
0.831797436872696  0.548727544959247  -0.083732343900140
-0.735466382575063  0.564569275672764  0.374634132278791
-0.365111749686333  -0.590787998394328  0.719487978491794
0.323218430047679  -0.935752820763446  -0.141054971237340
-0.999396870188101  0.015687691273889  -0.030980513241772
0.311066690454088  0.329277131095230  0.891523462970906
0.001155220402987  0.881772561154095  0.471673420770737
0.935507384847816  0.236304032048874  0.262652503000914
-0.571221620552959  -0.059140110820952  0.818662511359191
-0.363130543891870  0.704608639926174  -0.609641593589367
-0.768758519277451  -0.635556374974146  0.071263126987695
-0.819964524516106  0.498823058746946  0.280773457786551
0.210928153935198  -0.703514024672293  0.678658478888227
-0.159722148696542  -0.430865409048800  -0.888168809687083
-0.370843253714120  -0.720361710990151  -0.586135041192785
0.271570364179589  0.168463475970428  -0.947559810546715
-0.997856837979508  -0.002243344521882  0.065396470110353
0.355443220085798  -0.886581842438697  0.296028299243578
0.050144606246072  0.194364533602120  -0.979646847870219
-0.727354027593440  -0.494696155642612  -0.475638341742991
0.888510713753389  -0.293211436301611  -0.352952922026989
-0.111012079913877  0.982272125546343  -0.151055584100239
-0.611907194564903  -0.069411357719093  0.787877940203495
-0.948705095740852  -0.020201376165187  -0.315516316085830
0.135648784404258  0.789918333017918  0.598020429794702
0.201149116771691  -0.839128314571825  0.505373826494623
-0.290637031940364  -0.663632403772480  -0.689291047619260
0.411917199730989  0.232453872266953  -0.881072878843674
-0.996411383001957  0.019613389899805  -0.082338756128362
0.293857151330604  -0.915699665939238  0.274120587352777
0.420504873223829  -0.649819240204632  0.633175020555049
0.590277330163651  -0.626700485952547  -0.508742738917927
-0.714834764008936  -0.520503161301155  0.466998628734382
0.545062307069115  0.497384407049070  0.674919130738594
0.928158839801435  -0.121099619572874  -0.351931882951460
0.609153375068656  0.666283310407406  0.430114770631066
0.001540040870002  0.137697670452534  -0.990473109087806
0.317465423862777  -0.925080600432813  0.208426455505279
-0.335649901048306  0.558216928515435  0.758770719417306
0.568088614396400  -0.158872166927142  0.807486817706056
-0.946629882319579  -0.249476193383271  0.204091878414144
0.042891366874872  0.966565288825848  -0.252807976702894
-0.457638692153224  0.838853671745629  0.294773378789815
-0.126988185185983  0.604450031854029  -0.786456711977737
0.560315595256975  0.461313340042598  0.687921824054568
-0.890966102224216  -0.226909700150999  0.393308266712984
0.172078034078657  0.944132876550274  -0.281073409636218
0.669890380097877  0.414370844126787  0.616071166497813
-0.853497272947700  0.519752888717479  0.037407749740852
0.355684926928481  0.010009143706008  -0.934552325874883
-0.848884826007319  -0.128096923536018  -0.512821343505837
-0.016977274753892  -0.919742529107082  -0.392154883041943
-0.050984892889054  0.676577864410129  -0.734603930078870
-0.780922658364373  0.115067741160935  0.613937469614977
-0.173559182110864  -0.192264123708746  0.965873551268237
-0.147826452634022  -0.981308504972512  0.123211030229662
-0.813187174431890  0.499655297535692  0.298447990417089
0.787454444955048  0.289389083728074  0.544214530621485
0.412738144982662  -0.618868768843580  0.668317791642796
0.936690306285819  -0.213572928225748  -0.277484908489198
-0.534307582182947  -0.843970392003689  0.047216364143726
0.010355420879790  0.438674551385858  0.898586335988267
0.944068294176640  0.190300074205077  0.269297117860463
0.110547435946475  -0.179989256455491  0.977437021994901
0.213697454748720  0.958502922689365  -0.188694316368733
0.619823403481445  -0.588213592028797  -0.519445587765705
0.823596125871704  0.463341717579657  0.327114466508979
0.203895362689189  0.777232868233099  -0.595261076849473
0.768890095511417  -0.639280017074636  -0.011361372870303
-0.149189332328902  0.325388866421194  0.933736916228756
-0.913926796189588  -0.324893654992536  0.243273352737670
-0.596863381937124  0.053564987914170  -0.800552868567926
-0.372495072581435  0.570143039827095  0.732246089125283
0.055431658328971  -0.948601682733801  0.311580132180313
-0.133629146000404  0.150153208516903  0.979590355868861
-0.965671538872262  -0.125007871991190  0.227709268481351
0.280360236840602  0.930456182814863  0.235901312968528
0.551682156031256  -0.655295102306771  0.515979774418982
0.675539885276881  0.590499661191277  -0.441538235641135
-0.178622882716947  0.952698371032834  0.245885500998477
-0.062957413135456  -0.105550216632308  -0.992419022338933
0.917120181129284  -0.256648493209249  0.304995285699322
0.272899748501750  -0.814766226932927  -0.511548358141401
0.547016164467294  -0.595370756207648  0.588478528464909
0.541934601869294  0.271717920548444  -0.795283760018774
-0.816051017834838  -0.491113391273724  -0.304743126587536
0.360056304944700  0.647106292124917  0.672021505579927
0.996057253746998  0.042030057272809  -0.078124397876932
-0.249757766284532  -0.301515534710873  0.920168158821298
-0.386243182517767  0.906591769562981  -0.170022255364440
0.823133461793335  -0.303195345937394  0.480129030863604
-0.235223082570926  -0.251133858758998  0.938936572091346
0.671296974920288  0.741101090353456  0.011381798618319
0.387059569443973  -0.793162577531852  -0.470189339846061
0.411345362819601  -0.585946662472333  -0.698184432098242
0.963549531664913  0.242409720752442  -0.113180507655029
-0.480106868439356  0.128108734535097  -0.867805016702007
-0.072097300405956  -0.956465117759872  0.282801092258795
-0.281834739799761  -0.916857591299334  0.282738990446639
-0.885002551967411  -0.218329519530372  -0.411220991576071
-0.078394574207461  -0.032193871735344  0.996402451501159
0.681562386375111  -0.666334200033618  -0.302442469478449
0.887391945304683  0.450802642707509  -0.096501361318357
0.610118372834311  -0.305046536237716  0.731233329286476
-0.121347946851658  0.990869501652551  0.058756331486164
0.398621519322030  -0.235020322707326  -0.886491022090997
0.071184275174156  -0.977582459145743  0.198154824666199
-0.505686322251095  -0.517688249542304  -0.690130581682906
-0.384675996951970  -0.185712485009442  0.904176559240852
0.961546594377222  -0.274181724593997  -0.015891152891746
0.900888893613594  0.262277326775203  0.345846505292924
0.019777875324763  -0.107712980159979  0.993985286386420
0.182521541351746  0.954571477650270  -0.235540189774830
0.698589476937085  -0.584581170715088  -0.412598591318666
0.071043003273516  0.996980850815896  0.031338072568241
-0.238810211374510  0.379456555709771  -0.893858157244280
0.936991630403494  0.260248689392126  0.233060730762358
-0.627138415755468  0.357275605713999  0.692135499050163
-0.779627331050189  0.559953367688145  0.280416566369149
-0.686451460542558  -0.580070210080827  0.438523595369479
-0.400111681916931  0.440633985938541  -0.803587165421100
0.306935811409300  0.699389591830432  0.645480136420771
0.651286383767078  -0.444841961837053  -0.614769611568890
-0.205953725330311  -0.977105221384198  -0.053370866269011
0.928276006355961  0.126377810623330  0.349760353679318
-0.071035897258572  0.405885448923815  -0.911159098979197
-0.480748058795709  0.873158424095038  0.080471550227565
0.508186760628790  0.605071009227412  0.612890928399286
-0.915754019447253  -0.156543063215266  0.369984925673172
-0.073180799977246  0.424630478082892  -0.902404303844893
-0.514735959161660  0.696797682191771  0.499519651703616
0.466277835578754  0.206098196307106  0.860295596598605
-0.920490137155061  -0.339858281686829  0.192858123420128
-0.060523657585353  0.830557767571494  -0.553634068315117
0.660004476097059  0.104817624768396  0.743913541394266
-0.471346389439973  -0.083327516523426  0.878002907826585
0.432291371592931  0.899586017698604  -0.062202627014208
0.699059493944101  -0.711440876406782  -0.071886739418111
0.516174887515939  -0.031772519600706  -0.855893680602989
0.971199683946539  -0.127935416583692  0.201006723981314
-0.127152520649536  0.857813724659682  -0.497983785155654
-0.327872275781064  -0.761650827676696  -0.558916619428650
0.403063532320565  -0.313959654568421  -0.859633133503209
0.129797687281792  0.780238902851343  -0.611865847105091
-0.610591465328910  -0.664049442421179  -0.431527983435160
0.883857310367683  -0.430149114998585  0.183760697037042
0.567906729567677  0.495382843028497  -0.657326239659386
0.425667039906628  0.784131154168791  0.451603702596701
-0.568999982359968  0.320050064101411  -0.757500479566210
0.711239672021017  -0.608798375241705  -0.351429462689877
-0.990197214291517  0.084263572777537  0.111396261661170
-0.234396049821059  0.953949642315977  0.187185928299923
-0.299530939313094  -0.572749042228483  0.763046362300857
-0.456270225157364  -0.296937027309956  -0.838836028939610
-0.439156739486124  0.895174793489536  -0.076180360099457
0.283566718847979  0.576682050305615  0.766177348149307
-0.993382301951608  -0.113438814620274  0.017978807159292
0.270658843617506  0.431931557804196  -0.860336515408056
0.627755159613400  -0.707591483030423  0.324403687897596
-0.057574554933509  -0.065443228561551  0.996193934161240
0.934738988914005  0.236683714464303  -0.265035548391919
-0.249409274367096  -0.878831968933175  -0.406754697871725
0.174795924298276  -0.014973275302690  0.984490825693882
-0.257845800490361  0.880514100383798  0.397756787741953
0.972199764844138  -0.167694376668926  0.163420357577090
-0.539558040055501  -0.727792999017561  0.423313680374839
0.094804957609073  -0.093636024088111  0.991082395669358
0.874956728326256  0.388259817610850  0.289318228919995
-0.033370345573946  -0.968171456370615  0.248053323109119
-0.746781425143237  0.486275614671654  0.453710843640243
-0.201951924505947  -0.409123056522264  0.889850405860572
-0.976884809247579  -0.205651823234519  0.058338641239223
0.249654369140631  0.640880944633788  0.725909299275259
0.525278515601002  -0.844352177921533  0.105602465346089
0.900835691505964  -0.245980491189345  0.357755020737964
0.694316906298899  0.170859322271118  -0.699093073646549
0.007271321604759  -0.968931677920448  0.247221624063078
0.199247463602305  0.552091864459985  0.809626470321436
0.629632289519261  -0.369082219951053  -0.683623796331532
0.306463854358009  -0.908215420803762  0.284999395413882
0.790375717426884  0.606407878725747  -0.087038554223275
-0.467207282265632  -0.067274677873037  -0.881584637522139
0.876630235425932  -0.333875775403160  -0.346477123250604
-0.151893006733612  -0.534204089201252  -0.831597562277622
0.434101629984956  -0.576748161779799  0.692038534135223
0.594421612174588  0.777076475577891  -0.206918095108204
-0.867099157581889  -0.293496616758724  0.402490728926718
-0.639147706365492  -0.246501897226156  -0.728510140019778
-0.385067648805858  0.746348609280917  0.542850494397462
0.157116197589461  -0.793343328813485  0.588150374549033
0.086707653828923  0.881922273247482  -0.463351795850061
-0.901815040987304  0.306684716810557  -0.304424237412031
0.603705828462476  -0.097116064621637  -0.791269702865490
0.384816866353750  0.672353621058563  0.632342144427460
0.428045506762434  -0.526863861456655  0.734296612842163
0.918020018173157  -0.279232620164983  -0.281546426134579
-0.551020025838800  -0.811971247240681  0.192560704140336
0.061045514428076  0.564340005949009  0.823282334836406
-0.998758702214848  -0.015867920139900  0.047215080859268
-0.359849808248763  0.898876689868860  -0.250057617187980
-0.286136162271097  -0.226370802753712  0.931065172961275
-0.352772731694988  -0.688373807255047  -0.633792474914027
-0.039740207996919  -0.020144333988301  -0.999006967781772
0.288302867309370  -0.899978751801210  -0.326985784106178
0.608904518407423  0.700600430522027  -0.372013876374760
-0.936947593713712  0.179233987290882  -0.300007307300834
0.645510326337849  -0.654614259428058  -0.393441977862885
0.870053999175266  0.054267968464910  0.489960229118465
0.147002014883352  0.215914689817374  -0.965282991842963
-0.371545687720768  -0.924796917710341  0.081880784861613
-0.080592741536710  0.016570245424479  0.996609370304218
0.313369514116833  0.884706885545549  0.345098934061632
0.561647424736107  -0.728620415629256  0.392000587009189
-0.955609680389650  -0.139516224491814  0.259509849233397
-0.326417304905761  0.893092758157106  0.309575626277962
-0.665784179698215  0.357008100961322  -0.655192064902778
0.772149853307425  0.631752717965790  0.068360130047849
-0.432782978514971  -0.095668060770006  0.896407561132891
-0.021107536519058  0.712650686133957  0.701201448554477
-0.065213749307849  0.896660399077874  -0.437889592964620
0.836811442692147  -0.044398793923217  0.545687966220305
-0.792705229903356  -0.139610919020700  0.593403075298792
0.108233545677990  -0.495615412590715  -0.861771931773428
-0.900901969379290  -0.236415961448701  -0.363982327511657
0.524781992820384  -0.836074782304079  0.159946298508763
0.484353522236896  0.576875331162065  -0.657735902770535
0.050655159276974  -0.180764113603899  0.982221151305357
0.543071198345367  -0.824370629688909  0.159645665252895
-0.922449205773907  -0.133145123479564  0.362435978982081
0.430033166705515  0.776751639564574  0.460139507070381
0.419294171795609  -0.794404954699666  -0.439446430690769
-0.545055180935499  -0.267798258158990  -0.794480297214715
0.037508653652729  -0.759227176992161  0.649743945425945
0.926840699078379  0.232620480451486  -0.294710078901999
0.016050165269742  0.396005806632503  0.918107724239457
0.050549207552200  -0.733001523977358  0.678346182610853
-0.832701975667177  0.533740667985544  0.147405288434050
0.798202933384720  0.595266662624317  0.092356253194554
0.829215604197826  -0.543032589669812  0.132352137539716
0.745822901992077  0.394154898157617  -0.537019659903132
-0.165675106144376  -0.939725711879191  -0.299110925305642
0.249067808350125  0.002538224051762  0.968482722748490
-0.181833967158245  0.006903212271884  -0.983305015774772
0.865993085067829  -0.027059807461086  -0.499323285492348
-0.497885150759008  0.833062603404113  -0.241074833740981
-0.549941901467065  -0.799099583671143  -0.242906896541442
0.937287496283585  -0.332337759108509  0.105089310499135
0.569609439508335  0.371654269576831  -0.733088119074585
0.006671039814956  -0.998894639663180  -0.046529518372255
0.361007016960295  0.294902610977840  0.884706947945975
-0.026659824275648  0.993670564888164  0.109124068126279
0.672029506251337  0.278116410438455  0.686314508787635
-0.913665292006121  0.278421768398411  0.296136882311663
0.214975961479137  0.437132386051298  -0.873327322973019
-0.770637278544652  0.630937712723294  -0.089642554519549
-0.032547232101717  0.601923360801952  0.797890309129896
-0.851747694440550  -0.520524733091961  -0.059831991900240
0.113657647997615  0.549539085013303  -0.827700871749204
0.695750129732585  0.513592871858494  -0.502149498608965
-0.013022566401515  0.955332255381525  0.295246836717969
-0.192384232561673  -0.048635642196000  -0.980113708387878
0.901156928695773  -0.393103741327031  0.182717373060944
0.485133652025157  0.402382873533120  0.776359042428156
0.012882225033723  0.995429969614753  -0.094621476795455
0.938372826745933  -0.344938953274616  0.021761354246890
-0.466121399754500  -0.248108142807016  0.849219164976721
-0.050994533135278  -0.398364048744147  0.915808736723169
-0.086988077042739  0.730803329267940  0.677022575977568
0.831175164981530  -0.525491310279150  0.181677538344809
-0.795181621074068  -0.603676067732937  0.057108622400791
0.522257759256629  -0.576120535196603  0.628754293679991
-0.101428519485484  -0.959068441788752  -0.264386042369636
-0.342297569696560  0.127124762775314  0.930952022646253
0.965983848438673  0.255823143816835  -0.037811686596626
-0.314754812155397  -0.787158998697749  -0.530386763592548
0.776787864180153  -0.594956602654787  -0.206463689349752
-0.413237100157545  0.316978579102525  -0.853674223251193
-0.678305576178004  -0.509180975145487  0.529751149008397
-0.562278369522540  -0.812030918868719  0.156361190735742
0.428286200990821  -0.791135713924164  -0.436663728966070
-0.909491299139224  0.144189226086484  -0.389916714018041
-0.081073271374136  -0.165084431031038  0.982941633719853
-0.189778224841180  -0.220207127513491  -0.956814008242139
-0.571814926229515  -0.819066175021026  -0.046457411438435
0.860857595680141  -0.166755351521697  -0.480746141636813
-0.478820894291806  0.765614399029232  -0.429610455166891
-0.715898517170146  0.660912291265597  -0.225131642306554
0.406313587089541  0.785412633264889  -0.466943534546034
-0.446974741965033  0.306467271302950  0.840411441893444
-0.675237362294654  -0.430967613302242  -0.598599549653963
-0.392241332727616  0.738792247348341  -0.548026233092953
0.370210839458553  0.876340168337101  0.308175021223810
-0.994315535988076  0.002245553253805  0.106449858540673
0.231863363801908  -0.139793474242565  -0.962651112857435
-0.951361455403378  -0.253503996197697  0.175063145991850
-0.042481224615404  -0.956760818829453  0.287756982726695
-0.536319365215520  0.120985057294055  -0.835298841377370
-0.372560865572454  0.582271765337700  0.722605004642524
0.828729273920047  -0.134490490513396  -0.543249572949136
0.205951816256635  -0.976867120488379  -0.057571505880401
0.764267902770532  0.476762935272019  0.434271431647928
-0.141490445107120  0.365613694702963  -0.919949498716662
0.116476599660520  0.928366703926182  -0.352942579993913
0.962961480439092  0.262180412384100  0.062981096788291
-0.554015900162384  0.633782304386194  0.539802160994368
-0.292468980616188  0.032403987155889  -0.955725837776571
-0.725237333969284  -0.140283798346216  0.674055832508468
-0.686872313662338  0.720603360346191  -0.094536880538368
0.389984100216330  0.029893925269664  0.920336218351984
-0.428349120523277  -0.890781083962071  -0.151743505305149
0.020530682521296  0.931762887971674  0.362486429641022
0.844967371380122  0.450972188911591  -0.287496480206725
-0.038658417012634  -0.029970597483414  0.998802928550255
-0.785778271846192  0.510761296543498  -0.348820018702507
0.108200798045552  0.634668149381099  -0.765172482165608
0.785108099794111  0.595713912679323  0.169499869846476
-0.826372417009106  0.555618840032893  -0.091631506628628
0.149465115260546  -0.516664603331117  -0.843040845383456
0.039480682948230  0.058886242913362  0.997483677094262
0.584396378189377  -0.730110795135427  0.354145591509839
-0.921221643121811  -0.098221384942716  0.376434913077794
0.376305947880664  0.887218422991504  0.266903172506629
-0.718824290866255  -0.099231089306147  -0.688073273551401
-0.773227137365870  0.587524988365062  0.238608847462990
-0.302392972471138  -0.952674336701393  -0.031146402531122
0.356795818970753  0.265918259030185  -0.895535718483269
0.702598747100891  0.299968420736714  0.645270444955431
0.904708828804751  -0.207891046807225  -0.371864555638384
-0.120625764205416  -0.477908012304456  0.870088131619472
-0.081484317498443  0.985767479848395  0.147046868974343
0.715248020787930  -0.108226534047687  -0.690439922141654
0.805637075776606  0.527778046827310  0.269071060170485
-0.335554143828573  0.330387935622981  -0.882183217112102
0.245165088839897  -0.966392516497977  -0.077327765200037
0.765513429954081  -0.317182829381223  -0.559807325162561
-0.351399395243913  -0.472182121434985  -0.808432130249268
0.565306864029506  -0.628814745730652  0.533872798551135
0.551605961168487  0.783814037784414  -0.285247993464428
-0.420171113676459  -0.316172776809431  0.850582747553992
-0.671271783318098  0.673052132204934  0.310475474482821
0.706350639718690  -0.113111487558801  0.698766459663909
-0.455249970077051  -0.876113421455564  -0.158659186592739
-0.805415541990612  0.548610141865692  -0.224349541925262
-0.509555263716710  0.201592242971977  0.836489091854832
-0.584522580174207  -0.508953541124113  -0.631901611205189
0.288662301900306  0.855971440017827  -0.428937022574905
0.150492340558258  0.522201462449969  -0.839438912636537
0.980782183436593  0.054547313244787  -0.187325650328845
-0.370083375601752  0.922417429941602  0.110382879302647
-0.460206467276583  -0.454763280736420  -0.762496141610340
-0.246598452959152  0.921818674313127  -0.299064432331467
-0.951834906454266  0.186044477484646  0.243716563353138
0.109869777197923  0.069316099270745  -0.991526051317043
0.595366676297191  0.666458097557736  0.448745055632438
0.267055552093032  0.950097382614930  0.161233667838161
-0.681069426709387  0.610805063142846  -0.403808879101006
0.891608063989675  0.171353891313935  -0.419133515911287
0.056516914812744  0.167938428158149  0.984176062850453
0.194827686597000  0.940192094739075  -0.279429772081306
0.872370187640544  0.028727595500323  -0.488001005094018
0.051622039139069  0.584501649893622  0.809748718027240
-0.729164540182612  0.326962849345130  -0.601177485014528
-0.534870642720361  0.292434846981986  0.792713854948008
0.091378958323296  -0.675754392586929  0.731440966090375
-0.962278993861640  0.082550106252701  -0.259238534809736
0.336029392817982  0.885639133316214  0.320511423667369
0.249263836483473  0.575169994222981  -0.779132220850272
-0.814400682138659  0.468362395868211  -0.342619606953069
0.386468408923263  -0.570072561915120  -0.725023753442502
0.677196109698869  0.676880160269889  0.288511139545299
-0.507576037293774  0.818416909747689  -0.269370243724492
-0.956966139459641  -0.239938822939815  -0.163233480554597
0.396363300424316  0.377688546650281  -0.836807920496659
0.053026801741550  0.680667186037223  0.730671157326763
0.578776211034441  0.814173111291574  -0.046262753813564
0.744838232393829  -0.082450892085237  0.662131299636851
-0.546592840951236  0.810037053946160  0.212311651717665
0.380530819591848  0.086586949430651  -0.920705705168080
-0.067565858673319  -0.782834554086772  -0.618550657318785
0.086586399452442  0.313823134863318  -0.945525163839875
-0.886208233283908  -0.446619968463702  0.123148572989279
0.732055975158148  -0.650037720486388  0.203825933531810
-0.710971145639404  0.661824003526959  0.237716256120068
-0.264677066863276  -0.124164300227813  0.956310240887125
-0.796823869712797  -0.141335681380204  -0.587448675055717
0.350529790936669  0.927323985134975  -0.131145309711340
0.884624027169424  -0.452677372793487  0.111908564083971
0.318068726523819  -0.334126805931385  -0.887238165751230
-0.096928540283415  -0.769820387066474  0.630857693727636
0.663483840929020  0.651269820204372  0.368289036107565
0.359279416340128  0.927051890074522  -0.107205849204013
-0.759200326455604  0.650054349698713  -0.032314188021484
0.524830344264154  0.057957941432392  -0.849231409431192
0.593649398531578  0.219039598943417  0.774339748248663
0.385396270063178  -0.920741360107538  0.060869227107875
-0.261265893732577  -0.413731723342862  0.872104462706082
0.996924877921986  0.051343796781217  -0.059199681691054
-0.350262714126232  -0.558353433545893  -0.752035553907153
-0.920621908350236  -0.059697073320238  -0.385864692998165
-0.640759455150044  0.492860593248574  0.588655889513120
-0.274196746148316  -0.959725261671815  -0.061184691799856
-0.005665707051876  0.407167595103003  -0.913335890711429
0.853128677583068  -0.421246602211643  -0.307770628245309
-0.047459100752279  -0.168022098976165  -0.984640141377259
0.135871201268894  -0.866744632747864  0.479888276860895
0.764716577066453  0.613520129512386  0.196981236271055
0.067167273834609  0.337219153318581  0.939027049642728
0.840743881784454  -0.343772692185726  0.418294228204725
-0.788510366922288  -0.318883317614925  0.525894315431321
0.014933758972442  0.999875163119232  -0.005161493993318
-0.240056601572183  0.969270472067940  -0.053736207707715
-0.980939671747769  0.109840933228603  0.160288270871108
0.230781841672106  0.350741708876221  -0.907590213262031
0.510101228503479  0.508687829963116  0.693565734683208
-0.125553829558757  -0.383382177079177  -0.915016033838294
0.368605063976671  0.633499729337800  -0.680300227649299
-0.974954219650090  -0.142377347559698  -0.170859475851795
0.480795326114661  -0.874504558857279  -0.063856330337199
0.900888893613594  0.262277326775203  0.345846505292924
0.019777875324763  -0.107712980159979  0.993985286386420
0.182521541351746  0.954571477650270  -0.235540189774830
0.698589476937085  -0.584581170715088  -0.412598591318666
-0.130833536247547  -0.940463309933243  -0.313705831093989
-0.975062300571544  -0.221753258599938  0.008888324051123
0.489598920666802  -0.625264332911895  0.607731364066514
0.354629843657195  -0.093445718421411  -0.930325519211626
0.621265479408060  0.014795021204361  0.783460472163999
0.943987941804028  0.061210801808684  -0.324252993001658
-0.115675296325510  -0.838158952047062  0.533018570899155
-0.207047166070459  0.791743171442738  0.574694894266503
-0.539332829079315  0.770985584901714  0.338675844061936
-0.696719853879631  -0.333923414516103  0.634883137630740
-0.443153946266086  0.460265113259706  -0.769266277321985
0.600540971066402  0.644643886158111  0.473058983753180
0.809975900296439  0.127583948772378  -0.572417135448111
0.518732096972866  0.789644736486514  0.327686132921853
-0.282033280322046  0.155978135931577  -0.946640401579236
0.573277083645620  -0.818038923645713  0.046537133209272
-0.699417921268046  0.565878146751315  -0.436573584219641
-0.906891212432994  -0.324209356343571  0.269140524765599
0.094418644701761  -0.060859237195989  -0.993670605774673
0.113054646463187  0.950946740290875  0.287956496789434
-0.454276641026783  0.640179373695795  0.619518444367787
-0.982121978808502  0.005847764520581  -0.188154783068048
0.371375298414480  0.918115557594668  -0.138362605606381
0.156470039367239  -0.283783948419454  0.946035833042216
-0.523968186933474  -0.480224052541342  0.703450210350681
-0.929614865695862  0.367135419116803  0.032059093985856
0.439817284342629  0.128099540521375  0.888904530369650
-0.034170605580241  -0.975459012179520  -0.217513414004824
0.847890268347807  -0.497279281887042  -0.183835275850398
-0.203512055945838  -0.818961463739161  -0.536549125425537
0.425016392955858  -0.265544331543378  0.865359621026988
0.626385931337787  0.587226513395498  -0.512645771451848
0.005245696352967  0.989751833559882  0.142701754139972
-0.480631022428125  0.216823679479737  0.849694834806334
-0.458581969379783  0.449722150161945  -0.766454542039825
0.944458688160875  0.323206003918200  0.059461461373462
-0.646623905738750  -0.382249665669863  0.660123259416333
0.380070227668651  -0.837701953313914  0.392176056706619
-0.862422315120006  -0.209169479114715  -0.460951059647256
-0.164271818287395  0.664621766758766  0.728898262356970
0.107498573889881  -0.562061302600386  -0.820079964839283
-0.063441407823014  -0.966733510178513  0.247793276888954
0.892669575545515  0.180348062069237  -0.413056419152711
-0.721729593832620  0.224324145508890  -0.654816822575526
0.237424229947687  -0.965297562025561  -0.108767420587495
-0.810614464385055  -0.512846429885941  -0.282653019589345
0.336037026072773  -0.360699496530094  0.870043096812510
0.712001668259968  -0.091751635609525  -0.696157497810660
0.522257759256629  -0.576120535196603  0.628754293679991
-0.101428519485484  -0.959068441788752  -0.264386042369636
-0.342297569696560  0.127124762775314  0.930952022646253
0.965983848438673  0.255823143816835  -0.037811686596626
-0.045747240315399  -0.653935213296840  0.755166158414121
0.385434009142740  -0.874997674533258  -0.292949985761298
-0.953737802800920  -0.129933770807350  0.271111450721390
0.522556553342781  0.350996232043769  0.777004693454030
0.141448937084344  -0.047714459118609  0.988794988149075
-0.651490977746379  0.603717066234045  0.459440104750146
0.932430862323655  0.288450685263670  0.217643950426575
-0.139490947492932  -0.939882210616324  0.311710932972354
0.060795257107643  0.958354754714934  0.279034228775780
-0.602345385381242  0.553496064286560  -0.575171403608709
0.942692056619722  0.317703636927933  -0.101961195897472
-0.279551414130837  0.087155053500441  0.956166828281961
0.392623964714712  0.568608506666418  -0.722862911262078
0.661509729142517  0.635549447654276  0.398097698858130
-0.728343066065896  0.516008398197167  -0.450834460865319
0.459457301638092  -0.582949339185026  -0.670126149254889
0.060309065591846  0.719975209325269  0.691374366435778
0.487798282262415  -0.347062070704801  0.800999847003689
-0.920984125959194  0.283286076305315  0.267464462504307
0.493494909288625  0.783751203724755  -0.377089943072218
-0.614703169148407  0.345291507483932  -0.709164147922312
0.013498655401546  0.999895826566539  0.005110999625073
-0.929719449719490  -0.321732737362016  0.179192049273491
0.301517625169537  -0.332871581720592  -0.893467196820876
-0.365241314065692  0.909402757996097  -0.198960815862467
0.292921723118345  0.284474250057213  -0.912836932414419
0.340821343097877  0.651674025437962  0.677614770100565
-0.998984380281914  -0.026745517499078  0.036261346451387
0.836278519863452  0.458684975818073  0.300410269754162
0.383980657139815  -0.487099296105188  0.784406228096326
-0.212168161151478  0.941091750184683  0.263307784024571
0.664466023875115  0.004692521738578  -0.747303742366736
-0.304997853016308  0.951743380237865  -0.034071217014452
0.115097024626927  0.353891126183015  -0.928177647722108
0.544545983095034  0.547487269884089  0.635395437196342
-0.964640860738269  0.050364984170761  0.258710993511315
-0.675826576268083  0.729455258375684  -0.105609965617951
-0.107263078449701  0.483371711751557  0.868818980156317
-0.877347587842294  -0.395273570701700  -0.272066194908585
0.308784090023912  0.641357117325828  -0.702362750865683
-0.883491716828959  0.449483198388902  0.131936502381645
-0.354534405779327  -0.221892962860707  0.908333016107857
-0.643413449579296  -0.318792142829343  -0.695981826322172
0.114456138529665  0.990168304078953  -0.080414687404040
0.720249801143491  -0.297702567664703  0.626588704940174
-0.208026576824480  -0.919192756044411  0.334379455963085
0.051554873958937  0.632199729129633  0.773088350358157
0.876721504009033  -0.010709540749926  -0.480879101381069
0.816387372528304  0.324377751540444  0.477797794345997
0.360087081772485  0.808071104932793  -0.466217098478027
0.693487285083263  -0.720466498137800  0.001846750903877
-0.237186994327445  0.236773144745451  0.942168141920147
-0.262097052174810  -0.316820704700434  0.911553496134152
-0.995697223228974  -0.076044620607776  0.052955220051768
0.321297872705225  0.653623788854070  0.685232529612501
0.412302298348939  -0.894399872946728  0.173365746469882
-0.793412259238947  0.499219621062360  0.348248125387208
-0.838130549981033  -0.461590855114153  -0.290639060801326
0.008801146851186  0.932880983399209  -0.360077228697163
0.035917143890900  0.027929492777304  0.998964414885697
0.423845236261118  0.288733312526076  0.858480221051409
0.592594074688212  0.787537975496533  -0.169163234171155
0.543432368915279  -0.752068870465764  0.372925829745646
-0.712181207342373  0.253264207495307  0.654717625476918
-0.851195415083394  0.510807300270198  0.120591323616916
0.065549137381367  0.875021185942387  -0.479626140593418
-0.154816085366512  0.164607119625876  0.974133705340423
-0.761928467098250  -0.528821005298065  -0.373916241130089
0.582864801228708  -0.418390184600773  0.696576109925075
0.960332568796569  0.152997216722220  -0.233137746801835
-0.180912235805333  -0.982699101373355  0.039664078155380
-0.196555531762528  0.411311700050363  0.890049778571530
0.603287714920962  -0.708797092861790  -0.365582568206034
0.950981867438515  0.299587011211747  0.076688398838203
-0.221623337699384  -0.163040775824055  -0.961405638430354
-0.126070814818170  -0.845343328249482  0.519134671386117
-0.181383484790266  0.532788551814023  0.826581145745084
0.303186645073134  0.942891704955125  -0.137960468889156
0.496330910271265  -0.400413582866467  0.770275658556946
-0.980901040134665  -0.009689570274635  0.194265956077294
-0.122886468441706  0.225012151716492  -0.966575629453712
-0.265586609454082  -0.822704399127184  -0.502614389502990
0.857961263206708  0.355030921130329  -0.371288992400934
-0.715261122194331  0.692685629713347  -0.092672247549788
-0.484159725001939  0.564533711096811  -0.668499102259165
-0.757649091500833  0.473091712235961  0.449613262662045
-0.356961875028524  -0.581430670663983  -0.731106418373790
0.630451241527418  0.672872669524832  -0.387005946547419
0.011394572493507  -0.291305739294292  0.956562141197265
0.934669742691190  0.048697057625878  0.352166251472464
-0.332452738470400  -0.940813290301847  0.065920630116408
-0.590822431727283  0.600810493381677  0.538475259608393
-0.465292006056384  -0.849824593427114  0.247591416463627
0.169931227404476  -0.204415722960600  0.964021571418038
0.348048124512020  -0.747598187192401  -0.565649585459320
-0.983271357972881  0.102189316725887  -0.150780569495090
0.226395177492947  0.279290968974133  0.933135455471191
0.993040755415918  -0.004644939161254  0.117679576066413
-0.415539973427462  -0.637454432241129  0.648828465235646
-0.351105604495510  0.921390340376516  0.166627414169132
-0.335763067171313  -0.328615196299965  -0.882765662837226
0.454238565004280  -0.860684541601784  -0.229977055182859
0.197541390299161  0.680171492939110  -0.705934939857532
-0.987543022474754  -0.148102147637292  0.053146332203165
0.881027593138551  -0.200245234794034  0.428593310809646
0.047638470456679  0.451746098841360  0.890873749929899
0.738863441504852  0.336052024776118  -0.584080346743047
0.094525681177020  -0.988043358411512  0.121799907622794
-0.964494851248922  -0.243857278633860  0.101406654473990
-0.297056049919124  -0.523966477508918  -0.798258625793260
-0.548316047532715  0.832909385734883  0.074909726823963
-0.119122753797083  -0.552800186859825  0.824755553443287
0.122468545305600  0.242107879439081  -0.962489080522081
-0.894885020687063  0.106169756733117  -0.433484466278950
0.511069414913820  -0.723929134187223  -0.463394714918701
0.506284151078843  0.859867256893187  -0.065609899324431
-0.539332829079315  0.770985584901714  0.338675844061936
-0.696719853879631  -0.333923414516103  0.634883137630740
-0.443153946266086  0.460265113259706  -0.769266277321985
0.600540971066402  0.644643886158111  0.473058983753180
-0.668016867025653  -0.475925998829551  0.572055861789149
-0.922332982500130  0.296735427184491  -0.247487283806770
0.172159862145317  0.213783036043956  0.961591282908666
0.082156253329160  -0.986444462057998  -0.142048137312748
0.941074306004819  0.301624328371694  -0.152976845018691
0.044981471722014  0.996970114342428  0.063460683180753
0.299389148085853  -0.289993572852085  -0.908993875509021
0.596703686196952  -0.405352213118649  0.692556347309577
-0.132785261479196  -0.664959788592548  0.734980648649239
0.877549970009924  -0.419149130193138  0.232852006205483
-0.637868063763266  -0.708253251232084  -0.302492421971336
-0.372467167725854  0.462442592832674  0.804621064415092
0.616052562250185  0.471701102580294  -0.630854428826110
0.594515642548198  0.618075482668042  0.514328541391755
-0.537014254913125  0.526021192453192  -0.659482672335084
0.558551174615111  -0.672395572540940  -0.485700297882781
0.197963598923070  -0.890998439060086  0.408573365619831
-0.609699324635652  -0.152939201830021  0.777737959779787
0.949840061220742  -0.019960143696997  0.312098463251217
-0.142177137662021  -0.718099093533069  -0.681263057411174
0.536199805555427  0.722726059652930  0.436069732062285
0.968222686403585  -0.127199736442752  -0.215325466636719
-0.129276076814674  -0.040673050761065  0.990774141217460
-0.302746804033484  0.890598846856746  -0.339378942518456
-0.708019998112625  0.271185714505959  -0.652047537009758
-0.784138760050002  0.373522894055521  0.495587583181453
-0.289255748252173  -0.797839815964238  -0.528944931127264
0.365374510189549  0.695502636414676  -0.618690189063947
0.189376040255690  0.742467065047356  -0.642556902302855
0.829603582239984  0.481704098807890  0.282345634863131
-0.769714867680850  0.638337430798257  -0.008021652755641
0.129487325696556  -0.377574464558791  -0.916880884410345
-0.666723410034609  -0.381392231479653  -0.640327931827742
-0.917312239595274  0.309937670393227  0.249953786848534
0.035980076111878  -0.998674684003161  0.036800946376009
0.214608753448787  0.307344782130281  -0.927082665052285
0.663286106734782  0.442981005194821  -0.603174410638583
0.118057390516079  0.953464523250860  0.277430811999216
-0.331873090062956  -0.034210252033548  -0.942703511581381
0.877101806281659  -0.476273266022492  0.062098288943582
0.295413481961403  -0.953337077444118  -0.062283958173420
-0.218119257658951  -0.357921609472563  -0.907918559624639
-0.473517910493079  -0.541750846802263  0.694468723868325
0.987050650113433  -0.053664621169292  0.151165877582894
0.269360318663927  -0.267646269215307  -0.925100261217343
0.893121412269583  0.395302434082278  -0.214639531666961
-0.678332142556022  0.333989509847500  -0.654458945761446
0.054571048950367  -0.996938213145085  -0.056001783788936
0.775295128137145  0.192959052108056  -0.601401919265617
0.142339410285948  0.988362918928458  -0.053649163708915
-0.189325373329459  -0.359588796871161  -0.913702249191941
0.822281091180656  -0.435815069949242  0.365949493635239
0.799045000968840  0.387478904887602  0.459768620823357
0.807992471968658  -0.121983123314408  -0.576427170480746
0.140385776413135  -0.465872125684358  0.873644662486539
-0.149333247412954  0.975334153886368  0.162551128817564
0.038632381260301  -0.416994638236598  0.908087556791793
-0.587258286567624  0.511778917271189  0.627064625612375
0.941872600484632  0.018428397104304  0.335464452120464
-0.315981932656707  -0.947201952612091  -0.054441520941046
0.947112655200916  0.272050050466925  0.170195147989635
0.615431669960665  -0.727396245063155  -0.303543344973085
0.130142640331377  0.160039208478901  0.978493916647940
0.201538344908875  0.839407087051180  -0.504755423685220
0.386618570162216  0.014612237827765  0.922123941621401
-0.300744302664350  0.827304905184310  0.474467552392062
0.998348687573671  -0.007315179562813  -0.056977067034847
-0.310985814747105  -0.805377487793732  0.504633456264185
-0.642951898147948  -0.762499095081618  0.072166381838541
0.432523598423347  -0.834239117402723  -0.342006479181381
-0.815717743020491  0.199271729215867  -0.543042670199013
-0.259757753550803  -0.127531706894761  0.957215531218936
0.447507422409358  0.407698661509341  0.795939010409733
-0.619695455689365  -0.033064614016864  0.784145569073668
0.233945810945434  0.951437632031136  -0.200089454734796
0.833257067153288  -0.510674356504931  0.211882896070860
0.401000731496223  0.896603526713770  -0.187884350662646
-0.275855774492195  0.644568081194695  0.713046688782930
-0.320118622141766  0.328757093656945  -0.888505960097228
0.996975128130184  -0.076721648137870  -0.012425079348348
-0.255747953520643  -0.931999810964214  0.256844966142364
-0.853189613101994  0.020106393692818  0.521213216474351
0.723882877365801  -0.401715002556384  0.560908759583707
-0.126441217784449  -0.550391202100648  -0.825277009915694
