0.992415443008178  -0.064964354272670  -0.104361013567414
0.437335665221449  0.748092492801601  0.499094317879094
0.238007257538704  0.061947760454099  -0.969285830048922
0.317072520248025  -0.875004607528370  0.365830498602413
0.228308604023350  0.020760057957548  -0.973367454419197
-0.183145508710790  -0.896002264454536  -0.404521525671267
0.968294756266033  0.224014229321362  -0.110557179998678
-0.556840643531892  0.692748093090722  -0.458288748749253
-0.662186005102086  -0.344628500676780  0.665387775036644
0.222701197197212  0.356643238305658  0.907309085889578
0.033862248253160  -0.999280265319062  0.017096768323462
-0.918749450552458  0.298008526336624  -0.259018079176397
-0.000928521209964  0.908953835290212  0.416895746151933
0.022745959235977  0.695939778134806  -0.717739818143115
0.804414820113768  0.098871926046602  0.585782501805210
-0.828089300559708  0.114142131108804  0.548853062489838
-0.761348810542186  0.315364047153250  -0.566474630013667
-0.166957920689043  0.970121400449274  0.176038408052135
-0.821197405690230  -0.525355599089982  0.222792090058067
0.226806515837087  -0.129401754206042  -0.965305128123869
0.738037630934422  -0.532571241331311  -0.414328768288582
-0.051128064215702  0.077848805146352  -0.995653295372863
-0.092566237668206  -0.959936856813930  0.264485770078743
0.881731932818330  0.349516810336267  0.316838757005538
-0.083866860662922  0.931940853811131  -0.352778393159682
-0.915737887547239  0.349970672020078  0.197343989106169
0.149740940205197  -0.003119874048942  -0.988720343278312
0.682130086679120  0.585090055839994  0.438597961012461
0.438936070529054  -0.287304159219458  -0.851346842411313
0.852439018212873  0.508034885119409  -0.123483908789698
-0.612043859459081  0.183883618654908  -0.769148313973846
0.198540911775262  -0.979222662993775  0.041285380352230
-0.925897902607927  -0.176423496488416  0.334047637071488
-0.542239689085392  0.837890812406130  -0.062570808417135
0.041007439402025  -0.300118135067565  0.953020196489695
-0.424665652924560  -0.714196173826981  -0.556401751001072
-0.092200262738728  -0.585503066144724  -0.805410001853737
0.465648779900546  0.425082976536266  -0.776193066727732
-0.968999112025090  -0.118523140728833  -0.216778656713154
0.411150069385817  -0.892062901952156  0.187561721587149
0.069253807530023  -0.992188690126054  -0.103756991709184
-0.838618058564724  -0.429525036161845  0.335004470357188
0.780387562467325  -0.336594771543840  0.526971737492304
0.127484303627422  -0.226068882420370  -0.965733199558676
-0.470475523499843  0.016250252193838  -0.882263402330158
0.644894135945931  0.265078625547414  -0.716829739687498
-0.750133433169811  0.660393052466038  0.034363479094256
-0.365236226275963  -0.909221425819615  -0.199797141736916
-0.600006938439055  -0.417253933350834  0.682561959772334
-0.467082859929287  0.717684348156324  0.516490830868961
0.544407915725211  -0.559748602145028  0.624741165357637
-0.677331994234979  -0.575189679362130  -0.458670036454264
0.617016368591431  -0.617949624455779  0.487266931491565
0.217840064952927  0.385201977872176  0.896752553575772
0.842043978951216  -0.114319773073332  -0.527155505516604
-0.442867675312712  -0.888831829254624  0.117669883432397
-0.268574530540698  0.940732325163045  -0.207100009507906
-0.997604505419004  0.069155392339047  -0.001668076178679
0.353470678715852  0.257252220061778  -0.899377437209452
0.375559296162454  0.614324712762220  0.693945503880225
0.495768926294398  0.652901883855783  -0.572653736369955
-0.375145341865710  0.916607360964987  0.138191599966358
-0.097256037471142  -0.258567220534777  -0.961084936746140
0.968170305631249  -0.005138256574426  0.250239600409827
-0.961948168051817  0.055199756221483  -0.267598036044442
-0.218764545819430  0.938945923018359  -0.265560966897660
-0.576494447300163  -0.271339757872990  0.770732695575780
-0.166689174932225  -0.612406408923887  -0.772769764722562
-0.168321308069780  -0.904251186602749  0.392425443590499
-0.727516530409068  -0.455764665344572  -0.512833567353876
-0.276896467963737  0.097759545887466  0.955913917262995
0.836091690303026  -0.546246067145642  -0.050654906318620
0.780064517554352  -0.539686206789327  0.316604085024253
0.008341515595553  -0.019068319357272  0.999783385696351
0.847913935789264  0.412813273408939  -0.332606612669916
-0.076190933830466  -0.933431160840994  -0.350572688002182
-0.713240950334610  0.210308273937744  -0.668623793084804
-0.893543678774304  -0.019305114086187  0.448561040096666
0.019632440234152  -0.679664803852139  -0.733260064162154
0.160670288205542  0.909278191876069  -0.383924769019315
-0.832521758497377  -0.250732695603408  -0.494004693281232
-0.016794013853931  0.467594569379909  -0.883783502779437
-0.799815999098643  0.270846183926306  0.535664738655064
-0.015911745544804  -0.989173448909622  -0.145885929156858
0.826583902497929  0.322704217554975  0.461108490600125
-0.254804389816647  0.579839432026285  0.773861070217130
0.555971400774456  0.527146619814665  -0.642660285639982
0.525416891540121  -0.784281834285975  0.329907706022977
0.838324236263921  0.465559177483406  -0.283667282486874
0.243168521293353  0.692163936829906  0.679542607055754
-0.146443378463396  0.439789932543794  -0.886080781947872
0.741599093433964  -0.666394691890294  -0.077129107594756
0.965542455362255  0.236285578194003  0.109072876695145
0.563543348388976  -0.667348956458778  -0.486892457119559
0.237594318885851  -0.008546796798767  0.971326871808687
0.164404788087428  0.912181331451548  -0.375361537993983
-0.526666090105078  -0.665731625962986  -0.528605932359928
0.521076938156627  -0.270038075914464  -0.809665524817334
-0.867056785342026  0.409988515291884  -0.283058206595583
-0.180686242919679  -0.805682065340406  0.564117799052989
-0.177408524003247  -0.258056781319501  -0.949701486376645
-0.473551434590652  0.747598651030828  -0.465666507034834
-0.570871614773695  -0.820762350665791  -0.021325177027161
0.867014525361099  -0.184893081684538  -0.462709802314650
-0.587257205646908  -0.793448638327233  -0.159900696535207
0.240092426712564  -0.727364658592664  0.642881233250473
0.128802937881071  -0.326750773283435  -0.936292547952766
-0.956152570240543  0.260666793548866  0.133510618167086
0.065037086448962  -0.854028805313838  0.516144337448789
-0.766561488065073  -0.062415547311464  0.639130490955698
0.860607617421897  -0.017159922057368  0.508979435645873
-0.029009042907862  -0.774453335945006  -0.631965589152781
0.838683903946780  0.069494260045370  0.540166508663148
0.187407016000334  0.961191738989294  0.202457529503318
0.763097276642749  -0.386468081529579  -0.518000934689569
-0.111820388696303  -0.505229397414346  0.855709913849399
-0.078502071931485  -0.864716911358697  -0.496086774579549
-0.513582937046299  -0.656094256616194  0.552967352752530
0.913513005729715  -0.362552122892552  -0.184526276038851
-0.478432140614902  0.153929468150049  -0.864527851293228
-0.275097060587923  -0.669518666821495  0.689975624231359
0.696218993813402  -0.714676268374790  0.067208214344225
-0.873734446526672  -0.409449158413359  -0.262563332602484
-0.097581607874653  0.454606759966654  0.885330742489618
0.672977607493834  0.739302266196800  0.023093267593658
0.625917133727366  -0.142837966524652  0.766697500338707
-0.470207988675698  0.875395520151354  0.112192382470894
0.517268462442166  0.006744712570097  -0.855796615215943
-0.327476553903771  -0.297706506737988  0.896732927068687
-0.659348328948137  0.664575913176279  0.351565977789681
0.772682450575652  -0.068800757801948  0.631053314941205
-0.440810675531286  -0.893481662112318  -0.085886365662199
-0.454262547473611  0.569240365123156  -0.685281653539069
-0.982757159398645  -0.184526847473337  0.011756198886504
0.367963166682875  -0.210979505836117  -0.905588624090353
0.160531445242158  0.964746718432610  0.208550771664780
-0.946977383243196  0.288046949352891  0.142347429180728
-0.179125391609423  0.083912811767704  0.980241161195554
-0.618108534141158  -0.679753100830588  -0.394813325424902
-0.149743457492615  0.883887238415775  -0.443080406589924
0.440684552725904  0.632212579421075  -0.637263194771612
0.881897400226112  -0.375204155000998  -0.285444946608645
0.142748117570702  0.881476941491809  0.450134842628592
-0.583960965070910  0.125939792930264  -0.801953090791559
-0.445305719530364  -0.489737492475850  0.749573214981039
0.045253768331577  -0.984157696388123  -0.171422650463160
-0.956849817912790  0.283942114006227  0.061768129759083
0.466290330050849  0.210478089906046  0.859227735685117
0.972162688840684  0.103935008095969  -0.209993382081776
0.196882680972977  0.959617226172503  -0.200927820786181
0.231209980612558  -0.561200768403883  -0.794729917901693
0.544070027255149  -0.294481449672651  0.785664356606099
-0.485262052475550  0.317309489888148  0.814760963752032
-0.071266308482782  0.997221331541072  -0.021696294492129
0.502607281949712  -0.280552298589371  0.817726316005143
-0.916603025942480  -0.399359543063552  0.018730942239018
-0.069976703450227  0.683044473548708  -0.727016855464031
0.099524737506801  -0.447653017269475  -0.888651564311760
0.722765858821416  0.681864728746507  0.112561116792582
-0.892267299778444  0.448832762071676  0.049073592055147
0.968827020939192  -0.120840382635513  0.216267901970204
0.294319949546864  0.721962189778362  0.626215908316904
0.538006380571434  0.048887690781970  -0.841521911868272
0.136500690820894  -0.891690263195845  0.431573905521573
0.806784166572900  -0.576528587735028  0.129283007744737
0.216446075959508  -0.467480665156826  -0.857095632882506
-0.185109107167370  -0.677606710148676  0.711746980889408
0.775447197780761  0.568558787570474  0.274631659737835
0.027754857858512  -0.495176984054072  -0.868348675549383
-0.022517683887382  -0.984032991336520  0.176556013416842
0.840854448580217  0.231738207943922  -0.489143332042663
-0.790581906834323  0.257117799338527  -0.555761356923562
0.509029377154821  -0.151275278118129  0.847351688157673
0.782758171919126  0.621391506977023  0.034091631680695
0.323596428464616  -0.945714630267345  0.030152770739078
-0.597325223228922  0.173047845172194  0.783107285737899
0.745061927647671  0.602162967337417  0.286849236947450
0.864345486446604  -0.502057951292280  -0.029063613051064
-0.169206038313550  0.318637774536496  0.932651749173647
0.049922479514617  0.785583144093201  -0.616738899175133
0.322773198479785  -0.821617346011838  0.469853593234736
-0.542963227413448  -0.786817472050916  -0.293443690257907
-0.096089228533339  0.121508342339662  0.987928430050343
0.961825654426572  -0.156308216300584  -0.224631146557700
-0.591775057032091  -0.109795881350214  -0.798590725161014
-0.607075734611690  -0.782214167957838  0.140000171041695
0.561941603508304  -0.155393347096574  -0.812449716551517
-0.546640925928705  0.827811633704198  -0.126141179651193
-0.943480462034124  -0.329923360226067  0.031546697719672
-0.429592098049254  0.132759826450068  -0.893210757757982
-0.508527125638587  0.510217869070386  0.693597785875236
-0.005361238346283  -0.972901055746521  0.231159669602417
0.017977884356841  -0.996450509709242  -0.082238539470518
0.750283088600946  -0.366400904734956  0.550295978514136
0.134821429083812  -0.253021416777957  -0.958020534702401
-0.867126633327918  -0.377028188196328  0.325486016717747
0.511817610433801  -0.644447342232717  -0.568093616175205
0.008096425935724  0.323331090784591  -0.946251263470287
-0.435323152834532  -0.899328992196929  0.041244592375953
0.939044337332609  -0.068449440820379  0.336913054919128
0.456469585433364  -0.577549513873251  -0.676810221996583
0.361758561199453  0.571716941315779  -0.736390169958448
-0.656069858924923  -0.653699462041515  -0.377159586298513
0.750780883158834  -0.495566993147515  0.436739534260378
0.439597893131338  -0.068286705630381  0.895595119564995
-0.005657827591739  -0.953199136096796  0.302290251135004
-0.498804286917903  0.561927260501121  0.659872743230108
0.944060007640980  0.322985169965294  -0.066567874800117
-0.000228794655465  0.372816250806882  0.927905162604081
-0.914546579748120  -0.088684616651404  0.394638558988361
0.258476572762977  0.965592215987287  -0.028662410182422
0.655841212329677  -0.504091348529002  0.561929013798142
-0.672509184490832  0.617853087022149  -0.407417426766060
0.151643968615606  0.928347498069105  0.339374468119425
-0.921220282693086  -0.299397178422661  0.248424073526342
0.097067129586648  -0.011097232624295  -0.995215968411827
0.728983308739079  0.542255502386272  0.417782605803109
0.697670643461819  0.205558698099426  -0.686295340860800
0.412318720987555  -0.517346703604141  0.749897100003137
-0.381006055710295  0.854043507890987  0.354180846660772
-0.362723519973564  0.930747408982637  -0.046269954939424
-0.130951725195257  0.353153266175087  0.926355448118191
-0.876726729834524  -0.007444272514082  -0.480931205059931
0.644954935056217  0.585038415321632  -0.491694197997683
0.441411281050403  0.423414357318395  -0.791123481498365
-0.348769240447864  -0.417200920374683  -0.839227864739927
0.988662835475493  -0.139460163390690  0.055647646640268
-0.198482313977227  0.980075441083768  -0.007543263398706
0.604916977136386  -0.124981935712170  -0.786419078175127
0.918572293709898  -0.232478155248359  0.319654264105543
0.036102246765093  0.846808333775076  -0.530671530824476
-0.349757563338606  -0.739312114238887  -0.575401811456194
-0.454598858055291  0.023415670340942  0.890388445925322
0.336658875649709  0.781210933223969  0.525709310605785
0.196101482403158  -0.845463643546540  0.496724708505922
-0.987359216108158  0.087668380663514  -0.132045573186385
-0.984895837600817  0.171296033165934  0.025255852751421
-0.430371285875929  -0.409976775285175  -0.804176348831690
-0.166932453351540  0.985967622839891  0.001184368814819
-0.387592098373347  -0.404694814388783  0.828247832768293
0.409113964630962  -0.272651269035162  0.870796789978840
0.946129482847861  0.321439748171989  0.038929294639985
-0.016907614473729  -0.996759392544313  0.078643791538175
-0.520107903743171  0.402668375337162  0.753223703800680
-0.970329840465471  -0.037750275445385  -0.238819842990593
-0.550518943013144  0.047884251728450  0.833448253834692
-0.192561391971557  -0.857049635932612  -0.477897511889060
-0.227249505480770  0.771415108758777  -0.594370584936225
0.444888099968817  -0.894447524896616  0.045146469545844
0.958445971489704  0.090393689754939  -0.270574020533467
-0.462835224033932  -0.634141866059188  -0.619392968239413
-0.050722647486955  -0.350699348592367  0.935113458318724
0.975193359942114  0.220779071411443  -0.015953443249405
0.128219208470001  0.915981877355787  -0.380180266367278
0.483522365385220  -0.666908202633061  -0.566956410522910
0.363451786086892  -0.028294603311284  0.931183233640783
-0.548982387648822  -0.387251167738487  -0.740712407845701
0.318795467422988  0.362448896650871  -0.875785503001235
-0.960102723658154  0.246026594222509  0.132942374581878
0.092324868586344  -0.995726658611866  0.002130720573655
0.101798179861528  0.840025126946239  -0.532911734413717
-0.884137837778603  0.256003237253519  -0.390848597699796
0.659154398573185  -0.150489155790849  -0.736796099902124
0.326781619066946  0.734511045483569  0.594732963188203
0.575213909569434  0.817885535373754  -0.013863955576839
0.863814762700787  -0.192065531627440  0.465762694191852
-0.471898595896103  0.747366578149493  0.467712425595478
0.183297742764750  0.262584488851701  -0.947339075364169
-0.126095739474104  0.006429983381131  -0.991997237798673
-0.885388954765877  -0.406153152898381  -0.226110625953959
0.729829776290769  -0.529649728047187  -0.432226402732303
0.029463439001005  0.942232864326699  -0.333660209112411
0.440160200029889  -0.436084643382856  -0.784913487025988
0.979017432281480  -0.097894272079758  0.178722071336903
-0.135388248032751  0.564523879331052  -0.814237564817322
-0.403468984218840  -0.902714250634150  -0.149397993545570
-0.422007501297463  0.728366985463892  0.539806635134208
0.191657530936838  -0.150130855018316  0.969911396575308
-0.988821521572384  -0.004821100321586  -0.149026022784493
0.375156489338083  0.883318940803793  -0.281078738656607
0.737812683504988  -0.016578502403202  0.674801894867847
-0.367476094098879  0.229039785541055  0.901388982018939
0.699435833903155  0.667897847126463  -0.254365839011520
0.405852943700711  -0.913516135070719  0.027778751860427
-0.265329602064541  0.199715018736256  -0.943246581525451
-0.256829019694055  -0.849424825505103  -0.460994924547567
0.769356928369447  0.420701004602621  -0.480729218475718
-0.777857510739933  0.628438839638737  -0.001522438502167
-0.204815398151453  -0.690022918007769  -0.694203878773453
-0.566253832852595  -0.719508673149772  0.402074453356590
0.853557129389398  -0.397005996344572  -0.337381780383863
-0.492118694688255  0.426491751486575  -0.758896551746179
-0.408775665360912  -0.912086175917613  0.031642741801706
0.585421079821852  -0.609279282690777  0.534846627533567
-0.091324812599917  -0.356787099108313  -0.929711108094049
-0.902871932582847  0.053980205881477  0.426507222362188
0.999395449321834  -0.028006865716611  0.020599789987817
0.300354157274163  -0.764280221085141  0.570669014286018
0.349727312945354  0.856693463304574  0.379166344117246
0.349313979102316  -0.120420107936044  -0.929235568415447
0.175297567194728  -0.605809725688128  -0.776057561780880
-0.318208118583982  -0.922452287483497  0.218690124568319
0.981454741140690  -0.022341984517986  -0.190387570025620
-0.487949055361979  0.338984546313355  -0.804360116323579
-0.447983742365854  0.860871639286532  -0.241268703415929
-0.512599934111656  0.341271309561761  0.787892886640517
-0.626401848389397  -0.152980040543837  -0.764341436486047
0.691018040135199  0.672580370268609  -0.264820153570399
-0.629861795738782  -0.776283903582965  0.025640189287732
-0.476728874308017  -0.013556497235599  0.878945846900543
0.514031620127292  -0.850222054681544  -0.113551535623277
-0.667164541558058  0.087494648334177  -0.739754121989533
0.355353089869993  -0.697258345692798  -0.622539140039879
0.997241724236597  0.063894956448280  -0.037767419584758
-0.378197914582456  0.145448249744724  -0.914227074665631
-0.263690719784148  -0.906601551885802  0.329455354210511
0.364950112872150  0.860605671557654  -0.355203171716419
0.617945515796502  0.403727805836792  0.674645979978541
-0.753508367641192  0.631754180599415  -0.181966467212692
0.500512964716840  -0.174876314878553  -0.847882684482268
0.207769358342304  0.977514795425020  -0.036009977217545
0.359690566509413  0.297132457177351  0.884497031795973
-0.834000146814018  0.510559003310017  -0.209220599495552
0.682078938646909  0.169823334937652  -0.711286409517966
-0.020448023922642  -0.534283531145858  -0.845057978285497
0.933636300834049  -0.134460955565300  -0.332029380015352
-0.532269058193197  0.489242413185119  -0.690891822813766
-0.421815266563494  -0.889064988765677  0.177863224543621
-0.344534768946651  0.820523490216151  -0.456110726677618
-0.946032798223035  -0.150523584195626  -0.286992326181725
0.564141432329761  0.197468876094575  -0.801717211554592
0.037356596946623  0.773578198317202  0.632598811058699
0.487507065887315  0.428557135390711  0.760707330328589
0.960612230590751  0.125319737138647  -0.248030453620038
-0.061938596588545  -0.585941677613799  0.807982648754148
-0.411166568114891  0.889179075865862  0.200755135194479
-0.680029592796237  0.704094058257813  -0.204478140756971
0.396313475270781  0.903529000100184  0.163006059079898
-0.797566518069008  -0.125534988457778  0.590024250288227
-0.278776549998009  -0.073899953384592  -0.957508450125096
0.032004878096778  0.974411440457128  -0.222481532906163
0.817004801771771  0.408235431939729  0.407243153399604
-0.814814853185375  0.451791699888397  0.363264387107308
0.029814929510383  0.114384308629002  -0.992989073413075
0.449639652166023  0.712894031592919  -0.538150799422627
0.986452218452497  -0.033350338255511  0.160623085664518
-0.352029460498456  0.895407001009045  0.272619811248474
-0.184783105788018  -0.149162631160615  -0.971393696335619
-0.870714195380920  0.411892215005137  0.268703541436133
-0.388510693757851  -0.511855443848172  0.766200656120044
-0.633523370783287  -0.025479878128753  -0.773303895297267
0.151319869160218  0.949227536982062  0.275806780613356
-0.325171622650534  0.825681531439487  0.460991783508734
0.641082306613693  0.749178136668627  -0.166570092407348
-0.064924323922049  -0.170780688628160  0.983167731648551
-0.901329605342177  0.247284083399020  -0.355605855732469
-0.137506091049706  0.484291676086642  0.864033360118358
0.281666232658879  -0.586536491619679  0.759367550912095
-0.966962165948590  0.234221979517436  0.100619252307627
0.547789842240005  0.836606188188885  0.004046556898637
-0.942252640552932  0.331441439863916  -0.048026381416485
-0.122330690489495  0.751819805948216  0.647921431616790
-0.627207948279690  -0.743990597110342  0.230408726020043
-0.192714001783747  0.323612231026041  -0.926356539053318
0.238183294725104  0.501980516978670  -0.831435071841285
0.920130695175899  -0.259026378923403  -0.293708765304930
-0.026779948893877  0.982453811819909  0.184573405391383
-0.655167451556918  -0.221446915917837  -0.722299711927738
-0.868922699466191  -0.300880654437197  0.392993860178289
-0.378494174611848  0.729437537905676  0.569792100751671
0.151515347304201  -0.815115138514762  0.559133624901372
-0.641943872158544  -0.215203053828111  -0.735931865474754
0.488990290438276  0.840233794895978  -0.234298241077038
0.746568685005698  -0.213475989556292  -0.630129510856161
0.373049279262938  0.411493828158197  0.831569037800900
-0.630627673830359  0.642215956294073  -0.435737768021777
0.355736010655933  -0.171914354875946  -0.918638854670425
0.883750254013679  0.455811548000538  -0.105930737938111
-0.642405847887332  0.356582689929955  -0.678353530131949
0.114391604529586  -0.984308592806439  -0.134354586600366
0.161073008345251  -0.066000403133260  0.984733178464531
-0.823377012855737  0.282605503001141  0.492122367276916
0.761360842380094  0.596523996026161  0.253946431074064
0.223089178820894  -0.945129902160562  0.238664380113551
-0.432287245946820  0.488504734139564  0.757951754213253
-0.994017433238974  -0.038943866036075  -0.102042724949732
0.298472067895083  0.954404696668290  -0.005108783019788
0.263258119397071  -0.426956096492651  0.865103262182773
0.411449866535194  0.888543600186332  -0.202976052518720
0.817164106735587  0.125273664160058  0.562627169385680
-0.657820382888437  0.725756759933077  0.201368987850542
0.252106142688044  0.037513176093197  -0.966972209754943
-0.672818663360818  0.684395889924491  0.280922252745892
0.449534598430944  0.887539950341678  0.100952867027255
-0.405085948513938  -0.269760438093768  0.873575801150662
-0.717267313277824  0.066616377676581  -0.693606415432025
-0.833909457471472  0.324605037027067  0.446348055530986
0.016616046840201  0.998525942840230  0.051670576370250
-0.053809228604060  -0.380699172017926  0.923132009704951
-0.796716275707613  -0.293221733795237  -0.528454530544215
-0.297147585064423  0.899004564810543  -0.321704997070591
-0.961801654707476  -0.043819556968810  -0.270217363300398
0.554916013523461  0.272986621611224  -0.785841283184155
0.109738056119591  0.669837500168129  0.734353649413963
0.004704488829343  -0.376000714219329  -0.926607430733970
0.833287267281103  -0.535260649585810  -0.138305340432568
-0.029798982973194  0.747750828657659  -0.663310424202385
-0.798783795478565  -0.588490893291179  -0.124991666099017
-0.272667034891731  -0.776972437997780  0.567420936056414
0.384379927157016  -0.841370659409649  -0.379930895141918
-0.997620909597638  -0.066969967007799  0.016356780017984
0.340573947548891  0.131368188419668  0.930995051180349
0.148612035558008  -0.094580293611011  0.984362245795602
0.703468471554602  0.646807514242272  0.294571127316250
0.298092013386252  -0.932476780177233  0.204029914438133
-0.852948449382846  0.191088972323950  0.485761204041219
0.832145486508776  0.409699627269850  0.373738016126296
-0.016704557406043  -0.062765290735443  0.997888508822886
0.050048886332300  0.960776632139903  -0.272769815248686
0.798801157582518  -0.488311714134610  -0.351380677447904
0.124192025923967  0.095335181519266  0.987667729482739
0.648869992577028  0.738153514703887  0.184654058886846
0.353791653153156  -0.856556912775172  0.375688330050619
-0.878469619806217  0.213738579590552  0.427325340545274
0.325707906100807  -0.448901498235100  0.832106846976823
0.041699277663654  -0.987997739411676  -0.148733443313022
-0.627793845354994  0.197545111943934  0.752894957136418
0.911802473792148  0.341551129232642  0.227945333153428
-0.138438191609009  -0.697194116226878  0.703388392996821
-0.526772627534013  -0.759189660924923  -0.382284786024257
-0.499113743212575  0.397714988058521  0.769875483185393
0.887448179137579  -0.335719443360475  0.315797695835685
0.913926424965488  0.393876601278811  0.097978123654493
0.683370463150726  -0.663705891636740  -0.304136974897567
0.162704805659485  0.230086809727810  0.959472358228515
0.067851156155277  0.827495683187740  -0.557357259676455
-0.994741703776994  -0.090431895410354  0.048073017996950
-0.417248120804830  0.908742551673310  0.009538367948440
-0.250166598394276  -0.490433192964174  0.834800548806002
-0.327326984577888  -0.508741254119489  -0.796265898757492
0.262040408231841  -0.910128069702369  -0.320938812226770
-0.579222057506391  -0.687479941688900  0.438033261149755
0.956965409365031  -0.172909230218447  0.233065663245540
-0.115702943626799  -0.049738897795022  -0.992037736622065
0.776719501983636  -0.278205105016890  0.565074096717266
-0.286759981555242  -0.723639775739973  0.627785144731411
0.328867176354592  0.785333858804368  0.524497007171632
0.734612307184287  -0.339899188081285  -0.587208055185777
-0.363823590015491  0.803429298301490  0.471310680951553
-0.981602479642947  0.073706556289589  -0.176136071032449
0.461527779457627  0.821016168974445  -0.336042495930855
0.156251110169830  -0.091293426962544  0.983489247914857
0.597344226607760  -0.182066321372549  0.781045280096004
-0.488053790838157  -0.559961593424768  0.669512144130112
0.269502854483508  0.865418545794107  0.422396676147971
0.815895162962409  -0.487523273741889  -0.310863540182079
0.629654671622382  -0.418014565599709  0.654827318802902
0.722968935316174  -0.482707160442516  -0.494276962669029
-0.499332772068946  -0.647175000119591  0.576048003171741
0.406018508375154  0.711867594962399  0.573056278300191
-0.193001011739298  0.697585732551269  -0.690017938323720
0.844902750701204  0.237485653828963  -0.479311908972612
-0.371301661758166  0.815055168432487  0.444769770091352
-0.666602100682337  -0.354955089710181  -0.655475799442461
0.573534397870071  0.481605970154742  -0.662656761808951
0.561620159034508  -0.661153383247971  -0.497452511086049
0.592857217482046  0.646598546573587  0.480031914822723
-0.580942978646484  0.496160806829126  -0.645236165545626
-0.409180008005965  -0.776675840136408  -0.478901201080811
-0.939502798455845  -0.129702129146107  0.317036037996634
0.532199234341361  -0.825481795220853  0.187999416822040
-0.001876443891481  0.178508084230552  -0.983936655899484
-0.226342333197643  0.821207560994563  0.523819902225955
-0.610640228117085  -0.243133361325145  0.753660852383784
-0.454139903334310  0.661450862318052  -0.596858194999625
0.838437798253752  0.402890060001656  0.367017244841796
0.585012789087479  0.720181784981666  0.372958755339932
0.581451655625946  -0.381585423704812  0.718544735271135
-0.569621656432350  0.727120097813772  0.383180808337992
0.573182789893883  0.374647110872706  -0.728766788269196
0.829094564575114  0.435170747409067  -0.351039347639887
0.011218098316930  0.962695855117499  0.270353185314579
0.014382322283746  -0.066233980173143  -0.997700460396882
0.803494143974438  -0.461291127535289  0.376307927442416
-0.159888953518318  0.937086491322351  0.310329551161316
0.862446092292131  0.506057190554526  -0.009636274077384
-0.367342767004060  -0.014936246709546  0.929965698326574
-0.654992278806388  0.445965547477371  -0.609999873087874
-0.624210627371304  0.477789484968998  0.618124826171690
0.511938518696204  0.668397923003424  0.539595375813994
-0.433545880870653  -0.661046638138380  0.612417595588203
-0.702603265196855  0.470438200103953  -0.533888145230507
-0.880613984623584  -0.287612098201894  -0.376561138533013
-0.182530826611105  -0.946855756442829  0.264852173537892
0.025708199516068  0.068111131130049  -0.997346460511004
-0.723791357528547  0.591132527110886  0.355933148440099
0.085600556147363  -0.939085532405984  -0.332852681547005
-0.594342204944705  -0.599237318469659  0.536350612542541
0.948905754005650  -0.301487643053472  0.093182997918247
-0.268962992913582  -0.038360570882853  -0.962386292007793
0.543851612379243  0.129490248163240  -0.829130688940604
0.868691004897994  -0.486783366358142  0.091749072182494
0.176825332878244  0.975111686556518  -0.133753506097601
-0.501664725396995  -0.358838072035136  -0.787126255025497
0.070673164566269  0.442360143887300  -0.894048548407857
0.650038150914155  0.758008956411767  0.053598734645992
-0.897118558038669  0.348760321107648  -0.271190949781719
0.317753571690783  -0.664409133632114  -0.676456333272130
0.470523478667113  0.707935885932309  -0.526720454731194
0.473663699667922  0.620815510164201  0.624684561964244
-0.667745297098968  0.514173212111574  -0.538276997603536
0.664605076098159  -0.427052836343467  -0.613128019091903
0.889618487569442  -0.368267750915163  -0.270107034729840
-0.085848016655560  -0.979716933528429  -0.181065867004134
0.659161002946237  0.146144085498973  0.737664339973528
0.316305501278765  0.465305097114293  -0.826705507699234
0.853954918426737  0.281674788712501  0.437516069074672
0.197858264427080  0.951220956314193  -0.236708258129320
0.746208002322096  -0.584798386251176  -0.318095056089350
-0.090111348322439  -0.084747781350516  0.992319383293341
-0.721251254203142  0.264218120147699  -0.640301033339796
0.412357107605711  0.321613713903636  -0.852365083069551
-0.550106599203729  0.732367118308891  0.401274386838282
-0.583501762605124  -0.789762712064827  -0.189210337108527
0.733216728036129  0.248167879957246  0.633092357468892
-0.253766724227414  0.831269114058536  0.494564565741648
0.842963359612362  0.161623837270190  -0.513118416719863
0.144020092651180  -0.744725071371480  0.651646208447107
0.359257681444549  0.113909917131053  0.926260465043329
0.299871568218088  0.945448898644900  0.127292665246552
0.775541881445975  -0.616711902003446  0.134911897364647
-0.716155768219514  -0.214827079510401  0.664055902432130
-0.101054352022938  0.994880300054445  0.001098408303464
-0.328955607725077  0.300646853911746  0.895209292500472
-0.657068200791098  0.269084831327346  -0.704169534315909
0.884969456493236  0.425148614815353  -0.189941349881099
0.220565050899840  0.806163766994887  0.549045571065066
-0.630754963190639  0.059099345786311  0.773728275131526
-0.086423816595849  0.821241913831571  -0.563997023831922
0.937743830686327  -0.074177492622995  0.339314319765462
-0.194081491926708  0.978539854439660  -0.069225196025087
-0.989294828110452  0.145349427997534  0.013011028195403
0.377866786170887  0.355099331123455  -0.855056230282290
0.417346550012856  0.478091095318671  0.772820006061800
-0.286763732418296  -0.253504185719292  0.923851822313690
0.548896564612696  0.501442268179660  0.668781139865068
0.130188277471386  -0.982722158675782  0.131560523169547
-0.965848574502378  0.227775704776830  0.123510159279076
0.563210538671484  -0.413809742340388  -0.715231002036096
0.962767045474750  0.209461986887106  0.170895559325358
-0.268276930564469  0.368065055754802  -0.890255920092151
-0.131279576238796  -0.991336784982296  0.004129358730697
-0.133984523466584  0.976878660918370  0.166602008732684
0.827151912745666  0.498816606074087  -0.258846878957261
-0.189613264944506  0.149723288285418  0.970376085186608
-0.771523171267744  0.328338766558865  -0.544927197496663
0.853666475635292  0.106609747528632  0.509792026328679
0.774198984113370  -0.059347193982109  -0.630153825319085
0.071712438692237  -0.724695582441172  0.685327395430142
0.007755052829685  0.890652523951914  0.454618456217622
0.407800561150312  0.712011271641468  0.571610576687478
0.863660604512081  -0.331414386223089  0.379808984646494
-0.626187605604753  0.228311026579119  0.745495243264084
0.170327562242984  0.815114631285438  -0.553693651223100
0.117514616935964  -0.891142149336177  -0.438241924606596
0.753738883825541  -0.490010954145635  0.437912045765714
0.205820440585290  0.130066486411728  -0.969907549898332
-0.842044707474866  -0.531197681602269  0.093753579526022
-0.673070564654820  -0.560936150418729  -0.482002749109027
-0.638178929976001  -0.395880891147036  0.660307483949195
0.468572849266093  -0.733811234989442  -0.491894863089588
-0.503464483944913  0.568755975717749  -0.650415369968633
0.171395146843237  -0.030283278366433  0.984736831183828
-0.333722298927502  0.842688185765065  0.422499761858543
0.982289716868592  -0.089172264602457  0.164788407844395
-0.477172271097852  -0.783799199529042  0.397448661480890
-0.967991322710666  -0.228021933931920  0.104875148642572
-0.400543159696429  0.568888476427994  0.718283424984760
-0.090213615567325  -0.964216697019369  0.249294333580469
-0.477234547446913  0.167306286659455  -0.862702609922657
-0.847078567244770  0.479375940983065  0.229470277206330
0.166576135635674  0.985998338884210  0.007724425821040
-0.314089580169581  -0.292080963135829  0.903347356559227
-0.699565122710862  -0.214541434765316  -0.681601505173937
-0.773434636040210  -0.364905487152246  0.518307678140630
0.105542776691082  0.235198233261695  0.966200037962592
-0.028579791063774  -0.994600948545141  -0.099760456574025
-0.850397621667517  0.394497228131200  -0.348131903247936
-0.591711596535970  -0.623095341622865  0.511497391755558
-0.571968772745851  0.525341271177804  0.629974818386334
0.562783612232114  -0.643676029397744  0.518609462873295
-0.582526436022234  -0.504760583402925  -0.637086889504071
0.966970246020211  0.044041764231135  0.251055504450755
0.087873546555237  -0.035495445704832  0.995499027196923
0.393861300387806  0.854314688927866  -0.339145526785937
0.485235399077168  -0.774777478991899  -0.405297995960232
0.022194288485641  0.993357990247852  0.112904015736219
-0.692569088583144  0.275251413155835  0.666771862854777
-0.189310849292710  0.439587033238501  -0.878023144654312
0.904074226361495  0.278519543853517  0.324155297535754
-0.862803044032292  -0.504928999469748  -0.024851814885248
-0.737065804432448  0.582439464667075  0.342780206451130
0.074487329774894  -0.815676162487778  0.573693328924277
-0.200224569374738  -0.271692301649045  -0.941325350260655
0.653657518579340  -0.392375250829517  -0.647127121160266
0.432692227575968  0.734190569825881  -0.523203252449843
-0.478766787259720  -0.616966841415454  -0.624607300638444
0.699732078263092  -0.509598979239944  0.500683431928022
0.213661590163613  -0.973510580217891  -0.081399478453989
0.168636917612653  -0.381389075483752  0.908902614761204
0.815680047945286  -0.115992822886975  -0.566755436165095
-0.770655375394326  -0.476128681847164  -0.423546657050097
-0.085478667551836  0.895941842015086  0.435868802646138
0.899333762897797  0.434655849059311  0.047676784608639
-0.365327987241166  -0.112360981844435  0.924072763096756
-0.619484443208467  0.573646974800210  -0.535880745059257
0.333072844849557  0.808552120557385  0.485083444745312
-0.711929366557456  0.702229531459085  0.005501107148085
0.813651908095912  0.353825758982479  -0.461278554381574
0.231350303311101  -0.247503169884178  0.940860891978801
-0.542474363643678  -0.592482306562207  -0.595555439233086
-0.927515184413592  -0.080322382798173  0.365053280363079
0.421258540104683  -0.905961670660889  -0.042127113385582
-0.036217719334769  0.393801746896855  -0.918481606210583
-0.465555136217883  -0.869037513080611  -0.167428241344810
0.642420207268405  -0.649290580566870  -0.407084781440374
-0.766217906253831  0.147405097759391  -0.625445327179395
-0.341757437232458  -0.367152030273132  0.865101867274959
0.382997214342200  -0.468813493798568  0.795944119796418
0.283369256909176  0.675770598438760  0.680467458828460
0.791900721094737  -0.541919628120919  -0.281454018601479
-0.692272763661713  -0.602664464116409  0.396930679569437
0.187374358562604  -0.922973924975912  0.336169575612982
-0.801241892228988  -0.346019918944130  0.488141010191941
0.783751183318494  0.024000772436804  0.620611025981087
0.204865067473099  -0.600954778468586  -0.772582460560046
0.031453581527886  -0.893191652389600  -0.448574792326324
0.908198306315213  -0.143812032947172  -0.393057165798795
-0.686544868654308  -0.032582226060290  -0.726357034707723
-0.190199856133019  -0.716797393382138  0.670839408180193
-0.208832798152576  0.362597711975748  -0.908246531337014
0.104457723351962  -0.725215504282473  -0.680552023272610
0.627489709883823  0.749150253851183  -0.212204055438682
-0.940780231388362  0.338662962407039  -0.015490452625722
-0.266754842240180  -0.859953376638940  -0.435111530700695
-0.261484716653075  0.173871814089629  -0.949417892828044
-0.775223906655461  -0.396113478825050  0.492058946106015
0.769953781068355  -0.637711711903519  0.022247416021334
-0.769765630829818  -0.050157744236296  0.636352947888433
-0.712587546870966  -0.586888009765280  -0.384423532107710
-0.368720287477631  0.917341368482258  0.150100510570457
0.311542203518779  -0.380611102953274  0.870675969425685
-0.545907018348863  -0.285541046802446  0.787687652504733
0.582987501079613  -0.043935342987303  0.811292338939261
-0.393797008853141  -0.902046306761076  -0.176738157388328
-0.735097510575335  0.660440602945933  0.153133470953801
-0.347459528117890  0.047196329178321  -0.936506477731033
0.729685386148567  0.306567344427783  -0.611208393734669
-0.762228290647132  0.646035331788571  -0.040575645626201
-0.314916623619325  -0.905406347038032  -0.284722438370163
0.122440811185635  -0.895229782957400  -0.428452895266504
0.826647897309192  -0.431912593360811  0.360700381994017
0.087806120898058  0.113317543251772  -0.989671268414022
-0.792013207021615  -0.576634732848361  0.200517991153500
-0.524919449507166  -0.749890454683147  0.402646094609393
-0.937988238466248  0.302753078352514  0.168874622270673
0.421776185444204  -0.276012948219699  0.863667587563182
-0.008707396485122  -0.776630584815962  -0.629896115224462
0.892909129716029  -0.416105357401914  -0.171958185647527
0.685675117152503  0.718499715766595  -0.116652441728512
-0.045418702760415  -0.555396922609708  -0.830344145397092
0.252652715323940  -0.579208150558801  0.775038401478077
-0.992542259664237  -0.003601728259230  0.121847816288014
-0.346730422451142  0.935975204078585  -0.061060883525419
-0.224329182713842  -0.380714417349226  0.897069088869625
-0.421482654499254  -0.558862514988589  -0.714160389056192
-0.066030319384427  -0.821398073380099  -0.566520257333709
0.843513321761269  -0.111201882911177  -0.525470662595238
-0.774008244475501  0.088795678736023  -0.626918308012904
-0.135535396670196  -0.798991869204945  0.585868713274433
0.330301404702234  0.236923292248967  0.913656574234346
0.451441964467837  0.891808500236100  -0.029626873342605
0.651151909771393  -0.693120719287405  0.309168010789568
-0.772292469536996  0.038235511300272  0.634115436787384
0.225676075996782  -0.956225401150295  -0.186288193178346
-0.821099526920409  -0.483181204433868  -0.303860972441209
0.349707596029504  -0.428377295299271  0.833185147582065
0.697068006887687  -0.044666901417156  -0.715612368319202
-0.514935289772801  -0.143641411674876  0.845108745782843
-0.604154027224078  -0.789530447749501  -0.107886901268876
-0.546657449433753  0.813228021125654  0.199564071502456
0.635876186885031  -0.167338985051029  0.753431575549263
-0.801797185046220  0.099997783971307  -0.589170363522119
-0.242142012971524  -0.889618035939052  -0.387229900299604
0.207622358636160  0.640141648566829  -0.739669943937498
-0.767277530710856  0.349474171343531  0.537729480714983
0.250198185379118  0.757826322828371  -0.602577905719606
-0.174890851239039  -0.257945568829663  -0.950198544344300
0.970765148136815  0.210732438915811  0.114921131005149
-0.545676111518658  0.805039452742223  0.232699507619545
0.639706130317426  0.544877464685027  -0.542111257319678
-0.324254373466994  0.944754720213474  -0.047933494780670
0.061053551012466  -0.378725499068621  -0.923493075374143
0.902906952771953  -0.021151756459826  0.429315312835135
-0.944820219203791  0.117218705105849  -0.305899539975151
-0.370164000254664  0.848278885034819  0.378683966018566
-0.550493280654230  -0.773446471329488  0.314225562204138
-0.024162938294897  0.042386291400519  -0.998809068197855
0.010945709552919  -0.953395284705368  0.301525492361679
0.911523408846531  -0.231708823042038  0.339758879868171
-0.230267823756063  -0.595647523046808  -0.769532817773777
-0.670309875537549  -0.126038938616523  0.731299430267286
0.817491468959210  -0.451672888330287  0.357350388451292
0.417038268420141  -0.553535838471677  -0.720886369825778
-0.253060687923277  -0.588495995602256  0.767875479090138
0.653513888462345  0.690358945743645  0.310361279186932
-0.902123790253803  -0.082909316860636  -0.423436786587815
0.090393007852002  -0.439322632156483  -0.893769953067660
-0.399329798367103  0.909623015725198  -0.114549907896450
-0.593186999738702  -0.553209700429351  0.584883074376294
-0.883692569394036  -0.382329291867436  0.270021768340837
0.071011792610094  -0.995856177985822  0.056813713817803
-0.691417465467512  0.246678092573876  -0.679037412143540
-0.263286896536618  0.366848793544511  0.892245466666575
0.821987363798592  -0.270551094088081  -0.501137585143226
0.546250059857951  -0.618573486373542  0.564781120489049
0.538658777099254  0.813128747149863  -0.220609071464502
-0.262921473158613  -0.465106354864402  -0.845309634167773
-0.181376529962098  0.928562484724132  0.323842965558701
0.681804470779265  0.252737054401913  0.686488634252346
-0.912754625860736  0.038865042963667  0.406655261130679
0.049573625119373  0.636960387358552  -0.769300929824323
0.338485436265347  0.212375595743565  0.916691996130011
-0.352967155240087  -0.673088668201698  0.649896785697687
-0.308155110521204  0.913453972894795  0.265786130681004
0.999607702026638  -0.027989708949533  0.001009079751320
0.675419227890187  -0.358818257549877  0.644250203449789
-0.430484407082072  -0.137659211238964  0.892038741770930
0.753343871054039  0.651384081966433  0.090397951890862
0.352559763918219  -0.872543128277346  -0.338186490212003
-0.825583555999295  -0.509045687826721  -0.243483633471695
-0.007276041189566  -0.171832930406900  -0.985099235230840
-0.807198095528435  0.534182011626324  0.251158939777429
-0.011109419281295  -0.871394769046146  0.490456661981716
-0.586687298600338  -0.808866304071374  -0.039157576520445
-0.464569863933848  -0.032296687573774  -0.884947323571436
-0.679867999177860  0.045590389711050  0.731915992488133
0.557750564511370  -0.822160006208649  0.113873754562859
-0.832798142634310  0.050534136146295  -0.551265412218825
-0.692166705342454  0.530280943628448  0.489599196118514
-0.344903808697338  -0.923431468428030  -0.168272653342495
0.204272371405482  0.443684660945877  -0.872591954994844
0.537217311544687  0.772774460773908  0.337960342277456
0.004049855672072  -0.008782453746324  0.999953232494015
-0.405197755947488  0.854815217279153  -0.324200127827110
0.938365211820104  -0.073258302758922  -0.337792762389449
-0.415851930115183  0.557370986482186  -0.718613077843252
-0.432826103088191  0.803095258299630  0.409511380284043
-0.688979044864776  -0.539706659668932  -0.483760888504047
0.705953217837785  0.293982387851488  -0.644363569623248
-0.480244890872162  -0.628173728784455  0.612178577913519
0.341304662246251  0.117289774214858  0.932606152882127
0.158759011524942  -0.941553468521340  -0.297107122390322
-0.980308564643355  0.196089965522027  -0.023320452578285
-0.395876475525288  0.824240840727753  0.404856582757504
0.170154158071009  0.002112895789291  0.985415190750848
-0.985677174616489  0.013566345711061  -0.168096584451035
0.419646541020192  0.808561599227401  -0.412462023542309
0.005914140685507  0.997528950163538  -0.070007260520477
-0.829120518540143  0.368576554581468  0.420369467431423
0.032020195411440  0.266361270909634  -0.963341258560650
0.803014463814210  0.362591124672436  0.472964530608751
0.875491484846972  0.044648226319784  0.481166494933865
0.628606947210659  -0.673746301030401  -0.388483240007014
-0.142288150733619  -0.197291928764588  0.969963905001189
0.389172688369931  0.915686456114773  -0.100314170060310
-0.271399485021344  0.286196987085051  0.918930685151818
0.411169799108543  0.887570141367039  0.207746577480197
0.313568255670773  -0.676731140141800  0.666115540276586
-0.996137539800660  0.075357985859812  0.045068567395035
0.784866278363949  -0.607147981604629  0.123920351518829
0.371338477482670  0.118964617557986  0.920844805007953
0.703716298820232  0.223003564342464  -0.674576000955646
-0.290188497938952  -0.949116163505078  -0.122348452533478
-0.390046079696023  -0.752049107752681  -0.531306121969399
-0.520919674667069  -0.601180463721138  0.605990711632442
0.736732608831583  -0.519819767899078  -0.432449386617161
-0.605859013860537  0.368951123867535  -0.704847446984680
0.231899152245387  0.692387701338120  0.683243773644214
0.994405084513312  0.076732120077055  0.072599653184795
-0.379382666239901  -0.265987897874313  0.886182391351300
-0.383123266028024  0.881643479135377  -0.275538270891881
0.701313240878407  -0.671384502925057  -0.239588370754299
0.052800814793853  -0.696650682280510  0.715464814533326
0.884801020379758  0.458129901974906  -0.085112556367451
-0.236288594295204  -0.432863722619453  -0.869940628920173
0.987140543562304  -0.073877957495169  0.141758931471219
0.475995142825075  0.580447579517608  -0.660688452630351
0.284561441703646  -0.950414336482072  -0.125448694313195
0.226583959033583  0.296088799469295  0.927896078414765
0.253002024383945  0.947992405486140  -0.193133049471671
-0.470339673941900  0.607543090269540  0.640056235484013
-0.265422562474741  0.231796801569456  -0.935853143453348
0.988764260800586  0.108652513647144  0.102663858497664
-0.032895973428853  0.999343079761933  -0.015207362167801
0.309650306831640  0.330176320182344  -0.891683960307641
0.596092124487726  0.364064422791954  0.715633478242089
-0.938638404748219  0.305102336787636  0.160843119897750
0.093493648856483  -0.310158415395130  0.946076474172719
0.235259477609382  -0.971876238284997  0.010466883584191
-0.864355180448426  0.138952124716497  0.483303661344231
0.722589351695528  0.522765698173370  0.452305929244296
-0.111175848204900  0.827431320250488  -0.550451942538543
0.408757115569208  -0.141973318086349  -0.901532693485430
0.453730141746311  0.766359596847278  0.454776787876151
-0.973663105520420  0.203045041489560  -0.103696036929264
-0.392119108828535  -0.131134524609520  -0.910519819085203
-0.256926555266113  0.887203594925038  -0.383221249869027
-0.810706689087005  -0.581627972580919  0.066809922773466
0.675514135524583  -0.436710146953638  -0.594108491989643
-0.919510147925864  0.192139853933515  -0.342904307922433
-0.659156981630043  -0.086459365562330  0.747018642120082
-0.228803681764190  -0.651311427810513  -0.723493123128742
-0.031549484531631  0.929910647306359  -0.366429826913773
-0.786291613336394  -0.265872139416610  0.557725294637858
0.027485635271090  -0.985650160395738  0.166548194723333
-0.844613804530072  0.233202585832243  -0.481917083281339
0.030836555922588  0.486575435146884  0.873094183195864
0.100269877649535  -0.903935719412882  0.415747720144877
-0.499195264864434  -0.025782864079670  0.866105843102779
0.968464260337800  -0.184132734120599  0.167845502393214
-0.368999117823830  -0.694020121212614  -0.618203625351117
-0.700523007604579  -0.237663360019668  0.672891999596367
-0.906321058702054  0.143498607890313  -0.397479921614577
0.104711314901499  0.578709399216583  0.808783637192285
0.101086736195976  -0.959871367126564  0.261588284018659
-0.412876785374367  0.036298887174030  -0.910063267519822
-0.933605007490577  0.351140602850341  0.071287916356277
-0.018624099057151  -0.918720190619998  -0.394469712755572
0.539352321173361  0.603878474943687  -0.586881471120528
0.485183937023164  -0.844087887515004  0.228280935264338
0.485186958145546  0.118290828293016  0.866372261552287
0.656703711067564  -0.213075711192958  -0.723421714610299
-0.656706732189946  -0.749303004615062  0.085330388322350
0.691542122685979  0.234865797336684  0.683086780572114
0.478279676839228  -0.829319201853909  0.288925963109858
-0.442737023884993  0.422192099778026  0.791035876914873
0.655999469731743  0.641992899412567  -0.396875059452617
0.429001381003178  0.371101921071051  -0.823553992932304
-0.674698470052080  0.523502285435818  -0.520314646779099
0.345698958600009  -0.750718202373441  -0.562951517138074
0.758000892455248  0.598317838008674  0.259712170984869
-0.980410596912259  -0.120253755990932  -0.155993896137705
-0.447073311911084  -0.243516300528603  0.860712068669725
-0.144133915206397  -0.729562557155194  -0.668553580264477
-0.389203369794778  0.852825101692865  -0.348152384542954
-0.683603049053907  0.724144199241107  -0.091115586096226
-0.717327602173527  -0.296204712341044  -0.630637676916736
0.435725406398159  0.826919881758294  -0.355453062122145
-0.402000853278539  0.193429029823858  0.894975152942655
0.798403385256996  -0.476350375083074  -0.368296557910041
0.832627480177112  0.472853523358831  0.288341853883636
-0.048980548059118  -0.009661534474056  -0.998753002830748
0.014756453139002  -0.939542363967849  0.342114591037071
-0.261237824419206  -0.965003890570992  0.022853670942973
-0.778100360433256  -0.120179802556908  0.616536003937336
0.771302850838562  -0.546496228593861  0.326241910889747
-0.254440314824512  -0.298327859420223  -0.919924243884110
0.668514675212453  -0.251425936844153  0.699909370781409
0.356611195738124  0.827842059060910  0.433019607320521
0.752025572067964  -0.505093055777335  -0.423483817827041
-0.440122092593634  -0.574174940127728  0.690373581287929
0.229944416698714  0.953568100278175  0.194508208980910
-0.714562199851544  0.596446390360177  -0.365585237625425
0.874629616444569  0.226126373163603  -0.428823853578484
0.069877000105689  0.130995336754395  0.988917300184820
-0.470191095405660  0.878379003944575  -0.085852543529953
-0.971379843700517  -0.120478707406669  0.204709746504600
0.103829620752352  0.343849011124076  -0.933266986131738
0.397359127542505  0.655008700227168  0.642704696097186
-0.523509337995675  0.400880532491332  0.751819640406392
0.091685285975890  0.995508164367030  -0.023607266129432
0.348768783276010  -0.346306756175886  0.870879995429397
-0.963963407247575  -0.248320875699812  -0.095453088893574
0.767148096302904  -0.418335831564345  -0.486290993509235
0.399739397529718  -0.721288491390861  0.565642401389494
0.692394318703681  0.695618416367622  -0.191585819509345
-0.324985619930495  -0.392665756541105  -0.860347575389385
0.386404385568462  -0.236437072085439  0.891509484950735
-0.259966858999290  -0.935722818962195  0.238411489436826
-0.350440506762052  0.630136520833422  0.692906498982588
0.996811751329805  0.069149226043335  -0.039808503468679
0.922858443408501  -0.070079171275168  -0.378709919573049
0.518304177811268  0.823561641550636  0.230449564611884
-0.053842301372143  -0.092651298161520  -0.994241793293732
0.458396566969376  -0.800989514664284  0.385082309108799
0.231591805521717  -0.901022194690709  0.366775463042350
0.858793013882064  -0.314000571546682  -0.404818725327421
-0.729222096870064  -0.647487354620494  -0.221348727222411
0.102020888509717  0.060465731476467  0.992942915592183
-0.644413678182842  -0.077680135080779  0.760721241970206
0.394237492411510  -0.579927597004928  0.712924106626487
-0.853423637665616  -0.406469173377164  -0.326268150096929
-0.185227532928736  0.908716635301313  0.374065285440649
-0.828364271503864  -0.472947665505985  -0.300221816975903
0.214078447821431  -0.957707628274620  -0.192266785802876
-0.350967176644409  0.435969530454832  -0.828705381564067
-0.691475542680886  0.048790432313803  0.720750350391040
0.988368022017291  -0.065934090199655  -0.137045061214082
0.213887952607912  0.155278370259677  -0.964437956251564
0.313740915118199  -0.910733464012250  0.268572514805672
0.460739154291180  0.689521003552918  0.558820380231810
-0.572746363086604  0.398800397630360  0.716184226593224
-0.896356347897046  -0.443310942162999  -0.004550400336655
-0.111579831016420  0.979263171833670  -0.169096367792471
0.435189815826862  -0.137151832040311  0.889830994722351
0.056608408244260  -0.994628547639592  -0.086657604031080
0.323924541311844  -0.236895439280066  -0.915944017057929
-0.904849597700400  -0.399460298981276  0.147236799337716
0.637533464632815  -0.358272809378250  0.682049613689133
-0.219591878958054  -0.925383383486579  -0.308941742505934
0.813664293000150  -0.576986452809019  0.070972188718057
-0.305377050619852  0.030001619776724  -0.951758771835329
-0.727879121338352  -0.378398550454284  0.571844840611337
0.849778600578071  -0.303460729618269  -0.431031223438772
0.610112774093269  -0.378567778307533  0.696023591637176
0.444064475577720  0.777523395947110  -0.445268582189175
-0.204398649092918  -0.702416347257845  -0.681786232886772
0.932139402315548  -0.142691467464465  0.332799158297690
0.008993106660229  0.051781056756573  0.998617968090786
0.599900748879793  0.706312560074198  -0.375821312560765
0.323245546775526  -0.900785084295236  -0.289997497232331
-0.634537076744514  -0.062645910824824  0.770349393517938
-0.241394618212125  -0.957809939799895  0.155976785191720
-0.827104405838862  0.522913359309403  -0.206058051280940
0.433961947306473  0.372250669665668  0.820430659607158
-0.806468658593003  0.590197531684836  -0.035709610755766
-0.486848620702434  -0.152504188791434  -0.860070283710119
0.284510570410019  0.956987162275637  0.056826987995047
-0.604130608300588  -0.214285441799367  0.767533684959306
-0.038290881774503  0.133174592296846  0.990352632318156
0.923490297504195  -0.054915826991129  0.379670807886903
-0.571778690385585  -0.710595427638216  0.410028373945764
-0.390002488893114  0.898685846926191  0.200653450485488
0.044734413480099  -0.709841944691573  -0.702939005751621
0.696621733820389  0.242838865680931  -0.675090694117371
-0.888781019601259  -0.078416625437786  -0.451574060428073
0.236893699260969  -0.874264184934718  0.423725748793823
-0.423759680353967  0.238102385791733  -0.873919325330770
-0.800852037640892  -0.579516614036280  -0.150985124639337
0.658278952401034  -0.141894897576000  -0.739279824469527
-0.281186595114108  0.959513897404013  0.016345623778093
0.334225475006546  -0.772053926044049  -0.540579380976207
-0.369761343588224  0.057492481070793  -0.927346301770895
-0.294962730483443  -0.856297303950059  0.423971596776969
0.998949549078213  0.026750896835217  -0.037204675982280
0.431162050599966  -0.851797129222675  -0.297558291382448
-0.084631902880873  -0.087434368978879  -0.992568724137542
-0.451767859378304  -0.774612903115943  0.442584061573659
0.967561812859144  0.010250142872146  0.252426371181436
0.333163913155321  0.611209321871536  0.717931035565653
0.966260056373797  0.203749270943268  -0.157568201254550
-0.106463231030699  -0.442501700091615  0.890425643080058
-0.526632912187777  0.849961751019884  -0.014926406259855
0.868358937963948  -0.199783066426569  0.453915720401178
0.695150066052351  0.648567098015179  -0.310043714723557
0.287914914079052  -0.930599695722494  -0.226029220615509
-0.114706042167454  0.082249531280746  0.989988655740244
-0.772758924661254  0.627671872854910  0.094189513127478
-0.382014011851511  0.196263174977900  -0.903075888780510
0.311530630484270  0.851229874470631  0.422322586512713
-0.702275543294014  -0.419821176593620  0.574942815395276
0.508213180513332  0.436166195123269  0.742615925889160
-0.209610533460296  0.977617034994593  0.018120627772548
0.980796363377229  -0.127944450519699  -0.147202959098024
-0.262972649403601  -0.413506389351625  0.871698257214636
0.796796414731730  0.532427630093269  0.285720654108040
0.060033489290763  0.832102878266769  -0.551362657552845
0.828509153049703  -0.545157952961217  -0.127966361345470
-0.091746227608737  0.245482704787717  0.965049673006355
-0.571039186467494  0.562345321974695  -0.598065202441774
-0.964098086088017  -0.164804689297881  0.208216941642249
0.180485572974360  -0.238740076826821  -0.954163578043535
0.212573326646163  0.965890088099398  0.147881433959512
0.678582435607554  -0.610720044077253  -0.408101587655817
0.465410445137917  0.471755117861916  -0.748892666760475
-0.456233327556424  -0.816850744442492  -0.352995767864913
0.669405318026061  -0.265624417496677  0.693786846969572
0.389512181713477  -0.443196914904840  -0.807376464182379
0.997953567952448  0.009870740257046  0.063176298544295
-0.286874085426328  0.492554917415806  -0.821640379022548
-0.321567300812643  -0.945622572577692  -0.048912383704126
-0.243718197761978  0.749162230246208  -0.615919956530215
-0.049491835976846  0.854271946525937  0.517464974225722
-0.888511750444749  -0.188173258912852  -0.418494556657222
0.694285388659617  0.083063542633122  -0.714890374098714
