0.377154442756891  -0.921121103555283  -0.096386922836234
-0.258338262767244  -0.550709674044297  0.793712918443708
0.996872155631198  0.052476622910004  -0.059094072250689
-0.361379450107063  -0.422888052420990  -0.831005769029252
-0.222190747318186  -0.935086716670474  -0.276123349452050
0.506699576393343  -0.645593659677627  0.571370602907478
0.252636515243053  -0.133524291636468  -0.958303738231687
-0.981526838954582  -0.155968765356379  0.110809785872159
-0.105559639960033  0.641409207994159  0.759902224178752
-0.087298821276610  -0.509119181008196  0.856257306732771
-0.819809964652890  0.554438323414867  -0.143212315757892
0.801549145969467  0.596090065587488  0.046857233203873
-0.914903072585350  0.403672913599394  0.000739324057576
-0.573420549922549  -0.475098364257821  0.667435702675595
-0.404374967580805  -0.089076080141777  -0.910245207370299
0.062892444918003  0.967847357998992  0.243548828752280
-0.539835452355161  -0.103043737786053  -0.835439807815966
0.273121386038860  0.698340676099633  -0.661607896410646
-0.970777238820197  0.106223531682261  0.215193201346098
0.157820400426176  -0.907607945567947  -0.389025112751418
0.236008959711491  -0.033543257175828  0.971171777202126
0.459095583070107  -0.865168463809522  0.201779024764693
-0.833339865118702  0.070927499038209  0.548191535035090
0.610253241760087  0.760697707595485  0.221201217402344
0.783057872880205  -0.012454990821187  0.621824123787405
0.843438787585912  -0.098824408783485  -0.528057523215229
-0.089104739233061  -0.769121300040697  0.632860783482368
0.028723824527355  0.855490718002995  0.517020863520266
0.884075507585245  0.467344029335735  -0.000234802323340
-0.130742379028221  0.960452506945505  -0.245840216864808
0.606712994210900  -0.434803924242013  -0.665465919577698
0.408104892402567  -0.058304553367757  0.911071334119165
0.515312383847547  0.558786374862241  -0.649777603739675
-0.566290204257895  0.766523672041278  -0.302913956036872
0.256047184644225  -0.557716193742281  -0.789552079646041
0.825555403461216  0.349978896563245  0.442688431943238
-0.660091604741525  0.436933019208603  -0.611038959539417
0.462387413006736  0.699580801200330  -0.544779389188726
-0.725298514011732  0.424786549455449  0.541754975034015
-0.397180503736529  -0.687434331447176  -0.608014545384706
-0.324892894138090  -0.241882176258874  -0.914296243100040
0.783320316124366  -0.149861635935097  -0.603283326822216
-0.561819040499679  0.743968826490587  -0.361759244446136
-0.546394169762776  -0.835989366814364  0.050746328168313
-0.269407900086674  -0.335288526246854  0.902774051209992
0.628988086769988  -0.721749493707420  0.288880001098231
-0.929598362290374  -0.365928065407773  -0.044085550625784
0.031202375433712  0.752389032868339  0.657979600737545
0.129745284432164  0.980121225938787  0.150095115283167
0.598957529775526  0.369594152573698  -0.710387246442763
0.416419724140898  0.147586295894529  0.897113648659160
-0.885631969484260  0.462940777470560  -0.036631286933230
-0.696551381288637  0.436618950300604  0.569368128246823
0.413446339122972  0.303617150196021  0.858416420376882
-0.729876190875837  -0.655187783613682  0.194960801690929
-0.380121529535772  0.788189583718264  -0.484009093820988
-0.116250216896363  0.992480942098313  0.038307527239356
-0.800807502633138  0.262831494630058  -0.538170000238779
0.813562647160762  0.445572356021841  -0.373605533542960
-0.129005361423987  0.284077091446413  0.950083061021095
0.871233883125199  0.425224739971616  -0.245225287053883
0.727313075279343  -0.374670672916747  0.575010936751482
-0.060221185737138  0.988260040551497  0.140411897777814
0.204141993582994  -0.188364627663134  -0.960648121583179
0.863237867870067  0.303617656047406  -0.403282410243021
0.758686210121040  -0.274421917375860  0.590836564403330
-0.007236467382703  0.995694177542267  -0.092416115197778
0.111788125131730  -0.417654604119001  -0.901702859448573
-0.027462129657138  -0.915821022828596  -0.400646584385639
0.063870845250622  0.069628033029349  -0.995526218712212
-0.859401340997173  -0.446886750663248  0.248438256260797
0.768068366089413  -0.538562305194697  0.346441378065776
0.889871134469726  0.377054538527799  0.256825308357942
0.718546187905076  -0.451372841636153  -0.529106731841874
0.158043253052546  -0.153360007352803  0.975450172130446
0.013281693512104  0.981787387516755  -0.189518131930630
0.202497438913857  -0.417451504683475  -0.885849326054285
-0.647108816872264  0.337883771828485  -0.683435977880251
-0.081488736922771  -0.993961578407144  0.073484463698870
0.931094992708892  0.238626301895184  -0.275897811872904
0.111592597127425  -0.797190352353213  0.593325066368611
-0.877368463592077  -0.225886960054249  0.423319808621719
0.670666532760690  0.206081043099996  0.712556668279493
0.318294527958812  -0.777384435398961  -0.542551410532602
0.269490328352986  -0.239281135769995  -0.932801962363299
-0.584944238654438  0.484339147838553  -0.650581146004097
-0.098862234855410  -0.986181947639596  -0.132933910907517
0.953296801862834  0.262561664031048  -0.149286905451684
-0.514807150908736  -0.804454210983043  -0.296356238005683
0.349407541992057  -0.312558387295376  -0.883301547678019
-0.967265165506059  0.237535934636902  -0.089301620112458
0.103050472605267  -0.729431758324569  0.676246929784794
-0.002053839856097  -0.777863106004157  -0.628430401921654
-0.246327164635116  -0.830922930325340  0.498888777005833
0.910431440514642  -0.108417731449723  -0.399199433403567
-0.666158115735624  0.161477555770905  -0.728119745523920
0.371428726117918  0.183219914975576  -0.910203913511013
0.460366609991275  0.887728826089351  0.000340198713511
-0.744283790864221  0.010743426324220  -0.667777071669581
0.655345906990865  -0.715252337437995  -0.242767040554943
0.244802368453773  -0.034714605914887  0.968951338579806
0.697158096601218  0.690556282880236  0.192620374098895
0.359083987443281  -0.906809735676241  0.220804875953003
-0.811439715590726  0.181538846881117  0.555526088527908
-0.321094359121535  0.912701997136843  0.252732025993440
-0.920179255365308  -0.065393612946005  0.385997167581857
-0.019871489751296  0.583113106587608  -0.812147910679337
0.618956385995069  0.394982503495241  0.678882769090920
0.635404956169279  0.712485197784636  0.297700158907086
-0.139583577714611  0.185946079298049  0.972594715401062
-0.164686267854189  0.834452765498733  -0.525896392202660
0.939674801738079  -0.307913647012146  -0.148998164291316
0.568207863927546  -0.755949268012895  -0.325085415793547
-0.116731350512002  -0.103936743141965  -0.987709949951242
-0.274894177259580  -0.844904626594989  0.458878375244640
0.959833391699128  0.192892101724059  0.203746158913055
-0.109590867960260  -0.746395549066976  0.656417188983290
-0.620455509323044  0.286528730447422  0.730024826686648
0.890202670905144  -0.233034882167743  0.391451080476749
-0.379338029542360  -0.799889397346655  -0.465058718180107
0.822888606853611  -0.500227603163768  -0.269493387198194
0.250503506932069  0.249646849319908  -0.935373959248053
-0.177285235781165  -0.983059862618401  0.046510769534680
0.749670335702707  0.233185410134725  0.619369802515179
0.607884056380345  -0.738130005577944  -0.292644953594080
-0.020038157473279  -0.072756502847694  -0.997148416003581
-0.305016124581572  -0.862707020045697  0.403363063887998
0.932938338435197  0.197333517315446  0.301140398521503
-0.054655342045580  0.883376089553012  -0.465466946186203
-0.959544921413135  0.254359776882124  -0.120725505568366
0.442268953465562  -0.066576060630306  -0.894408072946251
0.462620625901993  0.695592373301195  0.549666632328414
-0.145854025952657  -0.868102088456303  -0.474473779181955
-0.897670434076659  -0.366713131026068  0.244354806209499
0.710298524248696  -0.650418216794124  0.269132216043485
0.041517883875306  0.149029259363888  -0.987960801434939
0.956782977914139  0.290798036981348  0.001683704708894
0.405399017928024  -0.192745749997308  0.893588670541972
0.050370912286225  0.981606879792447  -0.184148594183039
0.501013047699891  -0.498063092813792  -0.707756371650039
-0.474600956670064  -0.878760126829205  -0.050344527239607
-0.041986215890499  -0.302085548586790  -0.952355752337442
-0.927906508235840  0.101266040926122  0.358796182990734
0.495291767456275  -0.677940619168537  0.543215042107101
0.753498042736178  0.089889348082287  -0.651276135517102
-0.142225309161637  -0.630149023284333  -0.763337520293401
0.862702508553673  -0.218313685061700  0.456161722035047
0.033020843344142  0.938352056428320  -0.344100337258749
0.473802720649316  -0.121664839939277  -0.872186131870862
0.566366732418928  -0.823166648310176  0.040316169447227
0.579732766908258  0.795090456550448  -0.178160278612535
-0.672296778677870  -0.093588648179549  -0.734342022705554
-0.961177885533741  -0.192348217484092  -0.197836385914169
-0.159856194065649  0.077977903351326  -0.984055610119559
-0.577943355170855  0.656580849363097  0.484647363000655
-0.223378336297237  -0.926906970198515  0.301571861204734
-0.178556672576866  -0.461892934458494  -0.868776399181976
-0.108799317558837  -0.981058937194810  0.160268743830233
0.767362094398268  0.152941210820920  -0.622707316572830
-0.837119449416298  0.366224791915396  -0.406337826439379
-0.347209066306018  0.935461580491995  -0.066011330075387
-0.239541618811395  0.331807170105408  0.912427429839687
-0.811990327240432  0.013773700585379  -0.583508349246316
0.704322879745809  0.589880709801208  -0.394930410668758
0.026003757633353  -0.148328447431135  -0.988596214979410
0.841038989955942  0.391117098184307  -0.373738990315134
-0.790381391107815  0.441915714129895  -0.424273211734538
-0.024653841214774  -0.981361259745337  -0.190584012929737
-0.266669631194643  0.154225788157835  0.951368337746011
-0.968842773959309  -0.219665575350871  0.114414659692723
0.154820477432469  0.958760879438682  0.238344699596084
0.547352665332196  -0.584869515929976  0.598608978457203
0.048571280819721  0.585571859108157  0.809164030651480
0.224902658019555  -0.555552715037680  0.800487336083465
-0.883416146360241  0.446631933429320  0.141759755894292
0.707084769160407  0.694492640716517  -0.133083061326277
0.802271670596168  -0.189061342463593  0.566229613623924
-0.093153426603820  -0.903138696441493  0.419121622088299
0.073464711828471  0.693918776859155  0.716295795909940
0.821960385371517  0.020158577118746  -0.569187804374316
0.310139582160644  0.933615878758649  0.179373438688500
0.954449152111970  0.094358325879295  -0.283060633734185
-0.078632529341948  0.195335875785437  0.977579061232606
-0.565677040609378  0.643921677093917  -0.515144988809921
-0.748847122199008  0.448761518867371  0.487689539315860
-0.787354787916381  -0.615163650897502  0.040572411311218
-0.256329492737446  0.838191038575128  -0.481384434735184
0.294837158454819  0.225734131189745  0.928501562739826
-0.842029286492270  0.409884941201810  0.350686491991505
-0.786236932426882  -0.396306322183189  -0.474102082979606
0.020036623451630  0.987602599455847  -0.155690845166667
-0.075828977517017  -0.181411336070849  0.980479420137778
0.995548430811629  0.041883328814079  -0.084434049268972
0.365758500194716  -0.925895464782630  -0.094542624409683
0.386027575354486  0.429122565011258  0.816600597148996
0.243762355262428  0.538656228585452  -0.806492022008285
0.481592156491298  -0.876294220435049  -0.013320436861874
-0.260320490325871  -0.511003455404095  -0.819212250202335
-0.244843312309992  -0.527318103819389  0.813626062636513
0.986755959127162  0.162027338788435  -0.007734249296052
0.822017277678331  0.568469473995784  -0.033616251029273
-0.182175287689776  0.876185590040346  0.446218529826809
0.256910904942539  0.158495906445250  -0.953349796539394
0.747281660425567  -0.466212022489811  0.473515015683312
-0.889942431816091  -0.192627119414651  -0.413397219293110
-0.172193010061125  -0.984789146612747  0.023235834390585
-0.002431691267132  0.316525610747369  -0.948580847697542
-0.715317730487835  0.475636416450727  0.511947794013847
0.460662589058599  0.855337884942766  0.237038143815431
-0.247534265349847  0.264739281219705  0.932008530249045
-0.281935655041322  0.717934010288577  -0.636461344692184
0.990132509449768  -0.127335406565516  -0.058509041741431
-0.720680528440989  0.031787651248217  -0.692538173066394
0.276388004480823  0.612179294041593  -0.740841536987395
-0.845297694872144  0.337949130424146  0.413838364931774
-0.151770838049669  -0.918340773217522  -0.365535001010773
0.758755157763572  -0.651375926479902  0.000113884267653
-0.331092246460119  -0.897460975399737  -0.291447631605653
0.380427218885083  -0.068435421684535  0.922275297397811
0.709420185338608  0.314520470604370  -0.630713781524505
-0.265025836465451  0.726723518634804  0.633746190102029
0.763970873677540  0.634364838408546  0.118024387154842
-0.240613316443108  -0.400207515473319  0.884273247649686
-0.788383393699884  0.492566195699578  -0.368551444702498
0.649507202263007  0.598937847308793  0.468416320456056
-0.472875725331233  0.504203294836489  0.722611642494424
0.390911462245606  0.645655880571220  -0.655985299049304
0.731471465348634  -0.550921328098916  0.401789977010936
-0.622712768491049  -0.227552000657437  0.748631347830834
0.500476508733935  -0.492914778035473  0.711729081743701
-0.740910462315319  -0.575619303148664  -0.345997261079256
-0.382278814909666  0.840982080526700  0.382899527166389
-0.482522091833427  0.797681507438832  -0.361768770878314
-0.421279159232802  -0.234308650085844  -0.876141156715659
0.648036874039423  0.750126622882830  -0.131750747730756
-0.709279806640048  0.281863534641847  0.646123133568100
0.756969421655752  -0.653429401100857  -0.005226131947418
0.857954026649031  0.485125038848756  -0.169022438861554
-0.148335470233021  -0.676197614259094  -0.721632437422999
0.047350865239743  -0.462356825690518  0.885428744337135
-0.307122087511363  0.147207714626869  -0.940215885909719
-0.958224844160698  -0.273306001326123  -0.084314753586378
0.558839938771832  -0.547552867177021  -0.622803163511329
0.092262817877503  0.968066583130013  -0.233097968812012
0.301189975772618  0.741359184844706  -0.599725902008979
0.630684098046729  0.595725288880377  0.497341883073783
-0.793464927907126  0.530106056064374  -0.298999962383301
0.463970805633014  -0.384472160100044  -0.798067822699461
0.849853289202876  0.196170890747781  -0.489148615917776
-0.146689916446537  -0.115072514550124  -0.982466480246537
0.713928283934163  -0.629608328195815  0.306430674811274
0.282614921715250  0.940851733493720  0.186887189517487
0.016666463735981  0.857127452697390  0.514834690768815
0.767827573582820  -0.010790770095412  0.640565669175820
-0.855879874667172  0.100861226594757  0.507244175037533
0.104718764820332  0.767056996198044  -0.632975153444539
0.325998056870814  0.940337629239768  0.097418735119004
-0.423455832018719  0.418023470013586  0.803704881686764
-0.244507741596519  0.523786870785752  -0.816004459725460
0.993961630486052  -0.001472711559570  0.109718313157700
0.252945705435300  -0.290855332581475  -0.922725119204391
-0.623692916368724  0.414332279156612  -0.662824191260671
-0.059732550296909  -0.996185480542010  -0.063612190595138
0.936371172100933  0.290997868803922  -0.196288737348582
0.463514610021941  0.863048344493518  -0.200752985938456
0.675889573461309  -0.144859530874954  -0.722626460075313
0.459104151673158  0.331388787523310  0.824260183085596
-0.671479115112526  0.676519087845162  -0.302386708948739
-0.961947999026134  -0.006087904178157  0.273164757229651
-0.080049605591910  -0.357701557446329  0.930398654580417
-0.520664480623640  -0.580344542462812  -0.626185843540514
-0.361233912810584  0.931958195730984  -0.031048053810253
0.597877965630758  -0.716434539561580  -0.359532319460174
0.705668595739794  -0.215155166546352  0.675085244465496
0.431953269673037  0.318624150943730  -0.843738717408512
-0.539743899782073  -0.819903523958959  -0.190878846517159
0.391077785399037  -0.572503551705918  0.720623236547014
0.997969111434384  0.026649637946887  -0.057857146664574
-0.315499934358436  -0.941982440487530  -0.114581295301545
-0.291391391676912  0.342829250834725  0.893061678513133
-0.111296640459177  -0.182404936260461  0.976904036766313
-0.965693678465170  -0.165219670187346  0.200345152064119
0.319066744645185  0.789096707013607  0.524902657110637
0.535330293360808  -0.806281973086722  0.251656227591558
-0.081519208070131  0.976837283732501  0.197847263882342
-0.257553367398488  0.125701212122285  0.958052956893661
-0.700925314419645  0.402061084531107  -0.589109996444970
0.876959473748003  0.449074987079109  -0.171095696566350
0.705303861949744  0.561264615925038  0.433045601789576
0.901767014903217  -0.379060803483955  -0.207675607847046
-0.139445416691166  0.005123827291099  0.990216502668845
-0.057017736262306  0.935201592117894  -0.349495293032223
-0.067970317479274  -0.896007265024346  0.438806354745871
-0.004424072387040  -0.714376327818840  -0.699747732997817
-0.846228380441219  -0.047944278195207  0.530658905818203
0.782682135348985  -0.133686659010299  0.607895181925485
-0.835003759353138  -0.027650207354052  0.549549076879769
-0.306684213173852  -0.947265786581979  0.092910295237723
-0.712760975245775  0.538579364939328  -0.449337356368511
0.184441429066489  0.381036214288599  0.905976138010557
0.963306473933259  -0.163946034907326  0.212514316968145
0.573236787626728  0.434530192175592  -0.694682011714161
0.176375049004394  -0.984275209568981  0.009703294112663
0.213694637302137  0.385798982486063  0.897493034569643
0.474561021638926  0.779841952463636  0.408213627796432
0.927817414358765  -0.271230953981315  0.256102743474182
-0.495476979987695  0.302784904650859  0.814139953458767
0.042220587267856  0.748288001794091  -0.662029069136517
-0.984547439518952  -0.066166052997679  0.162136956821648
-0.163086870321308  -0.380967638515485  0.910091386143576
-0.412074164346467  -0.595682544610115  -0.689461521134414
-0.409386404851177  0.910484130127920  -0.058492908187515
-0.339902376275362  0.867355684629550  0.363538843788620
0.059239074215444  0.704110636296012  -0.707614968708918
0.553633593406529  0.271268495157788  0.787339347287181
-0.952775043897335  -0.108023446824250  0.283814465210357
0.980558077438518  0.059254454845003  0.187068881300712
0.213121052829927  -0.517541828243682  0.828691663321679
0.257348394052329  0.957586352304246  0.129615515889637
0.510088630556262  -0.380790069215561  -0.771238297910604
-0.186026369749565  -0.151003987994025  -0.970871765666145
0.064295390524350  -0.976917951438426  -0.203709152751346
0.669591639209517  0.499834791300838  -0.549374387923172
-0.919913399483432  0.326079172143563  -0.217788224991628
-0.666322904781373  0.336895970917731  0.665217927707238
-0.736210615396980  0.478429785873746  -0.478642737086442
0.450214191129121  0.629562824760148  0.633212311777002
-0.380326480513514  -0.771096639716162  0.510648353016678
-0.821441679646128  0.442918607642583  0.359244587912056
-0.807557438981336  -0.377741290563582  -0.452948672753620
0.049278413949874  0.983796000181423  -0.172386391416545
-0.063162654614667  -0.163136101975258  0.984579652082221
0.999782931776140  0.020704285196970  -0.002328498140467
0.347767687844599  -0.755903078217929  -0.554678439847703
0.337477556449226  -0.091256379073969  0.936899766341826
0.314537687482314  0.867863742488868  -0.384549824634590
0.473176485460525  -0.880464395213682  -0.029773517901501
-0.117220719566766  -0.471147217262245  0.874230863428130
0.973951952410642  0.150563739768772  -0.169552807886922
-0.383554747383351  -0.559880917720209  -0.734451573442709
-0.885698997494101  -0.217380477594897  0.410223126845086
0.136935477979167  -0.590628430188137  0.795240046982114
-0.571436530932132  -0.472003422803176  -0.671321875092967
-0.451197944541136  0.845251375396415  0.286304954955939
0.067293978501040  -0.671128124728777  -0.738280814226902
0.419062363725851  -0.838306438095469  0.348753567947614
0.562804202679379  0.371849798420118  -0.738227036121915
-0.914572587904189  -0.204671485053426  -0.348807346052601
0.385201228404760  0.550878010006827  -0.740373845922708
0.859762160209626  0.411109856174062  0.302981375711808
-0.645421578658012  0.722221362822947  -0.248650937832067
0.170860646853146  -0.582453208990181  -0.794704283802450
-0.169353815316747  -0.968097690767172  0.184678494603273
-0.927032657856553  -0.114000743360601  0.357231412085563
0.660108381183879  -0.331175570354054  0.674225234392385
0.097570461355927  -0.522921377052517  -0.846778151874675
-0.472654327067511  0.450554121748042  -0.757363103458446
-0.731673820999391  0.578452480527998  0.360619116846510
-0.390605187920321  -0.691463342334085  -0.607705548253352
0.649624681852201  0.563564983554129  -0.510276672051605
0.577071755296753  -0.193829364045146  0.793358914283176
-0.520905528445053  0.160792254496469  0.838333633662233
0.800187661774366  0.599551828424105  -0.015404901083261
0.297789621967440  -0.954173446965720  -0.029569818295796
-0.973080711741461  0.225902723303593  -0.045627711324927
-0.134848853217653  0.768318162144800  -0.625701996564116
-0.327065062254014  0.250750727445209  0.911127059052949
-0.511166796269795  -0.793166166286415  -0.331052773813760
-0.881527804924239  0.421091539542615  0.213519658277834
-0.671835341441323  -0.263919062868374  -0.692086701393041
0.098738973821765  0.995093308376141  0.006318439178500
-0.308431437304681  -0.310082705965151  0.899287920492374
0.314153939344017  0.230805452222906  0.920888780265465
0.154370840808145  0.986055134276232  0.062168445980805
0.853856974835285  -0.483823728977926  0.191944955138265
-0.694073876299413  -0.271425953075400  0.666775379146395
0.369736200656673  0.910609965969596  0.184620236704486
-0.054494496233828  0.556295518331604  -0.829195782770507
0.954972327629475  -0.079639150368656  0.285806681500802
-0.530741630738974  0.433953598006648  0.728009337974190
-0.188023555388925  0.982053062988364  0.014796083741359
-0.879700752849675  0.177643583066164  -0.441100150568020
0.723263020730580  0.485302773961820  -0.491296061890017
-0.031585823269829  0.319106705960379  0.947192296199396
-0.745640329821658  0.591336364885785  0.307151106309445
-0.014498943207643  0.832828421040954  -0.553341306746834
0.139335114202033  0.240427234644344  0.960614631780914
-0.870476500816048  -0.481919290799513  -0.100122218724635
0.219391769399180  -0.487548884935682  0.845081851845057
0.991475209072392  -0.105854373153971  0.075972109876176
-0.431434867663561  -0.902036021147080  -0.013963220161186
-0.340648572009650  0.520341509365369  0.783072962130066
-0.538444072325467  0.658455934214855  -0.525845760346901
-0.712174130519177  -0.482982746779537  -0.509446438924199
0.597319853528048  0.483956297936553  -0.639527399154076
-0.423589795334338  0.657482383057839  0.623128077731375
-0.136789579268020  -0.659447136378976  -0.739200977627361
0.812637399254013  -0.576195552302537  -0.087287701541791
-0.155702041270551  0.488938096685870  -0.858310207298843
-0.793724937251482  -0.572189680762310  0.206396931213273
-0.269984864243211  -0.777946848313856  0.567368376170292
0.763219842489043  -0.642342241063302  0.069942243149444
-0.785099090252321  -0.459167973506949  -0.415673177617345
-0.248105616479933  0.323563366256394  0.913099310638193
0.257074837566958  -0.945956154258191  -0.197685310812353
0.992790724460372  -0.097224003781521  0.070100431625921
-0.293785325243273  -0.238793112476107  -0.925563629420300
-0.441930561650142  -0.609939038000562  0.657777886982026
0.404457809619791  0.450756386933461  -0.795759109200927
0.812191772381728  -0.504983192672120  -0.292124117446850
0.258176439874841  0.935267273441678  0.242115784538148
-0.665910402636777  0.020472306163903  -0.745750776292225
0.558430044430046  0.754228670922587  0.345391078975999
0.365949527239851  -0.240672544894311  0.898975900481779
-0.562943246802003  0.822746593749657  0.078631694330959
0.755423763992198  0.172154622067241  -0.632216515836739
-0.152810875566540  -0.100189475126292  0.983163722572444
-0.962003981027135  0.177351850932272  0.207592537098135
0.573613961844541  0.652850183570584  0.494725843865938
0.235579143616054  -0.930391509629148  0.280845341608371
-0.187138471861964  -0.692450109347593  -0.696772587300674
0.812399945740990  -0.567917999195518  -0.132194834807551
-0.236349078866017  0.449378940188324  -0.861508955864305
-0.763189338736937  -0.573911050340398  0.296931203371181
0.623141136269639  -0.781378322530692  0.033808894801601
-0.190594624235087  -0.543214468206415  0.817674587316928
0.944277967091315  0.327761603164966  0.030190269237362
-0.130542206586589  -0.565925457489243  -0.814055961752689
-0.975716767400111  -0.187046168240609  0.113975965715511
-0.175313898642994  -0.295284834432792  0.939186830985503
-0.277212036597908  -0.722184771750813  -0.633721265397073
-0.523190832159209  0.830423437942996  -0.191489599872919
0.727836961553093  -0.684625437419600  -0.039260257706540
-0.185760710458614  -0.722555354505314  0.665887917089364
0.876172950626559  0.432375023818239  0.213008918518748
0.037424721385147  -0.394445106732525  -0.918157093314652
-0.402052266957720  0.429843922249472  0.808448005217001
0.229396583699190  -0.536900121249009  0.811859265630405
-0.993847087483565  0.040083868951635  -0.103253329971988
0.362398236826654  0.926660174546846  0.099842069558584
-0.371358064388563  -0.379346564708236  0.847460542950314
-0.987231091703623  0.156309338130261  0.030694663818851
0.432739358243456  0.446851446936340  0.782981757257436
0.183133669071604  -0.982507349774837  0.033784121874027
0.966423093629294  -0.082051633890357  0.243503456804842
0.082865482018517  -0.174896676476062  0.981093504436487
0.474611889771769  0.850071049662224  -0.228304105555364
0.408945721839008  -0.757226007076519  -0.509285942076280
0.340054484844094  -0.886175399309304  0.314731804869501
0.941239355649302  0.099647355368514  0.322705562308661
-0.025771464946288  -0.654425537306557  -0.755687136132108
-0.575413405858920  -0.331397217371261  0.747713378692948
0.429229680188644  -0.902361261180910  0.038807679203372
0.865986375586203  0.063856146656099  0.495973779380833
0.171355283638229  -0.327847890150299  -0.929060346636998
-0.608111979035788  -0.638369517686710  0.471894246459538
-0.935004441066336  -0.309729490070945  -0.172726194211018
-0.171359831648136  -0.843134969707664  0.509665803202038
-0.118992234254491  -0.171625730804154  -0.977949618698768
-0.644652375163708  0.705031210440873  0.295557621285711
0.375162158316200  -0.855913264014163  -0.355901446263081
0.988999328551802  0.092159291917354  -0.115702173866256
-0.421087277506572  -0.206798839462104  -0.883130649858349
-0.192749892729030  -0.741273716469412  0.642931377461524
0.023514954743598  0.984174600410395  0.175634287115149
-0.532834187065372  0.476252353886848  -0.699479395344581
0.946794764114104  0.320762621751129  -0.026287166706613
-0.390445622305133  0.187159624772418  0.901400849166344
0.461219906427928  -0.806545637560443  0.369811211899845
-0.473044349989902  -0.825254065884147  -0.308520290555282
-0.012666644080363  0.037622499943489  0.999211741136854
0.946930900498194  -0.018914071619786  -0.320880238681727
0.759778401968328  0.523268707324899  0.385910144770752
0.404695050432051  -0.510248366533040  0.758860013840606
-0.336875439092200  0.880826543447181  0.332655285386133
0.691958790628477  0.152690530410759  -0.705605154455986
-0.998191915277668  0.053942819691882  -0.026515513911474
-0.325971379393081  0.531655922875307  0.781719028480296
-0.384837411259571  -0.922106352444980  0.040249741311540
-0.287383124625016  0.444393249261555  -0.848484283703311
-0.269063686603812  -0.962772246304003  -0.025967947510537
-0.586647170525410  -0.160865665257817  -0.793704816071876
-0.499369913170043  -0.229200429617304  0.835521904490712
0.816953397091641  -0.572706151428882  -0.067785035929373
-0.050834669138829  -0.208773891253400  0.976641847733579
-0.714559589857867  0.557056895943215  0.423192872369405
0.879534066843409  0.202826022487863  0.430443294597148
-0.215809146124371  -0.968656809684478  0.123005680767026
0.023155493427343  0.932339958082179  -0.360840720661425
-0.556089480092653  0.050256155246005  -0.829601596545096
0.943762868067276  0.250629274284827  -0.215630739294959
-0.364517894547280  0.631454528551347  0.684391615178630
-0.656118567046278  -0.711835827686838  -0.250595651196371
-0.334067325821776  -0.451603537138510  0.827316908483245
0.446996698115293  -0.672710335473755  -0.589622554199560
-0.769047939339795  0.412478044925427  -0.488290005480056
0.121031630076783  -0.972366639737970  0.199635824554725
0.865095674743423  -0.315233467166992  -0.390176030424857
-0.755097617311303  -0.519029586877860  -0.400544474779258
0.011033572644663  -0.138103585693118  0.990356329758839
0.285674087908041  0.924533474784469  -0.252246247743874
-0.443865394120584  0.662361119505627  0.603540602834168
-0.263160682207132  0.183439605260317  -0.947151712537235
0.992700164235757  0.078732750018525  0.091364861959193
0.166207005580919  -0.947477866691161  0.273241511169500
-0.207747017663649  -0.107878673956760  0.972215700530078
0.959191015487346  -0.230699338634822  -0.163494375933274
-0.585236992242777  -0.608899854099578  -0.535479813427304
0.315216978455540  -0.062960759150945  -0.946928824833470
0.982174057634727  0.184232725853365  -0.037315187711903
-0.486595876299733  0.671662733816996  -0.558653403435059
-0.180361202879454  -0.918856218821306  -0.350960233686508
0.336251941840429  -0.474022412427918  0.813779690164702
0.854125571998327  -0.472044118913929  -0.218274728398189
-0.681216890262437  -0.666499657126857  0.302855997911478
0.163343260104539  0.664521363612868  0.729198420651413
0.474776967945699  -0.058647784185281  0.878149912098410
-0.368877677307404  -0.764995414776240  0.527931126715998
-0.133137920878547  0.850774206419767  0.508387198614357
0.976792566131650  -0.144426575828808  -0.158168413231945
0.761498502014593  -0.132194805179752  -0.634542799906373
-0.019157004525854  -0.935253321795458  -0.353460370123947
0.863812105701484  0.157902904711950  0.478430056253887
-0.083156599161037  0.645155611903757  -0.759512486036313
-0.470611653476584  0.537444075070988  0.699770346458841
0.315593308157758  -0.282785175864347  0.905777791821710
-0.986061057760866  -0.150301171851976  -0.071366295318208
0.199856096126524  0.970530422787311  -0.134641150044661
0.445457898828466  -0.636223812147116  -0.629909931044367
-0.468015832112740  -0.883145879617127  0.031851784990961
0.956058728619343  -0.119562314735653  0.267687430272357
-0.042584997678137  0.366484382205665  -0.929449146307686
0.815872592553404  -0.226945541555004  -0.531834216545431
0.441253969475032  0.842389899032738  -0.309312451139848
-0.261472720240987  -0.549983892478241  -0.793189595610193
0.636091343319359  -0.519351548109502  0.570667830204610
-0.024123948516307  0.368661304059625  0.929250707827032
0.481315001831637  -0.621746946137844  0.617872643819158
-0.950341497184714  0.094955040052278  0.296368991457249
0.444902546836770  0.895453210145190  0.015009072550624
-0.399954514324634  -0.176184362837365  0.899441747287137
-0.418032043252880  -0.908407028696065  0.006773553676565
-0.697521753854168  0.689386801873331  0.195471840179259
0.715599282782415  0.042835863985369  0.697196353431313
0.474136593637104  0.159523780524953  0.865879122061059
-0.564465346810277  -0.332846305289151  0.755375541903308
0.165352032658285  0.979630570241369  0.113941437345440
0.873249907789096  -0.487260484427265  -0.003437857187688
-0.193878770002397  -0.700828247900056  0.686477085915979
-0.947788415592325  -0.304915908657662  -0.093399185844752
0.138993062959570  0.381192385908362  0.913987578348091
0.614916582630358  -0.777104725150757  -0.134111306587360
-0.697407379490902  -0.712895304080752  -0.073506683037978
0.422508035555240  -0.847880655258644  -0.320289485199602
-0.703724831420075  0.287835012277574  -0.649555515217873
-0.416190583626067  -0.152849661099683  0.896338317379496
0.747912460242718  -0.617236578789567  -0.244225219045528
0.117156658456024  -0.683253071082347  0.720721553886076
0.845145850934990  0.524606909370114  -0.102547946291036
-0.214390049148296  -0.458590417077334  -0.862398826640568
0.815309220828633  -0.205477332820858  -0.541340872398006
0.411587124562351  0.853419002115363  -0.319800008947645
-0.255142497341517  -0.562293880947174  -0.786592586730704
0.658864593607799  -0.496602453989047  0.565051723280344
0.773674946091054  0.260547708047540  -0.577530925251781
0.791078205376913  -0.568370835234630  0.226163362710083
0.224540998734793  0.961656604931681  0.157473534533441
-0.241944258020651  -0.132738061649511  -0.961167822495306
-0.316256751558780  0.553412047088345  -0.770530189694717
-0.956007801256247  0.255831115810981  0.143525343128327
0.080372516966253  -0.528461951973754  -0.845143907173565
0.559378532731215  0.826042883251118  -0.068911625649479
-0.747499478637460  0.538194799752039  -0.389346743862830
-0.335079553894909  0.648455831705388  0.683539850256634
-0.743450345332815  -0.610605977899504  -0.272840473130197
0.331030420590263  0.500344945946154  -0.800046120989267
-0.827033136589163  0.443924631710000  -0.344887100867273
0.249917712063104  0.684157007397212  -0.685179046984388
-0.479403026763696  0.445276439787673  0.756241780186616
-0.597547821888571  -0.685508815474885  -0.415949834069500
0.970557753507786  -0.162362790332664  -0.177921250617545
0.309285382453058  0.602269386338706  -0.735944385453184
0.134354553325128  -0.953241679427609  -0.270701227560641
0.526917817729601  0.188609502756238  0.828724362396280
0.835159097264028  -0.499769328328156  -0.229651694353772
-0.088129465351916  -0.950769800590786  0.297102648290694
0.779327242763686  0.422857811473329  0.462428718790623
0.143961319852258  0.028142660789300  -0.989183061435089
0.376457078284934  -0.009279260374946  -0.926387588181138
-0.425342852113643  0.726323015375117  -0.539942900214671
-0.186149988171273  -0.885076089884255  -0.426601098239365
0.987949918569849  0.149473814134192  0.040156410272898
-0.843079218345811  0.450493774101252  0.293722302676230
0.192325511700930  0.587228164516858  0.786240408747310
-0.675071652011246  -0.691345376553804  0.257526377228599
-0.360333078035494  0.554610986138198  -0.750044483299679
-0.493919039873625  0.296140159649340  0.817523692557702
-0.636404665154820  -0.717505578265361  0.283151633100133
-0.509366927566603  0.836277906358487  -0.202939883803122
0.651852552847797  0.177367831556213  0.737311943260691
0.931784901025154  0.325650102660222  -0.160402334331301
0.443845320882731  -0.582003147537617  -0.681376303804889
0.516979905040054  -0.034353909606058  0.855307889990240
-0.029040324897630  0.942007159803897  -0.334333920516651
0.517580790711981  0.279167262878489  -0.808811328075277
-0.578861086290744  -0.082969266435494  -0.811194146678497
0.802455973827892  -0.588003786767852  -0.101567498810380
0.293985903174834  0.950140316081835  0.103950317413601
0.983606829191614  0.089258765742658  -0.156685922487367
0.345542910363638  0.796804191275566  0.495684554795808
0.172593826157443  0.115353614698148  -0.978215167919822
0.465470092670533  -0.822899040231056  0.325844690636648
0.445404664057113  0.502795165045531  0.740818268702256
-0.419060272048659  -0.251325864147397  0.872481402896972
-0.108917554621894  0.982459722563915  -0.151360033809529
0.973382490727666  -0.228338693370987  0.019696899614813
-0.259795779733666  -0.683217390429528  0.682436920343003
-0.953732611635533  0.140353861723275  0.265885123694857
0.587238501826991  0.092056274007888  0.804162038638841
0.106698330074876  -0.915627526160691  -0.387610241990695
-0.098745017431299  0.570453969667935  0.815372117516038
0.215866661616829  -0.540558112837148  0.813141138455279
-0.940725932759963  0.333539146498810  0.061533382693808
0.626114253711835  0.777472936006273  -0.059302403633048
-0.758902404077918  0.359508846404992  0.542973784303910
-0.826368896662132  -0.530059040101112  -0.190136426379847
-0.156318137860565  0.958329766108961  -0.239099768225211
0.223784630444779  -0.068761879602858  0.972209978908968
0.108083570210152  -0.432433771747001  0.895164216724110
0.973201639988969  -0.112954067143416  0.200299642132836
-0.445113033810642  -0.895451108255839  -0.006457542510579
-0.420005035968175  0.575971403652253  0.701322117101854
0.238738981328126  -0.844101212085821  -0.480100867057806
-0.107729527811893  -0.777657703629776  0.619389090009415
0.949349956979230  0.050047697451063  -0.310209424684972
-0.602881447839211  -0.116491205907108  -0.789280532382248
-0.212641479736938  0.545039687196214  0.810996510767056
-0.991764381262707  0.047920422712222  0.118773082580536
0.367154993588069  0.923246568620979  -0.113194453101436
0.411967907937699  -0.426127304136988  0.805417881287955
0.396471569349475  0.680972745974010  -0.615699938231426
0.774113409335071  0.445468389936674  0.449784774147436
-0.691605853072876  0.684954176994737  -0.229170502929154
0.313964013087280  -0.449449820957402  -0.836314209449708
-0.117951184160821  -0.096982160420001  0.988272218933290
0.853554481873326  -0.324916352452301  0.407276454491357
-0.729631869010460  -0.658166363903178  0.185618892224828
-0.241873797023686  0.886100555935478  0.395376872217105
0.164982898367852  -0.451833098152676  0.876714032430129
-0.691271360876559  0.292195605438736  0.660882465945467
0.908581187766296  0.247264485653718  0.336660807596592
-0.052326928521886  -0.991293189245130  -0.120829241111930
-0.993586916261451  -0.039243624509042  0.106042339513298
-0.224682797797997  -0.301303896294977  0.926678802202322
-0.380628327675558  -0.645716747049582  -0.661945585943900
-0.388275790787895  0.907777018835517  -0.158690876745124
0.022003289289619  0.977117902094222  -0.211557227878000
0.148167654369522  0.125409709947124  -0.980978466047860
0.744053745072120  0.434307530466127  0.507701677586914
-0.870218110152023  0.417400661680971  0.261719560582946
-0.581789917510223  -0.004289656425478  0.813327787998910
-0.279373185800699  -0.938032544653855  0.205050160267631
-0.811161587099804  0.560337980084990  -0.167446193411499
0.508744855390280  0.373404908143387  0.775723821142778
0.103056300161400  -0.844507801986377  -0.525533986894456
-0.826183723148568  -0.555184729713056  0.095866425289630
0.787412264872276  -0.512123031763125  0.343091715823128
0.141827758437691  0.222799959489804  -0.964492128007213
0.108344149285936  -0.369291565004207  0.922976318944452
-0.252932688975559  -0.967476631775295  0.003744571580828
-0.591488337485134  0.501618276520636  0.631284920839663
0.952765175746630  0.096566790250452  0.287946826523961
0.057922476959765  0.195219639973929  0.979047638693489
0.943357648912041  -0.121241891996993  0.308831264389045
-0.597728786168652  -0.626131739020382  0.500678882694949
-0.287706385783624  0.942593270991304  0.169537491609494
0.160208800502986  0.466789884457237  -0.869735789771695
-0.020884785782288  0.989372678631084  0.143894157286464
-0.712831341922266  -0.257057516076923  -0.652528092423356
0.893924928207541  -0.265525278096924  -0.361101854634803
-0.717712061070908  0.688477929774568  -0.104343363980058
-0.739631525529510  -0.188982377321972  0.645934104614879
-0.357094411687390  -0.029590697654950  -0.933599470733532
0.379013876145992  0.907051004751490  0.183322002138594
0.567646830909415  0.560937637837071  0.602599404095511
0.430401170939148  0.729606181512250  -0.531441108640764
0.707546555932021  -0.570200807461037  0.417431324123524
-0.570300895961753  0.401532263785858  0.716609188612752
-0.953773970490114  -0.277505291010135  0.115351751945533
-0.586015844295654  0.576055583457928  -0.569864365442688
-0.263286106526256  0.102464793424837  0.959260857232615
-0.104472019668204  -0.956025667892900  -0.274044739844393
0.966011008494586  0.111408504436568  0.233261391161248
0.108684393244392  0.792146781533840  0.600575706443974
0.530740006380318  0.140111170114185  -0.835873139678896
0.326586608869876  -0.820849447211457  0.468558824396170
-0.104910208330833  0.389655517845066  0.914965805700341
-0.959659228622012  0.235153542885100  0.154132982158880
0.561693910452383  0.823665514362180  0.077942744442289
0.293055109838796  -0.669163539402214  0.682890079099172
0.849818970735879  0.371920318181779  0.373474221200040
0.669105868487780  0.106016142745111  -0.735566390091786
0.361566593714560  -0.624813269261325  0.692010098816936
-0.180853491466461  0.890717444697993  0.417030512474890
0.496320512014996  -0.535676975586530  -0.683166251493471
0.853784173640401  0.465681405928081  -0.232794787342897
-0.562243064570178  -0.095608187587573  -0.821426692291500
0.204779402944774  -0.905750193927038  0.371055228140926
-0.146966484273221  0.968080245185668  0.203030764618634
0.849078152006759  0.401133296350010  0.343741720400889
-0.715678031236881  0.090429917963675  0.692551359497608
-0.280366605043099  0.476517030871982  -0.833262315279863
0.856654600625810  -0.397627362940390  -0.328687352156584
-0.099369358543779  -0.992400788421172  -0.072570005674755
0.735510575590110  0.215262493150890  0.642406609739943
0.220513383579479  0.379510932329893  -0.898523956221772
0.100198596908319  -0.913307394009552  -0.394752891344809
-0.405366757697756  -0.675614393334168  0.615810834001248
0.970826270121594  -0.203990929443432  -0.126031956053208
-0.465260915515520  -0.033702071231951  -0.884531769292848
-0.148325333233997  -0.967110239777136  0.206633442693176
-0.427133812992994  -0.086864108544974  0.900006295780620
0.877653029400911  -0.479296515321439  -0.000101902545581
-0.598844549641914  -0.400949615910723  -0.693270950541862
-0.061517567040885  -0.718800744189352  -0.692489046193659
-0.925396216507580  -0.378956854831326  -0.005791774322756
0.655599339320175  -0.724585622548549  0.212521015146460
0.208279310146521  0.384741733190523  -0.899218287017364
0.918681324705366  -0.336056446402764  0.207582967674955
0.075603726965930  -0.957389423363734  -0.278728485268582
0.168307565078603  0.075318282553453  0.982852847505928
0.674770032660833  0.546014694407517  -0.496541394562391
-0.761798909359102  0.259267048801646  0.593669115842291
-0.021898080604598  0.994855696490345  0.098907114135164
0.119329470199382  -0.421788511473602  0.898807503935530
-0.859230298953886  -0.313800136215096  -0.404045502228403
0.759038401966345  0.461927350643531  0.458785164393778
0.364040025322850  -0.591295198999677  0.719614374233083
-0.325309112521473  0.855007052932593  0.403902117778570
0.720307489164969  0.198215496710615  -0.664731327617875
0.970344528769235  -0.030594861386130  -0.239782088456112
0.124096835987740  0.341744361483903  -0.931563613872822
0.327475465981629  -0.943232961076355  0.055420215799351
0.518772226799866  0.570893738206322  0.636361309617359
0.639189590594882  -0.687869640656043  -0.343907000130666
0.151802294881772  -0.694933958995241  0.702867594859678
0.869374427434224  0.437819236536323  -0.229134067834023
-0.381987131721113  -0.430754918197125  -0.817640527156320
-0.116806565485289  -0.064532060387676  0.991055921450274
0.197649020220215  -0.933609347220324  0.298845196696934
-0.941824270893585  0.234670101551807  0.240617925752493
0.627368685188080  0.634407185280841  0.451592799000847
-0.452755375394260  0.790275710270392  -0.412888449594113
-0.631830917686402  0.405074059504158  0.660836362326091
-0.507580964917738  -0.292436536853168  -0.810458164229656
0.686656507209880  0.677638187619402  -0.263266647690548
-0.074745739825200  0.965965750826415  -0.247635301619831
-0.953334378757066  0.291481975989012  0.078688118248058
0.310956928653429  0.127697646293134  -0.941806296248661
0.567631710278436  0.546786128544268  0.615482876380772
0.878160091391453  -0.432721307194836  -0.203929213667260
-0.089089903190643  -0.992201125835271  0.087177491594460
0.691525093924788  0.330305192821741  0.642410712914491
0.275724900657308  0.229174625818694  -0.933517418176211
0.635993711904743  0.762095725365823  0.121334676810744
-0.153872420772315  0.423682103745254  0.892645928177384
-0.149688066239671  0.677033072453622  -0.720569012398838
0.939554198916729  -0.338619450833053  -0.050742238967802
0.063159702015352  0.858565320805540  -0.508799019212313
0.230799372989160  0.743334664924781  0.627841719981218
-0.878182569116942  0.193654747112217  -0.437370797173372
0.710542898143133  -0.078424091231457  -0.699269942020159
0.690688177636706  0.417431045701684  -0.590509240704399
0.907249069936085  -0.325072055415188  0.266884401732760
-0.038520179272417  0.994852940318670  0.093722051450645
-0.178040713026963  -0.252349839201798  -0.951115693887803
-0.396704259283295  0.902115783633856  0.169743464042557
-0.526207216343375  -0.021848741887523  0.850075642484884
-0.602586337543772  0.247287297147884  -0.758774471417481
0.732089294603852  0.676677228373495  0.078442292975154
-0.825195472311777  0.183095571202485  -0.534348616805714
-0.511928478382862  0.747687939943294  0.422956235896767
-0.569699408222851  -0.821457485922428  -0.025498688055210
0.256432414293937  0.256865117181619  -0.931806164647271
-0.329238790031238  -0.884948367935561  0.329345115687106
0.371777799102255  -0.728924403571459  -0.574848225162674
-0.998969662516529  -0.020144916542053  -0.040666887133479
0.297953073383036  -0.135879047822050  0.944860227983259
-0.749472893005471  0.652220751003904  0.113571451562064
0.138165500174546  0.776822976173160  -0.614374770194050
-0.020390895681070  0.322877178421074  0.946221189272450
-0.867247497498946  -0.447479403590331  -0.218274967516336
-0.394237892905670  0.839902534854301  -0.373015034204544
-0.274527946223837  -0.153560871610322  -0.949238360714737
0.680205493177013  0.732137049387389  0.035997610561598
-0.799915439858845  0.261326357077235  0.540225715948595
-0.186026369749565  -0.151003987994025  -0.970871765666145
0.064295390524350  -0.976917951438426  -0.203709152751346
0.669591639209517  0.499834791300838  -0.549374387923172
-0.919913399483432  0.326079172143563  -0.217788224991628
-0.664617479411451  -0.587819274961552  0.461250589207694
0.066667904261354  -0.928696482595588  -0.364798894948960
-0.922321761745071  0.353777144758910  -0.155448704265110
0.191036378072266  -0.012899937124874  0.981498188421764
0.528366318956416  0.847380956592042  0.052673972677250
-0.224638920388588  0.582018454541807  -0.781531748567783
0.976582312934954  -0.214683641821063  -0.014068404211621
-0.223577073589950  0.480046143871297  0.848274125456654
0.447914847325587  0.021125912131412  -0.893826596931369
0.051454879891020  0.944374191362721  -0.324822693208783
-0.526845103885691  -0.547794677812212  -0.649888626975646
0.923305071320258  -0.375453601419097  0.080884723253059
-0.223450048554404  -0.778972404732035  0.585894246828747
-0.042007557100888  0.300754266568131  0.952776068280203
0.704633419007269  -0.702923684573298  -0.096902210934657
-0.886075910460785  -0.376802986726868  -0.269979610516799
0.631960898368098  -0.617792271964861  -0.467929622522749
-0.445721891380994  -0.382484930249874  -0.809343730237961
0.260821023183750  -0.741226660824623  0.618510655646418
0.816861766565342  0.505919319109636  -0.277096547931206
0.530420805812942  -0.595894691221819  0.602962093115648
0.531853196720158  0.558311199725104  0.636726614333078
0.619412119236495  -0.562340912750771  -0.547815045786060
-0.620844510143712  -0.591864978196151  0.514050524568630
-0.606081858008186  0.777743669339818  0.166672031832520
0.002596922803050  0.601769587195807  -0.798665524433190
0.320459153772307  0.506817581546398  0.800276120972629
-0.929137934583542  -0.330843499402387  0.165061435293082
0.946530504253708  -0.310963697342202  -0.085916141978615
0.613601383497819  0.789263473040599  0.023590512784921
0.114091951618814  -0.485120627233552  -0.866972319978173
0.218837169137075  -0.615106543149249  0.757465665214637
0.984323397199377  0.168789806209415  -0.051161030537578
0.170687883215773  0.985145961217152  0.018790466222352
0.360422418999448  -0.384597536361348  -0.849811987975792
0.453213094984156  -0.431758618646389  0.779860491215862
-0.411287551354464  0.039683804633704  -0.910641392508952
0.117297518202899  -0.881474429146384  -0.457432096583195
0.446592859563523  0.716015130319786  -0.536541844537791
-0.975177929120886  0.205143103460301  0.083332548612034
0.897587380850279  0.222431923191120  -0.380606007945009
0.686338431728957  -0.027444441457374  0.726764308262954
-0.025327281729728  0.916103486387485  -0.400141138885866
0.236576230851050  -0.666227121738991  -0.707229177322097
-0.508404998765449  -0.531386398463170  -0.677608185280141
-0.661921419239228  0.592113653954045  -0.459631869601658
-0.482229302878754  -0.747810588623270  0.456326881728427
0.635745723352533  -0.375689463793946  -0.674303197406910
0.850812200387785  0.349443413369449  -0.392438403477545
0.776071590791427  -0.490511913152978  0.396372235432138
0.084123591365414  0.975791580847104  0.201876229714386
-0.009382981769055  -0.135836254324677  -0.990686868624069
-0.873596374667302  0.005160016724898  -0.486623826374691
-0.104731607005721  0.866658102684184  -0.487785837787291
-0.747487119731475  -0.105848316174650  0.655788944553456
-0.021377647930107  -0.755649769784636  -0.654626933140856
-0.521073257181798  0.814767346678793  -0.254237745891423
-0.807124249503201  0.075632624518296  0.585516995459884
-0.286773209481341  -0.072364274739235  -0.955261502451154
0.572824201802744  0.811498996899733  0.115506761099847
-0.426526191901080  0.748252084499331  0.508128158700903
0.260200445277578  0.873384068787955  -0.411698915063844
0.307754079476371  -0.024993309134367  0.951137614156945
-0.994480716655028  -0.100138675154257  -0.031310540392198
0.942738257253043  0.267642826884365  -0.199027373817879
0.295632911680996  -0.430178837024193  -0.852963861900098
0.595404129506313  -0.296522852252370  0.746704841727271
0.051701216065734  0.994344516160929  -0.092768353645052
-0.432560904430919  -0.079240908828023  -0.898115773342176
0.542837475647200  0.497664269092413  -0.676504065251415
-0.921202864991594  0.387185884934827  0.038371500342236
-0.054195515086525  -0.964091062855263  -0.259983208432997
0.485942389673800  -0.626657294101642  0.609229537750202
-0.661921046693039  -0.526868733571257  0.533169640480225
0.585303193951727  0.523719016416988  0.618981876142695
0.562560242415112  -0.623507576947373  -0.542921978872717
-0.305382301851182  -0.003560022248674  -0.952223175499138
0.026135097388597  -0.934521502795588  -0.354945795153520
0.603799630441758  0.580905133831638  -0.545871076140186
-0.935317029681537  0.350056346715277  -0.051406304205432
0.508966082683049  -0.281553656030762  -0.813437806752294
-0.075419872239962  -0.990602576756727  -0.114098106006371
0.962209854385988  0.251102458253542  0.105355358580021
-0.377823899462976  0.457946462472423  -0.804695059325944
-0.094438544142824  0.932530994275874  0.348521600614701
0.895554144340707  0.444866105412729  0.008770564924477
-0.367806117332863  -0.027188684254127  0.929504941084798
-0.622186571150668  0.514853573117272  -0.589753905394574
0.100671274130442  -0.857204978646904  -0.505039522362274
-0.462920288189697  -0.735072778219056  0.495351206220079
0.971029308392105  -0.220350172623783  -0.092454765524652
-0.407437746071967  0.098217972195935  -0.907935963057701
-0.065513646231982  0.368899742060860  0.927157452898278
0.548903295882783  -0.559574100675447  0.620952492242590
-0.954893725591139  -0.011731197927282  0.296715944670768
0.340476783476374  0.940205040663589  0.009489015984920
-0.662475301760793  -0.253746635174809  0.704797218846959
-0.806624908651034  0.586397946437573  -0.074119532901312
0.413708020544019  0.114793097809613  0.903143520395747
-0.269558413653778  -0.954937679421995  -0.124226768647476
-0.001083698695289  -0.955383582351171  0.295365936036946
0.470994811895156  -0.560122849548151  -0.681488283525041
-0.943169719218844  -0.317468619629031  0.098206701907177
0.471091208628398  -0.077792113173989  0.878647517654810
0.264571716975797  0.254274898710297  0.930239798365103
0.995818476704190  -0.034575233512491  0.084558350753216
-0.412098048005682  -0.638443046345678  0.650050517577486
-0.319148711722712  0.927293178568466  0.195630930034401
-0.145375700563479  -0.082377820622473  -0.985941073469997
0.452072067911881  0.759235426479904  -0.468179893408244
-0.980397620861291  0.024138522692481  -0.195544973680594
0.382949852385931  -0.865751769794858  -0.322216206381158
-0.902736462153719  0.077156236844027  0.423218377453361
0.048378249432631  -0.314267136980711  0.948101108319034
-0.654093291833181  -0.563238339859874  -0.504900522965392
-0.297021419753169  0.954661713684613  -0.019982207900281
0.929897401715958  0.028040518880047  0.366748621787251
0.228740120340352  -0.888913178752113  0.396876955727460
0.058610023924880  0.705436745838290  0.706345427334679
0.642547257450726  0.211516951793870  -0.736473761274888
-0.717712061070908  0.688477929774568  -0.104343363980058
-0.739631525529510  -0.188982377321972  0.645934104614879
-0.357094411687390  -0.029590697654950  -0.933599470733532
0.379013876145992  0.907051004751490  0.183322002138594
-0.273204857795714  -0.958168650573767  0.085275686654935
0.521136643927734  -0.430913281963396  0.736702342729595
0.182320330469889  -0.476419603740917  -0.860106771435209
-0.976661832193337  -0.050835764869453  0.208680115360548
0.558430044430046  0.754228670922587  0.345391078975999
0.365949527239851  -0.240672544894311  0.898975900481779
-0.562943246802003  0.822746593749657  0.078631694330959
0.755423763992198  0.172154622067241  -0.632216515836739
0.660906523799255  0.185637378023246  0.727146017440954
-0.358945970466080  -0.336533037216722  0.870576421199111
0.158042647493901  0.985407870802538  0.063196912373362
0.861809846771433  -0.463237455562570  -0.206627316131520
0.803136678804107  0.592821816193771  -0.059445516266806
0.199948020030331  0.381880098113699  0.902323877524374
-0.181317318195845  0.743363880646887  -0.643843281452768
0.784505976969621  -0.532422162566815  -0.317926112338413
0.359365146113903  -0.924962345423935  0.123698630980245
-0.759067500930927  -0.637904333968451  0.129979189621817
0.594998729356079  -0.021760983211430  0.803431995675007
0.523433917688752  -0.265297028244054  -0.809712554316579
-0.615562469416790  -0.703089108145428  -0.356017629132001
0.520272709526573  -0.831931842441745  -0.192887835939339
-0.428864163699311  0.327659114993721  -0.841852144652505
-0.706971015244052  -0.198816380697404  0.678722351459843
-0.929617735750186  -0.166276443432926  -0.328881452407998
-0.366355964275036  0.839055965694689  -0.402204418016836
-0.578527832967988  -0.283207851221293  0.764917550777848
0.015266061492838  -0.722124557906322  -0.691594585169011
0.390705172941788  -0.422994484268250  0.817572708763671
0.112780914465633  -0.981605824523932  -0.154046975280227
-0.612483916655238  0.147328986312977  0.776632230615399
0.890408175131392  0.411282353942706  0.194987453428499
0.283273252909329  0.436993790701578  0.853693558060756
0.996206818088690  0.085509647120837  0.016126867112929
-0.299350940070149  -0.556817587512722  0.774818165065605
-0.413582625109212  0.908301731093463  0.062748525882222
-0.211715253564424  -0.786343016243894  -0.580380316872141
0.387774404026703  0.143698265791481  -0.910484387559862
-0.992004560234515  -0.103177850982217  -0.072672440034852
0.392514902643388  -0.826863431053158  0.402776510722573
0.551692100006799  0.508290483087060  0.661268940441944
-0.556065791940550  0.720651690672379  0.414067598061682
0.784309219127109  0.410097721156175  -0.465487817128157
0.323448672820240  -0.622458928741495  0.712689159508419
-0.716612418873476  0.694189123256831  -0.067587737558065
-0.663235916748730  -0.132771820530416  0.736539043369400
-0.461713289246713  -0.082440004031468  -0.883189948011340
0.408336787121967  0.909400947818715  0.079063167083875
0.883569099474913  0.067017435100000  0.463480646678704
0.020534009692695  0.828020429596149  0.560321802732456
0.731352959022483  0.040010919977212  -0.680824482235793
0.131682130759734  -0.801013914473361  0.583983326182041
0.940253241743980  0.201374967573922  -0.274539548743964
0.033713880333311  0.897002732868508  -0.440737417857049
0.316862675565000  -0.698683202387558  -0.641435754799540
0.589676685845669  0.003055437092972  0.807633623912625
-0.873742416292740  -0.340669717460864  0.347157505429537
-0.318423855955896  -0.751105448299799  -0.578313801921187
-0.674096172709432  0.738551409225865  -0.011669013196713
0.118777612372587  -0.328115678386931  0.937140320547436
-0.745640329821658  0.591336364885785  0.307151106309445
-0.014498943207643  0.832828421040954  -0.553341306746834
0.139335114202033  0.240427234644344  0.960614631780914
-0.870476500816048  -0.481919290799513  -0.100122218724635
-0.943710480333490  -0.005858755117965  0.330720734604291
-0.614455239022540  -0.245464397239196  -0.749794631166263
-0.238736037567643  0.908580611741120  0.342762857285665
-0.090519203743307  -0.668974969619889  0.737752508484889
