-0.023272815132964  0.993706199167469  -0.109573563471897
0.797782883117537  0.403529017433142  0.448003128888753
-0.834360334311899  0.361763557080064  0.415896575239224
0.013304636061398  0.228413624654263  -0.973473267599874
0.279741866946469  0.392738241933047  0.876071436128723
-0.088335758961139  -0.690271132789460  0.718138257528671
-0.583924091603606  0.782503771411183  0.216149260864289
0.952001717511214  0.300505603311324  -0.058216082264237
-0.517521493004304  0.279197987019530  0.808838666436539
-0.815834962456276  0.503852528447625  -0.283806172608882
0.570714968317538  0.586342757075316  0.574879636240169
-0.272401498865566  -0.810997298503410  0.517765202805252
0.434212795832949  0.891964808958022  0.125928660420941
0.309427718106568  0.348014517774177  -0.884952192316494
0.783939976917003  -0.094547056118099  0.613595116319198
-0.659154899190622  0.638497347301945  0.397285736418237
0.635110277348092  0.058973235419319  -0.770166925484994
0.246663942273979  0.956436355318961  -0.156161447886606
-0.435729168320891  -0.370102801624088  -0.820465726343512
0.824175503395004  -0.527360318275554  0.206460248745124
0.537446420503785  -0.834486418374378  -0.121588497138387
0.747630443610288  -0.014680932425632  0.663952701636343
0.376283484511655  -0.022146567195494  -0.926239854921620
-0.586467507618157  -0.797658918753251  0.140698656146890
-0.969605238603569  0.166483624069011  -0.179301099241933
-0.443891736168941  0.318862853479137  0.837428568435581
-0.433109207654412  -0.848307902969080  -0.304614700901267
-0.092604294780215  0.695928673558954  -0.712114966776246
0.700978698895890  0.395448274791212  0.593506129419806
-0.113340281146997  -0.351118837086892  0.929445825700599
-0.091618254604375  0.995773849546803  0.006366787415029
0.905937234647261  -0.249206737668698  -0.342306483695822
-0.365227512495323  0.901303222346031  0.232940690960466
-0.417535700759792  0.410192156689314  -0.810805977519652
0.741779017804225  0.586241010877633  0.325707485192727
-0.689470829539757  -0.095129945220916  0.718039183287392
-0.240234911898432  0.969365480580988  0.051163973293155
0.558220373778121  0.516482107403471  -0.649335234706299
0.168771086528740  0.336801226894682  0.926326753318798
-0.967226372205292  0.116082146282835  -0.225827545319344
0.301594362125354  -0.298904282654950  0.905371233552696
0.953082645700381  0.268704305747472  0.139396795291466
-0.078975877301854  -0.994683258724194  0.066091040377804
-0.572512406273173  0.427074670321772  0.699883397883427
0.783511640785315  -0.584121476840861  -0.211923592474162
0.538162529746388  0.416956535453155  -0.732480947956921
-0.324385753902212  -0.898787727312700  -0.294880490872770
0.569734864941139  -0.102290284981316  0.815437846355529
0.644736442303202  -0.606884166143703  -0.464765025416363
0.581724310318213  -0.450093891814904  0.677504476247732
0.568748942025158  0.534038057439820  -0.625562142517566
-0.505736810040170  -0.690828331768619  -0.516707359146529
-0.470195465867798  0.362040690356828  -0.804886800987143
-0.538869773122957  -0.726628100057365  -0.426181852994044
0.674458565777893  0.342255687205291  -0.654191629130534
-0.605784258522734  0.746413103208902  0.275486681137435
-0.449005714605477  -0.583990544926098  -0.676275766007140
-0.665199506810877  -0.589706654122951  0.457990914999065
0.685100769499339  -0.564820596533176  -0.460015901207036
-0.468906977293939  0.570536705730029  -0.674250779799169
-0.966739123090204  0.147014264185317  0.209289928120859
-0.562289171500462  -0.545937141978561  -0.621114743522970
-0.222097156890176  0.968400919975183  -0.113457089212270
-0.182352794699566  -0.275449513811305  0.943861760856098
0.019686184154652  -0.773691552798380  -0.633256531969360
0.476191587244195  0.267024876464549  -0.837818170957724
-0.936062269225106  -0.273490753488885  -0.221337380234852
0.479556866135563  -0.767225675774045  0.425899019223217
0.193967477031734  0.275705067024125  -0.941468711042043
-0.651749567654550  -0.440566237161383  -0.617352323827786
0.929471684634122  -0.276962430656758  -0.243668215957905
-0.083754639947838  0.993233734842266  -0.080448171256353
0.694785645299190  0.687284608927160  -0.211926339604187
-0.117951821555883  0.789830160966233  0.601876801862062
-0.096832276704683  0.289229589149730  -0.952349597022263
0.909569743559755  -0.391775141188803  0.138546455556014
-0.092937836916659  -0.688856872566433  -0.718914993297014
-0.968829933904252  -0.139620922297548  -0.204632737429435
0.402796594792448  -0.861340003003785  0.309593770042372
0.473095502195145  0.312104052734900  -0.823876025909951
0.656709152530337  0.575773022464737  -0.487050834702815
0.364607550699904  -0.500920278014918  -0.784945991165045
0.748738980404778  0.245717701432873  0.615640114372804
-0.456637378574346  0.830975599046782  -0.317744957910574
-0.549538637332304  -0.188048103400300  0.814030218656842
0.081358556084561  -0.967109402006262  0.240998319294816
-0.957984887680968  0.217480663544233  -0.186994962390017
0.327087694264104  0.561580635061729  0.760026861752042
-0.768081696615918  -0.041339752088121  -0.639016065698590
-0.526272940946942  0.848466889701672  0.056042204694566
-0.588443090202199  -0.773423004798299  0.235693837938241
0.346634334533222  -0.116383636991494  -0.930752108331398
0.350888094055847  0.712155484110683  0.608039564420716
0.808148774477671  0.421294121396203  -0.411590599488424
0.247060090722648  -0.405195778641438  0.880214571876242
-0.704320771144473  0.696057141355918  0.139415592032898
0.322274029340173  -0.882348143091860  -0.342930320029006
-0.128279132024321  -0.039493569316916  -0.990951422759813
-0.520215931696483  -0.736096501644508  0.433055798570898
0.970769093060976  -0.106758072130436  0.214965304159909
-0.918681661751383  -0.066622365114062  -0.389339780690757
0.055333530487901  0.058621091122051  -0.996745588442409
-0.564282238604521  0.749047970654362  0.347149381180570
-0.409732953634763  -0.874291426890476  0.260256426571082
0.853072983704692  0.402814074921083  -0.331673492336434
0.001422230402143  0.001109977173245  -0.999998372604355
0.774353203565275  -0.537521105857406  0.333838549131203
0.077297549737273  0.939225203605244  0.334486331136718
-0.420573907919280  0.403348987367694  -0.812666710507427
0.136569270946746  0.990571670691283  0.010798122844088
-0.979497938868331  -0.201428227584993  -0.003233710664283
0.422354760002305  -0.385794455738596  -0.820231122687231
0.053672843566429  0.233754022493650  -0.970813206972141
-0.687598863206169  -0.520146727487846  -0.506611473617868
0.910505509360605  -0.224695950425491  -0.347118779795002
-0.169233802588007  0.978596700406987  -0.117082953559270
0.255269746198965  0.783330193354221  -0.566772586541688
-0.764932966107001  0.243291055347214  -0.596395019890999
0.795269254305432  -0.237284811330107  -0.557891325858825
0.224933458000533  0.777323949337113  0.587513759208136
-0.902986034782605  0.200559584657080  0.379989570896055
-0.382206705901070  -0.829682907750335  0.406871363641141
-0.604091594599752  0.322721061248571  -0.728645635381510
0.083312265718218  0.707521431158843  0.701763842636424
0.676326164555010  0.096937986896418  0.730195827045580
0.084817500748146  -0.865943330560589  0.492897697118249
-0.293219773791882  0.716502663882002  0.632966110394097
0.884728437598746  0.246378653575005  -0.395667980466766
0.805361789247187  -0.236318683668582  0.543641304694298
-0.234513022985073  -0.728168014819962  0.644030266558614
0.308916611824708  0.805522857584299  0.505671289325356
0.730958200407553  -0.313673526432920  -0.606060251189672
-0.052329289821222  0.307480037040036  -0.950114557434347
-0.415346205525492  -0.716889421353505  -0.559961683606131
0.920491498175793  0.195804796155902  -0.338165467764568
-0.557474582471524  0.828564662237640  -0.051987406063647
0.522424857353902  0.557924727069990  0.644819561848610
0.534784785731910  0.678602950606016  -0.503491080733794
0.616047667304089  -0.586775124436274  0.525528519637123
-0.628407595682098  0.466096900900247  0.622782122945281
-0.943769304710318  -0.319871047762369  -0.083558436378425
-0.411292520528965  0.387000116677992  -0.825269272569961
-0.522856330406385  0.291317600893065  0.801096319529605
-0.009620453774968  -0.998188765333425  -0.059385483338069
-0.717539250911153  -0.259652647382340  -0.646311013451887
-0.775154522976924  -0.386196723516644  0.499987556098576
0.357400440622401  -0.681294690031594  -0.638828983670645
-0.299785168556629  0.807838766165898  -0.507469585879818
0.132832520311633  0.958309672833620  -0.252978442759815
0.911431488505335  0.296741155147536  0.285021628306794
-0.690856543379000  0.563253761500788  0.453279645059905
-0.087742424814701  0.098314756185296  -0.991279716126514
-0.828936663551815  -0.522861574762666  0.198695197365942
-0.301509437282147  0.195150690035929  0.933278236866318
0.192465990134243  -0.977105844803346  -0.090669789305946
-0.719893216403910  0.259093580004751  -0.643913250194430
0.391898491837599  0.631372940374107  0.669166483215328
-0.545073901682465  0.837962089117196  0.026720383735986
0.939487637322608  0.221652761753738  -0.261214533525461
-0.002515243802544  -0.428241910496827  0.903660633004803
0.652169607609181  -0.754268588732607  -0.075853140753749
-0.180330302944982  -0.513481772944493  -0.838938287774227
-0.098026754067045  -0.606067966065342  0.789349337110318
0.930526664621208  0.365281150277228  -0.026264190089840
-0.398651302754504  0.813560057415737  0.423316869247895
0.084618972248794  -0.066131299107233  0.994216415482036
-0.966367854553303  0.065578677165466  -0.248661631111986
0.483097579550005  0.814112679357504  -0.322237915122155
0.818789426158512  0.569160841213448  0.075098684676993
-0.141934200129575  0.855539203479590  -0.497902956551863
0.781424056479088  -0.487017378264228  -0.390116030463252
0.179299569809000  0.200639015998086  0.963117671692108
0.341114077521676  0.349353652577839  -0.872693079809310
0.019921953138049  -0.741267371048065  -0.670914152781603
0.923811446225050  0.362169944493828  0.124118262672818
-0.602619321841422  0.728451079132075  -0.325897189700525
0.047287425258097  0.417253781416927  -0.907558913407683
-0.569030122453192  0.822097802213828  -0.018971645582247
-0.331129225671278  -0.650439018018865  -0.683580660745310
0.947446773382568  0.245594997221964  -0.205006607080127
-0.572049436123326  0.294224960041049  -0.765631187661414
-0.132719040867463  -0.765010160812205  -0.630194501757438
0.448156947129826  0.753821640955681  -0.480529171191677
-0.887487342385689  0.305413479897573  0.345092485287700
0.008236204434583  0.826546773069348  0.562807779677183
-0.903197234468341  0.134806901850856  0.407506877073400
0.229724687353666  0.789000187205020  -0.569829160898865
0.681708751549257  -0.097260315986528  0.725130063502647
0.447764808402785  -0.432213366647942  -0.782750459627377
0.982422678627273  0.183382741886428  0.034877650394343
-0.378585780096434  0.371693087905056  -0.847653853593776
-0.156072090128054  -0.987289196439425  0.030025743572057
-0.639498942043155  -0.758571392286379  0.124942170344484
0.510845696276799  -0.854351301207064  0.095501459262509
-0.604876844057355  -0.060275970829018  -0.794034514907150
-0.545467794262599  0.156055879749703  0.823475225989126
-0.603491275061947  0.597824988261814  -0.527639615963271
-0.905608543609152  -0.418313748624801  -0.069905460828017
0.378399081645311  0.130787472406802  -0.916356247357667
-0.076281813098106  0.885351264479812  0.458622092222413
0.275236613377724  0.915645647469035  -0.292980980487427
-0.533742229091404  0.267826718680564  -0.802114755907995
0.972588879557175  -0.002709999291586  -0.232515649506776
-0.163610037088047  0.650528928080057  0.741649424927344
-0.407048449080098  -0.207754077607132  -0.889466021464056
-0.045283353938624  0.834611151633668  -0.548975084520957
-0.922555426695871  -0.362542823624329  0.132114290341731
0.560790331554397  -0.679822405616470  -0.472605227284830
-0.478818296242741  0.872749648962567  -0.095084643444225
-0.656509018365105  0.103162401661055  0.747230505057716
-0.484423897210023  0.020879734902323  -0.874584200910502
0.662114619332387  0.748707512399189  0.032269052408561
-0.297273540105846  0.649718147028424  0.699639029625199
-0.921717353484623  0.322826177495074  -0.214989254171510
0.628792481710236  0.777267515020586  0.021799656841447
-0.004348668331459  -0.450375545487237  0.892828626955261
-0.645126790518857  -0.100654846070574  -0.757416679323441
-0.107035514762990  0.878463566149978  -0.465666362889231
-0.885858837130878  -0.299602282482500  0.354249337343636
0.347767561375011  -0.679516129738053  -0.645999653777845
-0.089873791712982  -0.193395228449546  0.976995899262673
0.876964135696413  0.159295182972280  0.453386093064258
-0.272703337017850  -0.953635820755782  0.127324826136835
-0.694134590391545  0.600945409333955  0.396284980061580
0.030648758708611  0.048659788582191  -0.998345069885537
0.944256971737568  0.139723502616923  -0.298087427010024
-0.565046369034647  0.762953331813583  -0.314045879315929
-0.348561843994310  -0.854017045848315  -0.386211763559585
0.446145745409774  -0.632531275527775  0.633133603066495
0.537708884018000  -0.665665529867380  -0.517453919102463
-0.694227619125651  -0.478194422343496  0.537938757929470
0.602664480517425  0.511328676683100  0.612648764239488
0.164914911830786  -0.932524498760245  0.321249328509490
-0.407874850777125  -0.650351481379264  -0.640844019064964
-0.412078616839854  -0.119137279271884  0.903325811781688
0.984868379447766  -0.163035738109097  0.058767535792766
0.077377462846387  -0.386872350675219  -0.918881119909690
-0.202299392563950  -0.978790901335350  0.032300576332163
0.929557189549833  0.137139088055743  -0.342222591135441
-0.649880334139495  0.454779462604388  -0.608959105106412
-0.312211750942260  -0.345180154664093  -0.885084449868848
0.652662856883935  -0.675325613058657  -0.343462533023690
-0.067469325186350  0.758209011453340  -0.648511360817871
-0.897405282639845  -0.428063553058777  0.106889443972713
0.532030049640950  -0.381035871489601  0.756145284265669
0.422263677410931  0.743587163125847  0.518431786808885
0.712890183842051  -0.599958853283331  -0.363093596953454
-0.603123811612033  -0.524664181332117  0.600807094410239
-0.944496921013145  -0.022730854385161  0.327732931600731
-0.620765377027357  0.200137139693382  -0.758020759609811
-0.119983855081209  0.684784156331810  0.718800760820955
-0.203747688904579  -0.907652150410353  0.366952930389588
0.377364992400485  0.589101054441027  0.714531741889087
0.997070880907484  0.017452716377188  -0.074465167275921
-0.261062780464248  -0.355501712433691  0.897476883887819
-0.358643108042751  0.927150050497531  -0.108479974722811
-0.340183153067088  0.842980664402203  -0.416724155543394
-0.457486132197477  -0.215653028670793  -0.862670394804474
0.766265508679156  0.618361936091689  -0.174544224200092
-0.648962529548767  0.440271756981306  0.620490463461172
-0.334947411896278  0.552063406002712  0.763568089312715
-0.979959049155173  -0.158196545915391  0.121054181420264
0.160019172291188  0.968032326377577  -0.193150924375890
0.484992464967707  -0.257772374459474  0.835664832268340
-0.312707525697265  0.894689983580081  -0.318973097068968
-0.063274585688410  0.627209522533420  0.776276073088279
-0.899453608565261  -0.093964054611294  -0.426794988817741
0.650020668556407  0.361444515657954  -0.668454181339506
-0.564427668975272  -0.802513156813124  -0.193375385292378
0.050560753161934  -0.636392677475137  0.769706418250312
0.334024678125928  -0.450832125287955  -0.827754739769707
-0.949013100263133  0.284711645949968  -0.135327063772983
0.968691138015664  0.037464466229083  0.245425941783033
0.104179787018103  0.473251941422716  0.874745203997423
0.504461791715833  0.493796850115046  -0.708295822037170
0.360049559281728  -0.929584325308679  0.078976559822780
0.506269205951039  -0.862184614800039  -0.018143348858848
0.357763613125352  -0.157168017144301  -0.920490853572388
-0.610584069567763  -0.750468746760408  0.252950102047680
0.759089662393450  0.045452149104670  0.649397402665860
0.051130522652465  -0.230348974691018  -0.971763870244250
-0.921011040888087  -0.008594748660457  -0.389441642428883
0.415614924074386  -0.903219004217048  -0.107049826285741
0.556526639466167  0.681464778186487  -0.475272401529625
0.685248976033147  -0.712744709106377  -0.149762547008218
0.773424999436413  0.146316493935068  0.616770016983101
0.317639398701585  0.036799067968171  -0.947497251177633
-0.405815422104850  -0.895860271009616  0.180964687186314
-0.981968291520281  -0.150274708730343  -0.114698676386225
-0.461091593064127  0.124226815883382  0.878613817909246
-0.158433733914922  -0.930233422885639  -0.331005333649238
-0.362442964541231  0.655731898271914  -0.662307160646234
-0.736596370252142  0.655663637561626  -0.165924626595408
-0.740349279535730  -0.449772065326101  -0.499587863686879
0.350183088795942  0.765026082979574  -0.540469144986338
-0.346430179512354  0.340409619908153  0.874132382077809
0.126390871835838  -0.130080443631169  -0.983414676370703
0.634381884778370  0.689914114764231  -0.348680568019113
-0.880849106006183  0.092115949002926  -0.464348473010733
0.372858093063651  -0.912110507398325  -0.170385635340857
0.431091355674547  -0.250300735957987  0.866896640114363
-0.446267682187903  0.490971055132288  0.748192875438496
0.969461626566359  0.243728965022839  -0.027209304000766
-0.092102588703909  -0.985000756113114  0.145913068676634
-0.510281676440242  0.026879824443440  0.859587160052560
0.244392276083384  0.826563549152298  0.507015891864880
0.226174403955924  -0.805832304238141  0.547247143840359
-0.980848356479550  0.006148579529284  -0.194675875652679
-0.984664173293070  -0.067309558877171  0.160953064950117
-0.469188367050231  0.732711944429658  -0.492945719846362
-0.184340280611237  0.085745751252386  0.979115073464981
-0.331135525631602  -0.885767254559215  -0.325216288668502
0.765023846833397  0.220131243237498  -0.605211326337293
-0.351696009762038  0.354471093376164  -0.866406463894498
0.537742644653134  -0.825524134979555  -0.171297258260929
0.578977211942301  0.691184284840890  0.432492395818133
0.118609057190849  0.903091148194198  -0.412744799610587
0.768755703333829  0.467563203315167  0.436347704815060
-0.833470098598174  0.537374725471233  0.128670117616591
0.183323452455195  -0.101846780592202  -0.977762622042238
-0.662949476987401  -0.045355373867331  -0.747289021077847
-0.158811210120724  0.918965914620899  -0.360944105513535
-0.860974966783532  -0.377709465591451  0.340672373659380
0.356836699916855  -0.586611822896780  -0.727017289223692
0.988860447125365  -0.100539434507683  0.109758089541947
0.451392932303122  0.858472492272030  -0.243453076955371
0.329137008012998  -0.730900272794016  -0.597874251984383
0.208330506809245  -0.228111653985698  0.951085418481701
-0.236273693375407  0.815395322937717  -0.528493338794388
-0.887659567731072  0.347461723585849  0.302209931104584
-0.046742821250730  -0.234142816015831  -0.971077880692223
0.698128695606395  0.702076415367699  0.140374610793251
0.265590711193307  0.841504120494337  -0.470459763761881
0.507393115276921  0.588097909757672  0.629835752484915
-0.819511584415430  0.478297789090289  -0.315645351558126
0.577709180331816  -0.224891578353623  -0.784650164688670
-0.611747405266221  -0.790868077761431  -0.017111274879027
-0.885483317366181  0.271613082495424  -0.377022052516185
-0.125383893669868  -0.344620320807219  0.930330969975155
0.399119805769829  -0.717860839449636  -0.570420192337997
-0.754154916907182  0.534424162589741  -0.381629631639074
-0.556523034573672  -0.583772803171954  -0.591177998800422
0.367733427158625  0.761275676118632  -0.534070661523634
-0.565365309492136  0.356921289643062  0.743619028684981
0.087765070860718  0.984103618832838  0.154393522328260
0.754743433682206  0.172090648999741  0.633045936595791
-0.849998090698727  0.353206495940638  0.390830419790802
0.183019727877240  0.458806473892459  -0.869482834058333
-0.907885843126301  0.192276260481312  -0.372522664419452
-0.640006987805082  -0.707455875576913  0.299828683871924
0.044369495532735  0.007649832024366  -0.998985899768445
-0.312248350853955  0.892082304033859  0.326634551477070
0.518111843052780  0.233530803518069  -0.822814366608081
-0.632460948030625  0.160899609484652  -0.757696815938862
0.613872188570102  -0.754339311156214  -0.232665295530988
0.536700602513303  0.826970505189631  0.167547744861769
0.682804724512376  0.622954789386209  0.381713293669951
-0.326006510130054  0.941909868714714  -0.080780904740252
0.859356841646011  -0.099476324604799  -0.501607694876499
0.149454392996420  -0.219478754723706  0.964101893286702
-0.193766828713060  0.947303691447520  -0.255088479278047
-0.919252714846083  0.246499272190717  0.306940637676985
0.056477282093218  0.095820453322347  -0.993795128450760
0.669008604039804  0.604983965934456  0.431766011495729
0.153869192846748  0.312555980181042  -0.937354271738151
0.935906912600808  0.341007797974542  -0.088271924565953
-0.643946080844823  0.733755047190729  -0.216649430386334
-0.138091638909237  -0.762206864984229  -0.632432916785863
-0.230895306872265  0.191667308293942  0.953913518195291
0.823975584881732  0.279966878501424  0.492628442602512
-0.377921856224472  -0.823353582629601  0.423395735168471
-0.676949035529525  0.735054012422120  0.037889340424308
-0.513181487238925  -0.822064969576708  0.246685927750433
0.414860627373479  -0.796472489752220  -0.439911619445524
-0.947362381370641  0.094083610116414  -0.306027437775129
0.019320266758238  -0.119676089940902  0.992624984971086
-0.319725070354431  0.477446868461305  -0.818425541624495
0.249813037790411  -0.527004409161781  -0.812317548052465
0.424637680655799  0.904210084589326  -0.045683291193030
-0.994175788800641  0.100241193033761  0.039575297621001
-0.575812349681010  -0.730296829562996  0.367568604052456
0.574959304450275  -0.683154693104560  0.450246003330702
-0.508089580743141  -0.431117598602041  -0.745642403646593
-0.642682073388144  0.383975462143604  0.662965004368347
0.137156193310877  -0.982396943505071  -0.126824382625600
-0.495448491702227  -0.303402116484948  -0.813927483122694
-0.342847852930546  -0.490592990675046  0.801107899874561
0.975452537943650  -0.188401836345077  -0.114004799377467
-0.169214808415297  -0.157120031512864  -0.972974637033449
-0.006272625002212  -0.983141394675968  -0.182739301328901
0.722078924955201  0.434504644738768  -0.538337942036392
-0.885021108368286  0.391516718424336  -0.251897393668155
-0.244931555988743  0.581460381567077  0.775830108689269
0.223898059159891  -0.470933671170861  0.853282565427168
-0.980508274004125  0.194766781641931  -0.025873256043589
0.511678658855490  0.857627271096007  -0.051579200694311
-0.871761855756620  -0.478315444789176  0.106045283364735
0.140508756133248  -0.835042307461003  0.531941382297046
-0.362475997539508  -0.236139274375297  -0.901581607124528
-0.649794614350360  0.592866137047124  0.475685508192217
0.491214668984047  -0.137871339559007  0.860057929853041
0.400722626318212  0.866516440804022  0.297608189694041
0.726189651221598  -0.674061103760170  -0.135241335605191
-0.635697608555763  -0.330326676602859  0.697691075764191
0.756533215896949  -0.642172301492060  0.123580857906929
-0.288666224540044  -0.914004811254040  -0.285073702424940
0.266238937099422  -0.019963212741341  0.963700315715012
0.778960503337570  0.291795722503321  -0.555045755383143
0.716302318872660  0.506063432862078  -0.480427715580085
-0.163862213815929  -0.044923219192672  -0.985459831378586
0.890664497403657  -0.403999828558932  0.208568673556327
-0.010499964715068  0.954986480613681  0.296463442242173
-0.109349778458139  0.547241269070150  -0.829800951661088
-0.550850049592801  -0.506640323749300  -0.663234351654687
0.899159649593375  0.193892223924270  -0.392323501774771
-0.457659378458714  0.859989368895180  0.225756901768370
-0.445686856749244  -0.478320309869063  -0.756685474214843
0.328878039454101  0.370717492315210  -0.868566506409469
-0.990009751699199  0.126243734088696  0.062794992983780
0.215444855495854  -0.975281536272969  0.049086039210845
-0.201919231164394  0.942259657059549  0.267161679070936
-0.930303149848633  0.051432484122157  0.363167659571632
0.079739467436949  0.597150604968741  -0.798155857159702
0.648644451247290  0.293676567968651  0.702149876659006
-0.325156531341255  0.722824231292881  0.609752704612271
0.045889636778901  -0.317256506652341  0.947228826748349
-0.946004206527109  0.229074045961164  -0.229349346412840
0.574958038406954  0.811006691984058  -0.108126775723237
-0.987562779761457  0.025756580692941  0.155101110830425
-0.216829288121550  0.730862724489240  0.647166700135960
-0.301631772218305  -0.876920439698084  0.374204244267972
-0.469101719421602  0.171814295901784  -0.866269833573507
0.156074319475405  0.797213237058499  0.583173954715914
0.255508284634938  -0.303405121898489  0.917965603107586
-0.836719555606965  0.545342593064289  0.050018411158307
0.737285590447432  0.555275765892699  -0.384810059549979
0.525657504602954  0.775496126962238  0.349699792566659
-0.573884111760952  0.541988379695177  0.613926398311507
0.301598827090015  0.570033452182151  -0.764264359296721
0.797942789273892  -0.336525704915090  0.500037753551872
0.068916482331330  0.631568836590384  -0.772250816193123
-0.724466058859375  0.686244679112788  0.064939740915340
-0.097780595653914  -0.507976899337690  -0.855802795539272
0.891163136844618  0.453301056815286  0.018612238430809
0.751453065777240  0.621825248696024  0.220571190362917
-0.046991393873058  0.803397790138261  -0.593585545395797
0.872343067770414  -0.468102047170714  -0.141060432253307
-0.073898608120115  0.286529505728477  0.955217168012020
-0.082782961107755  0.970854042717175  -0.224920895183061
0.773738857056300  0.499567336815718  0.389564702030436
-0.853110107780370  0.358429055457533  0.379119712237160
-0.003411710383685  0.112857650443924  -0.993605309450657
0.985663005170643  0.089232850677089  -0.143198947614909
0.170472439184647  0.428808624415129  -0.887165323435064
0.422975328725424  -0.905939414160000  0.019121954948602
0.392215237260573  0.566363640421960  0.724844420871553
-0.092937836916659  -0.688856872566433  -0.718914993297014
-0.968829933904252  -0.139620922297548  -0.204632737429435
0.402796594792448  -0.861340003003785  0.309593770042372
0.473095502195145  0.312104052734900  -0.823876025909951
-0.533668700973511  0.845430547040726  0.021092836027040
-0.872510414593536  -0.167933567034052  0.458828828092826
-0.169584876117852  0.310562926558373  -0.935302966123593
0.508426589737877  0.702801187516406  0.497566974057807
0.003987117354170  -0.925060142753695  0.379799730362882
-0.488855654574488  -0.616039147697128  -0.617669747919667
-0.451034915999431  0.004149274363598  0.892496659977864
0.943877687928088  -0.313170269420164  0.104972818304685
0.547751931162020  0.491142172501475  -0.677308783568329
0.971366619402197  -0.143262148871461  0.189533235639241
-0.208390920086927  0.976881717341163  0.047700469074270
-0.215223768153249  -0.342477395968227  -0.914542488281840
-0.731492889123197  -0.679257022785343  0.059397391853439
0.385223786978210  -0.881782922451039  0.272142447295292
-0.443628104240671  -0.090952733692366  -0.891583818472338
-0.673088571860737  0.293478633358063  0.678838763030484
-0.613134498595287  0.760239364203043  0.214714218785016
-0.738123607367022  -0.323977953037572  0.591786977039103
-0.387373104797007  0.365128246013638  -0.846536143140345
0.512362213568742  0.719089071226977  0.469463384886258
-0.263015390523586  -0.934344449055555  -0.240464872417567
0.030816464560079  -0.109746538277868  -0.993481777813787
-0.927953059713576  -0.179588164965445  0.326574968380244
0.634121204629911  -0.645009745812242  0.426441937015976
0.493179763941094  0.609363348189755  -0.620846221154626
-0.651079336314561  0.455004858285438  -0.607508252422006
0.648084495120209  -0.532356213594013  -0.544594664895488
0.496174605135446  0.686714703498330  0.531256696162868
-0.745963346288322  0.408942845182538  0.525646683018489
0.126921007364981  -0.201713080776985  0.971186331726779
-0.872217078462088  -0.379858356861806  -0.308131460194037
-0.000667275191215  0.990514282821329  -0.137408188514253
0.988295330902077  -0.083935067284275  -0.127386197828254
0.465402802323139  0.200033988996028  0.862198721198371
0.302051717238672  0.647304844839522  -0.699829406327322
0.220840811340266  -0.931273901119825  -0.289755512699304
-0.963849528743135  0.023543017713364  -0.265404996672227
-0.526937807417876  -0.597202970757779  0.604719074307835
-0.093519796467956  -0.315512330830793  -0.944301867393215
-0.343391924857303  0.936258319301936  0.074177796413152
0.129281286256944  0.248986506718952  -0.959839605609002
0.526742402970577  -0.713832157448116  -0.461504162392659
0.494152712338991  0.867591163455730  -0.055665698428664
-0.891613829052625  0.095227500711338  -0.442669744787679
-0.545703370408809  0.016902438638572  0.837807936876069
-0.338926342977005  -0.920240157338973  0.195670608055926
-0.773944898130094  0.622011141452553  -0.118791559326792
0.567167870698290  0.315131454524992  0.760928888146935
0.317492604280272  0.921190901550256  0.224957260670460
0.991515145154763  0.049475325221875  -0.120207774802291
-0.231473827588890  0.209640165705431  0.949984667278556
-0.442548713285602  0.662075410622951  -0.604819631805805
-0.963276952230902  -0.265500898074418  0.040084740518326
-0.415873290242602  0.117204360459813  -0.901838424748025
-0.476993331699134  0.575417899277553  0.664358038037900
-0.070410330289166  -0.958123157811784  0.277565127228450
-0.020779914751761  0.980429380844485  -0.195771357250771
0.862941065213463  0.415653041914677  0.287341724633460
-0.756306718477366  0.423522776754949  0.498626719255774
-0.127414261487858  0.141253562174860  -0.981739801140005
0.880653099300665  0.473758354226088  0.001772143651852
0.740109290219586  -0.672238446280454  0.018267727639225
0.061745198827960  0.585794749169038  0.808103979861305
0.078798610253118  0.560202051337504  -0.824599563848678
0.058298316179971  0.352721139499402  0.933910651015837
0.752674688445955  0.655429541270956  0.062393347418842
0.163857888040395  -0.756960120300943  0.632583566654180
-0.858234260306380  0.454251718529389  0.238933736942814
-0.680321264156891  0.558876361674979  0.474152074652118
-0.899810894626131  -0.151936310639520  -0.408969083698723
0.245297048413684  0.965848215307952  -0.083466059125718
-0.025807417944444  -0.255035542993453  0.966587217476558
-0.834454693639465  -0.294624173973076  -0.465705873243777
-0.706557543850583  -0.202176787306951  0.678159998748136
0.190625868404735  -0.821266020069983  -0.537758219438208
-0.318523018193617  0.728818633403857  -0.606107652553705
-0.458019859684705  0.279829503305499  -0.843749522793466
0.086163164720130  -0.725758493071709  -0.682532430569928
0.423630942691757  0.836485309821413  -0.347604877478823
-0.967813967096591  0.169102686555795  0.186387785255286
0.259825803425516  0.056469651270111  0.964002972173695
0.997010085335142  0.011781296969384  0.076368126739710
-0.362491231173224  -0.792826721605054  0.489924378686653
-0.374693050736402  0.837515075905781  0.397710466747333
0.150499987476106  0.600753410284843  -0.785140174619044
0.620263137123172  0.739884847226502  0.260468910948574
-0.873480830791617  0.386131718342433  -0.296535890457643
0.403717681144551  -0.525263155284092  -0.749073195109975
0.162950994079899  -0.524779198082518  0.835496120151520
0.756249729049389  -0.637154318383403  -0.148730366361772
-0.825263101564854  -0.511993932564370  0.238333854525178
0.231964366595365  0.624369052865255  0.745892631988114
-0.765174635196495  0.493885108344185  0.413019705834679
-0.759138619752893  -0.631892834620535  0.156269003820014
-0.295875865942902  0.730868568772440  -0.615051710942311
0.289839850499300  0.394909374192280  0.871802412956976
-0.634631522777321  0.769878348526142  -0.067306454133304
0.155590942726834  0.486043725436032  -0.859972648114833
0.149930898499403  0.623633572499522  0.767203944806493
-0.940153364003559  -0.339798949409412  0.025462249175035
0.633041685377981  -0.757647581218348  -0.158834401965670
0.210138397495684  -0.059803353686463  -0.975840874725894
-0.420612362451501  -0.855002024425013  0.303408600375956
0.843515650333799  0.157157796893128  0.513597872384268
0.075957636326117  -0.051125485853707  0.995799488943418
0.783764497742419  0.542243960743496  0.302794813554956
0.127127600703368  -0.952675331077869  0.276130923105467
-0.834934462119670  0.359305884480667  0.416873752282995
0.211103126681959  -0.146807859400820  0.966376180544228
-0.561502095246293  0.609082422938484  0.560119629277005
0.967260778906128  0.194380958336290  0.163164422060005
-0.194655556977877  -0.950271240675594  0.243092129207219
0.983805445649898  -0.106479645743700  -0.144183668117791
0.262735870306199  0.451605114502925  -0.852656251375221
0.225517428317189  -0.972698973518295  -0.054759441575471
0.495552147026510  0.414614213271669  0.763232024832902
0.032712469251099  -0.335850748533017  0.941346997161678
-0.602658266609224  -0.792649757099854  0.092246280451346
-0.301676503427186  0.722318173448123  0.622292329686390
0.937047239287509  -0.265519164881285  0.226808387023943
-0.161963095785466  -0.190027588514370  -0.968327150919048
0.295887914190906  -0.931650662065808  -0.210896624221670
0.517645944206225  0.648523168866587  -0.558086351642904
-0.975496954182597  0.093099904684851  -0.199344175054475
0.668163872865025  -0.733798099971229  -0.122871426607754
0.191949529740698  -0.427406424035412  0.883447297084318
0.845007369315057  0.378433497642830  -0.377823548319929
-0.368793026190730  -0.684825173578647  -0.628495175372143
0.686419702725695  0.368927552839029  0.626674119831172
0.913314100449049  -0.250995303087324  -0.320715936225574
-0.147197347788193  -0.376360281684603  0.914705351014417
-0.079697049935161  0.996283137610955  0.032684705042329
-0.647574963869218  -0.761687641776197  0.021876986428597
0.136895145595055  -0.577134506199676  -0.805093460951066
-0.934241993015301  0.356639405154807  -0.000482884690700
0.149771883551028  -0.541192540731329  0.827453332070363
0.799777224353715  -0.432201755197423  0.416602969515742
0.770621199608330  0.041798201874553  -0.635921282105162
-0.208365539410201  -0.955487941833056  0.208869803939984
0.237521564155586  0.481487984761079  0.843654447680920
-0.763641338578864  -0.144472213677620  -0.629269167756191
-0.862983636115663  0.085036563911241  0.498024122502875
0.065640449057680  -0.914408300218437  -0.399435591728047
0.033701848479119  0.684899522629575  -0.727857698531019
-0.176275884749737  0.979761197689586  -0.094840961390981
-0.916160127573886  0.138994959301910  -0.375940183982054
0.677510341521938  0.402525399328462  -0.615591617898010
0.062373901302211  0.438240839059214  0.896690840489083
0.377364992400485  0.589101054441027  0.714531741889087
0.997070880907484  0.017452716377188  -0.074465167275921
-0.261062780464248  -0.355501712433691  0.897476883887819
-0.358643108042751  0.927150050497531  -0.108479974722811
0.312922814205641  -0.418474438816460  -0.852618587884918
0.984572837437450  0.143545902290478  -0.100054493732077
-0.478078476617078  0.418873255245862  -0.772001403000817
-0.193571546614730  -0.980893596352800  0.019437308847976
0.404261656161158  -0.206986434619942  0.890914771030968
0.483287979791581  0.805863587455348  0.342076902176351
0.643573946600280  -0.759546764371191  -0.094346637410114
-0.722600270230703  -0.253303257704099  0.643184506264731
-0.750696923244179  0.644479434073787  -0.145259727686840
-0.261134456395398  0.410009877301184  0.873899706029558
-0.784114411513132  -0.483757528710121  -0.388771453522106
0.294551944664352  0.718227085482725  -0.630387980194293
0.981845731025641  0.166123335084243  0.091553252302759
0.499955295044625  -0.609019185400306  -0.615743724914180
0.281242864397667  -0.175637865729863  0.943426622131925
0.200647571583349  0.950780386214413  -0.236129644914986
0.094007043068760  -0.433372970699044  0.896298245073008
0.568286339643005  0.573808737406709  0.589740764277724
0.429597263763830  -0.896692137378896  -0.106721140030917
-0.903876560338074  -0.110489570726857  0.413278620826201
-0.489092632552963  0.732066320334837  -0.474201749695025
0.644650562329459  0.527765007531752  -0.553073005410065
-0.432967589597987  0.601153071016553  0.671680021710544
-0.700775605284435  -0.396851758213468  -0.592808765995504
-0.628485212876315  -0.765230262084722  -0.139387887513802
-0.055091512924150  -0.212649589548382  -0.975574229502109
-0.907548856560767  0.248048977324483  0.338861000711978
0.334155156608602  -0.800629649860823  0.497325341276329
-0.614297580016211  -0.770056395730449  -0.172196488294208
-0.948330364526946  0.301638070572131  0.098407286812064
0.187660830631752  -0.729620864687807  0.657599274983495
0.146371953878983  -0.342073601614773  -0.928203050089767
0.763449261875090  -0.563921055580649  -0.314862299450390
-0.043101548457616  -0.094105501503962  -0.994628780554456
-0.056810841950477  -0.904275838558549  0.423152142894386
0.863361652283183  0.434460284481862  0.256614338209680
-0.186467690555934  0.820802718258220  -0.539919158836443
-0.908940139222622  0.349326098024511  0.227594157545684
0.036114910451272  -0.226020504936371  -0.973452846619396
0.686357538215416  0.697497125170081  0.205939530237268
0.703968404219302  0.145547675383749  0.695157795073404
-0.296814486885686  -0.404879291805604  0.864854854551780
0.147631058033699  0.981165692843319  0.124575093382027
0.853151833071289  -0.430738725653967  -0.294272152860403
-0.444997112959845  -0.895315445104713  0.019693227626605
0.690586791644488  -0.717543772168827  -0.090668727949071
-0.650330984882812  -0.065721874557230  -0.756802646207078
-0.485252919721521  -0.112049798378655  0.867164601782754
0.728330458754281  0.272563172790028  0.628684387979702
0.565313836242087  -0.795007086189822  0.219963632133187
-0.403260258852221  0.364738901861527  0.839253654802460
0.566276881364415  0.702831357118323  -0.430532898955945
0.958004984405547  0.284778029099200  0.033584579742838
0.094720619460383  0.901627415103919  -0.422014227937954
0.561945367501028  -0.661306563676906  -0.496881306533036
0.301338997444136  0.044457177672187  0.952480114213828
-0.002152139983675  -0.218466581887656  0.975842057349352
0.178143058996325  0.830420774479347  0.527888613103706
0.711519592295543  -0.675976974972525  0.191820225958004
-0.891814791275543  -0.372910381394478  0.256133218287642
-0.984538446417558  -0.173354041609175  0.025148037368079
-0.444043146693162  0.683137428698958  0.579783526314272
-0.168327386367179  -0.912918894998090  0.371813101106269
-0.372167913357217  0.056427424689958  -0.926448590052462
-0.874691685002416  0.467154810829433  0.129154322059120
-0.203382770312947  0.062591384102359  0.977096600841484
-0.723955506010600  -0.515125511149091  -0.458839986357252
0.052646591321131  0.919688937876165  -0.389102292425112
-0.299841704524761  0.950829657672154  -0.077575217168508
0.302857789842569  0.374578804916422  -0.876337764813921
0.395099139827211  0.536031146038506  0.746034369305091
-0.997798634194541  0.040219706717226  0.052728178340323
-0.268262763097443  -0.900800733612360  0.341457359356567
0.386427943203015  -0.139530794908682  0.911704229442882
0.342629238727124  -0.706715150551163  -0.618998304319744
-0.997319945027582  -0.054554788152515  0.048751434233429
-0.814529491337549  -0.570904999506213  -0.103000918831850
0.242689773670767  -0.957851364439028  0.153695925118149
-0.367177870328932  0.106703850767136  -0.924010118868930
-0.690041394679384  0.280242514165679  0.667313274918932
0.303375542701859  0.915435262018594  0.264464668988698
0.436047479558614  0.445509277766321  -0.781910531323573
0.655591412815611  -0.070338401968846  0.751832699907965
-0.788263349672365  0.540264386221119  0.294542500404305
0.986501612727214  -0.154082084887899  -0.055437164458549
0.479295484538941  0.730040049740206  0.487152300903834
0.283558962383555  -0.002858610720530  -0.958950542622877
0.223647165804719  -0.881263523907576  0.416361077260494
0.165369225965160  0.920710679103115  -0.353475408605981
0.934043144760547  0.279595845437069  0.222237636191890
-0.647129614779001  0.638313004478484  0.416869008190383
-0.121544304016386  0.002801829187562  -0.992582052988254
-0.916105289474856  -0.127298755329264  -0.380192221761323
-0.188601301015870  0.723159299227441  -0.664432221672006
-0.675106257547646  0.039813732522099  0.736645374466351
-0.052397730911340  -0.890271787078805  -0.452405374555668
-0.732789230245338  0.635056839133904  0.244382395245034
-0.718401331027503  -0.036754880125599  -0.694657186218400
0.367071530448849  0.928788533572217  0.051091598513950
-0.381459429666683  -0.256976814312714  0.887947982949484
-0.945697656481643  0.240337582700979  0.218846496125888
-0.035831835902005  0.941943397563755  0.333854332489399
-0.345897481036699  -0.617437916138238  0.706488041177865
-0.563968339542939  -0.084167898724537  -0.821495877541377
0.802813332298786  -0.592138099320507  -0.069736825396745
0.024658126101340  -0.621699813674559  0.782867369670105
0.828084038796269  0.560563872149861  -0.006705962362990
-0.049928832598822  -0.531002157795808  -0.845898232703860
0.972132709944182  0.162283514611140  0.169180540080816
0.159836358854537  0.070041794911406  0.984655516083525
0.278025217061064  0.851675722586663  -0.444241423366434
0.534271134028581  -0.759434002886929  -0.371233552636275
-0.258535286894749  0.422267933032271  -0.868820636358796
0.243447475890655  0.969794359216722  0.015239006329042
-0.986257597867803  -0.094000267505189  -0.135867215902090
0.484274835082399  -0.453526158679263  -0.748192426785749
-0.469609755326624  0.709422004872203  -0.525535057541524
-0.985057853299385  -0.171631409091808  0.014271827716490
0.327069798087325  -0.013603699740987  -0.944902262952351
0.188378299885436  0.894657113704997  0.405095377694337
0.120498789984282  -0.562122118780466  -0.818229042010905
0.821184402182660  -0.561907512865948  0.099579739890760
0.096305483378480  0.592181469884185  -0.800028974848438
-0.796991095576859  -0.592396075798704  -0.117779807053227
-0.418137871513084  0.157045464932124  0.894705226513605
-0.777027424858897  0.621525100279429  -0.099674122718976
0.674581918789418  0.405923930581468  0.616575216355375
-0.315692365443605  -0.870403565928773  0.377804132877206
0.286261909256615  -0.632639149568916  0.719598378084246
0.973336926021220  -0.204546253842400  -0.103807795866216
-0.527883164358530  -0.846355749597518  -0.070861201725967
-0.159191852406076  0.418262853871003  0.894267375676428
0.600952945188031  0.343170204937114  0.721865477851137
-0.089542649137899  0.993937504482221  0.063799303828658
0.947650869074444  -0.236201975977454  -0.214863810090946
-0.257155274748514  -0.414565323567653  0.872929984113424
-0.672931820095078  0.718916159391788  0.174133056221063
0.327687698690168  0.863339520277935  -0.383752061692711
-0.131191106194907  0.102013329587253  0.986094404325407
-0.869428412590339  -0.246436690473401  -0.428209286411633
-0.253801163151694  -0.966942872887718  -0.024626208691039
-0.334292197640775  -0.233731690572002  -0.913026956567469
-0.719335823428110  -0.173053283252566  0.672761870418138
0.799826857917191  -0.560157899063150  0.215638877458293
0.316410537691444  -0.067742594128254  -0.946200461096160
-0.645612026573542  -0.551026826951870  -0.528729181266704
0.901522345623847  -0.432276233763310  -0.019867512785551
0.060500218641138  0.915560466586926  -0.397603767043905
0.844506597336554  -0.531509011359702  0.065626045884752
-0.210608872930316  -0.921481459918587  0.326367617372391
0.625413535250629  0.445649512263113  0.640511063249465
0.429701935016241  -0.055677063704228  -0.901252634737105
-0.601214341469104  0.193742297921433  0.775245275772768
-0.952317206753700  -0.129784493821600  -0.276130264339680
0.134747170239280  0.944904011599355  0.298328022445012
0.216355695045316  -0.621377219856322  0.753047517667435
-0.872563332630339  0.485128538417351  -0.057302109577932
-0.525306223455047  -0.158987034911957  0.835928522260906
-0.516940501325141  -0.335690007468329  -0.787454593596117
0.169683392149848  0.979805580797637  -0.105776038242721
-0.864726946219530  -0.464732526423524  0.190449435194372
-0.003966251079315  -0.321888198486224  0.946769378744195
-0.102424235019646  -0.779780388626452  -0.617617860488361
-0.758336460120570  0.636936060689152  -0.138702083061463
-0.578350954376457  -0.647292828856862  0.496509987092228
-0.088979521693994  -0.842724355725396  -0.530940961865182
-0.904679637548632  0.401906695633066  0.141512407265889
0.415308204866169  -0.206475168764531  0.885938541691521
-0.608203395040680  -0.446756904346799  0.656122624727616
-0.076259676491164  0.564636839707009  0.821808798314514
0.372825591206866  -0.895227479451975  0.244067282885917
-0.904769309756381  -0.116166264601833  -0.409753456472815
0.095353652024304  -0.764421160660394  0.637626826741350
0.553191880716789  0.285682908879306  0.782536912026059
0.446881091210787  -0.765904291983985  -0.462263891991108
-0.904719319903272  -0.284199777555715  0.317353806706399
0.260163074564860  -0.127186531316012  -0.957151378249418
0.576798274246584  0.762604293122790  -0.292811275289822
-0.822705789814808  -0.032749954845379  -0.567523236407831
0.506070590133084  -0.857040869593423  -0.096816866551764
-0.939910638127840  -0.336657444071149  -0.056830957106120
-0.625201869310440  0.773245349847094  -0.105897363284348
-0.226286030598604  -0.499522967201017  0.836224513868506
-0.088422738218797  -0.610379826717226  -0.787158107690278
0.309160083670941  0.896776324865896  0.316563209840617
-0.529630306873828  0.270497056378025  0.803942212184159
-0.130814062375796  0.673586605319657  -0.727439871204956
0.969604452920564  -0.047307336831786  0.240060868861415
-0.776826553171046  0.110622371929721  -0.619921928243415
-0.482994757128275  -0.871198001742476  -0.087921023347755
0.329225542112459  0.290754693727630  -0.898372000062396
-0.623057338155230  0.691065679944566  0.366371095166736
-0.809567350752899  -0.486806253365553  -0.328055446958477
-0.821971106485737  0.505786423135737  0.261808315899575
-0.027119372505831  -0.913377258736758  0.406209949234894
0.039523128238669  -0.079215417764531  -0.996073712092946
0.679442877197793  -0.432918405825837  -0.592401072350820
-0.446946664176477  -0.686356581882834  -0.573718852651394
0.700221574417954  -0.440164575166655  0.562089755722341
0.426167966956316  0.693602751223652  -0.580771975421766
0.096313934401175  0.024785751459351  0.995042357171172
-0.594773167442644  -0.691603618365514  0.409791793907557
-0.259229607996499  0.904910593919397  0.337545296738712
0.950316709840317  -0.188521224094532  0.247705266524903
-0.119354252932160  0.407583000498842  0.905334556951941
0.829894877657681  0.496774446844447  0.253948106903628
-0.174770074153720  -0.721517809882004  0.669975724338860
-0.774479056436122  0.632326363536398  -0.018589274290547
0.253652421188110  -0.950942178961878  0.177114148211389
0.187290164889216  -0.462026686258444  -0.866864311943231
-0.751584506344053  -0.463608912544017  0.469241415513721
0.817946762642948  -0.025306580159416  0.574737044640900
-0.860723342305337  0.419073549618526  0.289020220781971
-0.698502139681177  -0.708519821181518  0.100471010016459
-0.294916077054012  0.663739047289933  -0.687368157974840
0.132694874429852  0.463854323510112  0.875917368740352
0.995433059517546  -0.095451653239256  -0.001416302732865
0.303409265380722  -0.341217376564894  0.889670455624610
0.419973742665449  0.890213501536046  -0.176470896055153
0.272050051471375  -0.644447778210407  -0.714615862302322
0.568420416894131  0.724026559349709  0.390747707624915
0.900717673761595  -0.012402072025959  -0.434227890378962
0.101926455921300  -0.150342093367199  0.983365777595139
-0.434223712788765  0.886770724742866  -0.158390179591263
-0.495090931141615  -0.311246791291012  -0.811178405045634
-0.302855523978448  0.792073799988285  -0.529997761285705
-0.795410063380691  -0.537174094514903  0.280654277100528
0.603174656217524  -0.566146496764394  -0.561834920860457
-0.636144378846261  0.696838665632279  0.331264551894901
-0.930527330421896  -0.239367359760378  -0.277168097766040
0.245786325664336  0.887752636492029  -0.389209890056608
0.048596625911299  0.048453388900628  0.997642539717549
0.074124217555733  -0.644652850559401  -0.760873381475124
-0.212788112441195  -0.922305689667781  0.322604144440446
0.931301584594422  0.019321815306198  -0.363736203841728
-0.644389254597495  0.258331023802183  -0.719741322073841
0.787957532961978  -0.591457313946462  -0.171175851181498
0.787542257447104  0.336117654468218  0.516528910216944
0.214955590122587  0.005434659586305  -0.976608702987144
-0.214540314607713  -0.933009628000984  0.288903941588702
0.326654945752795  -0.906898443284032  -0.266142367886510
-0.095496884969943  -0.111670922250950  -0.989146071156662
-0.540057941091104  -0.699445457760009  0.468095579858781
0.962209771813843  -0.095782063273073  0.254908123411370
0.055264142301815  0.863536179763142  0.501249579367128
-0.517459451207318  -0.075635561046979  0.852358479902283
-0.383902616363194  0.735006368963823  -0.558913605785466
0.956626209872327  0.204165371846298  0.207804705250312
0.892616322925784  -0.448637122270336  -0.044281289134864
-0.127113657008192  -0.990215697598168  -0.057575953593294
0.525468444611990  0.221406793511452  0.821499814670724
0.494261535321986  0.320171781816381  -0.808205150212294
-0.990978162364959  -0.040978921538181  -0.127604896870521
-0.425636785684590  0.791170043099173  0.439184801165231
-0.354516027882026  -0.840024995086290  0.410702317506280
-0.210825348798344  0.007876030448937  -0.977492015542032
0.491589191825989  -0.642573977086178  -0.587740376740890
-0.593951767695867  -0.285016468572443  -0.752321015453808
0.269187667742023  -0.801383742993789  0.534155497959981
0.816353291779833  0.443826234480054  -0.369574859247063
-0.212772027656931  0.513388582857897  0.831360467690110
0.102521257703539  -0.596862099847025  0.795766941689013
-0.941178984515043  0.334679383272796  -0.046602891749047
0.625885699154573  0.775571299432125  0.082196417750144
0.630505179293239  0.730719091042445  0.261749553715960
0.188894936043186  -0.057963582288210  0.980285124984338
-0.412679468512448  0.886790819780987  -0.208080989570043
0.854289711762502  -0.098108146450333  -0.510454581698335
-0.584022589711677  0.765733589137237  0.269387611395684
0.030079647809018  0.706873504021479  -0.706700123178200
0.326504476181218  0.379846222480281  0.865512376746335
-0.940606713701914  -0.320986137364523  0.110575357827548
0.019941169499712  -0.664629860415854  0.746906619600192
0.611147976879265  0.326898897464613  0.720857309869853
0.330763537049729  -0.878630513484258  -0.344389174238596
-0.921970344429283  -0.112898244396209  0.370438483968936
0.054900657565245  0.213009704837503  0.975506424091581
-0.204749729223332  0.968496433824408  0.141746978988533
0.921875582522241  -0.198028649166480  0.333061652638936
-0.662225195733664  -0.557458079820425  0.500697792464112
0.177614406810631  0.851219822132603  -0.493839991193350
-0.853183140372679  0.340248806423383  -0.395359682708388
0.661332308412974  -0.170215800589399  -0.730524578011498
0.369465238770336  0.681186816298618  0.632044269526535
-0.330123896232430  0.605935717064236  -0.723781817899683
-0.631887529940937  0.670414938225273  0.388924105847845
-0.473433428298512  -0.539506929527254  -0.696270825154690
0.775197062007019  0.475027708366218  -0.416435098592838
-0.188068027005217  0.035723953843236  0.981506095926139
-0.810333933911585  -0.549187343027024  0.204333496544971
-0.162002987188653  0.947966816193099  0.274069238585201
0.784268894095021  -0.363055519322840  0.503103360795967
0.740456167712194  -0.438370192452064  -0.509466621150504
0.733380938348732  0.661337210629034  -0.157434091302175
-0.348019896162344  -0.327233155156578  -0.878521834698161
0.355095125525807  -0.772474247924520  0.526489304849832
0.123085795998927  0.132852418532161  -0.983463330131564
0.359456713161803  -0.839551614858788  -0.407362194307369
0.643732675564006  0.748929872217112  -0.157201427830878
-0.880103592726881  0.223474161173838  -0.418899707993317
-0.293284160337479  0.943812047777136  0.152326031149867
-0.245969518363365  0.121542797518862  0.961626925791590
-0.793624006302727  0.199337386932789  -0.574826532782558
0.746309364328613  0.622931863325484  -0.234474361859164
0.379999653143034  0.183896757076829  0.906522060596321
-0.737232388888436  0.258167477874630  0.624370049042795
0.661859141482557  0.747118042352372  -0.061295249632671
0.455372900548913  -0.821388763150173  0.343447261186197
0.286418781379036  0.753839055581250  -0.591346734119431
0.363103635641552  0.744110197745688  0.560763553910880
-0.785508098637229  0.329912656021993  -0.523578710770253
0.708823244374713  -0.320183798186431  -0.628531577260058
0.242503256667434  -0.518543291155055  0.819942086798679
-0.397144291989179  -0.916085287043865  -0.055354839013162
-0.355538136771301  0.469154166933848  0.808385428462067
0.995185685427914  -0.071612171045038  0.066911497349775
-0.135213151728719  -0.986213078118275  -0.095400042704726
0.175444300984159  -0.270478642103299  -0.946604775721175
-0.941463577295536  -0.232526660726678  0.244085404473911
0.630806124582659  -0.483207775288298  0.607119328542538
0.333035085319421  0.438808513656673  0.834586556498910
0.973282836670519  -0.198508435056073  0.115390298787100
-0.507450987390776  -0.351523730841990  0.786717587226226
-0.132796763960323  0.988840679554736  -0.067521329514417
0.594121557526266  0.453565587005898  -0.664302516303046
-0.525630132122888  0.685423502299599  -0.503892435644579
0.363478353516384  -0.677590407129771  -0.639339289181207
0.756273336132770  0.445732491836070  0.478929208522740
0.505287768129521  -0.179174335732711  0.844145028293971
0.491054639610235  0.826150999283622  0.276296701572667
0.653947938983983  -0.740743433759766  -0.153789656480506
-0.639714810464698  -0.264581901256567  0.721637983201810
0.921837739351756  -0.302741320960018  0.241997675381869
0.671333978996967  0.524790629461034  -0.523359803456467
0.098020121986509  -0.972277952102147  -0.212291402420835
0.152483638368279  0.144746001681095  0.977648881259171
0.022223348816796  0.964909765921907  0.261639573451528
-0.033961662044633  0.569023464918470  -0.821619682020426
0.843600838891850  0.189825525450310  0.502298610896427
-0.787415828030421  0.206060775553127  0.580960644575526
0.186389073789052  0.923216666179811  0.336050740900679
-0.321514806725529  0.082608388963255  0.943294271756773
-0.476197873014189  0.666138469847399  -0.574016658927359
0.984101753528770  0.174469807369157  -0.033226871928735
0.961781668901835  -0.165489026905764  -0.218149956081094
0.240424429603107  -0.939349763316662  0.244577422929737
0.573196048350415  0.636067396550132  0.516589350646532
0.148161190948313  0.137793339860766  -0.979316729657363
0.070045037160391  -0.516969905889613  -0.853132937574025
-0.910938176489672  -0.298804838765861  -0.284442097699654
0.583911711686356  -0.799369835998829  0.141615600308424
0.397071501963707  0.581204768875077  -0.710306440182795
-0.890205409777622  0.430716590777903  -0.148383108308584
-0.714244894247578  -0.555720485228185  0.425474997313611
-0.175275278426160  0.073419632811508  -0.981778047366336
-0.000685237103885  0.913017443194580  0.407919941744141
0.652301340597792  0.689357004056653  -0.315102970491171
0.899196847899994  -0.186368921718506  0.395868227752867
-0.308923664959504  0.906871987732236  0.286617108865767
0.062028157657302  -0.031146061957077  -0.997588307109805
0.306189451024036  0.495433606057341  0.812892097433983
-0.239002569086534  -0.522440455027236  0.818494803233943
-0.446376157691440  0.894229805039088  0.033187070138564
0.991568177802009  0.123644256045489  -0.038789775938524
-0.042081277825591  -0.902921309010593  0.427740897964133
0.409083284642741  0.043546995754144  0.911457363449709
0.503265657091170  -0.657989363765705  -0.560155046004047
-0.954430219559502  -0.288478940999032  0.076438580518472
