1   1   1   13
1   1   2   26
1   1   3   34
1   1   4   26
1   1   5   21
1   1   6   11
1   1   7   5
1   2   1   6
1   2   2   14
1   2   3   22
1   2   4   23
1   2   5   28
1   2   6   26
1   2   7   12
1   2   8   5
1   3   1   12
1   3   2   25
1   3   3   27
1   3   4   35
1   3   5   27
1   3   6   10
1   4   1   14
1   4   2   20
1   4   3   33
1   4   4   33
1   4   5   25
1   4   6   11
2   1   1   15
2   1   2   21
2   1   3   25
2   1   4   25
2   1   5   19
2   1   6   16
2   2   1   18
2   2   2   21
2   2   3   22
2   2   4   22
2   2   5   18
2   2   6   14
2   2   7   6
2   3   1   20
2   3   2   38
2   3   3   40
2   3   4   23
2   4   1   16
2   4   2   21
2   4   3   25
2   4   4   23
2   4   5   17
2   4   6   19
3   1   1   33
3   1   2   19
3   1   3   30
3   1   4   14
3   1   5   8
3   2   1   20
3   2   2   34
3   2   3   30
3   2   4   20
3   3   1   14
3   3   2   17
3   3   3   20
3   3   4   20
3   3   5   20
3   3   6   13
3   4   1   9
3   4   2   19
3   4   3   25
3   4   4   23
3   4   5   18
3   4   6   10
4   1   1   6
4   1   2   19
4   1   3   31
4   1   4   24
4   1   5   19
4   1   6   7
4   2   1   13
4   2   2   11
4   2   3   27
4   2   4   27
4   2   5   20
4   2   6   8
4   3   1   10
4   3   2   17
4   3   3   23
4   3   4   28
4   3   5   20
4   3   6   8
4   4   1   9
4   4   2   15
4   4   3   28
4   4   4   29
4   4   5   17
4   4   6   8
5   1   1   19
5   1   2   25
5   1   3   34
5   1   4   34
5   1   5   30
5   1   6   19
5   2   1   6
5   2   2   16
5   2   3   26
5   2   4   32
5   2   5   32
5   2   6   25
5   2   7   24
5   3   1   19
5   3   2   30
5   3   3   32
5   3   4   30
5   3   5   32
5   3   6   18
5   4   1   16
5   4   2   33
5   4   3   36
5   4   4   32
5   4   5   23
5   4   6   15
5   4   7   6
6   1   1   14
6   1   2   10
6   1   3   8
6   1   4   5
6   1   5   7
6   2   1   11
6   2   2   11
6   2   3   11
6   2   4   11
6   3   1   7
6   3   2   15
6   3   3   14
6   3   4   8
6   4   1   20
6   4   2   24
7   1   1   7
7   1   2   15
7   1   3   14
7   1   4   7
7   2   1   10
7   2   2   11
7   2   3   11
7   2   4   11
7   3   1   7
7   3   2   14
7   3   3   14
7   3   4   8
7   4   1   7
7   4   2   13
7   4   3   17
7   4   4   6
8   1   1   6
8   1   2   14
8   1   3   24
8   1   4   34
8   1   5   33
8   1   6   22
8   1   7   15
8   1   8   6
8   2   1   14
8   2   2   26
8   2   3   35
8   2   4   40
8   2   5   26
8   2   6   13
8   3   1   20
8   3   2   25
8   3   3   32
8   3   4   28
8   3   5   30
8   3   6   19
8   4   1   15
8   4   2   28
8   4   3   37
8   4   4   30
8   4   5   27
8   4   6   17
9   1   1   5
9   1   2   31
9   1   3   33
9   1   4   29
9   1   5   26
9   1   6   9
9   2   1   10
9   2   2   24
9   2   3   26
9   2   4   27
9   2   5   26
9   2   6   13
9   2   7   7
9   3   1   16
9   3   2   22
9   3   3   29
9   3   4   27
9   3   5   24
9   3   6   15
9   4   1   16
9   4   2   26
9   4   3   23
9   4   4   24
9   4   5   31
9   4   6   13
10   1   1   14
10   1   2   16
10   1   3   17
10   1   4   11
10   2   1   6
10   2   2   10
10   2   3   12
10   2   4   14
10   2   5   16
10   3   1   13
10   3   2   17
10   3   3   16
10   3   4   7
10   3   5   5
10   4   1   10
10   4   2   16
10   4   3   24
10   4   4   8
11   1   1   12
11   1   2   19
11   1   3   16
11   1   4   13
11   2   1   6
11   2   2   10
11   2   3   13
11   2   4   15
11   2   5   10
11   2   6   6
11   3   1   6
11   3   2   10
11   3   3   11
11   3   4   16
11   3   5   11
11   3   6   6
11   4   1   7
11   4   2   22
11   4   3   26
11   4   4   5
12   1   1   7
12   1   2   16
12   1   3   22
12   1   4   20
12   1   5   16
12   1   6   8
12   2   1   9
12   2   2   13
12   2   3   22
12   2   4   22
12   2   5   15
12   2   6   8
12   3   1   8
12   3   2   11
12   3   3   24
12   3   4   22
12   3   5   24
12   4   1   22
12   4   2   24
12   4   3   21
12   4   4   16
12   4   5   6
13   1   1   5
13   1   2   20
13   1   3   32
13   1   4   30
13   1   5   21
13   1   6   5
13   2   1   6
13   2   2   13
13   2   3   16
13   2   4   17
13   2   5   20
13   2   6   21
13   2   7   20
13   3   1   8
13   3   2   21
13   3   3   28
13   3   4   27
13   3   5   20
13   3   6   9
13   4   1   14
13   4   2   17
13   4   3   22
13   4   4   27
13   4   5   22
13   4   6   11
14   1   1   6
14   1   2   22
14   1   3   14
14   1   4   22
14   1   5   15
14   1   6   8
14   2   1   7
14   2   2   16
14   2   3   20
14   2   4   20
14   2   5   17
14   2   6   7
14   3   1   14
14   3   2   30
14   3   3   29
14   3   4   14
14   4   1   5
14   4   2   20
14   4   3   20
14   4   4   19
14   4   5   13
14   4   6   10
15   1   1   11
15   1   2   19
15   1   3   13
15   1   4   12
15   2   1   12
15   2   2   15
15   2   3   16
15   2   4   12
15   3   1   8
15   3   2   22
15   3   3   17
15   3   4   8
15   4   1   5
15   4   2   8
15   4   3   12
15   4   4   14
15   4   5   11
15   4   6   5
16   1   1   7
16   1   2   16
16   1   3   10
16   1   4   9
16   2   1   13
16   2   2   9
16   2   3   8
16   2   4   12
16   3   1   7
16   3   2   15
16   3   3   13
16   3   4   7
16   4   1   22
16   4   2   15
16   4   3   5
17   1   1   14
17   1   2   17
17   1   3   13
17   1   4   14
17   2   1   10
17   2   2   20
17   2   3   20
17   2   4   8
17   3   1   14
17   3   2   13
17   3   3   20
17   3   4   11
17   4   1   4
17   4   2   10
17   4   3   14
17   4   4   15
17   4   5   15
18   1   1   8
18   1   2   12
18   1   3   14
18   1   4   9
18   2   1   6
18   2   2   16
18   2   3   14
18   2   4   7
18   3   1   10
18   3   2   10
18   3   3   14
18   3   4   9
18   4   1   9
18   4   2   12
18   4   3   12
18   4   4   10
19   1   1   8
19   1   2   16
19   1   3   25
19   1   4   26
19   1   5   24
19   2   1   13
19   2   2   13
19   2   3   21
19   2   4   23
19   2   5   21
19   2   6   8
19   3   1   6
19   3   2   23
19   3   3   25
19   3   4   18
19   3   5   17
19   3   6   10
19   4   1   8
19   4   2   17
19   4   3   21
19   4   4   30
19   4   5   17
19   4   6   6
20   1   1   17
20   1   2   31
20   1   3   36
20   1   4   38
20   1   5   29
20   1   6   20
20   2   1   21
20   2   2   33
20   2   3   36
20   2   4   33
20   2   5   23
20   2   6   16
20   2   7   9
20   3   1   6
20   3   2   21
20   3   3   26
20   3   4   32
20   3   5   33
20   3   6   27
20   3   7   20
20   3   8   6
20   4   1   18
20   4   2   29
20   4   3   38
20   4   4   40
20   4   5   30
20   4   6   16
21   1   1   16
21   1   2   31
21   1   3   33
21   1   4   31
21   1   5   23
21   1   6   15
21   1   7   5
21   2   1   16
21   2   2   25
21   2   3   32
21   2   4   38
21   2   5   30
21   2   6   13
21   3   1   14
21   3   2   26
21   3   3   32
21   3   4   41
21   3   5   29
21   3   6   12
21   4   1   7
21   4   2   15
21   4   3   20
21   4   4   35
21   4   5   29
21   4   6   26
21   4   7   22
22   1   1   8
22   1   2   27
22   1   3   35
22   1   4   34
22   1   5   25
22   1   6   10
22   2   1   12
22   2   2   31
22   2   3   34
22   2   4   25
22   2   5   19
22   2   6   12
22   2   7   6
22   3   1   18
22   3   2   22
22   3   3   27
22   3   4   30
22   3   5   27
22   3   6   15
22   4   1   6
22   4   2   20
22   4   3   22
22   4   4   26
22   4   5   18
22   4   6   19
22   4   7   16
22   4   8   12
23   1   1   18
23   1   2   23
23   1   3   34
23   1   4   36
23   1   5   31
23   1   6   19
23   2   1   19
23   2   2   32
23   2   3   32
23   2   4   39
23   2   5   19
23   2   6   10
23   2   7   10
23   3   1   15
23   3   2   32
23   3   3   37
23   3   4   33
23   3   5   24
23   3   6   20
23   4   1   26
23   4   2   29
23   4   3   32
23   4   4   25
23   4   5   22
23   4   6   17
23   4   7   10
24   1   1   8
24   1   2   10
24   1   3   10
24   1   4   16
24   1   5   18
24   1   6   19
24   1   7   14
24   2   1   15
24   2   2   39
24   2   3   25
24   2   4   16
24   3   1   12
24   3   2   19
24   3   3   20
24   3   4   16
24   3   5   12
24   3   6   9
24   3   7   7
24   4   1   28
24   4   2   22
24   4   3   22
24   4   4   13
24   4   5   10
25   1   1   9
25   1   2   16
25   1   3   15
25   1   4   16
25   1   5   16
25   1   6   8
25   2   1   15
25   2   2   23
25   2   3   28
25   2   4   14
25   3   1   9
25   3   2   13
25   3   3   18
25   3   4   17
25   3   5   16
25   3   6   7
25   4   1   7
25   4   2   14
25   4   3   19
25   4   4   18
25   4   5   15
25   4   6   7
26   1   1   8
26   1   2   14
26   1   3   12
26   1   4   7
26   2   1   8
26   2   2   12
26   2   3   14
26   2   4   7
26   3   1   4
26   3   2   15
26   3   3   16
26   3   4   6
26   4   1   8
26   4   2   12
26   4   3   12
26   4   4   9
27   1   1   5
27   1   2   12
27   1   3   19
27   1   4   19
27   1   5   15
27   2   1   5
27   2   2   16
27   2   3   16
27   2   4   13
27   2   5   14
27   2   6   6
27   3   1   15
27   3   2   20
27   3   3   20
27   3   4   15
27   4   1   13
27   4   2   22
27   4   3   21
27   4   4   14
28   1   1   14
28   1   2   25
28   1   3   27
28   1   4   15
28   2   1   7
28   2   2   16
28   2   3   18
28   2   4   18
28   2   5   14
28   2   6   8
28   3   1   11
28   3   2   16
28   3   3   19
28   3   4   15
28   3   5   10
28   3   6   10
28   4   1   6
28   4   2   16
28   4   3   18
28   4   4   20
28   4   5   14
28   4   6   7
29   1   1   15
29   1   2   19
29   1   3   20
29   1   4   15
29   2   1   12
29   2   2   24
29   2   3   22
29   2   4   11
29   3   1   5
29   3   2   18
29   3   3   9
29   3   4   18
29   3   5   13
29   3   6   6
29   4   1   6
29   4   2   14
29   4   3   13
29   4   4   17
29   4   5   14
29   4   6   5
30   1   1   7
30   1   2   8
30   1   3   14
30   1   4   29
30   1   5   28
30   1   6   23
30   1   7   11
30   2   1   9
30   2   2   27
30   2   3   28
30   2   4   23
30   2   5   20
30   2   6   13
30   3   1   16
30   3   2   22
30   3   3   24
30   3   4   22
30   3   5   19
30   3   6   11
30   3   7   6
30   4   1   7
30   4   2   22
30   4   3   31
30   4   4   33
30   4   5   20
30   4   6   7
31   1   1   18
31   1   2   31
31   1   3   48
31   1   4   58
31   1   5   64
31   1   6   58
31   1   7   35
31   1   8   11
31   2   1   20
31   2   2   39
31   2   3   50
31   2   4   59
31   2   5   52
31   2   6   43
31   2   7   33
31   2   8   20
31   2   9   7
31   3   1   12
31   3   2   19
31   3   3   26
31   3   4   54
31   3   5   49
31   3   6   52
31   3   7   51
31   3   8   26
31   3   9   34
31   4   1   22
31   4   2   39
31   4   3   49
31   4   4   60
31   4   5   56
31   4   6   39
31   4   7   28
31   4   8   18
31   4   9   12
32   1   1   12
32   1   2   14
32   1   3   22
32   1   4   20
32   1   5   17
32   1   6   12
32   2   1   25
32   2   2   30
32   2   3   23
32   2   4   19
32   3   1   9
32   3   2   19
32   3   3   22
32   3   4   21
32   3   5   16
32   3   6   10
32   4   1   24
32   4   2   25
32   4   3   25
32   4   4   23
33   1   1   18
33   1   2   17
33   1   3   22
33   1   4   12
33   1   5   5
33   2   1   17
33   2   2   20
33   2   3   19
33   2   4   12
33   2   5   6
33   3   1   6
33   3   2   13
33   3   3   18
33   3   4   18
33   3   5   12
33   3   6   7
33   4   1   19
33   4   2   19
33   4   3   18
33   4   4   13
33   4   5   5
34   1   1   19
34   1   2   19
34   2   1   9
34   2   2   10
34   2   3   9
34   2   4   10
34   3   1   5
34   3   2   13
34   3   3   20
34   4   1   8
34   4   2   10
34   4   3   10
34   4   4   10
35   1   1   18
35   1   2   27
35   1   3   26
35   1   4   19
35   2   1   10
35   2   2   17
35   2   3   19
35   2   4   17
35   2   5   15
35   2   6   12
35   3   1   19
35   3   2   27
35   3   3   25
35   3   4   14
35   3   5   5
35   4   1   8
35   4   2   16
35   4   3   22
35   4   4   21
35   4   5   15
35   4   6   8
36   1   1   7
36   1   2   26
36   1   3   34
36   1   4   44
36   1   5   41
36   1   6   38
36   1   7   25
36   1   8   6
36   2   1   9
36   2   2   26
36   2   3   34
36   2   4   40
36   2   5   44
36   2   6   33
36   2   7   24
36   2   8   11
36   3   1   24
36   3   2   43
36   3   3   45
36   3   4   44
36   3   5   36
36   3   6   22
36   3   7   7
36   4   1   6
36   4   2   24
36   4   3   48
36   4   4   46
36   4   5   34
36   4   6   24
36   4   7   19
36   4   8   12
36   4   9   8
37   1   1   14
37   1   2   21
37   1   3   24
37   1   4   22
37   1   5   19
37   1   6   14
37   2   1   15
37   2   2   18
37   2   3   22
37   2   4   26
37   2   5   20
37   2   6   13
37   3   1   12
37   3   2   19
37   3   3   26
37   3   4   27
37   3   5   18
37   3   6   12
37   4   1   28
37   4   2   32
37   4   3   28
37   4   4   26
38   1   1   17
38   1   2   23
38   1   3   24
38   1   4   16
38   2   1   8
38   2   2   14
38   2   3   17
38   2   4   20
38   2   5   12
38   2   6   9
38   3   1   20
38   3   2   21
38   3   3   19
38   3   4   20
38   4   1   5
38   4   2   16
38   4   3   19
38   4   4   20
38   4   5   15
38   4   6   5
39   1   1   1
39   2   1   1
39   3   1   1
39   4   1   1
40   1   1   7
40   1   2   20
40   1   3   22
40   1   4   26
40   1   5   25
40   1   6   27
40   1   7   19
40   1   8   6
40   2   1   20
40   2   2   26
40   2   3   30
40   2   4   32
40   2   5   27
40   2   6   17
40   3   1   19
40   3   2   23
40   3   3   34
40   3   4   33
40   3   5   27
40   3   6   11
40   3   7   5
40   4   1   6
40   4   2   35
40   4   3   35
40   4   4   42
40   4   5   22
40   4   6   12
41   1   1   14
41   1   2   19
41   1   3   19
41   1   4   15
41   2   1   13
41   2   2   19
41   2   3   23
41   2   4   12
41   3   1   7
41   3   2   12
41   3   3   13
41   3   4   16
41   3   5   14
41   3   6   5
41   4   1   13
41   4   2   17
41   4   3   24
41   4   4   13
42   1   1   8
42   1   2   15
42   1   3   15
42   1   4   16
42   1   5   14
42   1   6   8
42   2   1   17
42   2   2   20
42   2   3   21
42   2   4   18
42   3   1   14
42   3   2   23
42   3   3   25
42   3   4   14
42   4   1   9
42   4   2   12
42   4   3   17
42   4   4   14
42   4   5   16
42   4   6   8
43   1   1   12
43   1   2   11
43   2   1   6
43   2   2   7
43   2   3   10
43   3   1   12
43   3   2   11
43   4   1   13
43   4   2   10
44   1   1   21
44   1   2   21
44   1   3   27
44   1   4   30
44   1   5   32
44   1   6   33
44   1   7   25
44   1   8   16
44   2   1   20
44   2   2   37
44   2   3   46
44   2   4   45
44   2   5   37
44   2   6   20
44   3   1   17
44   3   2   19
44   3   3   33
44   3   4   32
44   3   5   32
44   3   6   37
44   3   7   17
44   3   8   18
44   4   1   14
44   4   2   39
44   4   3   55
44   4   4   45
44   4   5   33
44   4   6   14
44   4   7   5
45   1   1   7
45   1   2   19
45   1   3   33
45   1   4   30
45   1   5   30
45   2   1   7
45   2   2   8
45   2   3   16
45   2   4   24
45   2   5   27
45   2   6   27
45   2   7   10
45   3   1   10
45   3   2   23
45   3   3   31
45   3   4   26
45   3   5   14
45   3   6   15
45   4   1   16
45   4   2   18
45   4   3   25
45   4   4   24
45   4   5   21
45   4   6   15
46   1   1   14
46   1   2   20
46   1   3   29
46   1   4   28
46   1   5   26
46   1   6   12
46   2   1   10
46   2   2   22
46   2   3   30
46   2   4   31
46   2   5   28
46   2   6   8
46   3   1   16
46   3   2   22
46   3   3   26
46   3   4   28
46   3   5   22
46   3   6   15
46   4   1   10
46   4   2   27
46   4   3   29
46   4   4   25
46   4   5   26
46   4   6   12
47   1   1   6
47   1   2   14
47   1   3   19
47   1   4   16
47   1   5   15
47   1   6   6
47   2   1   14
47   2   2   20
47   2   3   26
47   2   4   16
47   3   1   17
47   3   2   20
47   3   3   22
47   3   4   17
47   4   1   18
47   4   2   19
47   4   3   20
47   4   4   19
48   1   1   7
48   1   2   11
48   1   3   12
48   1   4   11
48   1   5   11
48   1   6   7
48   2   1   11
48   2   2   17
48   2   3   19
48   2   4   12
48   3   1   9
48   3   2   19
48   3   3   24
48   3   4   7
48   4   1   11
48   4   2   19
48   4   3   16
48   4   4   13
49   1   1   5
49   1   2   21
49   1   3   19
49   1   4   7
49   2   1   11
49   2   2   16
49   2   3   15
49   2   4   10
49   3   1   6
49   3   2   9
49   3   3   11
49   3   4   11
49   3   5   10
49   3   6   5
49   4   1   11
49   4   2   14
49   4   3   16
49   4   4   11
50   1   1   8
50   1   2   17
50   1   3   14
50   1   4   9
50   2   1   11
50   2   2   13
50   2   3   14
50   2   4   10
50   3   1   8
50   3   2   17
50   3   3   14
50   3   4   9
50   4   1   9
50   4   2   15
50   4   3   15
50   4   4   9
51   1   1   7
51   1   2   10
51   1   3   9
51   1   4   7
51   2   1   19
51   2   2   10
51   2   3   4
51   3   1   5
51   3   2   11
51   3   3   12
51   3   4   5
51   4   1   7
51   4   2   9
51   4   3   9
51   4   4   8
52   1   1   5
52   1   2   18
52   1   3   21
52   2   1   12
52   2   2   10
52   2   3   11
52   2   4   11
52   3   1   9
52   3   2   11
52   3   3   14
52   3   4   10
52   4   1   6
52   4   2   16
52   4   3   17
52   4   4   5
53   1   1   5
53   1   2   13
53   1   3   23
53   1   4   26
53   1   5   27
53   1   6   28
53   1   7   17
53   2   1   10
53   2   2   21
53   2   3   35
53   2   4   42
53   2   5   24
53   2   6   7
53   3   1   21
53   3   2   23
53   3   3   25
53   3   4   27
53   3   5   22
53   3   6   15
53   3   7   6
53   4   1   14
53   4   2   26
53   4   3   30
53   4   4   28
53   4   5   24
53   4   6   17
54   1   1   10
54   1   2   25
54   1   3   25
54   1   4   28
54   1   5   20
54   1   6   16
54   2   1   6
54   2   2   25
54   2   3   31
54   2   4   34
54   2   5   28
54   3   1   17
54   3   2   19
54   3   3   26
54   3   4   25
54   3   5   21
54   3   6   16
54   4   1   11
54   4   2   20
54   4   3   31
54   4   4   27
54   4   5   21
54   4   6   14
55   1   1   13
55   1   2   15
55   1   3   22
55   1   4   25
55   1   5   20
55   1   6   9
55   2   1   9
55   2   2   20
55   2   3   22
55   2   4   26
55   2   5   17
55   2   6   10
55   3   1   25
55   3   2   27
55   3   3   29
55   3   4   23
55   4   1   6
55   4   2   20
55   4   3   28
55   4   4   23
55   4   5   16
55   4   6   11
56   1   1   18
56   1   2   20
56   1   3   11
56   1   4   9
56   1   5   7
56   2   1   5
56   2   2   12
56   2   3   14
56   2   4   16
56   2   5   12
56   2   6   6
56   3   1   13
56   3   2   17
56   3   3   17
56   3   4   10
56   3   5   8
56   4   1   12
56   4   2   21
56   4   3   20
56   4   4   12
57   1   1   8
57   1   2   16
57   1   3   20
57   1   4   18
57   1   5   18
57   1   6   7
57   2   1   10
57   2   2   15
57   2   3   17
57   2   4   19
57   2   5   15
57   2   6   11
57   3   1   7
57   3   2   13
57   3   3   20
57   3   4   25
57   3   5   17
57   3   6   5
57   4   1   12
57   4   2   34
57   4   3   28
57   4   4   13
58   1   1   12
58   1   2   22
58   1   3   21
58   1   4   15
58   2   1   17
58   2   2   16
58   2   3   19
58   2   4   18
58   3   1   17
58   3   2   21
58   3   3   17
58   3   4   15
58   4   1   5
58   4   2   12
58   4   3   22
58   4   4   13
58   4   5   12
58   4   6   6
59   1   1   7
59   1   2   14
59   1   3   23
59   1   4   25
59   1   5   28
59   1   6   23
59   1   7   22
59   2   1   5
59   2   2   11
59   2   3   20
59   2   4   35
59   2   5   32
59   2   6   21
59   2   7   13
59   2   8   5
59   3   1   11
59   3   2   29
59   3   3   35
59   3   4   31
59   3   5   20
59   3   6   11
59   3   7   5
59   4   1   12
59   4   2   25
59   4   3   33
59   4   4   31
59   4   5   28
59   4   6   13
60   1   1   18
60   1   2   19
60   1   3   16
60   1   4   11
60   1   5   5
60   2   1   10
60   2   2   12
60   2   3   14
60   2   4   12
60   2   5   10
60   2   6   11
60   3   1   11
60   3   2   23
60   3   3   26
60   3   4   9
60   4   1   16
60   4   2   20
60   4   3   16
60   4   4   17
61   1   1   15
61   1   2   23
61   1   3   28
61   1   4   28
61   1   5   19
61   2   1   24
61   2   2   32
61   2   3   31
61   2   4   26
61   3   1   11
61   3   2   21
61   3   3   25
61   3   4   25
61   3   5   19
61   3   6   12
61   4   1   13
61   4   2   22
61   4   3   20
61   4   4   26
61   4   5   19
61   4   6   13
62   1   1   9
62   1   2   12
62   1   3   12
62   1   4   11
62   2   1   10
62   2   2   14
62   2   3   11
62   2   4   9
62   3   1   7
62   3   2   16
62   3   3   13
62   3   4   8
62   4   1   8
62   4   2   16
62   4   3   15
62   4   4   5
63   1   1   17
63   1   2   15
63   1   3   22
63   1   4   14
63   2   1   7
63   2   2   15
63   2   3   15
63   2   4   13
63   2   5   8
63   2   6   6
63   2   7   4
63   3   1   13
63   3   2   22
63   3   3   20
63   3   4   13
63   4   1   14
63   4   2   22
63   4   3   18
63   4   4   9
63   4   5   5
64   1   1   9
64   1   2   20
64   1   3   29
64   1   4   31
64   1   5   25
64   1   6   6
64   2   1   10
64   2   2   19
64   2   3   30
64   2   4   31
64   2   5   22
64   2   6   8
64   3   1   13
64   3   2   21
64   3   3   26
64   3   4   28
64   3   5   20
64   3   6   12
64   4   1   8
64   4   2   10
64   4   3   17
64   4   4   22
64   4   5   24
64   4   6   23
64   4   7   16
65   1   1   13
65   1   2   18
65   1   3   23
65   1   4   23
65   1   5   20
65   1   6   12
65   2   1   22
65   2   2   37
65   2   3   28
65   2   4   17
65   2   5   5
65   3   1   5
65   3   2   26
65   3   3   26
65   3   4   26
65   3   5   17
65   3   6   9
65   4   1   8
65   4   2   13
65   4   3   14
65   4   4   20
65   4   5   17
65   4   6   15
65   4   7   13
65   4   8   9
66   1   1   22
66   1   2   31
66   1   3   36
66   1   4   29
66   1   5   21
66   1   6   13
66   1   7   8
66   1   8   5
66   2   1   5
66   2   2   14
66   2   3   28
66   2   4   34
66   2   5   35
66   2   6   31
66   2   7   18
66   3   1   16
66   3   2   31
66   3   3   39
66   3   4   35
66   3   5   26
66   3   6   18
66   4   1   19
66   4   2   32
66   4   3   35
66   4   4   33
66   4   5   24
66   4   6   14
66   4   7   8
67   1   1   15
67   1   2   25
67   1   3   30
67   1   4   37
67   1   5   31
67   1   6   9
67   2   1   20
67   2   2   24
67   2   3   34
67   2   4   27
67   2   5   21
67   2   6   15
67   2   7   6
67   3   1   13
67   3   2   31
67   3   3   33
67   3   4   33
67   3   5   26
67   3   6   11
67   4   1   15
67   4   2   30
67   4   3   35
67   4   4   28
67   4   5   19
67   4   6   15
67   4   7   5
68   1   1   6
68   1   2   14
68   1   3   15
68   1   4   11
68   1   5   11
68   1   6   11
68   2   1   15
68   2   2   18
68   2   3   19
68   2   4   16
68   3   1   11
68   3   2   25
68   3   3   21
68   3   4   11
68   4   1   15
68   4   2   20
68   4   3   17
68   4   4   16
69   1   1   5
69   1   2   12
69   1   3   18
69   1   4   17
69   1   5   13
69   1   6   5
69   2   1   5
69   2   2   10
69   2   3   19
69   2   4   20
69   2   5   16
69   3   1   19
69   3   2   16
69   3   3   18
69   3   4   12
69   3   5   5
69   4   1   18
69   4   2   17
69   4   3   18
69   4   4   17
70   1   1   14
70   1   2   15
70   1   3   11
70   1   4   9
70   1   5   6
70   2   1   8
70   2   2   8
70   2   3   12
70   2   4   11
70   2   5   8
70   2   6   8
70   3   1   25
70   3   2   23
70   3   3   7
70   4   1   12
70   4   2   15
70   4   3   15
70   4   4   13
71   1   1   7
71   1   2   9
71   1   3   7
71   1   4   12
71   1   5   7
71   1   6   7
71   2   1   6
71   2   2   19
71   2   3   18
71   2   4   6
71   3   1   11
71   3   2   12
71   3   3   15
71   3   4   11
71   4   1   13
71   4   2   11
71   4   3   14
71   4   4   11
72   1   1   9
72   1   2   20
72   1   3   23
72   1   4   19
72   1   5   15
72   1   6   9
72   2   1   7
72   2   2   21
72   2   3   22
72   2   4   18
72   2   5   16
72   2   6   11
72   3   1   20
72   3   2   29
72   3   3   28
72   3   4   18
72   4   1   8
72   4   2   17
72   4   3   22
72   4   4   23
72   4   5   18
72   4   6   7
73   1   1   19
73   1   2   16
73   1   3   17
73   1   4   13
73   1   5   7
73   2   1   17
73   2   2   19
73   2   3   19
73   2   4   17
73   3   1   15
73   3   2   20
73   3   3   23
73   3   4   14
73   4   1   4
73   4   2   11
73   4   3   19
73   4   4   22
73   4   5   16
74   1   1   18
74   1   2   28
74   1   3   28
74   1   4   22
74   1   5   20
74   1   6   12
74   1   7   8
74   2   1   5
74   2   2   23
74   2   3   39
74   2   4   39
74   2   5   23
74   2   6   7
74   3   1   16
74   3   2   19
74   3   3   30
74   3   4   31
74   3   5   29
74   3   6   11
74   4   1   21
74   4   2   20
74   4   3   27
74   4   4   28
74   4   5   21
74   4   6   19
75   1   1   15
75   1   2   21
75   2   1   9
75   2   2   11
75   2   3   8
75   2   4   5
75   2   5   3
75   3   1   8
75   3   2   11
75   3   3   8
75   3   4   9
75   4   1   10
75   4   2   10
75   4   3   9
75   4   4   7
76   1   1   11
76   1   2   21
76   1   3   27
76   1   4   26
76   1   5   30
76   1   6   29
76   1   7   25
76   1   8   7
76   2   1   5
76   2   2   20
76   2   3   26
76   2   4   33
76   2   5   38
76   2   6   35
76   2   7   19
76   3   1   23
76   3   2   28
76   3   3   35
76   3   4   37
76   3   5   33
76   3   6   20
76   4   1   12
76   4   2   34
76   4   3   45
76   4   4   42
76   4   5   27
76   4   6   16
77   1   1   6
77   1   2   24
77   1   3   30
77   1   4   27
77   1   5   20
77   1   6   7
77   2   1   16
77   2   2   17
77   2   3   27
77   2   4   22
77   2   5   16
77   2   6   10
77   2   7   6
77   3   1   13
77   3   2   22
77   3   3   22
77   3   4   23
77   3   5   22
77   3   6   12
77   4   1   6
77   4   2   22
77   4   3   28
77   4   4   30
77   4   5   28
78   1   1   7
78   1   2   11
78   1   3   19
78   1   4   21
78   1   5   21
78   2   1   6
78   2   2   14
78   2   3   18
78   2   4   19
78   2   5   22
78   3   1   18
78   3   2   27
78   3   3   18
78   3   4   10
78   3   5   6
78   4   1   8
78   4   2   17
78   4   3   17
78   4   4   12
78   4   5   12
78   4   6   13
79   1   1   12
79   1   2   15
79   1   3   16
79   1   4   11
79   2   1   14
79   2   2   14
79   2   3   13
79   2   4   8
79   2   5   5
79   3   1   11
79   3   2   15
79   3   3   17
79   3   4   11
79   4   1   5
79   4   2   7
79   4   3   16
79   4   4   11
79   4   5   15
80   1   1   5
80   1   2   22
80   1   3   24
80   1   4   20
80   1   5   17
80   1   6   8
80   2   1   8
80   2   2   17
80   2   3   21
80   2   4   24
80   2   5   19
80   2   6   7
80   3   1   19
80   3   2   23
80   3   3   24
80   3   4   18
80   3   5   12
80   4   1   9
80   4   2   17
80   4   3   23
80   4   4   22
80   4   5   14
80   4   6   11
81   1   1   12
81   1   2   12
81   2   1   5
81   2   2   7
81   2   3   6
81   2   4   6
81   3   1   13
81   3   2   5
81   3   3   6
81   4   1   10
81   4   2   14
82   1   1   14
82   1   2   23
82   1   3   18
82   1   4   15
82   2   1   6
82   2   2   14
82   2   3   15
82   2   4   16
82   2   5   13
82   2   6   6
82   3   1   15
82   3   2   21
82   3   3   18
82   3   4   16
82   4   1   20
82   4   2   15
82   4   3   16
82   4   4   19
83   1   1   18
83   1   2   30
83   1   3   33
83   1   4   32
83   1   5   31
83   1   6   17
83   2   1   15
83   2   2   31
83   2   3   38
83   2   4   30
83   2   5   31
83   2   6   16
83   3   1   9
83   3   2   17
83   3   3   29
83   3   4   34
83   3   5   29
83   3   6   26
83   3   7   17
83   4   1   19
83   4   2   29
83   4   3   33
83   4   4   35
83   4   5   25
83   4   6   20
84   1   1   5
84   1   2   16
84   1   3   22
84   1   4   22
84   1   5   21
84   2   1   19
84   2   2   27
84   2   3   22
84   2   4   18
84   3   1   21
84   3   2   21
84   3   3   18
84   3   4   15
84   3   5   11
84   4   1   6
84   4   2   19
84   4   3   21
84   4   4   18
84   4   5   12
84   4   6   10
85   1   1   16
85   1   2   19
85   1   3   21
85   1   4   14
85   2   1   5
85   2   2   14
85   2   3   17
85   2   4   15
85   2   5   13
85   2   6   6
85   3   1   11
85   3   2   25
85   3   3   22
85   3   4   12
85   4   1   6
85   4   2   16
85   4   3   12
85   4   4   17
85   4   5   13
85   4   6   6
86   1   1   5
86   1   2   17
86   1   3   25
86   1   4   30
86   1   5   24
86   2   1   11
86   2   2   16
86   2   3   23
86   2   4   21
86   2   5   21
86   2   6   9
86   3   1   12
86   3   2   18
86   3   3   20
86   3   4   24
86   3   5   13
86   3   6   14
86   4   1   26
86   4   2   29
86   4   3   23
86   4   4   16
86   4   5   7
87   1   1   6
87   1   2   13
87   1   3   18
87   1   4   15
87   1   5   16
87   1   6   6
87   2   1   16
87   2   2   20
87   2   3   22
87   2   4   16
87   3   1   16
87   3   2   21
87   3   3   20
87   3   4   12
87   3   5   5
87   4   1   16
87   4   2   21
87   4   3   21
87   4   4   11
87   4   5   5
88   1   1   5
88   1   2   13
88   1   3   27
88   1   4   31
88   1   5   18
88   2   1   5
88   2   2   16
88   2   3   27
88   2   4   26
88   2   5   10
88   2   6   10
88   3   1   7
88   3   2   20
88   3   3   22
88   3   4   19
88   3   5   17
88   3   6   9
88   4   1   10
88   4   2   15
88   4   3   21
88   4   4   21
88   4   5   19
88   4   6   8
89   1   1   14
89   1   2   31
89   1   3   23
89   1   4   15
89   2   1   10
89   2   2   15
89   2   3   20
89   2   4   15
89   2   5   11
89   2   6   6
89   2   7   6
89   3   1   17
89   3   2   23
89   3   3   25
89   3   4   18
89   4   1   7
89   4   2   14
89   4   3   21
89   4   4   20
89   4   5   15
89   4   6   6
90   1   1   10
90   1   2   24
90   1   3   26
90   1   4   25
90   1   5   20
90   1   6   13
90   2   1   14
90   2   2   20
90   2   3   22
90   2   4   30
90   2   5   22
90   2   6   10
90   3   1   13
90   3   2   18
90   3   3   24
90   3   4   31
90   3   5   23
90   3   6   9
90   4   1   8
90   4   2   23
90   4   3   27
90   4   4   28
90   4   5   27
90   4   6   5
91   1   1   15
91   1   2   26
91   1   3   22
91   1   4   15
91   2   1   4
91   2   2   14
91   2   3   21
91   2   4   22
91   2   5   10
91   2   6   7
91   3   1   18
91   3   2   23
91   3   3   20
91   3   4   12
91   3   5   5
91   4   1   8
91   4   2   16
91   4   3   16
91   4   4   15
91   4   5   13
91   4   6   10
92   1   1   9
92   1   2   14
92   1   3   17
92   1   4   18
92   1   5   16
92   1   6   8
92   2   1   9
92   2   2   15
92   2   3   17
92   2   4   16
92   2   5   15
92   2   6   10
92   3   1   9
92   3   2   34
92   3   3   28
92   3   4   11
92   4   1   9
92   4   2   15
92   4   3   19
92   4   4   18
92   4   5   12
92   4   6   9
93   1   1   10
93   1   2   19
93   1   3   17
93   1   4   9
93   2   1   5
93   2   2   10
93   2   3   12
93   2   4   13
93   2   5   15
93   3   1   14
93   3   2   12
93   3   3   16
93   3   4   13
93   4   1   10
93   4   2   17
93   4   3   17
93   4   4   11
94   1   1   16
94   1   2   21
94   1   3   39
94   1   4   35
94   1   5   33
94   1   6   10
94   2   1   21
94   2   2   29
94   2   3   26
94   2   4   37
94   2   5   15
94   2   6   20
94   2   7   6
94   3   1   18
94   3   2   29
94   3   3   28
94   3   4   34
94   3   5   28
94   3   6   17
94   4   1   11
94   4   2   31
94   4   3   35
94   4   4   36
94   4   5   26
94   4   6   15
95   1   1   12
95   1   2   17
95   1   3   16
95   1   4   7
95   1   5   4
95   2   1   8
95   2   2   22
95   2   3   13
95   2   4   13
95   3   1   13
95   3   2   17
95   3   3   13
95   3   4   13
95   4   1   15
95   4   2   16
95   4   3   11
95   4   4   8
95   4   5   6
96   1   1   9
96   1   2   17
96   1   3   20
96   1   4   19
96   1   5   12
96   1   6   12
96   2   1   6
96   2   2   15
96   2   3   22
96   2   4   24
96   2   5   17
96   2   6   5
96   3   1   10
96   3   2   15
96   3   3   19
96   3   4   22
96   3   5   13
96   3   6   10
96   4   1   17
96   4   2   24
96   4   3   31
96   4   4   17
97   1   1   8
97   1   2   19
97   1   3   20
97   1   4   18
97   1   5   12
97   1   6   10
97   2   1   9
97   2   2   12
97   2   3   20
97   2   4   24
97   2   5   17
97   2   6   5
97   3   1   16
97   3   2   26
97   3   3   27
97   3   4   18
97   4   1   5
97   4   2   18
97   4   3   22
97   4   4   21
97   4   5   14
97   4   6   7
98   1   1   13
98   1   2   21
98   1   3   26
98   1   4   29
98   1   5   18
98   1   6   15
98   2   1   16
98   2   2   16
98   2   3   29
98   2   4   25
98   2   5   23
98   2   6   13
98   3   1   11
98   3   2   24
98   3   3   27
98   3   4   24
98   3   5   23
98   3   6   13
98   4   1   6
98   4   2   24
98   4   3   30
98   4   4   33
98   4   5   23
98   4   6   6
99   1   1   7
99   1   2   20
99   1   3   29
99   1   4   25
99   1   5   20
99   1   6   8
99   2   1   12
99   2   2   17
99   2   3   26
99   2   4   25
99   2   5   18
99   2   6   11
99   3   1   8
99   3   2   20
99   3   3   26
99   3   4   27
99   3   5   23
99   3   6   5
99   4   1   11
99   4   2   18
99   4   3   25
99   4   4   24
99   4   5   21
99   4   6   10
100   1   1   5
100   1   2   13
100   1   3   19
100   1   4   18
100   1   5   14
100   1   6   5
100   2   1   13
100   2   2   24
100   2   3   24
100   2   4   13
100   3   1   7
100   3   2   14
100   3   3   15
100   3   4   17
100   3   5   14
100   3   6   7
100   4   1   16
100   4   2   21
100   4   3   20
100   4   4   17
101   1   1   12
101   1   2   21
101   1   3   21
101   1   4   11
101   2   1   18
101   2   2   15
101   2   3   14
101   2   4   18
101   3   1   13
101   3   2   18
101   3   3   21
101   3   4   13
101   4   1   12
101   4   2   21
101   4   3   17
101   4   4   10
101   4   5   5
102   1   1   9
102   1   2   14
102   1   3   21
102   1   4   25
102   1   5   32
102   1   6   20
102   1   7   13
102   1   8   9
102   2   1   12
102   2   2   24
102   2   3   31
102   2   4   39
102   2   5   31
102   2   6   6
102   3   1   18
102   3   2   30
102   3   3   27
102   3   4   23
102   3   5   22
102   3   6   17
102   3   7   6
102   4   1   11
102   4   2   28
102   4   3   34
102   4   4   35
102   4   5   21
102   4   6   14
103   1   1   5
103   1   2   21
103   1   3   28
103   1   4   24
103   1   5   16
103   1   6   9
103   2   1   5
103   2   2   22
103   2   3   26
103   2   4   25
103   2   5   15
103   2   6   10
103   3   1   10
103   3   2   20
103   3   3   24
103   3   4   20
103   3   5   15
103   3   6   14
103   4   1   5
103   4   2   19
103   4   3   30
103   4   4   23
103   4   5   18
103   4   6   8
104   1   1   6
104   1   2   19
104   1   3   25
104   1   4   23
104   1   5   19
104   1   6   8
104   2   1   6
104   2   2   16
104   2   3   28
104   2   4   29
104   2   5   15
104   2   6   6
104   3   1   6
104   3   2   20
104   3   3   24
104   3   4   25
104   3   5   19
104   3   6   6
104   4   1   9
104   4   2   18
104   4   3   21
104   4   4   24
104   4   5   20
104   4   6   8
105   1   1   1
105   2   1   1
105   3   1   1
105   4   1   1
106   1   1   6
106   1   2   17
106   1   3   29
106   1   4   24
106   1   5   14
106   1   6   9
106   2   1   11
106   2   2   18
106   2   3   20
106   2   4   22
106   2   5   17
106   2   6   11
106   3   1   8
106   3   2   19
106   3   3   23
106   3   4   23
106   3   5   17
106   3   6   9
106   4   1   6
106   4   2   20
106   4   3   28
106   4   4   23
106   4   5   16
106   4   6   6
107   1   1   7
107   1   2   13
107   1   3   23
107   1   4   27
107   1   5   31
107   1   6   26
107   1   7   13
107   1   8   6
107   2   1   20
107   2   2   23
107   2   3   32
107   2   4   28
107   2   5   26
107   2   6   17
107   3   1   16
107   3   2   21
107   3   3   32
107   3   4   37
107   3   5   29
107   3   6   11
107   4   1   14
107   4   2   28
107   4   3   32
107   4   4   30
107   4   5   27
107   4   6   15
108   1   1   13
108   1   2   15
108   1   3   19
108   1   4   11
108   2   1   15
108   2   2   15
108   2   3   14
108   2   4   9
108   2   5   5
108   3   1   12
108   3   2   17
108   3   3   15
108   3   4   14
108   4   1   12
108   4   2   17
108   4   3   19
108   4   4   10
109   1   1   17
109   1   2   45
109   1   3   44
109   1   4   36
109   1   5   26
109   1   6   14
109   1   7   11
109   2   1   11
109   2   2   17
109   2   3   28
109   2   4   34
109   2   5   39
109   2   6   40
109   2   7   24
109   3   1   12
109   3   2   24
109   3   3   26
109   3   4   30
109   3   5   35
109   3   6   33
109   3   7   24
109   3   8   9
109   4   1   25
109   4   2   28
109   4   3   40
109   4   4   41
109   4   5   37
109   4   6   22
110   1   1   13
110   1   2   19
110   1   3   17
110   1   4   13
110   2   1   13
110   2   2   19
110   2   3   17
110   2   4   13
110   3   1   7
110   3   2   11
110   3   3   14
110   3   4   14
110   3   5   10
110   3   6   6
110   4   1   13
110   4   2   17
110   4   3   18
110   4   4   14
111   1   1   7
111   1   2   21
111   1   3   43
111   1   4   45
111   1   5   46
111   1   6   34
111   1   7   22
111   1   8   10
111   2   1   11
111   2   2   27
111   2   3   34
111   2   4   40
111   2   5   40
111   2   6   41
111   2   7   27
111   2   8   8
111   3   1   10
111   3   2   20
111   3   3   37
111   3   4   45
111   3   5   43
111   3   6   41
111   3   7   32
111   4   1   10
111   4   2   27
111   4   3   38
111   4   4   32
111   4   5   53
111   4   6   31
111   4   7   27
111   4   8   10
112   1   1   11
112   1   2   16
112   1   3   18
112   1   4   12
112   2   1   7
112   2   2   10
112   2   3   12
112   2   4   13
112   2   5   10
112   2   6   5
112   3   1   8
112   3   2   22
112   3   3   18
112   3   4   9
112   4   1   12
112   4   2   17
112   4   3   14
112   4   4   14
113   1   1   18
113   1   2   22
113   1   3   25
113   1   4   19
113   2   1   19
113   2   2   24
113   2   3   21
113   2   4   20
113   3   1   10
113   3   2   14
113   3   3   19
113   3   4   18
113   3   5   12
113   3   6   11
113   4   1   6
113   4   2   15
113   4   3   21
113   4   4   23
113   4   5   19
114   1   1   12
114   1   2   17
114   1   3   21
114   1   4   19
114   1   5   19
114   1   6   12
114   2   1   21
114   2   2   33
114   2   3   28
114   2   4   18
114   3   1   8
114   3   2   20
114   3   3   23
114   3   4   20
114   3   5   19
114   3   6   10
114   4   1   11
114   4   2   16
114   4   3   22
114   4   4   21
114   4   5   16
114   4   6   14
115   1   1   13
115   1   2   10
115   1   3   10
115   1   4   9
115   2   1   7
115   2   2   13
115   2   3   15
115   2   4   7
115   3   1   9
115   3   2   14
115   3   3   12
115   3   4   7
115   4   1   5
115   4   2   18
115   4   3   13
115   4   4   6
116   1   1   8
116   1   2   17
116   1   3   28
116   1   4   33
116   1   5   26
116   2   1   8
116   2   2   25
116   2   3   27
116   2   4   22
116   2   5   18
116   2   6   12
116   3   1   10
116   3   2   20
116   3   3   28
116   3   4   25
116   3   5   17
116   3   6   12
116   4   1   8
116   4   2   25
116   4   3   28
116   4   4   22
116   4   5   16
116   4   6   8
116   4   7   5
117   1   1   7
117   1   2   17
117   1   3   28
117   1   4   25
117   1   5   17
117   1   6   7
117   2   1   8
117   2   2   19
117   2   3   25
117   2   4   22
117   2   5   16
117   2   6   11
117   3   1   5
117   3   2   19
117   3   3   29
117   3   4   24
117   3   5   16
117   3   6   8
117   4   1   11
117   4   2   16
117   4   3   20
117   4   4   29
117   4   5   18
117   4   6   7
118   1   1   8
118   1   2   14
118   1   3   25
118   1   4   21
118   1   5   18
118   1   6   11
118   2   1   12
118   2   2   18
118   2   3   19
118   2   4   21
118   2   5   17
118   2   6   10
118   3   1   22
118   3   2   24
118   3   3   30
118   3   4   21
118   4   1   5
118   4   2   17
118   4   3   26
118   4   4   27
118   4   5   17
118   4   6   5
119   1   1   9
119   1   2   17
119   1   3   25
119   1   4   28
119   1   5   18
119   1   6   8
119   2   1   11
119   2   2   15
119   2   3   24
119   2   4   26
119   2   5   20
119   2   6   9
119   3   1   23
119   3   2   29
119   3   3   31
119   3   4   22
119   4   1   13
119   4   2   17
119   4   3   18
119   4   4   23
119   4   5   24
119   4   6   10
120   1   1   22
120   1   2   25
120   1   3   33
120   1   4   36
120   1   5   32
120   1   6   19
120   2   1   18
120   2   2   32
120   2   3   35
120   2   4   35
120   2   5   25
120   2   6   14
120   2   7   8
120   3   1   8
120   3   2   16
120   3   3   27
120   3   4   32
120   3   5   32
120   3   6   26
120   3   7   20
120   3   8   6
120   4   1   16
120   4   2   32
120   4   3   38
120   4   4   35
120   4   5   27
120   4   6   19
121   1   1   12
121   1   2   9
121   2   1   3
121   2   2   8
121   2   3   10
121   3   1   11
121   3   2   10
121   4   1   10
121   4   2   11
122   1   1   17
122   1   2   19
122   1   3   19
122   1   4   15
122   2   1   17
122   2   2   18
122   2   3   18
122   2   4   17
122   3   1   13
122   3   2   20
122   3   3   23
122   3   4   14
122   4   1   10
122   4   2   11
122   4   3   13
122   4   4   13
122   4   5   14
122   4   6   9
123   1   1   7
123   1   2   23
123   1   3   31
123   1   4   26
123   1   5   16
123   1   6   11
123   2   1   13
123   2   2   18
123   2   3   26
123   2   4   26
123   2   5   20
123   2   6   11
123   3   1   11
123   3   2   20
123   3   3   26
123   3   4   26
123   3   5   19
123   3   6   12
123   4   1   26
123   4   2   33
123   4   3   30
123   4   4   20
123   4   5   5
124   1   1   13
124   1   2   19
124   1   3   24
124   1   4   27
124   1   5   22
124   1   6   11
124   2   1   12
124   2   2   23
124   2   3   24
124   2   4   24
124   2   5   20
124   2   6   13
124   3   1   32
124   3   2   31
124   3   3   24
124   3   4   20
124   3   5   9
124   4   1   32
124   4   2   31
124   4   3   26
124   4   4   17
124   4   5   10
125   1   1   12
125   1   2   17
125   1   3   22
125   1   4   9
125   2   1   13
125   2   2   16
125   2   3   17
125   2   4   14
125   3   1   13
125   3   2   16
125   3   3   19
125   3   4   12
125   4   1   14
125   4   2   16
125   4   3   16
125   4   4   14
126   1   1   9
126   1   2   15
126   1   3   26
126   1   4   23
126   1   5   13
126   1   6   11
126   2   1   25
126   2   2   29
126   2   3   17
126   2   4   18
126   2   5   8
126   3   1   10
126   3   2   22
126   3   3   16
126   3   4   19
126   3   5   17
126   3   6   13
126   4   1   20
126   4   2   31
126   4   3   26
126   4   4   20
127   1   1   5
127   1   2   11
127   1   3   15
127   1   4   22
127   1   5   22
127   1   6   21
127   1   7   13
127   2   1   5
127   2   2   20
127   2   3   29
127   2   4   32
127   2   5   23
127   3   1   11
127   3   2   17
127   3   3   27
127   3   4   24
127   3   5   17
127   3   6   13
127   4   1   12
127   4   2   19
127   4   3   21
127   4   4   22
127   4   5   23
127   4   6   12
128   1   1   10
128   1   2   11
128   1   3   11
128   1   4   11
128   2   1   6
128   2   2   15
128   2   3   22
128   3   1   9
128   3   2   11
128   3   3   13
128   3   4   10
128   4   1   10
128   4   2   9
128   4   3   13
128   4   4   11
129   1   1   5
129   1   2   17
129   1   3   30
129   1   4   37
129   1   5   40
129   1   6   47
129   1   7   33
129   1   8   30
129   1   9   19
129   1   10   5
129   2   1   5
129   2   2   33
129   2   3   42
129   2   4   53
129   2   5   55
129   2   6   39
129   2   7   24
129   2   8   12
129   3   1   14
129   3   2   33
129   3   3   38
129   3   4   45
129   3   5   41
129   3   6   39
129   3   7   36
129   3   8   17
129   4   1   15
129   4   2   21
129   4   3   39
129   4   4   53
129   4   5   57
129   4   6   43
129   4   7   25
129   4   8   10
130   1   1   6
130   1   2   16
130   1   3   13
130   1   4   6
130   2   1   9
130   2   2   12
130   2   3   11
130   2   4   9
130   3   1   9
130   3   2   10
130   3   3   14
130   3   4   8
130   4   1   6
130   4   2   15
130   4   3   14
130   4   4   6
131   1   1   8
131   1   2   14
131   1   3   13
131   1   4   9
131   2   1   13
131   2   2   8
131   2   3   12
131   2   4   11
131   3   1   10
131   3   2   11
131   3   3   14
131   3   4   9
131   4   1   7
131   4   2   17
131   4   3   20
132   1   1   12
132   1   2   16
132   1   3   28
132   1   4   21
132   1   5   21
132   1   6   10
132   2   1   9
132   2   2   19
132   2   3   28
132   2   4   27
132   2   5   14
132   2   6   11
132   3   1   5
132   3   2   22
132   3   3   27
132   3   4   30
132   3   5   17
132   3   6   7
132   4   1   8
132   4   2   22
132   4   3   27
132   4   4   22
132   4   5   20
132   4   6   9
133   1   1   3
133   1   2   12
133   1   3   14
133   1   4   21
133   1   5   15
133   2   1   3
133   2   2   11
133   2   3   18
133   2   4   19
133   2   5   14
133   3   1   18
133   3   2   16
133   3   3   15
133   3   4   11
133   3   5   5
133   4   1   13
133   4   2   23
133   4   3   18
133   4   4   11
134   1   1   10
134   1   2   20
134   1   3   35
134   1   4   38
134   1   5   25
134   1   6   8
134   2   1   12
134   2   2   24
134   2   3   36
134   2   4   30
134   2   5   18
134   2   6   16
134   3   1   16
134   3   2   26
134   3   3   29
134   3   4   27
134   3   5   21
134   3   6   12
134   3   7   5
134   4   1   17
134   4   2   25
134   4   3   25
134   4   4   28
134   4   5   25
134   4   6   16
135   1   1   6
135   1   2   10
135   1   3   19
135   1   4   25
135   1   5   15
135   2   1   16
135   2   2   22
135   2   3   21
135   2   4   16
135   3   1   5
135   3   2   14
135   3   3   20
135   3   4   17
135   3   5   11
135   3   6   8
135   4   1   5
135   4   2   13
135   4   3   20
135   4   4   19
135   4   5   12
135   4   6   6
136   1   1   12
136   1   2   23
136   1   3   16
136   1   4   13
136   2   1   5
136   2   2   11
136   2   3   16
136   2   4   17
136   2   5   15
136   3   1   7
136   3   2   10
136   3   3   14
136   3   4   13
136   3   5   10
136   3   6   10
136   4   1   10
136   4   2   22
136   4   3   23
136   4   4   9
137   1   1   7
137   1   2   7
137   1   3   10
137   1   4   7
137   2   1   7
137   2   2   9
137   2   3   9
137   2   4   6
137   3   1   16
137   3   2   15
137   4   1   5
137   4   2   11
137   4   3   10
137   4   4   5
138   1   1   17
138   1   2   21
138   1   3   25
138   1   4   30
138   1   5   26
138   1   6   13
138   2   1   10
138   2   2   27
138   2   3   30
138   2   4   28
138   2   5   25
138   2   6   12
138   3   1   8
138   3   2   24
138   3   3   29
138   3   4   28
138   3   5   23
138   3   6   15
138   3   7   5
138   4   1   11
138   4   2   23
138   4   3   34
138   4   4   30
138   4   5   22
138   4   6   12
139   1   1   18
139   1   2   21
139   1   3   20
139   1   4   19
139   2   1   13
139   2   2   22
139   2   3   28
139   2   4   15
139   3   1   7
139   3   2   15
139   3   3   16
139   3   4   18
139   3   5   17
139   3   6   5
139   4   1   6
139   4   2   13
139   4   3   21
139   4   4   18
139   4   5   15
139   4   6   5
140   1   1   6
140   1   2   21
140   1   3   30
140   1   4   30
140   1   5   21
140   1   6   6
140   2   1   9
140   2   2   23
140   2   3   24
140   2   4   24
140   2   5   27
140   2   6   7
140   3   1   9
140   3   2   18
140   3   3   31
140   3   4   30
140   3   5   21
140   3   6   5
140   4   1   18
140   4   2   19
140   4   3   19
140   4   4   22
140   4   5   20
140   4   6   16
141   1   1   13
141   1   2   15
141   1   3   17
141   1   4   19
141   1   5   16
141   1   6   11
141   2   1   8
141   2   2   17
141   2   3   22
141   2   4   18
141   2   5   18
141   2   6   8
141   3   1   15
141   3   2   31
141   3   3   28
141   3   4   17
141   4   1   22
141   4   2   26
141   4   3   20
141   4   4   17
141   4   5   6
142   1   1   8
142   1   2   12
142   1   3   16
142   1   4   15
142   1   5   14
142   1   6   7
142   2   1   6
142   2   2   11
142   2   3   18
142   2   4   19
142   2   5   18
142   3   1   8
142   3   2   29
142   3   3   27
142   3   4   8
142   4   1   5
142   4   2   15
142   4   3   15
142   4   4   21
142   4   5   11
142   4   6   5
143   1   1   10
143   1   2   23
143   1   3   23
143   1   4   11
143   2   1   5
143   2   2   10
143   2   3   18
143   2   4   15
143   2   5   19
143   3   1   15
143   3   2   18
143   3   3   18
143   3   4   16
143   4   1   16
143   4   2   21
143   4   3   13
143   4   4   12
143   4   5   5
144   1   1   14
144   1   2   25
144   1   3   33
144   1   4   35
144   1   5   27
144   1   6   11
144   2   1   3
144   2   2   14
144   2   3   22
144   2   4   33
144   2   5   33
144   2   6   27
144   2   7   13
144   3   1   17
144   3   2   28
144   3   3   32
144   3   4   28
144   3   5   17
144   3   6   17
144   3   7   6
144   4   1   15
144   4   2   30
144   4   3   23
144   4   4   38
144   4   5   24
144   4   6   15
145   1   1   10
145   1   2   20
145   1   3   25
145   1   4   28
145   1   5   22
145   1   6   9
145   2   1   5
145   2   2   21
145   2   3   30
145   2   4   32
145   2   5   20
145   2   6   6
145   3   1   10
145   3   2   24
145   3   3   29
145   3   4   18
145   3   5   20
145   3   6   13
145   4   1   12
145   4   2   18
145   4   3   27
145   4   4   24
145   4   5   22
145   4   6   11
146   1   1   8
146   1   2   29
146   1   3   37
146   1   4   32
146   1   5   35
146   1   6   5
146   2   1   23
146   2   2   22
146   2   3   27
146   2   4   27
146   2   5   28
146   2   6   13
146   2   7   6
146   3   1   18
146   3   2   26
146   3   3   29
146   3   4   30
146   3   5   24
146   3   6   19
146   4   1   19
146   4   2   23
146   4   3   31
146   4   4   30
146   4   5   25
146   4   6   18
147   1   1   14
147   1   2   11
147   1   3   19
147   1   4   10
147   2   1   12
147   2   2   16
147   2   3   14
147   2   4   12
147   3   1   5
147   3   2   6
147   3   3   15
147   3   4   11
147   3   5   17
147   4   1   8
147   4   2   19
147   4   3   20
147   4   4   7
148   1   1   4
148   1   2   10
148   1   3   20
148   1   4   19
148   1   5   15
148   2   1   18
148   2   2   20
148   2   3   13
148   2   4   9
148   2   5   8
148   3   1   14
148   3   2   22
148   3   3   18
148   3   4   14
148   4   1   8
148   4   2   17
148   4   3   16
148   4   4   11
148   4   5   6
148   4   6   4
148   4   7   6
149   1   1   18
149   1   2   29
149   1   3   34
149   1   4   15
149   2   1   10
149   2   2   19
149   2   3   21
149   2   4   18
149   2   5   13
149   2   6   9
149   2   7   6
149   3   1   10
149   3   2   18
149   3   3   20
149   3   4   19
149   3   5   19
149   3   6   10
149   4   1   8
149   4   2   15
149   4   3   28
149   4   4   20
149   4   5   15
149   4   6   10
150   1   1   7
150   1   2   18
150   1   3   28
150   1   4   23
150   1   5   18
150   1   6   8
150   2   1   8
150   2   2   17
150   2   3   25
150   2   4   26
150   2   5   20
150   2   6   6
150   3   1   13
150   3   2   18
150   3   3   18
150   3   4   19
150   3   5   17
150   3   6   17
150   4   1   23
150   4   2   28
150   4   3   27
150   4   4   24
151   1   1   16
151   1   2   17
151   1   3   21
151   1   4   19
151   1   5   16
151   1   6   17
151   2   1   5
151   2   2   18
151   2   3   31
151   2   4   28
151   2   5   18
151   2   6   6
151   3   1   21
151   3   2   33
151   3   3   31
151   3   4   21
151   4   1   13
151   4   2   19
151   4   3   23
151   4   4   18
151   4   5   19
151   4   6   14
152   1   1   14
152   1   2   25
152   1   3   28
152   1   4   30
152   1   5   20
152   1   6   14
152   2   1   16
152   2   2   22
152   2   3   27
152   2   4   27
152   2   5   24
152   2   6   15
152   3   1   6
152   3   2   14
152   3   3   20
152   3   4   24
152   3   5   27
152   3   6   23
152   3   7   12
152   3   8   5
152   4   1   14
152   4   2   23
152   4   3   28
152   4   4   28
152   4   5   24
152   4   6   14
153   1   1   6
153   1   2   16
153   1   3   24
153   1   4   23
153   1   5   16
153   1   6   5
153   2   1   10
153   2   2   14
153   2   3   18
153   2   4   25
153   2   5   16
153   2   6   7
153   3   1   5
153   3   2   17
153   3   3   25
153   3   4   21
153   3   5   15
153   3   6   7
153   4   1   5
153   4   2   17
153   4   3   24
153   4   4   22
153   4   5   15
153   4   6   7
154   1   1   10
154   1   2   18
154   1   3   20
154   1   4   10
154   2   1   16
154   2   2   13
154   2   3   13
154   2   4   16
154   3   1   12
154   3   2   18
154   3   3   15
154   3   4   13
154   4   1   7
154   4   2   19
154   4   3   19
154   4   4   13
155   1   1   7
155   1   2   19
155   1   3   28
155   1   4   37
155   1   5   36
155   1   6   30
155   1   7   19
155   1   8   6
155   2   1   21
155   2   2   26
155   2   3   40
155   2   4   44
155   2   5   37
155   2   6   14
155   3   1   6
155   3   2   15
155   3   3   29
155   3   4   40
155   3   5   39
155   3   6   33
155   3   7   20
155   4   1   11
155   4   2   21
155   4   3   25
155   4   4   30
155   4   5   33
155   4   6   31
155   4   7   24
155   4   8   7
156   1   1   9
156   1   2   23
156   1   3   28
156   1   4   27
156   1   5   19
156   1   6   12
156   2   1   4
156   2   2   11
156   2   3   13
156   2   4   23
156   2   5   35
156   2   6   27
156   2   7   5
156   3   1   11
156   3   2   22
156   3   3   27
156   3   4   24
156   3   5   20
156   3   6   14
156   4   1   11
156   4   2   20
156   4   3   27
156   4   4   28
156   4   5   22
156   4   6   10
157   1   1   9
157   1   2   22
157   1   3   28
157   1   4   26
157   1   5   16
157   1   6   7
157   1   7   4
157   2   1   13
157   2   2   16
157   2   3   25
157   2   4   29
157   2   5   19
157   2   6   10
157   3   1   9
157   3   2   21
157   3   3   24
157   3   4   28
157   3   5   23
157   3   6   7
157   4   1   7
157   4   2   19
157   4   3   29
157   4   4   29
157   4   5   20
157   4   6   8
158   1   1   19
158   1   2   18
158   1   3   28
158   1   4   30
158   1   5   23
158   1   6   8
158   1   7   5
158   2   1   12
158   2   2   22
158   2   3   31
158   2   4   33
158   2   5   24
158   2   6   9
158   3   1   19
158   3   2   22
158   3   3   22
158   3   4   25
158   3   5   26
158   3   6   17
158   4   1   8
158   4   2   22
158   4   3   31
158   4   4   37
158   4   5   27
158   4   6   6
159   1   1   20
159   1   2   35
159   1   3   37
159   1   4   20
159   2   1   12
159   2   2   22
159   2   3   25
159   2   4   23
159   2   5   16
159   2   6   9
159   2   7   5
159   3   1   15
159   3   2   16
159   3   3   22
159   3   4   27
159   3   5   21
159   3   6   11
159   4   1   8
159   4   2   11
159   4   3   16
159   4   4   20
159   4   5   19
159   4   6   20
159   4   7   18
160   1   1   7
160   1   2   25
160   1   3   34
160   1   4   26
160   1   5   23
160   1   6   8
160   2   1   11
160   2   2   16
160   2   3   28
160   2   4   35
160   2   5   33
160   3   1   11
160   3   2   10
160   3   3   16
160   3   4   22
160   3   5   23
160   3   6   21
160   3   7   11
160   3   8   9
160   4   1   12
160   4   2   21
160   4   3   28
160   4   4   30
160   4   5   23
160   4   6   9
161   1   1   5
161   1   2   19
161   1   3   26
161   1   4   25
161   1   5   19
161   1   6   6
161   2   1   6
161   2   2   18
161   2   3   26
161   2   4   26
161   2   5   19
161   2   6   5
161   3   1   9
161   3   2   17
161   3   3   24
161   3   4   23
161   3   5   19
161   3   6   8
161   4   1   9
161   4   2   17
161   4   3   23
161   4   4   22
161   4   5   22
161   4   6   7
162   1   1   6
162   1   2   11
162   1   3   14
162   1   4   5
162   2   1   3
162   2   2   5
162   2   3   8
162   2   4   10
162   2   5   10
162   3   1   6
162   3   2   12
162   3   3   12
162   3   4   6
162   4   1   5
162   4   2   14
162   4   3   11
162   4   4   6
163   1   1   8
163   1   2   19
163   1   3   29
163   1   4   37
163   1   5   43
163   1   6   37
163   1   7   24
163   2   1   13
163   2   2   21
163   2   3   37
163   2   4   37
163   2   5   32
163   2   6   19
163   2   7   17
163   2   8   11
163   2   9   10
163   3   1   5
163   3   2   19
163   3   3   37
163   3   4   41
163   3   5   38
163   3   6   28
163   3   7   19
163   3   8   10
163   4   1   20
163   4   2   31
163   4   3   43
163   4   4   46
163   4   5   39
163   4   6   18
164   1   1   13
164   1   2   12
164   1   3   13
164   1   4   5
164   1   5   5
164   2   1   6
164   2   2   18
164   2   3   18
164   2   4   6
164   3   1   5
164   3   2   9
164   3   3   12
164   3   4   10
164   3   5   7
164   3   6   5
164   4   1   8
164   4   2   16
164   4   3   14
164   4   4   10
165   1   1   20
165   1   2   29
165   1   3   37
165   1   4   39
165   1   5   31
165   1   6   13
165   1   7   5
165   2   1   8
165   2   2   17
165   2   3   26
165   2   4   33
165   2   5   35
165   2   6   32
165   2   7   23
165   3   1   23
165   3   2   27
165   3   3   33
165   3   4   37
165   3   5   34
165   3   6   20
165   4   1   21
165   4   2   31
165   4   3   38
165   4   4   33
165   4   5   29
165   4   6   17
165   4   7   5
166   1   1   12
166   1   2   26
166   1   3   30
166   1   4   32
166   1   5   26
166   1   6   11
166   2   1   10
166   2   2   10
166   2   3   20
166   2   4   27
166   2   5   27
166   2   6   24
166   2   7   13
166   2   8   6
166   3   1   15
166   3   2   27
166   3   3   28
166   3   4   29
166   3   5   24
166   3   6   14
166   4   1   12
166   4   2   23
166   4   3   34
166   4   4   32
166   4   5   24
166   4   6   12
167   1   1   5
167   1   2   16
167   1   3   27
167   1   4   32
167   1   5   21
167   2   1   8
167   2   2   16
167   2   3   23
167   2   4   30
167   2   5   19
167   2   6   5
167   3   1   7
167   3   2   9
167   3   3   15
167   3   4   20
167   3   5   20
167   3   6   15
167   3   7   15
167   4   1   5
167   4   2   18
167   4   3   29
167   4   4   26
167   4   5   15
167   4   6   8
168   1   1   6
168   1   2   9
168   1   3   18
168   1   4   21
168   1   5   20
168   1   6   17
168   1   7   10
168   1   8   6
168   2   1   13
168   2   2   19
168   2   3   22
168   2   4   24
168   2   5   15
168   2   6   14
168   3   1   23
168   3   2   31
168   3   3   34
168   3   4   19
168   4   1   10
168   4   2   17
168   4   3   25
168   4   4   24
168   4   5   24
168   4   6   7
169   1   1   7
169   1   2   17
169   1   3   24
169   1   4   19
169   1   5   16
169   1   6   9
169   2   1   7
169   2   2   14
169   2   3   23
169   2   4   26
169   2   5   22
169   3   1   8
169   3   2   16
169   3   3   21
169   3   4   23
169   3   5   18
169   3   6   6
169   4   1   4
169   4   2   6
169   4   3   11
169   4   4   19
169   4   5   25
169   4   6   27
170   1   1   14
170   1   2   10
170   2   1   12
170   2   2   10
170   2   3   2
170   3   1   14
170   3   2   5
170   3   3   5
170   4   1   12
170   4   2   12
171   1   1   8
171   1   2   18
171   1   3   17
171   1   4   8
171   2   1   12
171   2   2   13
171   2   3   15
171   2   4   11
171   3   1   12
171   3   2   13
171   3   3   14
171   3   4   12
171   4   1   10
171   4   2   15
171   4   3   18
171   4   4   8
172   1   1   4
172   1   2   3
172   2   1   4
172   2   2   3
172   3   1   2
172   3   2   1
172   3   3   4
172   4   1   4
172   4   2   3
173   1   1   19
173   1   2   26
173   1   3   26
173   1   4   18
173   2   1   9
173   2   2   16
173   2   3   20
173   2   4   20
173   2   5   13
173   2   6   11
173   3   1   19
173   3   2   26
173   3   3   24
173   3   4   20
173   4   1   11
173   4   2   15
173   4   3   18
173   4   4   16
173   4   5   19
173   4   6   10
174   1   1   8
174   1   2   12
174   1   3   12
174   1   4   17
174   1   5   13
174   1   6   6
174   2   1   15
174   2   2   17
174   2   3   18
174   2   4   13
174   2   5   5
174   3   1   16
174   3   2   20
174   3   3   16
174   3   4   16
174   4   1   12
174   4   2   19
174   4   3   26
174   4   4   11
175   1   1   6
175   1   2   20
175   1   3   20
175   1   4   15
175   1   5   13
175   1   6   10
175   2   1   5
175   2   2   15
175   2   3   21
175   2   4   23
175   2   5   20
175   3   1   8
175   3   2   11
175   3   3   23
175   3   4   22
175   3   5   14
175   3   6   6
175   4   1   4
175   4   2   14
175   4   3   25
175   4   4   22
175   4   5   13
175   4   6   6
176   1   1   21
176   1   2   35
176   1   3   32
176   1   4   22
176   2   1   15
176   2   2   24
176   2   3   19
176   2   4   17
176   2   5   16
176   2   6   13
176   2   7   6
176   3   1   14
176   3   2   17
176   3   3   23
176   3   4   25
176   3   5   16
176   3   6   15
176   4   1   8
176   4   2   25
176   4   3   21
176   4   4   28
176   4   5   18
176   4   6   10
177   1   1   8
177   1   2   10
177   1   3   12
177   1   4   16
177   1   5   11
177   1   6   7
177   2   1   17
177   2   2   16
177   2   3   15
177   2   4   16
177   3   1   10
177   3   2   22
177   3   3   23
177   3   4   9
177   4   1   13
177   4   2   18
177   4   3   19
177   4   4   14
178   1   1   5
178   1   2   9
178   1   3   12
178   1   4   17
178   1   5   14
178   2   1   13
178   2   2   19
178   2   3   13
178   2   4   12
178   3   1   12
178   3   2   20
178   3   3   13
178   3   4   12
178   4   1   16
178   4   2   10
178   4   3   19
178   4   4   12
179   1   1   13
179   1   2   17
179   1   3   18
179   1   4   20
179   1   5   15
179   1   6   13
179   2   1   16
179   2   2   33
179   2   3   30
179   2   4   17
179   3   1   8
179   3   2   16
179   3   3   23
179   3   4   24
179   3   5   20
179   3   6   5
179   4   1   12
179   4   2   14
179   4   3   21
179   4   4   20
179   4   5   21
179   4   6   8
180   1   1   9
180   1   2   19
180   1   3   26
180   1   4   25
180   1   5   28
180   1   6   28
180   1   7   19
180   2   1   5
180   2   2   13
180   2   3   22
180   2   4   33
180   2   5   37
180   2   6   28
180   2   7   16
180   3   1   5
180   3   2   15
180   3   3   25
180   3   4   29
180   3   5   34
180   3   6   28
180   3   7   18
180   4   1   12
180   4   2   25
180   4   3   35
180   4   4   42
180   4   5   35
180   4   6   5
181   1   1   9
181   1   2   17
181   1   3   17
181   1   4   9
181   2   1   7
181   2   2   18
181   2   3   21
181   2   4   6
181   3   1   13
181   3   2   14
181   3   3   13
181   3   4   7
181   3   5   5
181   4   1   7
181   4   2   8
181   4   3   11
181   4   4   9
181   4   5   10
181   4   6   7
182   1   1   14
182   1   2   24
182   1   3   29
182   1   4   28
182   1   5   24
182   1   6   15
182   2   1   13
182   2   2   21
182   2   3   29
182   2   4   34
182   2   5   28
182   2   6   9
182   3   1   7
182   3   2   13
182   3   3   18
182   3   4   27
182   3   5   25
182   3   6   28
182   3   7   16
182   4   1   10
182   4   2   25
182   4   3   31
182   4   4   34
182   4   5   24
182   4   6   10
183   1   1   11
183   1   2   13
183   1   3   12
183   1   4   10
183   2   1   11
183   2   2   12
183   2   3   14
183   2   4   9
183   3   1   13
183   3   2   12
183   3   3   11
183   3   4   5
183   3   5   5
183   4   1   6
183   4   2   15
183   4   3   25
184   1   1   3
184   1   2   11
184   1   3   16
184   1   4   27
184   1   5   37
184   1   6   46
184   1   7   44
184   1   8   24
184   2   1   13
184   2   2   27
184   2   3   28
184   2   4   39
184   2   5   34
184   2   6   29
184   2   7   23
184   2   8   10
184   2   9   5
184   3   1   22
184   3   2   43
184   3   3   43
184   3   4   40
184   3   5   32
184   3   6   20
184   3   7   8
184   4   1   9
184   4   2   15
184   4   3   38
184   4   4   47
184   4   5   41
184   4   6   29
184   4   7   14
184   4   8   15
185   1   1   1
185   2   1   1
185   3   1   1
185   4   1   1
186   1   1   7
186   1   2   8
186   2   1   6
186   2   2   9
186   3   1   8
186   3   2   6
186   3   3   1
186   4   1   7
186   4   2   8
187   1   1   19
187   1   2   17
187   1   3   14
187   1   4   19
187   2   1   13
187   2   2   24
187   2   3   19
187   2   4   13
187   3   1   6
187   3   2   14
187   3   3   16
187   3   4   15
187   3   5   11
187   3   6   7
187   4   1   14
187   4   2   20
187   4   3   22
187   4   4   13
188   1   1   12
188   1   2   11
188   2   1   12
188   2   2   11
188   3   1   11
188   3   2   12
188   4   1   11
188   4   2   12
189   1   1   11
189   1   2   20
189   1   3   32
189   1   4   36
189   1   5   24
189   1   6   9
189   2   1   10
189   2   2   22
189   2   3   36
189   2   4   32
189   2   5   23
189   2   6   9
189   3   1   6
189   3   2   14
189   3   3   22
189   3   4   23
189   3   5   25
189   3   6   22
189   3   7   14
189   3   8   6
189   4   1   10
189   4   2   28
189   4   3   33
189   4   4   27
189   4   5   21
189   4   6   13
190   1   1   15
190   1   2   16
190   1   3   14
190   1   4   15
190   2   1   12
190   2   2   19
190   2   3   16
190   2   4   13
190   3   1   15
190   3   2   15
190   3   3   16
190   3   4   9
190   3   5   5
190   4   1   12
190   4   2   20
190   4   3   18
190   4   4   10
191   1   1   11
191   1   2   13
191   1   3   17
191   1   4   10
191   2   1   10
191   2   2   16
191   2   3   14
191   2   4   11
191   3   1   14
191   3   2   14
191   3   3   11
191   3   4   12
191   4   1   12
191   4   2   13
191   4   3   14
191   4   4   12
192   1   1   11
192   1   2   23
192   1   3   29
192   1   4   27
192   1   5   15
192   1   6   15
192   2   1   7
192   2   2   21
192   2   3   29
192   2   4   36
192   2   5   21
192   2   6   6
192   3   1   12
192   3   2   21
192   3   3   29
192   3   4   25
192   3   5   20
192   3   6   13
192   4   1   5
192   4   2   10
192   4   3   20
192   4   4   25
192   4   5   24
192   4   6   21
192   4   7   15
193   1   1   5
193   1   2   9
193   1   3   10
193   1   4   5
193   2   1   15
193   2   2   14
193   3   1   15
193   3   2   14
193   4   1   6
193   4   2   9
193   4   3   8
193   4   4   6
194   1   1   8
194   1   2   17
194   1   3   28
194   1   4   25
194   1   5   16
194   1   6   9
194   2   1   9
194   2   2   20
194   2   3   19
194   2   4   24
194   2   5   21
194   2   6   10
194   3   1   7
194   3   2   19
194   3   3   24
194   3   4   25
194   3   5   20
194   3   6   8
194   4   1   5
194   4   2   18
194   4   3   30
194   4   4   26
194   4   5   18
194   4   6   6
195   1   1   10
195   1   2   18
195   1   3   22
195   1   4   27
195   1   5   23
195   1   6   7
195   2   1   11
195   2   2   20
195   2   3   22
195   2   4   24
195   2   5   19
195   2   6   11
195   3   1   9
195   3   2   18
195   3   3   25
195   3   4   30
195   3   5   20
195   3   6   5
195   4   1   10
195   4   2   20
195   4   3   22
195   4   4   25
195   4   5   19
195   4   6   11
196   1   1   22
196   1   2   19
196   1   3   25
196   1   4   19
196   2   1   28
196   2   2   25
196   2   3   16
196   2   4   10
196   2   5   6
196   3   1   6
196   3   2   16
196   3   3   22
196   3   4   19
196   3   5   14
196   3   6   8
196   4   1   5
196   4   2   17
196   4   3   21
196   4   4   21
196   4   5   13
196   4   6   8
197   1   1   6
197   1   2   25
197   1   3   29
197   1   4   33
197   1   5   35
197   1   6   31
197   1   7   23
197   1   8   7
197   2   1   20
197   2   2   33
197   2   3   42
197   2   4   44
197   2   5   33
197   2   6   17
197   3   1   5
197   3   2   25
197   3   3   39
197   3   4   33
197   3   5   28
197   3   6   24
197   3   7   21
197   3   8   14
197   4   1   7
197   4   2   21
197   4   3   35
197   4   4   35
197   4   5   29
197   4   6   31
197   4   7   23
197   4   8   8
198   1   1   11
198   1   2   19
198   1   3   20
198   1   4   21
198   1   5   19
198   1   6   11
198   2   1   10
198   2   2   19
198   2   3   19
198   2   4   25
198   2   5   19
198   2   6   9
198   3   1   6
198   3   2   13
198   3   3   34
198   3   4   30
198   3   5   18
198   4   1   12
198   4   2   23
198   4   3   20
198   4   4   16
198   4   5   15
198   4   6   9
198   4   7   6
199   1   1   8
199   1   2   14
199   1   3   25
199   1   4   25
199   1   5   28
199   1   6   29
199   1   7   28
199   1   8   24
199   1   9   16
199   1   10   6
199   2   1   15
199   2   2   20
199   2   3   30
199   2   4   36
199   2   5   35
199   2   6   32
199   2   7   20
199   2   8   15
199   3   1   7
199   3   2   21
199   3   3   30
199   3   4   41
199   3   5   42
199   3   6   38
199   3   7   17
199   3   8   7
199   4   1   19
199   4   2   40
199   4   3   49
199   4   4   42
199   4   5   27
199   4   6   20
199   4   7   6
200   1   1   14
200   1   2   15
200   1   3   25
200   1   4   27
200   1   5   21
200   1   6   11
200   2   1   11
200   2   2   20
200   2   3   26
200   2   4   24
200   2   5   19
200   2   6   13
200   3   1   11
200   3   2   19
200   3   3   25
200   3   4   29
200   3   5   18
200   3   6   11
200   4   1   27
200   4   2   31
200   4   3   29
200   4   4   20
200   4   5   6
201   1   1   10
201   1   2   17
201   1   3   24
201   1   4   27
201   1   5   22
201   1   6   7
201   2   1   5
201   2   2   24
201   2   3   27
201   2   4   27
201   2   5   16
201   2   6   8
201   3   1   12
201   3   2   19
201   3   3   24
201   3   4   21
201   3   5   19
201   3   6   12
201   4   1   8
201   4   2   21
201   4   3   27
201   4   4   24
201   4   5   18
201   4   6   9
202   1   1   5
202   1   2   19
202   1   3   27
202   1   4   20
202   1   5   18
202   1   6   6
202   2   1   20
202   2   2   26
202   2   3   29
202   2   4   20
202   3   1   10
202   3   2   14
202   3   3   20
202   3   4   22
202   3   5   21
202   3   6   8
202   4   1   13
202   4   2   14
202   4   3   19
202   4   4   21
202   4   5   17
202   4   6   11
203   1   1   18
203   1   2   35
203   1   3   36
203   1   4   30
203   1   5   27
203   1   6   23
203   2   1   17
203   2   2   27
203   2   3   39
203   2   4   43
203   2   5   26
203   2   6   17
203   3   1   8
203   3   2   19
203   3   3   28
203   3   4   32
203   3   5   28
203   3   6   25
203   3   7   19
203   3   8   10
203   4   1   17
203   4   2   31
203   4   3   40
203   4   4   34
203   4   5   28
203   4   6   19
204   1   1   20
204   1   2   24
204   1   3   29
204   1   4   28
204   1   5   23
204   1   6   13
204   1   7   7
204   2   1   15
204   2   2   25
204   2   3   29
204   2   4   34
204   2   5   28
204   2   6   13
204   3   1   19
204   3   2   27
204   3   3   29
204   3   4   29
204   3   5   25
204   3   6   15
204   4   1   13
204   4   2   25
204   4   3   31
204   4   4   35
204   4   5   31
204   4   6   9
205   1   1   17
205   1   2   19
205   1   3   15
205   1   4   17
205   2   1   6
205   2   2   12
205   2   3   15
205   2   4   16
205   2   5   14
205   2   6   5
205   3   1   14
205   3   2   17
205   3   3   25
205   3   4   12
205   4   1   5
205   4   2   12
205   4   3   16
205   4   4   16
205   4   5   19
206   1   1   18
206   1   2   24
206   1   3   24
206   1   4   29
206   1   5   20
206   1   6   18
206   2   1   16
206   2   2   22
206   2   3   27
206   2   4   28
206   2   5   28
206   2   6   12
206   3   1   14
206   3   2   21
206   3   3   28
206   3   4   31
206   3   5   28
206   3   6   11
206   4   1   10
206   4   2   20
206   4   3   35
206   4   4   36
206   4   5   27
206   4   6   5
207   1   1   8
207   1   2   26
207   1   3   43
207   1   4   42
207   1   5   28
207   1   6   8
207   2   1   7
207   2   2   12
207   2   3   20
207   2   4   34
207   2   5   38
207   2   6   27
207   2   7   17
207   3   1   23
207   3   2   25
207   3   3   33
207   3   4   25
207   3   5   29
207   3   6   15
207   3   7   5
207   4   1   7
207   4   2   17
207   4   3   26
207   4   4   29
207   4   5   28
207   4   6   22
207   4   7   16
207   4   8   10
208   1   1   14
208   1   2   18
208   1   3   24
208   1   4   29
208   1   5   30
208   1   6   31
208   1   7   25
208   1   8   7
208   2   1   8
208   2   2   19
208   2   3   30
208   2   4   35
208   2   5   31
208   2   6   27
208   2   7   17
208   2   8   11
208   3   1   13
208   3   2   36
208   3   3   40
208   3   4   43
208   3   5   30
208   3   6   16
208   4   1   15
208   4   2   39
208   4   3   40
208   4   4   34
208   4   5   28
208   4   6   22
209   1   1   7
209   1   2   20
209   1   3   25
209   1   4   24
209   1   5   19
209   1   6   8
209   2   1   7
209   2   2   18
209   2   3   24
209   2   4   29
209   2   5   20
209   2   6   5
209   3   1   6
209   3   2   20
209   3   3   25
209   3   4   25
209   3   5   19
209   3   6   8
209   4   1   7
209   4   2   26
209   4   3   21
209   4   4   20
209   4   5   14
209   4   6   15
210   1   1   7
210   1   2   16
210   1   3   32
210   1   4   36
210   1   5   24
210   2   1   6
210   2   2   21
210   2   3   33
210   2   4   27
210   2   5   17
210   2   6   11
210   3   1   4
210   3   2   12
210   3   3   21
210   3   4   22
210   3   5   22
210   3   6   14
210   3   7   13
210   3   8   7
210   4   1   9
210   4   2   12
210   4   3   17
210   4   4   18
210   4   5   20
210   4   6   18
210   4   7   15
210   4   8   6
211   1   1   11
211   1   2   22
211   1   3   25
211   1   4   25
211   1   5   14
211   1   6   9
211   1   7   6
211   2   1   7
211   2   2   21
211   2   3   27
211   2   4   29
211   2   5   22
211   2   6   6
211   3   1   10
211   3   2   23
211   3   3   27
211   3   4   22
211   3   5   18
211   3   6   12
211   4   1   14
211   4   2   15
211   4   3   23
211   4   4   28
211   4   5   21
211   4   6   11
212   1   1   26
212   1   2   16
212   1   3   11
212   2   1   11
212   2   2   15
212   2   3   17
212   2   4   10
212   3   1   6
212   3   2   9
212   3   3   12
212   3   4   11
212   3   5   10
212   3   6   5
212   4   1   12
212   4   2   15
212   4   3   13
212   4   4   13
213   1   1   9
213   1   2   20
213   1   3   33
213   1   4   41
213   1   5   41
213   1   6   39
213   1   7   42
213   1   8   30
213   1   9   19
213   1   10   11
213   2   1   16
213   2   2   33
213   2   3   47
213   2   4   47
213   2   5   47
213   2   6   46
213   2   7   32
213   2   8   17
213   3   1   30
213   3   2   30
213   3   3   32
213   3   4   42
213   3   5   52
213   3   6   45
213   3   7   34
213   3   8   20
213   4   1   42
213   4   2   38
213   4   3   76
213   4   4   40
213   4   5   54
213   4   6   23
213   4   7   12
214   1   1   5
214   1   2   28
214   1   3   37
214   1   4   47
214   1   5   37
214   1   6   21
214   1   7   20
214   1   8   18
214   2   1   7
214   2   2   25
214   2   3   31
214   2   4   39
214   2   5   51
214   2   6   31
214   2   7   18
214   2   8   11
214   3   1   13
214   3   2   23
214   3   3   38
214   3   4   38
214   3   5   31
214   3   6   26
214   3   7   27
214   3   8   17
214   4   1   12
214   4   2   21
214   4   3   31
214   4   4   41
214   4   5   42
214   4   6   37
214   4   7   20
214   4   8   9
215   1   1   14
215   1   2   16
215   1   3   15
215   1   4   9
215   2   1   12
215   2   2   17
215   2   3   13
215   2   4   12
215   3   1   5
215   3   2   22
215   3   3   27
215   4   1   5
215   4   2   10
215   4   3   12
215   4   4   13
215   4   5   9
215   4   6   5
216   1   1   11
216   1   2   28
216   1   3   19
216   1   4   14
216   2   1   6
216   2   2   11
216   2   3   21
216   2   4   13
216   2   5   15
216   2   6   6
216   3   1   12
216   3   2   14
216   3   3   10
216   3   4   14
216   3   5   12
216   3   6   10
216   4   1   6
216   4   2   3
216   4   3   8
216   4   4   17
216   4   5   16
216   4   6   13
216   4   7   9
217   1   1   14
217   1   2   24
217   1   3   24
217   1   4   12
217   2   1   16
217   2   2   20
217   2   3   21
217   2   4   17
217   3   1   21
217   3   2   17
217   3   3   17
217   3   4   12
217   3   5   7
217   4   1   6
217   4   2   13
217   4   3   19
217   4   4   17
217   4   5   12
217   4   6   7
218   1   1   23
218   1   2   35
218   1   3   39
218   1   4   46
218   1   5   47
218   1   6   15
218   2   1   11
218   2   2   20
218   2   3   31
218   2   4   38
218   2   5   43
218   2   6   32
218   2   7   21
218   2   8   9
218   3   1   16
218   3   2   21
218   3   3   26
218   3   4   35
218   3   5   37
218   3   6   39
218   3   7   21
218   3   8   10
218   4   1   10
218   4   2   23
218   4   3   31
218   4   4   35
218   4   5   40
218   4   6   38
218   4   7   28
219   1   1   5
219   1   2   9
219   1   3   10
219   1   4   5
219   2   1   5
219   2   2   9
219   2   3   10
219   2   4   5
219   3   1   6
219   3   2   12
219   3   3   11
219   4   1   5
219   4   2   10
219   4   3   9
219   4   4   5
220   1   1   7
220   1   2   15
220   1   3   25
220   1   4   32
220   1   5   45
220   1   6   37
220   1   7   16
220   2   1   8
220   2   2   14
220   2   3   27
220   2   4   36
220   2   5   39
220   2   6   31
220   2   7   22
220   3   1   20
220   3   2   33
220   3   3   36
220   3   4   38
220   3   5   28
220   3   6   16
220   3   7   6
220   4   1   8
220   4   2   20
220   4   3   28
220   4   4   32
220   4   5   32
220   4   6   30
220   4   7   18
220   4   8   9
221   1   1   5
221   1   2   5
221   1   3   7
221   2   1   8
221   2   2   9
221   3   1   8
221   3   2   9
221   4   1   9
221   4   2   6
221   4   3   2
222   1   1   8
222   1   2   13
222   1   3   14
222   1   4   9
222   2   1   9
222   2   2   13
222   2   3   12
222   2   4   10
222   3   1   6
222   3   2   17
222   3   3   13
222   3   4   8
222   4   1   10
222   4   2   12
222   4   3   12
222   4   4   10
223   1   1   6
223   1   2   21
223   1   3   22
223   1   4   21
223   1   5   15
223   1   6   9
223   2   1   19
223   2   2   30
223   2   3   26
223   2   4   13
223   2   5   6
223   3   1   24
223   3   2   24
223   3   3   22
223   3   4   19
223   3   5   5
223   4   1   13
223   4   2   22
223   4   3   15
223   4   4   16
223   4   5   10
223   4   6   18
224   1   1   8
224   1   2   21
224   1   3   31
224   1   4   42
224   1   5   41
224   1   6   35
224   1   7   22
224   1   8   6
224   2   1   24
224   2   2   42
224   2   3   42
224   2   4   36
224   2   5   34
224   2   6   28
224   3   1   6
224   3   2   27
224   3   3   33
224   3   4   39
224   3   5   35
224   3   6   36
224   3   7   22
224   3   8   8
224   4   1   11
224   4   2   23
224   4   3   31
224   4   4   34
224   4   5   39
224   4   6   37
224   4   7   23
224   4   8   8
225   1   1   6
225   1   2   15
225   1   3   18
225   1   4   22
225   1   5   16
225   1   6   5
225   2   1   20
225   2   2   21
225   2   3   22
225   2   4   19
225   3   1   5
225   3   2   18
225   3   3   18
225   3   4   20
225   3   5   21
225   4   1   5
225   4   2   16
225   4   3   20
225   4   4   21
225   4   5   14
225   4   6   6
226   1   1   5
226   1   2   22
226   1   3   17
226   1   4   15
226   1   5   11
226   1   6   10
226   2   1   5
226   2   2   12
226   2   3   19
226   2   4   25
226   2   5   19
226   3   1   5
226   3   2   10
226   3   3   23
226   3   4   25
226   3   5   17
226   4   1   7
226   4   2   12
226   4   3   18
226   4   4   19
226   4   5   24
227   1   1   14
227   1   2   16
227   1   3   19
227   1   4   12
227   2   1   5
227   2   2   11
227   2   3   14
227   2   4   17
227   2   5   14
227   3   1   15
227   3   2   13
227   3   3   20
227   3   4   13
227   4   1   17
227   4   2   15
227   4   3   12
227   4   4   11
227   4   5   6
228   1   1   10
228   1   2   9
228   1   3   7
228   1   4   11
228   2   1   7
228   2   2   9
228   2   3   21
228   3   1   19
228   3   2   18
228   4   1   8
228   4   2   10
228   4   3   11
228   4   4   8
229   1   1   18
229   1   2   22
229   1   3   37
229   1   4   15
229   2   1   9
229   2   2   17
229   2   3   22
229   2   4   19
229   2   5   15
229   2   6   10
229   3   1   9
229   3   2   18
229   3   3   20
229   3   4   19
229   3   5   17
229   3   6   9
229   4   1   7
229   4   2   18
229   4   3   25
229   4   4   18
229   4   5   14
229   4   6   10
230   1   1   20
230   1   2   28
230   1   3   25
230   1   4   26
230   1   5   25
230   1   6   14
230   1   7   7
230   2   1   13
230   2   2   26
230   2   3   34
230   2   4   30
230   2   5   31
230   2   6   11
230   3   1   14
230   3   2   24
230   3   3   33
230   3   4   34
230   3   5   29
230   3   6   11
230   4   1   12
230   4   2   27
230   4   3   36
230   4   4   30
230   4   5   27
230   4   6   13
231   1   1   14
231   1   2   26
231   1   3   20
231   1   4   14
231   2   1   6
231   2   2   12
231   2   3   17
231   2   4   19
231   2   5   20
231   3   1   8
231   3   2   14
231   3   3   15
231   3   4   17
231   3   5   14
231   3   6   6
231   4   1   17
231   4   2   20
231   4   3   21
231   4   4   16
232   1   1   5
232   1   2   13
232   1   3   18
232   1   4   18
232   1   5   19
232   2   1   14
232   2   2   24
232   2   3   21
232   2   4   14
232   3   1   17
232   3   2   20
232   3   3   19
232   3   4   12
232   3   5   5
232   4   1   5
232   4   2   19
232   4   3   14
232   4   4   15
232   4   5   10
232   4   6   10
233   1   1   7
233   1   2   13
233   1   3   15
233   1   4   34
233   1   5   36
233   1   6   26
233   1   7   14
233   2   1   9
233   2   2   11
233   2   3   23
233   2   4   28
233   2   5   29
233   2   6   25
233   2   7   20
233   3   1   5
233   3   2   21
233   3   3   22
233   3   4   24
233   3   5   24
233   3   6   23
233   3   7   21
233   3   8   5
233   4   1   11
233   4   2   15
233   4   3   21
233   4   4   22
233   4   5   28
233   4   6   23
233   4   7   17
233   4   8   8
234   1   1   13
234   1   2   16
234   1   3   23
234   1   4   21
234   1   5   16
234   1   6   14
234   2   1   27
234   2   2   29
234   2   3   24
234   2   4   18
234   2   5   5
234   3   1   10
234   3   2   19
234   3   3   21
234   3   4   21
234   3   5   18
234   3   6   14
234   4   1   6
234   4   2   15
234   4   3   30
234   4   4   30
234   4   5   22
235   1   1   6
235   1   2   11
235   1   3   15
235   1   4   14
235   1   5   10
235   1   6   6
235   2   1   13
235   2   2   19
235   2   3   17
235   2   4   13
235   3   1   5
235   3   2   14
235   3   3   13
235   3   4   11
235   3   5   12
235   3   6   7
235   4   1   7
235   4   2   24
235   4   3   25
235   4   4   6
236   1   1   5
236   1   2   13
236   1   3   27
236   1   4   35
236   1   5   36
236   1   6   26
236   1   7   19
236   2   1   8
236   2   2   14
236   2   3   22
236   2   4   35
236   2   5   33
236   2   6   31
236   2   7   18
236   3   1   8
236   3   2   14
236   3   3   29
236   3   4   31
236   3   5   31
236   3   6   24
236   3   7   14
236   3   8   10
236   4   1   19
236   4   2   31
236   4   3   32
236   4   4   35
236   4   5   28
236   4   6   16
237   1   1   12
237   1   2   20
237   1   3   23
237   1   4   22
237   1   5   20
237   1   6   12
237   2   1   6
237   2   2   12
237   2   3   14
237   2   4   22
237   2   5   23
237   2   6   17
237   2   7   15
237   3   1   11
237   3   2   18
237   3   3   24
237   3   4   25
237   3   5   22
237   3   6   9
237   4   1   28
237   4   2   28
237   4   3   30
237   4   4   18
237   4   5   5
238   1   1   18
238   1   2   16
238   1   3   15
238   1   4   11
238   1   5   6
238   2   1   17
238   2   2   16
238   2   3   18
238   2   4   15
238   3   1   5
238   3   2   15
238   3   3   14
238   3   4   14
238   3   5   11
238   3   6   7
238   4   1   9
238   4   2   23
238   4   3   27
238   4   4   7
239   1   1   9
239   1   2   19
239   1   3   22
239   1   4   9
239   2   1   14
239   2   2   19
239   2   3   12
239   2   4   8
239   2   5   6
239   3   1   13
239   3   2   17
239   3   3   15
239   3   4   9
239   3   5   5
239   4   1   16
239   4   2   15
239   4   3   12
239   4   4   11
239   4   5   5
240   1   1   17
240   1   2   30
240   1   3   38
240   1   4   31
240   1   5   22
240   1   6   21
240   2   1   8
240   2   2   16
240   2   3   24
240   2   4   32
240   2   5   31
240   2   6   25
240   2   7   16
240   2   8   7
240   3   1   10
240   3   2   15
240   3   3   22
240   3   4   31
240   3   5   30
240   3   6   28
240   3   7   15
240   3   8   8
240   4   1   9
240   4   2   27
240   4   3   42
240   4   4   43
240   4   5   30
240   4   6   8
241   1   1   8
241   1   2   10
241   2   1   9
241   2   2   8
241   2   3   1
241   3   1   9
241   3   2   9
241   4   1   9
241   4   2   9
242   1   1   18
242   1   2   23
242   1   3   32
242   1   4   32
242   1   5   23
242   1   6   17
242   2   1   14
242   2   2   26
242   2   3   28
242   2   4   36
242   2   5   31
242   2   6   10
242   3   1   16
242   3   2   27
242   3   3   31
242   3   4   30
242   3   5   26
242   3   6   15
242   4   1   22
242   4   2   21
242   4   3   27
242   4   4   28
242   4   5   29
242   4   6   18
243   1   1   19
243   1   2   25
243   1   3   26
243   1   4   21
243   2   1   8
243   2   2   14
243   2   3   22
243   2   4   24
243   2   5   18
243   2   6   5
243   3   1   9
243   3   2   15
243   3   3   20
243   3   4   23
243   3   5   17
243   3   6   7
243   4   1   6
243   4   2   18
243   4   3   19
243   4   4   22
243   4   5   21
243   4   6   5
244   1   1   6
244   1   2   17
244   1   3   21
244   1   4   21
244   1   5   25
244   1   6   26
244   1   7   15
244   1   8   5
244   2   1   5
244   2   2   10
244   2   3   19
244   2   4   28
244   2   5   37
244   2   6   26
244   2   7   11
244   3   1   5
244   3   2   29
244   3   3   36
244   3   4   35
244   3   5   19
244   3   6   12
244   4   1   15
244   4   2   21
244   4   3   30
244   4   4   32
244   4   5   25
244   4   6   13
245   1   1   12
245   1   2   23
245   1   3   24
245   1   4   10
245   2   1   15
245   2   2   23
245   2   3   15
245   2   4   16
245   3   1   16
245   3   2   20
245   3   3   17
245   3   4   16
245   4   1   11
245   4   2   10
245   4   3   13
245   4   4   13
245   4   5   12
245   4   6   10
246   1   1   12
246   1   2   26
246   1   3   25
246   1   4   12
246   2   1   22
246   2   2   17
246   2   3   16
246   2   4   13
246   2   5   7
246   3   1   6
246   3   2   14
246   3   3   17
246   3   4   19
246   3   5   13
246   3   6   6
246   4   1   6
246   4   2   14
246   4   3   18
246   4   4   16
246   4   5   14
246   4   6   7
247   1   1   23
247   1   2   22
247   1   3   19
247   1   4   17
247   1   5   6
247   2   1   8
247   2   2   15
247   2   3   18
247   2   4   19
247   2   5   19
247   2   6   8
247   3   1   17
247   3   2   25
247   3   3   27
247   3   4   18
247   4   1   8
247   4   2   12
247   4   3   21
247   4   4   22
247   4   5   24
248   1   1   11
248   1   2   13
248   1   3   17
248   1   4   12
248   2   1   7
248   2   2   7
248   2   3   13
248   2   4   12
248   2   5   7
248   2   6   7
248   3   1   16
248   3   2   10
248   3   3   13
248   3   4   9
248   3   5   5
248   4   1   9
248   4   2   15
248   4   3   22
248   4   4   7
249   1   1   7
249   1   2   11
249   1   3   9
249   1   4   6
249   2   1   6
249   2   2   8
249   2   3   19
249   3   1   16
249   3   2   12
249   3   3   5
249   4   1   16
249   4   2   17
250   1   1   17
250   1   2   15
250   1   3   17
250   1   4   10
250   1   5   5
250   2   1   16
250   2   2   17
250   2   3   18
250   2   4   13
250   3   1   13
250   3   2   20
250   3   3   18
250   3   4   13
250   4   1   14
250   4   2   20
250   4   3   17
250   4   4   13
251   1   1   19
251   1   2   22
251   1   3   28
251   1   4   36
251   1   5   29
251   1   6   14
251   2   1   13
251   2   2   29
251   2   3   33
251   2   4   32
251   2   5   24
251   2   6   17
251   3   1   2
251   3   2   11
251   3   3   28
251   3   4   29
251   3   5   36
251   3   6   31
251   3   7   11
251   4   1   22
251   4   2   26
251   4   3   28
251   4   4   27
251   4   5   21
251   4   6   18
251   4   7   6
