1   1   1   4
1   1   2   12
1   1   3   15
1   1   4   15
1   1   5   11
1   1   6   5
1   2   1   13
1   2   2   17
1   2   3   18
1   2   4   14
1   3   1   11
1   3   2   18
1   3   3   22
1   3   4   11
1   4   1   13
1   4   2   15
1   4   3   18
1   4   4   16
2   1   1   13
2   1   2   23
2   1   3   34
2   1   4   31
2   1   5   21
2   1   6   12
2   2   1   15
2   2   2   24
2   2   3   29
2   2   4   27
2   2   5   24
2   2   6   15
2   3   1   11
2   3   2   27
2   3   3   27
2   3   4   28
2   3   5   27
2   3   6   14
2   4   1   14
2   4   2   23
2   4   3   29
2   4   4   29
2   4   5   24
2   4   6   15
3   1   1   5
3   1   2   15
3   1   3   16
3   1   4   17
3   1   5   14
3   1   6   5
3   2   1   18
3   2   2   19
3   2   3   17
3   2   4   18
3   3   1   14
3   3   2   19
3   3   3   26
3   3   4   13
3   4   1   16
3   4   2   18
3   4   3   22
3   4   4   16
4   1   1   11
4   1   2   17
4   1   3   20
4   1   4   19
4   1   5   17
4   1   6   11
4   2   1   6
4   2   2   16
4   2   3   25
4   2   4   26
4   2   5   16
4   2   6   6
4   3   1   9
4   3   2   18
4   3   3   19
4   3   4   22
4   3   5   17
4   3   6   10
4   4   1   19
4   4   2   28
4   4   3   29
4   4   4   19
5   1   1   11
5   1   2   24
5   1   3   16
5   1   4   12
5   2   1   6
5   2   2   10
5   2   3   14
5   2   4   15
5   2   5   13
5   2   6   5
5   3   1   6
5   3   2   6
5   3   3   14
5   3   4   25
5   3   5   12
5   4   1   17
5   4   2   14
5   4   3   15
5   4   4   12
5   4   5   5
6   1   1   8
6   1   2   19
6   1   3   16
6   1   4   11
6   2   1   10
6   2   2   16
6   2   3   18
6   2   4   10
6   3   1   5
6   3   2   8
6   3   3   13
6   3   4   15
6   3   5   13
6   4   1   8
6   4   2   16
6   4   3   19
6   4   4   11
7   1   1   9
7   1   2   20
7   1   3   27
7   1   4   33
7   1   5   31
7   2   1   10
7   2   2   27
7   2   3   24
7   2   4   26
7   2   5   20
7   2   6   13
7   3   1   7
7   3   2   28
7   3   3   29
7   3   4   23
7   3   5   19
7   3   6   14
7   4   1   9
7   4   2   26
7   4   3   30
7   4   4   24
7   4   5   18
7   4   6   13
8   1   1   13
8   1   2   30
8   1   3   30
8   1   4   33
8   1   5   27
8   1   6   14
8   2   1   10
8   2   2   29
8   2   3   36
8   2   4   35
8   2   5   24
8   2   6   13
8   3   1   6
8   3   2   14
8   3   3   25
8   3   4   23
8   3   5   34
8   3   6   28
8   3   7   17
8   4   1   16
8   4   2   28
8   4   3   31
8   4   4   32
8   4   5   24
8   4   6   11
8   4   7   5
9   1   1   8
9   1   2   12
9   1   3   26
9   1   4   22
9   1   5   13
9   1   6   8
9   2   1   6
9   2   2   18
9   2   3   22
9   2   4   20
9   2   5   16
9   2   6   7
9   3   1   12
9   3   2   14
9   3   3   19
9   3   4   18
9   3   5   15
9   3   6   11
9   4   1   18
9   4   2   26
9   4   3   28
9   4   4   17
10   1   1   5
10   1   2   7
10   1   3   7
10   1   4   6
10   2   1   5
10   2   2   7
10   2   3   8
10   2   4   5
10   3   1   13
10   3   2   12
10   4   1   2
10   4   2   11
10   4   3   12
11   1   1   6
11   1   2   12
11   1   3   20
11   1   4   30
11   1   5   32
11   1   6   32
11   1   7   12
11   2   1   8
11   2   2   23
11   2   3   23
11   2   4   23
11   2   5   24
11   2   6   21
11   2   7   13
11   2   8   9
11   3   1   17
11   3   2   30
11   3   3   32
11   3   4   24
11   3   5   20
11   3   6   11
11   3   7   10
11   4   1   6
11   4   2   27
11   4   3   38
11   4   4   40
11   4   5   27
11   4   6   6
12   1   1   11
12   1   2   18
12   1   3   18
12   1   4   17
12   1   5   19
12   1   6   12
12   2   1   8
12   2   2   21
12   2   3   21
12   2   4   26
12   2   5   14
12   2   6   5
12   3   1   5
12   3   2   20
12   3   3   25
12   3   4   20
12   3   5   16
12   3   6   9
12   4   1   6
12   4   2   20
12   4   3   24
12   4   4   20
12   4   5   17
12   4   6   8
13   1   1   11
13   1   2   7
13   1   3   17
13   1   4   18
13   1   5   14
13   1   6   7
13   2   1   7
13   2   2   12
13   2   3   14
13   2   4   24
13   2   5   12
13   2   6   5
13   3   1   8
13   3   2   12
13   3   3   15
13   3   4   21
13   3   5   12
13   3   6   6
13   4   1   9
13   4   2   28
13   4   3   26
13   4   4   11
14   1   1   10
14   1   2   16
14   1   3   27
14   1   4   27
14   1   5   20
14   1   6   8
14   2   1   13
14   2   2   22
14   2   3   23
14   2   4   23
14   2   5   18
14   2   6   9
14   3   1   5
14   3   2   7
14   3   3   15
14   3   4   23
14   3   5   25
14   3   6   25
14   3   7   8
14   4   1   9
14   4   2   19
14   4   3   25
14   4   4   28
14   4   5   27
15   1   1   12
15   1   2   15
15   1   3   18
15   1   4   11
15   2   1   16
15   2   2   17
15   2   3   15
15   2   4   8
15   3   1   14
15   3   2   15
15   3   3   13
15   3   4   14
15   4   1   9
15   4   2   19
15   4   3   18
15   4   4   10
16   1   1   8
16   1   2   16
16   1   3   21
16   1   4   28
16   1   5   15
16   1   6   7
16   2   1   6
16   2   2   17
16   2   3   24
16   2   4   25
16   2   5   17
16   2   6   6
16   3   1   26
16   3   2   26
16   3   3   21
16   3   4   14
16   3   5   8
16   4   1   7
16   4   2   18
16   4   3   22
16   4   4   24
16   4   5   16
16   4   6   8
17   1   1   22
17   1   2   27
17   1   3   33
17   1   4   40
17   1   5   33
17   1   6   17
17   2   1   20
17   2   2   27
17   2   3   38
17   2   4   40
17   2   5   28
17   2   6   19
17   3   1   6
17   3   2   16
17   3   3   27
17   3   4   38
17   3   5   36
17   3   6   30
17   3   7   14
17   3   8   5
17   4   1   6
17   4   2   19
17   4   3   24
17   4   4   38
17   4   5   35
17   4   6   29
17   4   7   16
17   4   8   5
18   1   1   10
18   1   2   40
18   1   3   48
18   1   4   40
18   1   5   26
18   1   6   19
18   2   1   9
18   2   2   20
18   2   3   26
18   2   4   34
18   2   5   38
18   2   6   30
18   2   7   20
18   2   8   6
18   3   1   9
18   3   2   17
18   3   3   33
18   3   4   37
18   3   5   31
18   3   6   25
18   3   7   21
18   3   8   10
18   4   1   11
18   4   2   17
18   4   3   18
18   4   4   42
18   4   5   40
18   4   6   30
18   4   7   25
19   1   1   6
19   1   2   10
19   1   3   13
19   1   4   10
19   1   5   8
19   1   6   8
19   2   1   11
19   2   2   16
19   2   3   15
19   2   4   13
19   3   1   5
19   3   2   21
19   3   3   20
19   3   4   9
19   4   1   10
19   4   2   15
19   4   3   18
19   4   4   12
20   1   1   11
20   1   2   21
20   1   3   19
20   1   4   29
20   1   5   18
20   1   6   12
20   2   1   16
20   2   2   19
20   2   3   21
20   2   4   19
20   2   5   20
20   2   6   15
20   3   1   5
20   3   2   9
20   3   3   16
20   3   4   21
20   3   5   24
20   3   6   23
20   3   7   12
20   4   1   22
20   4   2   32
20   4   3   37
20   4   4   19
21   1   1   23
21   1   2   24
21   1   3   26
21   1   4   26
21   2   1   10
21   2   2   22
21   2   3   21
21   2   4   17
21   2   5   16
21   2   6   13
21   3   1   11
21   3   2   18
21   3   3   20
21   3   4   21
21   3   5   18
21   3   6   11
21   4   1   9
21   4   2   17
21   4   3   24
21   4   4   25
21   4   5   15
21   4   6   9
22   1   1   12
22   1   2   8
22   1   3   13
22   1   4   11
22   2   1   10
22   2   2   12
22   2   3   10
22   2   4   7
22   2   5   5
22   3   1   7
22   3   2   15
22   3   3   15
22   3   4   7
22   4   1   21
22   4   2   23
23   1   1   18
23   1   2   19
23   1   3   21
23   1   4   18
23   2   1   7
23   2   2   12
23   2   3   17
23   2   4   19
23   2   5   21
23   3   1   6
23   3   2   13
23   3   3   18
23   3   4   20
23   3   5   13
23   3   6   6
23   4   1   5
23   4   2   10
23   4   3   21
23   4   4   24
23   4   5   16
24   1   1   25
24   1   2   35
24   1   3   35
24   1   4   33
24   1   5   29
24   1   6   20
24   1   7   6
24   2   1   4
24   2   2   29
24   2   3   22
24   2   4   25
24   2   5   49
24   2   6   24
24   2   7   30
24   3   1   14
24   3   2   14
24   3   3   26
24   3   4   35
24   3   5   38
24   3   6   27
24   3   7   20
24   3   8   9
24   4   1   17
24   4   2   36
24   4   3   39
24   4   4   37
24   4   5   36
24   4   6   18
25   1   1   7
25   1   2   16
25   1   3   19
25   1   4   23
25   1   5   15
25   1   6   7
25   2   1   19
25   2   2   23
25   2   3   26
25   2   4   14
25   2   5   5
25   3   1   20
25   3   2   26
25   3   3   19
25   3   4   22
25   4   1   12
25   4   2   15
25   4   3   15
25   4   4   18
25   4   5   18
25   4   6   9
26   1   1   16
26   1   2   25
26   1   3   30
26   1   4   28
26   1   5   28
26   1   6   15
26   2   1   6
26   2   2   12
26   2   3   22
26   2   4   31
26   2   5   30
26   2   6   24
26   2   7   17
26   3   1   12
26   3   2   28
26   3   3   37
26   3   4   30
26   3   5   19
26   3   6   11
26   3   7   5
26   4   1   11
26   4   2   35
26   4   3   30
26   4   4   26
26   4   5   24
26   4   6   16
27   1   1   15
27   1   2   23
27   1   3   29
27   1   4   26
27   1   5   20
27   1   6   14
27   1   7   8
27   2   1   10
27   2   2   24
27   2   3   32
27   2   4   34
27   2   5   29
27   2   6   6
27   3   1   7
27   3   2   25
27   3   3   34
27   3   4   34
27   3   5   27
27   3   6   8
27   4   1   6
27   4   2   12
27   4   3   23
27   4   4   28
27   4   5   26
27   4   6   22
27   4   7   12
27   4   8   6
28   1   1   10
28   1   2   21
28   1   3   30
28   1   4   31
28   1   5   25
28   1   6   6
28   2   1   17
28   2   2   24
28   2   3   22
28   2   4   23
28   2   5   18
28   2   6   19
28   3   1   5
28   3   2   28
28   3   3   32
28   3   4   28
28   3   5   21
28   3   6   9
28   4   1   8
28   4   2   26
28   4   3   29
28   4   4   26
28   4   5   21
28   4   6   13
29   1   1   11
29   1   2   23
29   1   3   34
29   1   4   30
29   1   5   23
29   1   6   12
29   2   1   15
29   2   2   22
29   2   3   28
29   2   4   30
29   2   5   24
29   2   6   14
29   3   1   33
29   3   2   32
29   3   3   35
29   3   4   33
29   4   1   10
29   4   2   14
29   4   3   20
29   4   4   21
29   4   5   22
29   4   6   22
29   4   7   16
29   4   8   8
30   1   1   15
30   1   2   17
30   2   1   8
30   2   2   7
30   2   3   10
30   2   4   7
30   3   1   5
30   3   2   11
30   3   3   11
30   3   4   5
30   4   1   7
30   4   2   10
30   4   3   8
30   4   4   7
31   1   1   17
31   1   2   28
31   1   3   21
31   1   4   14
31   1   5   5
31   2   1   10
31   2   2   15
31   2   3   17
31   2   4   20
31   2   5   14
31   2   6   9
31   3   1   6
31   3   2   14
31   3   3   22
31   3   4   21
31   3   5   16
31   3   6   6
31   4   1   8
31   4   2   16
31   4   3   19
31   4   4   19
31   4   5   16
31   4   6   7
32   1   1   7
32   1   2   14
32   1   3   18
32   1   4   19
32   1   5   10
32   1   6   8
32   2   1   8
32   2   2   12
32   2   3   16
32   2   4   19
32   2   5   14
32   2   6   7
32   3   1   16
32   3   2   22
32   3   3   23
32   3   4   15
32   4   1   5
32   4   2   14
32   4   3   19
32   4   4   20
32   4   5   12
32   4   6   6
33   1   1   6
33   1   2   14
33   1   3   24
33   1   4   23
33   1   5   14
33   1   6   6
33   2   1   7
33   2   2   18
33   2   3   19
33   2   4   20
33   2   5   14
33   2   6   9
33   3   1   7
33   3   2   19
33   3   3   19
33   3   4   17
33   3   5   18
33   3   6   7
33   4   1   5
33   4   2   16
33   4   3   24
33   4   4   21
33   4   5   15
33   4   6   6
34   1   1   14
34   1   2   25
34   1   3   36
34   1   4   35
34   1   5   24
34   1   6   13
34   2   1   13
34   2   2   24
34   2   3   37
34   2   4   33
34   2   5   29
34   2   6   11
34   3   1   17
34   3   2   24
34   3   3   32
34   3   4   32
34   3   5   25
34   3   6   17
34   4   1   9
34   4   2   12
34   4   3   21
34   4   4   28
34   4   5   32
34   4   6   25
34   4   7   20
35   1   1   5
35   1   2   8
35   1   3   9
35   1   4   6
35   2   1   15
35   2   2   13
35   3   1   6
35   3   2   9
35   3   3   7
35   3   4   6
35   4   1   13
35   4   2   15
36   1   1   15
36   1   2   34
36   1   3   30
36   1   4   25
36   1   5   21
36   1   6   14
36   1   7   6
36   2   1   14
36   2   2   28
36   2   3   29
36   2   4   32
36   2   5   28
36   2   6   14
36   3   1   12
36   3   2   25
36   3   3   35
36   3   4   35
36   3   5   29
36   3   6   9
36   4   1   8
36   4   2   13
36   4   3   20
36   4   4   29
36   4   5   32
36   4   6   23
36   4   7   15
36   4   8   5
37   1   1   6
37   1   2   14
37   1   3   20
37   1   4   22
37   1   5   13
37   1   6   7
37   2   1   6
37   2   2   11
37   2   3   26
37   2   4   21
37   2   5   10
37   2   6   8
37   3   1   19
37   3   2   21
37   3   3   24
37   3   4   18
37   4   1   21
37   4   2   17
37   4   3   25
37   4   4   14
37   4   5   5
38   1   1   6
38   1   2   10
38   1   3   12
38   1   4   6
38   2   1   8
38   2   2   10
38   2   3   8
38   2   4   8
38   3   1   5
38   3   2   12
38   3   3   10
38   3   4   7
38   4   1   5
38   4   2   13
38   4   3   10
38   4   4   6
39   1   1   5
39   1   2   22
39   1   3   43
39   1   4   50
39   1   5   53
39   1   6   38
39   1   7   25
39   1   8   5
39   2   1   13
39   2   2   25
39   2   3   39
39   2   4   42
39   2   5   46
39   2   6   34
39   2   7   26
39   2   8   16
39   3   1   10
39   3   2   31
39   3   3   39
39   3   4   41
39   3   5   47
39   3   6   34
39   3   7   20
39   3   8   19
39   4   1   12
39   4   2   25
39   4   3   37
39   4   4   45
39   4   5   47
39   4   6   38
39   4   7   25
39   4   8   12
40   1   1   9
40   1   2   13
40   1   3   19
40   1   4   18
40   1   5   15
40   1   6   7
40   2   1   21
40   2   2   19
40   2   3   20
40   2   4   16
40   2   5   5
40   3   1   4
40   3   2   11
40   3   3   26
40   3   4   23
40   3   5   17
40   4   1   5
40   4   2   12
40   4   3   21
40   4   4   25
40   4   5   18
41   1   1   5
41   1   2   5
41   1   3   11
41   1   4   15
41   1   5   18
41   1   6   14
41   1   7   6
41   2   1   7
41   2   2   16
41   2   3   15
41   2   4   17
41   2   5   11
41   2   6   8
41   3   1   11
41   3   2   28
41   3   3   22
41   3   4   13
41   4   1   18
41   4   2   17
41   4   3   23
41   4   4   16
42   1   1   14
42   1   2   21
42   1   3   20
42   1   4   23
42   1   5   26
42   1   6   11
42   2   1   4
42   2   2   11
42   2   3   21
42   2   4   22
42   2   5   23
42   2   6   19
42   2   7   10
42   2   8   5
42   3   1   7
42   3   2   22
42   3   3   28
42   3   4   31
42   3   5   20
42   3   6   7
42   4   1   11
42   4   2   20
42   4   3   27
42   4   4   25
42   4   5   20
42   4   6   12
43   1   1   14
43   1   2   18
43   1   3   19
43   1   4   14
43   2   1   13
43   2   2   19
43   2   3   20
43   2   4   13
43   3   1   11
43   3   2   19
43   3   3   23
43   3   4   12
43   4   1   6
43   4   2   12
43   4   3   14
43   4   4   15
43   4   5   13
43   4   6   5
44   1   1   11
44   1   2   16
44   1   3   19
44   1   4   11
44   2   1   12
44   2   2   16
44   2   3   18
44   2   4   11
44   3   1   5
44   3   2   8
44   3   3   17
44   3   4   13
44   3   5   14
44   4   1   11
44   4   2   17
44   4   3   15
44   4   4   14
45   1   1   12
45   1   2   15
45   1   3   24
45   1   4   13
45   1   5   25
45   1   6   10
45   2   1   7
45   2   2   16
45   2   3   25
45   2   4   28
45   2   5   17
45   2   6   6
45   3   1   15
45   3   2   18
45   3   3   20
45   3   4   16
45   3   5   11
45   3   6   12
45   3   7   7
45   4   1   18
45   4   2   32
45   4   3   31
45   4   4   18
46   1   1   17
46   1   2   24
46   1   3   26
46   1   4   31
46   1   5   27
46   1   6   15
46   2   1   12
46   2   2   30
46   2   3   32
46   2   4   27
46   2   5   19
46   2   6   13
46   2   7   7
46   3   1   16
46   3   2   17
46   3   3   35
46   3   4   32
46   3   5   29
46   3   6   11
46   4   1   21
46   4   2   26
46   4   3   28
46   4   4   24
46   4   5   19
46   4   6   14
46   4   7   8
47   1   1   19
47   1   2   14
47   1   3   22
47   1   4   15
47   1   5   11
47   1   6   15
47   1   7   6
47   2   1   6
47   2   2   14
47   2   3   31
47   2   4   29
47   2   5   15
47   2   6   7
47   3   1   23
47   3   2   31
47   3   3   27
47   3   4   21
47   4   1   13
47   4   2   16
47   4   3   23
47   4   4   26
47   4   5   13
47   4   6   11
48   1   1   5
48   1   2   8
48   1   3   15
48   1   4   24
48   1   5   25
48   1   6   20
48   1   7   10
48   2   1   11
48   2   2   20
48   2   3   21
48   2   4   24
48   2   5   21
48   2   6   10
48   3   1   6
48   3   2   20
48   3   3   29
48   3   4   26
48   3   5   21
48   3   6   5
48   4   1   31
48   4   2   26
48   4   3   25
48   4   4   14
48   4   5   11
49   1   1   7
49   1   2   17
49   1   3   21
49   1   4   28
49   1   5   16
49   1   6   6
49   2   1   14
49   2   2   16
49   2   3   16
49   2   4   18
49   2   5   15
49   2   6   16
49   3   1   16
49   3   2   31
49   3   3   34
49   3   4   14
49   4   1   5
49   4   2   11
49   4   3   14
49   4   4   17
49   4   5   18
49   4   6   15
49   4   7   15
50   1   1   5
50   1   2   18
50   1   3   23
50   2   1   11
50   2   2   12
50   2   3   13
50   2   4   10
50   3   1   9
50   3   2   16
50   3   3   11
50   3   4   10
50   4   1   11
50   4   2   12
50   4   3   12
50   4   4   11
51   1   1   12
51   1   2   9
51   1   3   11
51   1   4   13
51   2   1   5
51   2   2   17
51   2   3   18
51   2   4   5
51   3   1   9
51   3   2   13
51   3   3   15
51   3   4   8
51   4   1   11
51   4   2   12
51   4   3   13
51   4   4   9
52   1   1   7
52   1   2   12
52   1   3   15
52   1   4   15
52   1   5   19
52   2   1   6
52   2   2   10
52   2   3   18
52   2   4   14
52   2   5   20
52   3   1   11
52   3   2   24
52   3   3   21
52   3   4   12
52   4   1   15
52   4   2   19
52   4   3   20
52   4   4   14
53   1   1   17
53   1   2   20
53   1   3   18
53   1   4   10
53   1   5   5
53   2   1   6
53   2   2   11
53   2   3   16
53   2   4   19
53   2   5   13
53   2   6   5
53   3   1   14
53   3   2   21
53   3   3   21
53   3   4   14
53   4   1   15
53   4   2   21
53   4   3   20
53   4   4   14
54   1   1   7
54   1   2   11
54   1   3   11
54   1   4   6
54   2   1   5
54   2   2   13
54   2   3   11
54   2   4   6
54   3   1   17
54   3   2   18
54   4   1   11
54   4   2   7
54   4   3   8
54   4   4   9
55   1   1   19
55   1   2   23
55   1   3   27
55   1   4   18
55   2   1   7
55   2   2   15
55   2   3   21
55   2   4   22
55   2   5   17
55   2   6   5
55   3   1   6
55   3   2   19
55   3   3   20
55   3   4   20
55   3   5   15
55   3   6   7
55   4   1   8
55   4   2   15
55   4   3   20
55   4   4   21
55   4   5   17
55   4   6   6
56   1   1   17
56   1   2   22
56   1   3   30
56   1   4   38
56   1   5   20
56   1   6   10
56   1   7   5
56   2   1   16
56   2   2   22
56   2   3   30
56   2   4   34
56   2   5   26
56   2   6   14
56   3   1   5
56   3   2   17
56   3   3   17
56   3   4   24
56   3   5   36
56   3   6   30
56   3   7   13
56   4   1   13
56   4   2   13
56   4   3   13
56   4   4   24
56   4   5   34
56   4   6   24
56   4   7   15
56   4   8   6
57   1   1   20
57   1   2   35
57   1   3   33
57   1   4   28
57   1   5   31
57   1   6   15
57   1   7   7
57   2   1   24
57   2   2   29
57   2   3   30
57   2   4   33
57   2   5   28
57   2   6   25
57   3   1   16
57   3   2   31
57   3   3   37
57   3   4   37
57   3   5   30
57   3   6   18
57   4   1   12
57   4   2   38
57   4   3   32
57   4   4   41
57   4   5   30
57   4   6   16
58   1   1   6
58   1   2   16
58   1   3   29
58   1   4   43
58   1   5   49
58   1   6   35
58   1   7   19
58   2   1   11
58   2   2   20
58   2   3   32
58   2   4   34
58   2   5   36
58   2   6   32
58   2   7   23
58   2   8   9
58   3   1   17
58   3   2   21
58   3   3   23
58   3   4   29
58   3   5   38
58   3   6   37
58   3   7   24
58   3   8   8
58   4   1   6
58   4   2   19
58   4   3   32
58   4   4   41
58   4   5   42
58   4   6   32
58   4   7   20
58   4   8   5
59   1   1   14
59   1   2   13
59   2   1   5
59   2   2   9
59   2   3   7
59   2   4   6
59   3   1   15
59   3   2   7
59   3   3   5
59   4   1   13
59   4   2   14
60   1   1   9
60   1   2   18
60   1   3   20
60   1   4   17
60   1   5   15
60   1   6   11
60   2   1   10
60   2   2   11
60   2   3   22
60   2   4   21
60   2   5   19
60   2   6   7
60   3   1   9
60   3   2   16
60   3   3   19
60   3   4   20
60   3   5   19
60   3   6   7
60   4   1   5
60   4   2   15
60   4   3   25
60   4   4   26
60   4   5   14
60   4   6   5
61   1   1   14
61   1   2   23
61   1   3   19
61   1   4   9
61   2   1   15
61   2   2   16
61   2   3   21
61   2   4   13
61   3   1   14
61   3   2   18
61   3   3   16
61   3   4   17
61   4   1   7
61   4   2   12
61   4   3   12
61   4   4   13
61   4   5   12
61   4   6   9
62   1   1   13
62   1   2   17
62   1   3   17
62   1   4   15
62   2   1   11
62   2   2   19
62   2   3   20
62   2   4   12
62   3   1   13
62   3   2   17
62   3   3   19
62   3   4   13
62   4   1   5
62   4   2   8
62   4   3   16
62   4   4   20
62   4   5   13
63   1   1   14
63   1   2   29
63   1   3   33
63   1   4   33
63   1   5   27
63   1   6   15
63   2   1   18
63   2   2   25
63   2   3   30
63   2   4   33
63   2   5   32
63   2   6   13
63   3   1   5
63   3   2   12
63   3   3   20
63   3   4   34
63   3   5   40
63   3   6   26
63   3   7   14
63   4   1   19
63   4   2   24
63   4   3   30
63   4   4   35
63   4   5   27
63   4   6   16
64   1   1   9
64   1   2   13
64   1   3   8
64   1   4   11
64   2   1   21
64   2   2   13
64   2   3   7
64   3   1   8
64   3   2   12
64   3   3   12
64   3   4   9
64   4   1   7
64   4   2   12
64   4   3   15
64   4   4   7
65   1   1   9
65   1   2   17
65   1   3   22
65   1   4   21
65   1   5   15
65   1   6   9
65   2   1   7
65   2   2   17
65   2   3   25
65   2   4   21
65   2   5   14
65   2   6   9
65   3   1   7
65   3   2   17
65   3   3   23
65   3   4   22
65   3   5   18
65   3   6   6
65   4   1   21
65   4   2   29
65   4   3   23
65   4   4   15
65   4   5   5
66   1   1   10
66   1   2   20
66   1   3   28
66   1   4   28
66   1   5   34
66   1   6   30
66   1   7   15
66   1   8   11
66   2   1   27
66   2   2   33
66   2   3   34
66   2   4   30
66   2   5   19
66   2   6   20
66   2   7   13
66   3   1   19
66   3   2   29
66   3   3   40
66   3   4   43
66   3   5   27
66   3   6   18
66   4   1   13
66   4   2   32
66   4   3   41
66   4   4   46
66   4   5   32
66   4   6   12
67   1   1   16
67   1   2   15
67   1   3   17
67   1   4   21
67   1   5   16
67   1   6   11
67   2   1   20
67   2   2   29
67   2   3   27
67   2   4   20
67   3   1   8
67   3   2   20
67   3   3   20
67   3   4   23
67   3   5   14
67   3   6   11
67   4   1   8
67   4   2   17
67   4   3   21
67   4   4   25
67   4   5   18
67   4   6   7
68   1   1   1
68   2   1   1
68   3   1   1
68   4   1   1
69   1   1   26
69   1   2   32
69   1   3   23
69   1   4   13
69   1   5   10
69   2   1   9
69   2   2   17
69   2   3   23
69   2   4   31
69   2   5   24
69   3   1   10
69   3   2   14
69   3   3   23
69   3   4   25
69   3   5   22
69   3   6   10
69   4   1   13
69   4   2   13
69   4   3   23
69   4   4   26
69   4   5   19
69   4   6   10
70   1   1   7
70   1   2   12
70   1   3   17
70   1   4   18
70   1   5   14
70   1   6   6
70   2   1   8
70   2   2   12
70   2   3   16
70   2   4   18
70   2   5   12
70   2   6   8
70   3   1   16
70   3   2   20
70   3   3   22
70   3   4   16
70   4   1   12
70   4   2   26
70   4   3   23
70   4   4   13
71   1   1   13
71   1   2   11
71   1   3   10
71   1   4   12
71   2   1   9
71   2   2   14
71   2   3   14
71   2   4   9
71   3   1   11
71   3   2   12
71   3   3   12
71   3   4   11
71   4   1   6
71   4   2   18
71   4   3   14
71   4   4   8
72   1   1   7
72   1   2   13
72   1   3   16
72   1   4   12
72   1   5   11
72   1   6   8
72   2   1   11
72   2   2   21
72   2   3   23
72   2   4   12
72   3   1   12
72   3   2   19
72   3   3   24
72   3   4   12
72   4   1   5
72   4   2   12
72   4   3   13
72   4   4   21
72   4   5   16
73   1   1   9
73   1   2   15
73   1   3   20
73   1   4   22
73   1   5   17
73   1   6   8
73   2   1   19
73   2   2   25
73   2   3   28
73   2   4   19
73   3   1   6
73   3   2   16
73   3   3   21
73   3   4   26
73   3   5   22
73   4   1   9
73   4   2   14
73   4   3   22
73   4   4   22
73   4   5   15
73   4   6   9
74   1   1   17
74   1   2   24
74   1   3   29
74   1   4   24
74   1   5   21
74   1   6   19
74   2   1   5
74   2   2   24
74   2   3   41
74   2   4   36
74   2   5   19
74   2   6   9
74   3   1   7
74   3   2   14
74   3   3   18
74   3   4   32
74   3   5   21
74   3   6   22
74   3   7   12
74   3   8   8
74   4   1   16
74   4   2   22
74   4   3   33
74   4   4   25
74   4   5   25
74   4   6   13
75   1   1   14
75   1   2   20
75   1   3   26
75   1   4   28
75   1   5   22
75   1   6   12
75   2   1   25
75   2   2   34
75   2   3   40
75   2   4   18
75   2   5   5
75   3   1   2
75   3   2   10
75   3   3   20
75   3   4   30
75   3   5   27
75   3   6   19
75   3   7   14
75   4   1   16
75   4   2   21
75   4   3   23
75   4   4   24
75   4   5   22
75   4   6   16
76   1   1   17
76   1   2   26
76   1   3   35
76   1   4   43
76   1   5   28
76   1   6   14
76   2   1   21
76   2   2   27
76   2   3   35
76   2   4   32
76   2   5   27
76   2   6   15
76   2   7   6
76   3   1   8
76   3   2   17
76   3   3   25
76   3   4   31
76   3   5   30
76   3   6   28
76   3   7   19
76   3   8   5
76   4   1   5
76   4   2   17
76   4   3   28
76   4   4   33
76   4   5   30
76   4   6   29
76   4   7   14
76   4   8   7
77   1   1   6
77   1   2   10
77   1   3   13
77   1   4   12
77   1   5   12
77   1   6   5
77   2   1   8
77   2   2   21
77   2   3   22
77   2   4   7
77   3   1   11
77   3   2   19
77   3   3   18
77   3   4   10
77   4   1   12
77   4   2   17
77   4   3   16
77   4   4   8
77   4   5   5
78   1   1   20
78   1   2   29
78   1   3   35
78   1   4   35
78   1   5   29
78   1   6   19
78   2   1   23
78   2   2   30
78   2   3   34
78   2   4   31
78   2   5   22
78   2   6   20
78   2   7   7
78   3   1   19
78   3   2   32
78   3   3   34
78   3   4   32
78   3   5   30
78   3   6   20
78   4   1   21
78   4   2   25
78   4   3   40
78   4   4   40
78   4   5   19
78   4   6   13
78   4   7   9
79   1   1   12
79   1   2   20
79   1   3   27
79   1   4   30
79   1   5   21
79   1   6   11
79   2   1   15
79   2   2   22
79   2   3   23
79   2   4   26
79   2   5   18
79   2   6   17
79   3   1   5
79   3   2   23
79   3   3   29
79   3   4   36
79   3   5   28
79   4   1   11
79   4   2   23
79   4   3   27
79   4   4   26
79   4   5   20
79   4   6   14
80   1   1   6
80   1   2   7
80   2   1   7
80   2   2   5
80   2   3   1
80   3   1   6
80   3   2   7
80   4   1   6
80   4   2   7
81   1   1   13
81   1   2   15
81   1   3   15
81   1   4   14
81   2   1   5
81   2   2   9
81   2   3   14
81   2   4   14
81   2   5   10
81   2   6   5
81   3   1   10
81   3   2   17
81   3   3   20
81   3   4   10
81   4   1   10
81   4   2   16
81   4   3   18
81   4   4   13
82   1   1   11
82   1   2   22
82   1   3   16
82   1   4   13
82   2   1   12
82   2   2   19
82   2   3   19
82   2   4   12
82   3   1   7
82   3   2   12
82   3   3   13
82   3   4   11
82   3   5   13
82   3   6   6
82   4   1   10
82   4   2   21
82   4   3   22
82   4   4   9
83   1   1   7
83   1   2   29
83   1   3   44
83   1   4   39
83   1   5   30
83   1   6   7
83   2   1   6
83   2   2   13
83   2   3   24
83   2   4   37
83   2   5   29
83   2   6   29
83   2   7   13
83   2   8   5
83   3   1   7
83   3   2   16
83   3   3   21
83   3   4   31
83   3   5   33
83   3   6   28
83   3   7   20
83   4   1   6
83   4   2   20
83   4   3   27
83   4   4   29
83   4   5   27
83   4   6   20
83   4   7   15
83   4   8   12
84   1   1   16
84   1   2   14
84   1   3   10
84   1   4   19
84   2   1   14
84   2   2   19
84   2   3   13
84   2   4   9
84   2   5   4
84   3   1   5
84   3   2   10
84   3   3   13
84   3   4   17
84   3   5   14
84   4   1   9
84   4   2   23
84   4   3   18
84   4   4   9
85   1   1   9
85   1   2   15
85   1   3   23
85   1   4   20
85   1   5   18
85   1   6   8
85   2   1   21
85   2   2   25
85   2   3   27
85   2   4   15
85   2   5   5
85   3   1   12
85   3   2   15
85   3   3   22
85   3   4   16
85   3   5   15
85   3   6   9
85   3   7   4
85   4   1   20
85   4   2   30
85   4   3   23
85   4   4   14
85   4   5   6
86   1   1   6
86   1   2   10
86   1   3   18
86   1   4   25
86   1   5   17
86   2   1   7
86   2   2   15
86   2   3   16
86   2   4   18
86   2   5   13
86   2   6   7
86   3   1   5
86   3   2   15
86   3   3   20
86   3   4   17
86   3   5   12
86   3   6   7
86   4   1   17
86   4   2   21
86   4   3   23
86   4   4   11
86   4   5   4
87   1   1   22
87   1   2   31
87   1   3   23
87   1   4   17
87   1   5   6
87   2   1   7
87   2   2   16
87   2   3   25
87   2   4   27
87   2   5   18
87   2   6   6
87   3   1   13
87   3   2   16
87   3   3   21
87   3   4   20
87   3   5   15
87   3   6   14
87   4   1   5
87   4   2   19
87   4   3   26
87   4   4   24
87   4   5   19
87   4   6   6
88   1   1   11
88   1   2   13
88   1   3   19
88   1   4   18
88   1   5   15
88   1   6   10
88   2   1   18
88   2   2   30
88   2   3   22
88   2   4   11
88   2   5   5
88   3   1   20
88   3   2   25
88   3   3   21
88   3   4   15
88   3   5   5
88   4   1   22
88   4   2   21
88   4   3   23
88   4   4   14
88   4   5   6
89   1   1   16
89   1   2   18
89   1   3   15
89   1   4   10
89   1   5   5
89   2   1   11
89   2   2   19
89   2   3   24
89   2   4   10
89   3   1   8
89   3   2   10
89   3   3   16
89   3   4   13
89   3   5   9
89   3   6   8
89   4   1   16
89   4   2   19
89   4   3   12
89   4   4   10
89   4   5   7
90   1   1   24
90   1   2   29
90   1   3   29
90   1   4   14
90   1   5   8
90   2   1   10
90   2   2   19
90   2   3   21
90   2   4   24
90   2   5   22
90   2   6   8
90   3   1   7
90   3   2   17
90   3   3   30
90   3   4   25
90   3   5   19
90   3   6   6
90   4   1   7
90   4   2   15
90   4   3   13
90   4   4   15
90   4   5   15
90   4   6   17
90   4   7   16
90   4   8   6
91   1   1   9
91   1   2   12
91   1   3   13
91   1   4   13
91   1   5   13
91   1   6   7
91   2   1   6
91   2   2   14
91   2   3   15
91   2   4   15
91   2   5   8
91   2   6   9
91   3   1   12
91   3   2   26
91   3   3   19
91   3   4   10
91   4   1   15
91   4   2   21
91   4   3   17
91   4   4   9
91   4   5   5
92   1   1   5
92   1   2   16
92   1   3   17
92   1   4   18
92   1   5   13
92   1   6   7
92   2   1   7
92   2   2   14
92   2   3   16
92   2   4   19
92   2   5   15
92   2   6   5
92   3   1   7
92   3   2   12
92   3   3   16
92   3   4   20
92   3   5   21
92   4   1   12
92   4   2   25
92   4   3   26
92   4   4   13
93   1   1   10
93   1   2   21
93   1   3   31
93   1   4   42
93   1   5   45
93   1   6   39
93   1   7   29
93   2   1   11
93   2   2   21
93   2   3   31
93   2   4   45
93   2   5   43
93   2   6   34
93   2   7   23
93   2   8   9
93   3   1   27
93   3   2   44
93   3   3   42
93   3   4   39
93   3   5   34
93   3   6   24
93   3   7   7
93   4   1   7
93   4   2   27
93   4   3   37
93   4   4   41
93   4   5   38
93   4   6   31
93   4   7   26
93   4   8   10
94   1   1   12
94   1   2   14
94   1   3   23
94   1   4   24
94   1   5   13
94   1   6   12
94   2   1   24
94   2   2   28
94   2   3   23
94   2   4   18
94   2   5   5
94   3   1   9
94   3   2   20
94   3   3   21
94   3   4   19
94   3   5   19
94   3   6   10
94   4   1   21
94   4   2   30
94   4   3   25
94   4   4   22
95   1   1   18
95   1   2   12
95   1   3   6
95   2   1   8
95   2   2   13
95   2   3   15
95   3   1   8
95   3   2   9
95   3   3   11
95   3   4   8
95   4   1   6
95   4   2   11
95   4   3   12
95   4   4   7
96   1   1   8
96   1   2   15
96   1   3   14
96   1   4   19
96   1   5   9
96   1   6   11
96   2   1   14
96   2   2   27
96   2   3   20
96   2   4   15
96   3   1   5
96   3   2   9
96   3   3   10
96   3   4   13
96   3   5   13
96   3   6   15
96   3   7   11
96   4   1   17
96   4   2   22
96   4   3   20
96   4   4   17
97   1   1   9
97   1   2   8
97   2   1   3
97   2   2   5
97   2   3   9
97   3   1   5
97   3   2   12
97   4   1   9
97   4   2   8
98   1   1   13
98   1   2   26
98   1   3   26
98   1   4   29
98   1   5   18
98   1   6   16
98   2   1   11
98   2   2   21
98   2   3   34
98   2   4   27
98   2   5   24
98   2   6   11
98   3   1   4
98   3   2   14
98   3   3   24
98   3   4   28
98   3   5   24
98   3   6   17
98   3   7   8
98   3   8   9
98   4   1   8
98   4   2   24
98   4   3   36
98   4   4   30
98   4   5   20
98   4   6   10
99   1   1   19
99   1   2   11
99   1   3   6
99   2   1   5
99   2   2   11
99   2   3   13
99   2   4   7
99   3   1   7
99   3   2   12
99   3   3   9
99   3   4   8
99   4   1   6
99   4   2   14
99   4   3   8
99   4   4   8
100   1   1   7
100   1   2   11
100   1   3   17
100   1   4   17
100   1   5   21
100   2   1   16
100   2   2   22
100   2   3   20
100   2   4   15
100   3   1   5
100   3   2   15
100   3   3   18
100   3   4   17
100   3   5   12
100   3   6   6
100   4   1   16
100   4   2   21
100   4   3   21
100   4   4   15
101   1   1   19
101   1   2   35
101   1   3   37
101   1   4   35
101   1   5   31
101   1   6   22
101   2   1   9
101   2   2   19
101   2   3   28
101   2   4   33
101   2   5   30
101   2   6   28
101   2   7   24
101   2   8   8
101   3   1   26
101   3   2   31
101   3   3   34
101   3   4   35
101   3   5   26
101   3   6   20
101   3   7   7
101   4   1   19
101   4   2   27
101   4   3   41
101   4   4   42
101   4   5   35
101   4   6   15
102   1   1   13
102   1   2   22
102   1   3   24
102   1   4   22
102   1   5   17
102   1   6   10
102   1   7   5
102   2   1   28
102   2   2   29
102   2   3   31
102   2   4   18
102   2   5   7
102   3   1   12
102   3   2   22
102   3   3   22
102   3   4   25
102   3   5   19
102   3   6   13
102   4   1   8
102   4   2   21
102   4   3   27
102   4   4   29
102   4   5   20
102   4   6   8
103   1   1   10
103   1   2   22
103   1   3   26
103   1   4   28
103   1   5   23
103   1   6   9
103   2   1   6
103   2   2   22
103   2   3   27
103   2   4   29
103   2   5   34
103   3   1   10
103   3   2   22
103   3   3   25
103   3   4   30
103   3   5   21
103   3   6   10
103   4   1   7
103   4   2   11
103   4   3   18
103   4   4   22
103   4   5   22
103   4   6   20
103   4   7   13
103   4   8   5
104   1   1   7
104   1   2   11
104   1   3   9
104   1   4   7
104   2   1   6
104   2   2   12
104   2   3   9
104   2   4   7
104   3   1   16
104   3   2   18
104   4   1   6
104   4   2   11
104   4   3   10
104   4   4   7
105   1   1   9
105   1   2   18
105   1   3   22
105   1   4   22
105   1   5   22
105   1   6   7
105   2   1   18
105   2   2   26
105   2   3   30
105   2   4   20
105   2   5   6
105   3   1   12
105   3   2   17
105   3   3   21
105   3   4   23
105   3   5   16
105   3   6   11
105   4   1   20
105   4   2   31
105   4   3   26
105   4   4   15
105   4   5   8
106   1   1   14
106   1   2   18
106   1   3   27
106   1   4   25
106   1   5   21
106   1   6   13
106   2   1   8
106   2   2   22
106   2   3   30
106   2   4   28
106   2   5   22
106   2   6   8
106   3   1   9
106   3   2   22
106   3   3   29
106   3   4   26
106   3   5   24
106   3   6   8
106   4   1   15
106   4   2   18
106   4   3   22
106   4   4   24
106   4   5   19
106   4   6   20
107   1   1   7
107   1   2   12
107   1   3   14
107   1   4   15
107   1   5   12
107   1   6   7
107   2   1   18
107   2   2   12
107   2   3   18
107   2   4   19
107   3   1   13
107   3   2   20
107   3   3   20
107   3   4   14
107   4   1   14
107   4   2   17
107   4   3   19
107   4   4   17
108   1   1   12
108   1   2   21
108   1   3   27
108   1   4   13
108   2   1   14
108   2   2   24
108   2   3   19
108   2   4   16
108   3   1   20
108   3   2   18
108   3   3   15
108   3   4   14
108   3   5   6
108   4   1   6
108   4   2   13
108   4   3   19
108   4   4   16
108   4   5   11
108   4   6   8
109   1   1   4
109   1   2   12
109   1   3   10
109   1   4   6
109   2   1   18
109   2   2   9
109   2   3   5
109   3   1   9
109   3   2   7
109   3   3   7
109   3   4   9
109   4   1   18
109   4   2   14
110   1   1   7
110   1   2   12
110   1   3   15
110   1   4   15
110   1   5   13
110   1   6   7
110   2   1   15
110   2   2   18
110   2   3   21
110   2   4   15
110   3   1   6
110   3   2   13
110   3   3   16
110   3   4   16
110   3   5   18
110   4   1   6
110   4   2   24
110   4   3   22
110   4   4   17
111   1   1   8
111   1   2   13
111   1   3   21
111   1   4   22
111   1   5   15
111   1   6   7
111   2   1   10
111   2   2   23
111   2   3   25
111   2   4   18
111   2   5   10
111   3   1   8
111   3   2   15
111   3   3   18
111   3   4   21
111   3   5   24
111   4   1   8
111   4   2   14
111   4   3   21
111   4   4   22
111   4   5   14
111   4   6   7
112   1   1   5
112   1   2   18
112   1   3   34
112   1   4   43
112   1   5   44
112   1   6   34
112   1   7   14
112   1   8   7
112   2   1   13
112   2   2   18
112   2   3   26
112   2   4   37
112   2   5   46
112   2   6   31
112   2   7   21
112   2   8   7
112   3   1   7
112   3   2   18
112   3   3   29
112   3   4   41
112   3   5   48
112   3   6   34
112   3   7   16
112   3   8   6
112   4   1   12
112   4   2   29
112   4   3   33
112   4   4   30
112   4   5   28
112   4   6   23
112   4   7   24
112   4   8   20
113   1   1   9
113   1   2   14
113   1   3   17
113   1   4   18
113   1   5   18
113   1   6   7
113   2   1   19
113   2   2   24
113   2   3   22
113   2   4   14
113   2   5   4
113   3   1   19
113   3   2   25
113   3   3   19
113   3   4   13
113   3   5   7
113   4   1   20
113   4   2   22
113   4   3   18
113   4   4   23
114   1   1   7
114   1   2   21
114   1   3   27
114   1   4   24
114   1   5   26
114   1   6   17
114   1   7   14
114   1   8   7
114   1   9   7
114   2   1   25
114   2   2   47
114   2   3   48
114   2   4   30
114   3   1   6
114   3   2   17
114   3   3   21
114   3   4   26
114   3   5   31
114   3   6   29
114   3   7   20
114   4   1   7
114   4   2   17
114   4   3   23
114   4   4   27
114   4   5   28
114   4   6   26
114   4   7   14
114   4   8   8
115   1   1   9
115   1   2   13
115   1   3   21
115   1   4   17
115   1   5   15
115   1   6   9
115   2   1   19
115   2   2   20
115   2   3   27
115   2   4   18
115   3   1   5
115   3   2   14
115   3   3   22
115   3   4   23
115   3   5   20
115   4   1   10
115   4   2   13
115   4   3   16
115   4   4   18
115   4   5   20
115   4   6   7
116   1   1   7
116   1   2   11
116   1   3   24
116   1   4   26
116   1   5   21
116   2   1   5
116   2   2   16
116   2   3   23
116   2   4   26
116   2   5   14
116   2   6   5
116   3   1   6
116   3   2   20
116   3   3   21
116   3   4   20
116   3   5   12
116   3   6   10
116   4   1   6
116   4   2   16
116   4   3   25
116   4   4   20
116   4   5   15
116   4   6   7
117   1   1   11
117   1   2   28
117   1   3   23
117   1   4   16
117   2   1   5
117   2   2   8
117   2   3   31
117   2   4   14
117   2   5   20
117   3   1   8
117   3   2   16
117   3   3   16
117   3   4   14
117   3   5   15
117   3   6   9
117   4   1   20
117   4   2   22
117   4   3   19
117   4   4   11
117   4   5   6
118   1   1   13
118   1   2   21
118   1   3   30
118   1   4   32
118   1   5   23
118   1   6   12
118   2   1   13
118   2   2   24
118   2   3   33
118   2   4   27
118   2   5   18
118   2   6   11
118   2   7   5
118   3   1   9
118   3   2   23
118   3   3   36
118   3   4   34
118   3   5   18
118   3   6   11
118   4   1   17
118   4   2   24
118   4   3   25
118   4   4   27
118   4   5   21
118   4   6   17
119   1   1   8
119   1   2   12
119   1   3   14
119   1   4   18
119   1   5   15
119   1   6   5
119   2   1   5
119   2   2   13
119   2   3   17
119   2   4   18
119   2   5   19
119   3   1   15
119   3   2   23
119   3   3   22
119   3   4   7
119   3   5   5
119   4   1   7
119   4   2   10
119   4   3   15
119   4   4   22
119   4   5   18
120   1   1   21
120   1   2   37
120   1   3   45
120   1   4   43
120   1   5   35
120   1   6   16
120   1   7   5
120   2   1   23
120   2   2   36
120   2   3   43
120   2   4   41
120   2   5   37
120   2   6   22
120   3   1   24
120   3   2   38
120   3   3   43
120   3   4   32
120   3   5   27
120   3   6   20
120   3   7   12
120   3   8   6
120   4   1   12
120   4   2   25
120   4   3   33
120   4   4   33
120   4   5   34
120   4   6   28
120   4   7   21
120   4   8   16
121   1   1   9
121   1   2   13
121   1   3   13
121   1   4   8
121   2   1   10
121   2   2   8
121   2   3   16
121   2   4   9
121   3   1   8
121   3   2   14
121   3   3   12
121   3   4   9
121   4   1   7
121   4   2   15
121   4   3   21
122   1   1   10
122   1   2   11
122   1   3   9
122   1   4   9
122   2   1   5
122   2   2   13
122   2   3   16
122   2   4   5
122   3   1   6
122   3   2   6
122   3   3   7
122   3   4   9
122   3   5   11
122   4   1   5
122   4   2   13
122   4   3   21
123   1   1   8
123   1   2   18
123   1   3   15
123   1   4   8
123   2   1   6
123   2   2   8
123   2   3   10
123   2   4   11
123   2   5   9
123   2   6   5
123   3   1   5
123   3   2   22
123   3   3   14
123   3   4   8
123   4   1   11
123   4   2   16
123   4   3   10
123   4   4   12
124   1   1   6
124   1   2   19
124   1   3   30
124   1   4   27
124   1   5   17
124   1   6   7
124   2   1   6
124   2   2   16
124   2   3   35
124   2   4   25
124   2   5   15
124   2   6   9
124   3   1   7
124   3   2   11
124   3   3   14
124   3   4   22
124   3   5   20
124   3   6   15
124   3   7   17
124   4   1   6
124   4   2   21
124   4   3   29
124   4   4   25
124   4   5   15
124   4   6   10
125   1   1   1
125   2   1   1
125   3   1   1
125   4   1   1
126   1   1   1
126   2   1   1
126   3   1   1
126   4   1   1
127   1   1   14
127   1   2   20
127   1   3   13
127   1   4   11
127   1   5   3
127   2   1   5
127   2   2   10
127   2   3   13
127   2   4   17
127   2   5   16
127   3   1   9
127   3   2   21
127   3   3   22
127   3   4   9
127   4   1   15
127   4   2   15
127   4   3   19
127   4   4   12
128   1   1   11
128   1   2   19
128   1   3   25
128   1   4   9
128   2   1   7
128   2   2   12
128   2   3   13
128   2   4   12
128   2   5   13
128   2   6   7
128   3   1   11
128   3   2   23
128   3   3   17
128   3   4   13
128   4   1   7
128   4   2   8
128   4   3   16
128   4   4   14
128   4   5   11
128   4   6   8
129   1   1   6
129   1   2   13
129   1   3   19
129   1   4   30
129   1   5   25
129   1   6   26
129   1   7   17
129   2   1   13
129   2   2   28
129   2   3   31
129   2   4   27
129   2   5   19
129   2   6   18
129   3   1   12
129   3   2   25
129   3   3   33
129   3   4   30
129   3   5   22
129   3   6   14
129   4   1   7
129   4   2   29
129   4   3   34
129   4   4   32
129   4   5   26
129   4   6   8
130   1   1   25
130   1   2   30
130   1   3   30
130   1   4   27
130   2   1   8
130   2   2   23
130   2   3   26
130   2   4   25
130   2   5   22
130   2   6   8
130   3   1   9
130   3   2   23
130   3   3   27
130   3   4   22
130   3   5   18
130   3   6   13
130   4   1   10
130   4   2   24
130   4   3   25
130   4   4   24
130   4   5   16
130   4   6   8
130   4   7   5
131   1   1   5
131   1   2   12
131   1   3   17
131   1   4   17
131   1   5   12
131   1   6   6
131   2   1   7
131   2   2   13
131   2   3   16
131   2   4   13
131   2   5   13
131   2   6   7
131   3   1   11
131   3   2   21
131   3   3   26
131   3   4   11
131   4   1   14
131   4   2   21
131   4   3   21
131   4   4   13
132   1   1   5
132   1   2   14
132   1   3   14
132   1   4   5
132   2   1   6
132   2   2   12
132   2   3   14
132   2   4   6
132   3   1   6
132   3   2   13
132   3   3   14
132   3   4   5
132   4   1   9
132   4   2   9
132   4   3   10
132   4   4   10
133   1   1   15
133   1   2   14
133   1   3   11
133   1   4   14
133   2   1   10
133   2   2   16
133   2   3   18
133   2   4   10
133   3   1   9
133   3   2   18
133   3   3   17
133   3   4   10
133   4   1   12
133   4   2   14
133   4   3   17
133   4   4   11
134   1   1   16
134   1   2   16
134   2   1   6
134   2   2   10
134   2   3   8
134   2   4   8
134   3   1   17
134   3   2   10
134   3   3   5
134   4   1   4
134   4   2   12
134   4   3   9
134   4   4   7
135   1   1   12
135   1   2   12
135   1   3   14
135   1   4   12
135   2   1   14
135   2   2   10
135   2   3   14
135   2   4   12
135   3   1   10
135   3   2   14
135   3   3   18
135   3   4   8
135   4   1   9
135   4   2   18
135   4   3   15
135   4   4   8
136   1   1   11
136   1   2   23
136   1   3   23
136   1   4   20
136   1   5   23
136   1   6   12
136   2   1   8
136   2   2   20
136   2   3   29
136   2   4   31
136   2   5   24
136   3   1   10
136   3   2   21
136   3   3   28
136   3   4   24
136   3   5   15
136   3   6   14
136   4   1   12
136   4   2   20
136   4   3   25
136   4   4   22
136   4   5   24
136   4   6   9
137   1   1   7
137   1   2   9
137   1   3   11
137   1   4   7
137   2   1   15
137   2   2   19
137   3   1   8
137   3   2   9
137   3   3   11
137   3   4   6
137   4   1   6
137   4   2   11
137   4   3   11
137   4   4   6
138   1   1   12
138   1   2   18
138   1   3   23
138   1   4   30
138   1   5   27
138   1   6   6
138   2   1   10
138   2   2   25
138   2   3   26
138   2   4   22
138   2   5   17
138   2   6   16
138   3   1   6
138   3   2   25
138   3   3   31
138   3   4   26
138   3   5   19
138   3   6   9
138   4   1   5
138   4   2   29
138   4   3   26
138   4   4   26
138   4   5   20
138   4   6   10
139   1   1   7
139   1   2   13
139   1   3   20
139   1   4   18
139   1   5   20
139   1   6   16
139   1   7   15
139   1   8   8
139   2   1   6
139   2   2   22
139   2   3   29
139   2   4   34
139   2   5   20
139   2   6   6
139   3   1   18
139   3   2   13
139   3   3   30
139   3   4   20
139   3   5   24
139   3   6   12
139   4   1   21
139   4   2   38
139   4   3   35
139   4   4   23
140   1   1   7
140   1   2   25
140   1   3   25
140   1   4   25
140   1   5   19
140   1   6   12
140   2   1   15
140   2   2   25
140   2   3   20
140   2   4   17
140   2   5   18
140   2   6   10
140   2   7   8
140   3   1   6
140   3   2   17
140   3   3   32
140   3   4   33
140   3   5   20
140   3   6   5
140   4   1   11
140   4   2   22
140   4   3   27
140   4   4   23
140   4   5   15
140   4   6   15
141   1   1   15
141   1   2   16
141   1   3   15
141   1   4   10
141   1   5   5
141   2   1   8
141   2   2   6
141   2   3   13
141   2   4   16
141   2   5   18
141   3   1   13
141   3   2   18
141   3   3   15
141   3   4   15
141   4   1   10
141   4   2   18
141   4   3   23
141   4   4   10
142   1   1   17
142   1   2   25
142   1   3   23
142   1   4   22
142   1   5   17
142   1   6   11
142   1   7   7
142   2   1   32
142   2   2   32
142   2   3   29
142   2   4   19
142   2   5   10
142   3   1   5
142   3   2   9
142   3   3   17
142   3   4   25
142   3   5   29
142   3   6   32
142   3   7   5
142   4   1   9
142   4   2   9
142   4   3   16
142   4   4   21
142   4   5   28
142   4   6   23
142   4   7   16
143   1   1   7
143   1   2   24
143   1   3   27
143   1   4   7
143   2   1   5
143   2   2   11
143   2   3   14
143   2   4   17
143   2   5   13
143   2   6   5
143   3   1   7
143   3   2   8
143   3   3   15
143   3   4   17
143   3   5   18
143   4   1   15
143   4   2   18
143   4   3   17
143   4   4   10
143   4   5   5
144   1   1   15
144   1   2   17
144   1   3   20
144   1   4   15
144   2   1   12
144   2   2   17
144   2   3   15
144   2   4   14
144   2   5   9
144   3   1   11
144   3   2   24
144   3   3   19
144   3   4   13
144   4   1   16
144   4   2   17
144   4   3   20
144   4   4   14
145   1   1   10
145   1   2   9
145   1   3   13
145   1   4   14
145   1   5   12
145   1   6   7
145   2   1   10
145   2   2   25
145   2   3   19
145   2   4   11
145   3   1   11
145   3   2   21
145   3   3   22
145   3   4   11
145   4   1   16
145   4   2   19
145   4   3   14
145   4   4   16
146   1   1   5
146   1   2   22
146   1   3   30
146   1   4   42
146   1   5   47
146   1   6   25
146   1   7   13
146   1   8   7
146   1   9   5
146   2   1   21
146   2   2   32
146   2   3   50
146   2   4   42
146   2   5   27
146   2   6   16
146   2   7   8
146   3   1   27
146   3   2   37
146   3   3   36
146   3   4   38
146   3   5   28
146   3   6   21
146   3   7   9
146   4   1   16
146   4   2   27
146   4   3   25
146   4   4   30
146   4   5   25
146   4   6   33
146   4   7   28
146   4   8   12
147   1   1   7
147   1   2   26
147   1   3   34
147   1   4   35
147   1   5   35
147   1   6   36
147   1   7   34
147   1   8   26
147   1   9   21
147   1   10   16
147   2   1   6
147   2   2   14
147   2   3   17
147   2   4   38
147   2   5   49
147   2   6   62
147   2   7   50
147   2   8   29
147   2   9   5
147   3   1   6
147   3   2   24
147   3   3   40
147   3   4   60
147   3   5   64
147   3   6   52
147   3   7   24
147   4   1   6
147   4   2   25
147   4   3   25
147   4   4   41
147   4   5   39
147   4   6   37
147   4   7   36
147   4   8   31
147   4   9   30
148   1   1   14
148   1   2   18
148   1   3   19
148   1   4   25
148   1   5   24
148   1   6   10
148   2   1   30
148   2   2   32
148   2   3   22
148   2   4   15
148   2   5   11
148   3   1   9
148   3   2   18
148   3   3   25
148   3   4   31
148   3   5   21
148   3   6   6
148   4   1   14
148   4   2   22
148   4   3   20
148   4   4   19
148   4   5   21
148   4   6   14
149   1   1   17
149   1   2   25
149   1   3   22
149   1   4   15
149   2   1   14
149   2   2   27
149   2   3   22
149   2   4   16
149   3   1   8
149   3   2   13
149   3   3   18
149   3   4   17
149   3   5   16
149   3   6   7
149   4   1   11
149   4   2   11
149   4   3   15
149   4   4   19
149   4   5   16
149   4   6   7
150   1   1   12
150   1   2   27
150   1   3   30
150   1   4   30
150   1   5   23
150   1   6   15
150   2   1   18
150   2   2   22
150   2   3   26
150   2   4   29
150   2   5   27
150   2   6   15
150   3   1   5
150   3   2   12
150   3   3   20
150   3   4   26
150   3   5   32
150   3   6   29
150   3   7   13
150   4   1   11
150   4   2   23
150   4   3   34
150   4   4   33
150   4   5   28
150   4   6   8
151   1   1   5
151   1   2   15
151   1   3   26
151   1   4   27
151   1   5   20
151   2   1   17
151   2   2   16
151   2   3   15
151   2   4   13
151   2   5   15
151   2   6   17
151   3   1   9
151   3   2   15
151   3   3   21
151   3   4   22
151   3   5   18
151   3   6   8
151   4   1   5
151   4   2   14
151   4   3   25
151   4   4   31
151   4   5   18
152   1   1   17
152   1   2   17
152   1   3   12
152   1   4   9
152   1   5   8
152   2   1   11
152   2   2   10
152   2   3   11
152   2   4   11
152   2   5   11
152   2   6   9
152   3   1   6
152   3   2   7
152   3   3   9
152   3   4   10
152   3   5   9
152   3   6   7
152   3   7   15
152   4   1   10
152   4   2   19
152   4   3   25
152   4   4   9
153   1   1   21
153   1   2   36
153   1   3   46
153   1   4   49
153   1   5   34
153   1   6   16
153   1   7   5
153   2   1   23
153   2   2   40
153   2   3   43
153   2   4   37
153   2   5   37
153   2   6   27
153   3   1   11
153   3   2   25
153   3   3   29
153   3   4   34
153   3   5   39
153   3   6   35
153   3   7   25
153   3   8   9
153   4   1   12
153   4   2   23
153   4   3   33
153   4   4   38
153   4   5   35
153   4   6   30
153   4   7   21
153   4   8   15
154   1   1   12
154   1   2   21
154   1   3   24
154   1   4   11
154   2   1   18
154   2   2   16
154   2   3   20
154   2   4   14
154   3   1   5
154   3   2   16
154   3   3   16
154   3   4   12
154   3   5   10
154   3   6   9
154   4   1   15
154   4   2   19
154   4   3   19
154   4   4   15
155   1   1   7
155   1   2   16
155   1   3   20
155   1   4   23
155   1   5   18
155   1   6   6
155   2   1   11
155   2   2   12
155   2   3   19
155   2   4   21
155   2   5   18
155   2   6   9
155   3   1   22
155   3   2   26
155   3   3   23
155   3   4   19
155   4   1   8
155   4   2   16
155   4   3   21
155   4   4   21
155   4   5   18
155   4   6   6
156   1   1   26
156   1   2   31
156   1   3   26
156   1   4   16
156   1   5   9
156   2   1   12
156   2   2   18
156   2   3   24
156   2   4   22
156   2   5   21
156   2   6   11
156   3   1   10
156   3   2   18
156   3   3   23
156   3   4   24
156   3   5   23
156   3   6   10
156   4   1   11
156   4   2   15
156   4   3   23
156   4   4   32
156   4   5   21
156   4   6   6
157   1   1   12
157   1   2   8
157   1   3   10
157   1   4   11
157   2   1   7
157   2   2   15
157   2   3   13
157   2   4   6
157   3   1   7
157   3   2   13
157   3   3   14
157   3   4   7
157   4   1   7
157   4   2   13
157   4   3   16
157   4   4   5
158   1   1   11
158   1   2   20
158   1   3   18
158   1   4   9
158   2   1   16
158   2   2   14
158   2   3   12
158   2   4   16
158   3   1   9
158   3   2   20
158   3   3   19
158   3   4   10
158   4   1   6
158   4   2   11
158   4   3   13
158   4   4   13
158   4   5   9
158   4   6   6
159   1   1   15
159   1   2   18
159   1   3   25
159   1   4   24
159   1   5   20
159   1   6   14
159   2   1   5
159   2   2   22
159   2   3   36
159   2   4   27
159   2   5   16
159   2   6   10
159   3   1   14
159   3   2   21
159   3   3   22
159   3   4   26
159   3   5   21
159   3   6   12
159   4   1   11
159   4   2   18
159   4   3   27
159   4   4   32
159   4   5   22
159   4   6   6
160   1   1   20
160   1   2   23
160   1   3   16
160   1   4   13
160   1   5   6
160   2   1   22
160   2   2   19
160   2   3   17
160   2   4   14
160   2   5   6
160   3   1   19
160   3   2   20
160   3   3   19
160   3   4   20
160   4   1   16
160   4   2   23
160   4   3   22
160   4   4   17
161   1   1   12
161   1   2   7
161   1   3   14
161   1   4   11
161   2   1   7
161   2   2   15
161   2   3   16
161   2   4   6
161   3   1   8
161   3   2   15
161   3   3   14
161   3   4   7
161   4   1   9
161   4   2   14
161   4   3   13
161   4   4   8
162   1   1   11
162   1   2   26
162   1   3   28
162   1   4   21
162   1   5   23
162   1   6   14
162   2   1   13
162   2   2   20
162   2   3   30
162   2   4   29
162   2   5   20
162   2   6   11
162   3   1   9
162   3   2   14
162   3   3   37
162   3   4   34
162   3   5   29
162   4   1   5
162   4   2   11
162   4   3   19
162   4   4   23
162   4   5   27
162   4   6   20
162   4   7   12
162   4   8   6
163   1   1   7
163   1   2   21
163   1   3   22
163   1   4   7
163   2   1   5
163   2   2   12
163   2   3   13
163   2   4   11
163   2   5   9
163   2   6   7
163   3   1   5
163   3   2   10
163   3   3   12
163   3   4   16
163   3   5   9
163   3   6   5
163   4   1   10
163   4   2   18
163   4   3   20
163   4   4   9
164   1   1   14
164   1   2   18
164   1   3   19
164   1   4   23
164   1   5   25
164   1   6   10
164   2   1   7
164   2   2   16
164   2   3   31
164   2   4   30
164   2   5   25
164   3   1   9
164   3   2   22
164   3   3   25
164   3   4   24
164   3   5   18
164   3   6   11
164   4   1   7
164   4   2   22
164   4   3   27
164   4   4   24
164   4   5   20
164   4   6   9
165   1   1   11
165   1   2   14
165   1   3   17
165   1   4   10
165   2   1   6
165   2   2   9
165   2   3   12
165   2   4   11
165   2   5   7
165   2   6   7
165   3   1   12
165   3   2   12
165   3   3   15
165   3   4   13
165   4   1   6
165   4   2   20
165   4   3   18
165   4   4   8
166   1   1   8
166   1   2   20
166   1   3   32
166   1   4   40
166   1   5   37
166   1   6   29
166   1   7   19
166   1   8   8
166   2   1   24
166   2   2   29
166   2   3   43
166   2   4   45
166   2   5   32
166   2   6   20
166   3   1   9
166   3   2   23
166   3   3   25
166   3   4   34
166   3   5   39
166   3   6   35
166   3   7   28
166   4   1   25
166   4   2   37
166   4   3   38
166   4   4   39
166   4   5   23
166   4   6   24
166   4   7   7
167   1   1   13
167   1   2   36
167   1   3   48
167   1   4   37
167   1   5   22
167   1   6   13
167   1   7   7
167   2   1   8
167   2   2   21
167   2   3   33
167   2   4   33
167   2   5   27
167   2   6   21
167   2   7   19
167   2   8   14
167   3   1   7
167   3   2   16
167   3   3   32
167   3   4   37
167   3   5   34
167   3   6   22
167   3   7   19
167   3   8   9
167   4   1   9
167   4   2   19
167   4   3   29
167   4   4   34
167   4   5   27
167   4   6   29
167   4   7   22
167   4   8   7
168   1   1   22
168   1   2   10
168   1   3   6
168   2   1   6
168   2   2   14
168   2   3   11
168   2   4   7
168   3   1   10
168   3   2   10
168   3   3   7
168   3   4   11
168   4   1   6
168   4   2   12
168   4   3   14
168   4   4   6
169   1   1   1
169   2   1   1
169   3   1   1
169   4   1   1
170   1   1   25
170   1   2   27
170   1   3   33
170   1   4   32
170   1   5   34
170   1   6   19
170   2   1   6
170   2   2   9
170   2   3   15
170   2   4   21
170   2   5   27
170   2   6   31
170   2   7   32
170   2   8   24
170   2   9   5
170   3   1   21
170   3   2   30
170   3   3   35
170   3   4   35
170   3   5   26
170   3   6   23
170   4   1   21
170   4   2   34
170   4   3   31
170   4   4   34
170   4   5   25
170   4   6   17
170   4   7   8
171   1   1   21
171   1   2   23
171   1   3   29
171   1   4   18
171   2   1   13
171   2   2   17
171   2   3   17
171   2   4   15
171   2   5   16
171   2   6   13
171   3   1   7
171   3   2   18
171   3   3   23
171   3   4   19
171   3   5   15
171   3   6   9
171   4   1   5
171   4   2   16
171   4   3   24
171   4   4   23
171   4   5   17
171   4   6   6
172   1   1   9
172   1   2   20
172   1   3   22
172   1   4   20
172   1   5   15
172   1   6   12
172   2   1   6
172   2   2   19
172   2   3   23
172   2   4   26
172   2   5   19
172   2   6   5
172   3   1   19
172   3   2   31
172   3   3   29
172   3   4   19
172   4   1   12
172   4   2   17
172   4   3   23
172   4   4   16
172   4   5   15
172   4   6   15
173   1   1   5
173   1   2   8
173   1   3   10
173   1   4   17
173   1   5   7
173   1   6   5
173   2   1   10
173   2   2   18
173   2   3   17
173   2   4   7
173   3   1   13
173   3   2   14
173   3   3   13
173   3   4   7
173   3   5   5
173   4   1   8
173   4   2   19
173   4   3   14
173   4   4   11
174   1   1   5
174   1   2   13
174   1   3   38
174   1   4   47
174   1   5   35
174   1   6   43
174   1   7   20
174   2   1   15
174   2   2   23
174   2   3   30
174   2   4   33
174   2   5   34
174   2   6   31
174   2   7   20
174   2   8   15
174   3   1   17
174   3   2   35
174   3   3   49
174   3   4   46
174   3   5   36
174   3   6   18
174   4   1   11
174   4   2   20
174   4   3   37
174   4   4   36
174   4   5   33
174   4   6   25
174   4   7   24
174   4   8   15
175   1   1   9
175   1   2   13
175   1   3   24
175   1   4   28
175   1   5   27
175   2   1   11
175   2   2   23
175   2   3   19
175   2   4   17
175   2   5   16
175   2   6   15
175   3   1   12
175   3   2   19
175   3   3   20
175   3   4   19
175   3   5   15
175   3   6   11
175   3   7   5
175   4   1   18
175   4   2   33
175   4   3   31
175   4   4   19
176   1   1   5
176   1   2   28
176   1   3   28
176   1   4   42
176   1   5   31
176   1   6   34
176   1   7   20
176   1   8   9
176   2   1   5
176   2   2   18
176   2   3   33
176   2   4   44
176   2   5   43
176   2   6   30
176   2   7   19
176   2   8   5
176   3   1   11
176   3   2   16
176   3   3   30
176   3   4   39
176   3   5   41
176   3   6   30
176   3   7   24
176   3   8   6
176   4   1   24
176   4   2   39
176   4   3   40
176   4   4   38
176   4   5   29
176   4   6   19
176   4   7   8
177   1   1   5
177   1   2   15
177   1   3   25
177   1   4   33
177   1   5   36
177   1   6   30
177   1   7   17
177   2   1   18
177   2   2   34
177   2   3   34
177   2   4   29
177   2   5   22
177   2   6   15
177   2   7   9
177   3   1   5
177   3   2   14
177   3   3   25
177   3   4   36
177   3   5   37
177   3   6   25
177   3   7   19
177   4   1   15
177   4   2   31
177   4   3   37
177   4   4   36
177   4   5   24
177   4   6   14
177   4   7   4
178   1   1   9
178   1   2   12
178   1   3   19
178   1   4   30
178   1   5   25
178   2   1   27
178   2   2   22
178   2   3   21
178   2   4   16
178   2   5   9
178   3   1   7
178   3   2   16
178   3   3   22
178   3   4   25
178   3   5   17
178   3   6   8
178   4   1   13
178   4   2   14
178   4   3   19
178   4   4   25
178   4   5   14
178   4   6   10
179   1   1   10
179   1   2   37
179   1   3   38
179   1   4   34
179   1   5   28
179   1   6   25
179   1   7   19
179   1   8   16
179   1   9   11
179   2   1   8
179   2   2   31
179   2   3   34
179   2   4   37
179   2   5   37
179   2   6   36
179   2   7   23
179   2   8   12
179   3   1   11
179   3   2   24
179   3   3   35
179   3   4   41
179   3   5   37
179   3   6   36
179   3   7   21
179   3   8   13
179   4   1   12
179   4   2   16
179   4   3   37
179   4   4   43
179   4   5   46
179   4   6   33
179   4   7   22
179   4   8   9
180   1   1   22
180   1   2   25
180   1   3   18
180   1   4   13
180   1   5   8
180   2   1   10
180   2   2   12
180   2   3   19
180   2   4   21
180   2   5   18
180   2   6   6
180   3   1   5
180   3   2   12
180   3   3   23
180   3   4   27
180   3   5   19
180   4   1   22
180   4   2   23
180   4   3   18
180   4   4   23
181   1   1   13
181   1   2   23
181   1   3   34
181   1   4   31
181   1   5   21
181   2   1   14
181   2   2   21
181   2   3   29
181   2   4   24
181   2   5   17
181   2   6   17
181   3   1   14
181   3   2   25
181   3   3   25
181   3   4   24
181   3   5   17
181   3   6   17
181   4   1   11
181   4   2   20
181   4   3   30
181   4   4   30
181   4   5   19
181   4   6   12
182   1   1   15
182   1   2   24
182   1   3   31
182   1   4   27
182   1   5   22
182   1   6   18
182   2   1   12
182   2   2   28
182   2   3   29
182   2   4   29
182   2   5   25
182   2   6   14
182   3   1   10
182   3   2   26
182   3   3   34
182   3   4   32
182   3   5   23
182   3   6   12
182   4   1   15
182   4   2   23
182   4   3   30
182   4   4   33
182   4   5   19
182   4   6   17
183   1   1   12
183   1   2   17
183   1   3   18
183   1   4   15
183   2   1   12
183   2   2   19
183   2   3   18
183   2   4   13
183   3   1   12
183   3   2   21
183   3   3   17
183   3   4   12
183   4   1   15
183   4   2   15
183   4   3   19
183   4   4   13
184   1   1   9
184   1   2   12
184   1   3   16
184   1   4   15
184   1   5   11
184   1   6   9
184   2   1   6
184   2   2   12
184   2   3   18
184   2   4   18
184   2   5   18
184   3   1   18
184   3   2   18
184   3   3   21
184   3   4   10
184   3   5   5
184   4   1   14
184   4   2   25
184   4   3   18
184   4   4   15
185   1   1   6
185   1   2   14
185   1   3   16
185   1   4   16
185   1   5   12
185   1   6   7
185   2   1   13
185   2   2   23
185   2   3   22
185   2   4   13
185   3   1   13
185   3   2   23
185   3   3   21
185   3   4   14
185   4   1   9
185   4   2   11
185   4   3   17
185   4   4   16
185   4   5   11
185   4   6   7
186   1   1   5
186   1   2   10
186   1   3   16
186   1   4   17
186   1   5   16
186   2   1   17
186   2   2   17
186   2   3   15
186   2   4   10
186   2   5   5
186   3   1   13
186   3   2   20
186   3   3   20
186   3   4   11
186   4   1   13
186   4   2   21
186   4   3   17
186   4   4   13
187   1   1   5
187   1   2   14
187   1   3   19
187   1   4   21
187   1   5   16
187   2   1   15
187   2   2   23
187   2   3   22
187   2   4   15
187   3   1   17
187   3   2   28
187   3   3   18
187   3   4   12
187   4   1   10
187   4   2   15
187   4   3   14
187   4   4   14
187   4   5   10
187   4   6   7
187   4   7   5
188   1   1   10
188   1   2   20
188   1   3   22
188   1   4   27
188   1   5   21
188   1   6   8
188   2   1   13
188   2   2   17
188   2   3   26
188   2   4   20
188   2   5   19
188   2   6   13
188   3   1   22
188   3   2   29
188   3   3   35
188   3   4   22
188   4   1   12
188   4   2   20
188   4   3   21
188   4   4   21
188   4   5   21
188   4   6   13
189   1   1   7
189   1   2   21
189   1   3   18
189   1   4   30
189   1   5   14
189   1   6   9
189   2   1   10
189   2   2   19
189   2   3   24
189   2   4   21
189   2   5   13
189   2   6   7
189   2   7   5
189   3   1   5
189   3   2   18
189   3   3   23
189   3   4   24
189   3   5   17
189   3   6   12
189   4   1   22
189   4   2   31
189   4   3   24
189   4   4   22
190   1   1   13
190   1   2   15
190   2   1   12
190   2   2   9
190   2   3   7
190   3   1   15
190   3   2   13
190   4   1   5
190   4   2   9
190   4   3   14
191   1   1   8
191   1   2   10
191   1   3   17
191   1   4   17
191   1   5   10
191   1   6   11
191   2   1   15
191   2   2   20
191   2   3   24
191   2   4   14
191   3   1   7
191   3   2   12
191   3   3   15
191   3   4   20
191   3   5   13
191   3   6   6
191   4   1   15
191   4   2   20
191   4   3   22
191   4   4   16
192   1   1   7
192   1   2   21
192   1   3   29
192   1   4   24
192   1   5   17
192   1   6   10
192   2   1   5
192   2   2   10
192   2   3   17
192   2   4   20
192   2   5   21
192   2   6   21
192   2   7   14
192   3   1   5
192   3   2   20
192   3   3   29
192   3   4   30
192   3   5   19
192   3   6   5
192   4   1   8
192   4   2   18
192   4   3   28
192   4   4   27
192   4   5   20
192   4   6   7
193   1   1   1
193   2   1   1
193   3   1   1
193   4   1   1
194   1   1   11
194   1   2   23
194   1   3   32
194   1   4   29
194   1   5   20
194   1   6   13
194   2   1   14
194   2   2   19
194   2   3   29
194   2   4   30
194   2   5   26
194   2   6   10
194   3   1   11
194   3   2   23
194   3   3   33
194   3   4   34
194   3   5   20
194   3   6   7
194   4   1   16
194   4   2   23
194   4   3   26
194   4   4   24
194   4   5   24
194   4   6   15
195   1   1   8
195   1   2   13
195   1   3   15
195   1   4   20
195   1   5   23
195   2   1   15
195   2   2   27
195   2   3   23
195   2   4   9
195   2   5   5
195   3   1   18
195   3   2   27
195   3   3   16
195   3   4   12
195   3   5   6
195   4   1   7
195   4   2   15
195   4   3   19
195   4   4   18
195   4   5   14
195   4   6   6
196   1   1   16
196   1   2   19
196   1   3   19
196   1   4   17
196   2   1   14
196   2   2   22
196   2   3   20
196   2   4   15
196   3   1   18
196   3   2   19
196   3   3   16
196   3   4   13
196   3   5   5
196   4   1   5
196   4   2   13
196   4   3   17
196   4   4   17
196   4   5   19
197   1   1   8
197   1   2   16
197   1   3   18
197   1   4   24
197   1   5   29
197   1   6   26
197   1   7   19
197   2   1   14
197   2   2   26
197   2   3   32
197   2   4   31
197   2   5   21
197   2   6   16
197   3   1   9
197   3   2   25
197   3   3   34
197   3   4   37
197   3   5   26
197   3   6   9
197   4   1   14
197   4   2   28
197   4   3   31
197   4   4   27
197   4   5   22
197   4   6   18
198   1   1   16
198   1   2   20
198   1   3   19
198   1   4   10
198   1   5   5
198   2   1   15
198   2   2   18
198   2   3   23
198   2   4   14
198   3   1   13
198   3   2   20
198   3   3   18
198   3   4   13
198   3   5   6
198   4   1   6
198   4   2   11
198   4   3   17
198   4   4   19
198   4   5   12
198   4   6   5
199   1   1   5
199   1   2   13
199   1   3   25
199   1   4   26
199   1   5   14
199   1   6   5
199   2   1   10
199   2   2   17
199   2   3   21
199   2   4   15
199   2   5   10
199   2   6   15
199   3   1   9
199   3   2   15
199   3   3   19
199   3   4   18
199   3   5   19
199   3   6   8
199   4   1   18
199   4   2   29
199   4   3   25
199   4   4   16
200   1   1   7
200   1   2   16
200   1   3   22
200   1   4   23
200   1   5   16
200   1   6   7
200   2   1   10
200   2   2   14
200   2   3   17
200   2   4   24
200   2   5   21
200   2   6   5
200   3   1   10
200   3   2   16
200   3   3   21
200   3   4   19
200   3   5   16
200   3   6   9
200   4   1   9
200   4   2   16
200   4   3   21
200   4   4   21
200   4   5   15
200   4   6   9
201   1   1   9
201   1   2   25
201   1   3   34
201   1   4   33
201   1   5   29
201   1   6   22
201   1   7   21
201   1   8   17
201   2   1   7
201   2   2   19
201   2   3   30
201   2   4   36
201   2   5   40
201   2   6   33
201   2   7   25
201   3   1   19
201   3   2   33
201   3   3   40
201   3   4   45
201   3   5   39
201   3   6   14
201   4   1   5
201   4   2   22
201   4   3   34
201   4   4   34
201   4   5   34
201   4   6   35
201   4   7   26
202   1   1   6
202   1   2   10
202   1   3   9
202   1   4   6
202   2   1   15
202   2   2   11
202   2   3   5
202   3   1   6
202   3   2   9
202   3   3   10
202   3   4   6
202   4   1   5
202   4   2   10
202   4   3   11
202   4   4   5
203   1   1   19
203   1   2   22
203   1   3   18
203   1   4   16
203   1   5   5
203   2   1   8
203   2   2   13
203   2   3   19
203   2   4   19
203   2   5   14
203   2   6   7
203   3   1   17
203   3   2   25
203   3   3   21
203   3   4   12
203   3   5   5
203   4   1   5
203   4   2   19
203   4   3   18
203   4   4   16
203   4   5   13
203   4   6   9
204   1   1   12
204   1   2   16
204   1   3   16
204   1   4   15
204   1   5   15
204   1   6   8
204   1   7   4
204   2   1   8
204   2   2   10
204   2   3   22
204   2   4   26
204   2   5   20
204   3   1   5
204   3   2   8
204   3   3   12
204   3   4   15
204   3   5   14
204   3   6   17
204   3   7   15
204   4   1   11
204   4   2   31
204   4   3   33
204   4   4   11
205   1   1   6
205   1   2   7
205   1   3   12
205   1   4   13
205   1   5   16
205   1   6   11
205   1   7   16
205   2   1   9
205   2   2   15
205   2   3   18
205   2   4   17
205   2   5   10
205   2   6   12
205   3   1   23
205   3   2   19
205   3   3   18
205   3   4   15
205   3   5   6
205   4   1   5
205   4   2   10
205   4   3   23
205   4   4   27
205   4   5   16
206   1   1   12
206   1   2   23
206   1   3   24
206   1   4   14
206   2   1   8
206   2   2   14
206   2   3   14
206   2   4   16
206   2   5   13
206   2   6   8
206   3   1   13
206   3   2   27
206   3   3   21
206   3   4   10
206   3   5   2
206   4   1   7
206   4   2   13
206   4   3   17
206   4   4   16
206   4   5   13
206   4   6   7
207   1   1   7
207   1   2   24
207   1   3   29
207   1   4   28
207   1   5   23
207   1   6   7
207   2   1   31
207   2   2   31
207   2   3   28
207   2   4   20
207   2   5   8
207   3   1   14
207   3   2   17
207   3   3   23
207   3   4   32
207   3   5   24
207   3   6   8
207   4   1   15
207   4   2   24
207   4   3   23
207   4   4   22
207   4   5   16
207   4   6   12
207   4   7   6
208   1   1   5
208   1   2   13
208   1   3   26
208   1   4   24
208   1   5   16
208   1   6   6
208   2   1   22
208   2   2   26
208   2   3   21
208   2   4   15
208   2   5   6
208   3   1   21
208   3   2   26
208   3   3   23
208   3   4   14
208   3   5   6
208   4   1   6
208   4   2   18
208   4   3   22
208   4   4   21
208   4   5   14
208   4   6   9
209   1   1   15
209   1   2   25
209   1   3   29
209   1   4   27
209   1   5   22
209   1   6   16
209   2   1   8
209   2   2   10
209   2   3   19
209   2   4   27
209   2   5   28
209   2   6   26
209   2   7   16
209   3   1   12
209   3   2   25
209   3   3   31
209   3   4   32
209   3   5   22
209   3   6   12
209   4   1   10
209   4   2   26
209   4   3   35
209   4   4   31
209   4   5   22
209   4   6   10
210   1   1   15
210   1   2   31
210   1   3   31
210   1   4   31
210   1   5   26
210   1   6   18
210   2   1   11
210   2   2   25
210   2   3   38
210   2   4   39
210   2   5   27
210   2   6   12
210   3   1   8
210   3   2   18
210   3   3   26
210   3   4   21
210   3   5   24
210   3   6   31
210   3   7   17
210   3   8   7
210   4   1   6
210   4   2   12
210   4   3   28
210   4   4   26
210   4   5   38
210   4   6   22
210   4   7   20
211   1   1   6
211   1   2   11
211   1   3   12
211   1   4   5
211   2   1   5
211   2   2   11
211   2   3   18
211   3   1   4
211   3   2   13
211   3   3   11
211   3   4   6
211   4   1   7
211   4   2   11
211   4   3   8
211   4   4   8
212   1   1   8
212   1   2   22
212   1   3   21
212   1   4   21
212   1   5   15
212   1   6   12
212   2   1   18
212   2   2   27
212   2   3   35
212   2   4   19
212   3   1   22
212   3   2   27
212   3   3   24
212   3   4   21
212   3   5   5
212   4   1   11
212   4   2   17
212   4   3   22
212   4   4   21
212   4   5   16
212   4   6   12
213   1   1   30
213   1   2   41
213   1   3   37
213   1   4   28
213   1   5   8
213   2   1   18
213   2   2   23
213   2   3   29
213   2   4   30
213   2   5   27
213   2   6   17
213   3   1   21
213   3   2   22
213   3   3   28
213   3   4   30
213   3   5   24
213   3   6   14
213   3   7   5
213   4   1   5
213   4   2   14
213   4   3   23
213   4   4   28
213   4   5   29
213   4   6   27
213   4   7   18
214   1   1   13
214   1   2   27
214   1   3   40
214   1   4   40
214   1   5   47
214   1   6   47
214   1   7   27
214   1   8   10
214   2   1   7
214   2   2   30
214   2   3   44
214   2   4   47
214   2   5   47
214   2   6   38
214   2   7   25
214   2   8   13
214   3   1   14
214   3   2   27
214   3   3   41
214   3   4   46
214   3   5   43
214   3   6   39
214   3   7   25
214   3   8   16
214   4   1   9
214   4   2   26
214   4   3   42
214   4   4   50
214   4   5   49
214   4   6   39
214   4   7   26
214   4   8   10
215   1   1   10
215   1   2   12
215   1   3   19
215   1   4   20
215   1   5   18
215   1   6   7
215   2   1   18
215   2   2   27
215   2   3   21
215   2   4   20
215   3   1   5
215   3   2   16
215   3   3   22
215   3   4   24
215   3   5   12
215   3   6   7
215   4   1   8
215   4   2   16
215   4   3   19
215   4   4   19
215   4   5   18
215   4   6   6
216   1   1   14
216   1   2   18
216   1   3   24
216   1   4   27
216   1   5   27
216   1   6   30
216   1   7   19
216   1   8   11
216   2   1   17
216   2   2   37
216   2   3   37
216   2   4   32
216   2   5   24
216   2   6   18
216   2   7   5
216   3   1   25
216   3   2   33
216   3   3   32
216   3   4   29
216   3   5   21
216   3   6   20
216   3   7   10
216   4   1   17
216   4   2   31
216   4   3   43
216   4   4   36
216   4   5   25
216   4   6   12
216   4   7   6
217   1   1   17
217   1   2   29
217   1   3   35
217   1   4   31
217   1   5   27
217   1   6   18
217   2   1   16
217   2   2   26
217   2   3   35
217   2   4   39
217   2   5   27
217   2   6   14
217   3   1   20
217   3   2   29
217   3   3   32
217   3   4   33
217   3   5   21
217   3   6   14
217   3   7   5
217   3   8   3
217   4   1   18
217   4   2   29
217   4   3   35
217   4   4   29
217   4   5   24
217   4   6   22
218   1   1   19
218   1   2   31
218   1   3   35
218   1   4   30
218   1   5   27
218   1   6   15
218   1   7   7
218   2   1   6
218   2   2   14
218   2   3   28
218   2   4   33
218   2   5   34
218   2   6   27
218   2   7   22
218   3   1   22
218   3   2   32
218   3   3   33
218   3   4   32
218   3   5   23
218   3   6   12
218   3   7   10
218   4   1   14
218   4   2   30
218   4   3   40
218   4   4   38
218   4   5   26
218   4   6   16
219   1   1   13
219   1   2   20
219   1   3   26
219   1   4   25
219   1   5   23
219   1   6   12
219   2   1   13
219   2   2   23
219   2   3   26
219   2   4   21
219   2   5   23
219   2   6   13
219   3   1   11
219   3   2   22
219   3   3   27
219   3   4   27
219   3   5   20
219   3   6   12
219   4   1   5
219   4   2   22
219   4   3   33
219   4   4   34
219   4   5   19
219   4   6   6
220   1   1   15
220   1   2   25
220   1   3   30
220   1   4   34
220   1   5   15
220   1   6   21
220   2   1   22
220   2   2   22
220   2   3   27
220   2   4   26
220   2   5   22
220   2   6   15
220   2   7   6
220   3   1   30
220   3   2   40
220   3   3   40
220   3   4   30
220   4   1   19
220   4   2   25
220   4   3   28
220   4   4   26
220   4   5   20
220   4   6   17
220   4   7   5
221   1   1   14
221   1   2   14
221   1   3   15
221   1   4   15
221   2   1   13
221   2   2   18
221   2   3   13
221   2   4   14
221   3   1   8
221   3   2   21
221   3   3   20
221   3   4   9
221   4   1   5
221   4   2   10
221   4   3   15
221   4   4   12
221   4   5   11
221   4   6   5
222   1   1   17
222   1   2   18
222   1   3   22
222   1   4   17
222   2   1   6
222   2   2   13
222   2   3   18
222   2   4   19
222   2   5   12
222   2   6   6
222   3   1   6
222   3   2   13
222   3   3   18
222   3   4   18
222   3   5   13
222   3   6   6
222   4   1   14
222   4   2   23
222   4   3   23
222   4   4   14
223   1   1   16
223   1   2   16
223   1   3   11
223   1   4   18
223   1   5   14
223   1   6   17
223   2   1   19
223   2   2   30
223   2   3   26
223   2   4   11
223   2   5   6
223   3   1   8
223   3   2   12
223   3   3   21
223   3   4   33
223   3   5   12
223   3   6   6
223   4   1   6
223   4   2   14
223   4   3   26
223   4   4   26
223   4   5   14
223   4   6   6
224   1   1   10
224   1   2   19
224   1   3   18
224   1   4   21
224   1   5   16
224   1   6   12
224   2   1   5
224   2   2   20
224   2   3   20
224   2   4   27
224   2   5   24
224   3   1   22
224   3   2   28
224   3   3   21
224   3   4   18
224   3   5   7
224   4   1   5
224   4   2   20
224   4   3   26
224   4   4   20
224   4   5   15
224   4   6   10
225   1   1   14
225   1   2   11
225   1   3   9
225   2   1   18
225   2   2   11
225   2   3   5
225   3   1   7
225   3   2   10
225   3   3   11
225   3   4   6
225   4   1   17
225   4   2   17
226   1   1   13
226   1   2   16
226   1   3   23
226   1   4   24
226   1   5   20
226   1   6   11
226   2   1   10
226   2   2   16
226   2   3   26
226   2   4   27
226   2   5   18
226   2   6   10
226   3   1   5
226   3   2   21
226   3   3   27
226   3   4   29
226   3   5   18
226   3   6   7
226   4   1   10
226   4   2   19
226   4   3   26
226   4   4   25
226   4   5   15
226   4   6   12
227   1   1   20
227   1   2   49
227   1   3   59
227   1   4   57
227   1   5   43
227   1   6   24
227   2   1   6
227   2   2   15
227   2   3   23
227   2   4   35
227   2   5   46
227   2   6   41
227   2   7   41
227   2   8   29
227   2   9   16
227   3   1   9
227   3   2   13
227   3   3   25
227   3   4   33
227   3   5   42
227   3   6   46
227   3   7   38
227   3   8   29
227   3   9   17
227   4   1   17
227   4   2   18
227   4   3   24
227   4   4   26
227   4   5   33
227   4   6   33
227   4   7   41
227   4   8   34
227   4   9   26
228   1   1   5
228   1   2   13
228   1   3   23
228   1   4   34
228   1   5   32
228   1   6   29
228   1   7   16
228   2   1   19
228   2   2   24
228   2   3   37
228   2   4   30
228   2   5   22
228   2   6   20
228   3   1   8
228   3   2   18
228   3   3   19
228   3   4   28
228   3   5   30
228   3   6   29
228   3   7   14
228   3   8   6
228   4   1   14
228   4   2   30
228   4   3   34
228   4   4   29
228   4   5   27
228   4   6   18
229   1   1   12
229   1   2   19
229   1   3   22
229   1   4   21
229   1   5   19
229   1   6   11
229   2   1   8
229   2   2   17
229   2   3   24
229   2   4   30
229   2   5   19
229   2   6   6
229   3   1   23
229   3   2   27
229   3   3   27
229   3   4   27
229   4   1   8
229   4   2   22
229   4   3   25
229   4   4   21
229   4   5   17
229   4   6   11
230   1   1   10
230   1   2   14
230   1   3   9
230   1   4   11
230   2   1   3
230   2   2   5
230   2   3   12
230   2   4   15
230   2   5   9
230   3   1   7
230   3   2   13
230   3   3   24
230   4   1   7
230   4   2   14
230   4   3   15
230   4   4   8
231   1   1   10
231   1   2   12
231   1   3   13
231   1   4   10
231   2   1   7
231   2   2   14
231   2   3   16
231   2   4   8
231   3   1   11
231   3   2   11
231   3   3   13
231   3   4   10
231   4   1   11
231   4   2   12
231   4   3   12
231   4   4   10
232   1   1   23
232   1   2   17
232   1   3   24
232   1   4   27
232   1   5   41
232   1   6   28
232   1   7   21
232   1   8   10
232   1   9   6
232   2   1   11
232   2   2   22
232   2   3   28
232   2   4   35
232   2   5   37
232   2   6   34
232   2   7   22
232   2   8   8
232   3   1   20
232   3   2   35
232   3   3   42
232   3   4   44
232   3   5   36
232   3   6   20
232   4   1   10
232   4   2   17
232   4   3   29
232   4   4   36
232   4   5   39
232   4   6   37
232   4   7   29
233   1   1   11
233   1   2   26
233   1   3   26
233   1   4   10
233   2   1   6
233   2   2   14
233   2   3   15
233   2   4   19
233   2   5   13
233   2   6   6
233   3   1   16
233   3   2   20
233   3   3   21
233   3   4   16
233   4   1   9
233   4   2   12
233   4   3   15
233   4   4   17
233   4   5   20
234   1   1   11
234   1   2   18
234   1   3   20
234   1   4   12
234   2   1   12
234   2   2   22
234   2   3   15
234   2   4   12
234   3   1   15
234   3   2   16
234   3   3   13
234   3   4   12
234   3   5   5
234   4   1   13
234   4   2   16
234   4   3   19
234   4   4   13
235   1   1   18
235   1   2   30
235   1   3   36
235   1   4   29
235   1   5   26
235   1   6   21
235   2   1   17
235   2   2   26
235   2   3   34
235   2   4   38
235   2   5   28
235   2   6   17
235   3   1   5
235   3   2   12
235   3   3   24
235   3   4   35
235   3   5   39
235   3   6   30
235   3   7   15
235   4   1   10
235   4   2   18
235   4   3   24
235   4   4   27
235   4   5   25
235   4   6   26
235   4   7   22
235   4   8   8
236   1   1   21
236   1   2   30
236   1   3   47
236   1   4   43
236   1   5   31
236   1   6   22
236   2   1   11
236   2   2   20
236   2   3   32
236   2   4   37
236   2   5   33
236   2   6   26
236   2   7   22
236   2   8   13
236   3   1   30
236   3   2   34
236   3   3   38
236   3   4   37
236   3   5   31
236   3   6   24
236   4   1   22
236   4   2   37
236   4   3   41
236   4   4   39
236   4   5   32
236   4   6   15
236   4   7   8
237   1   1   10
237   1   2   21
237   1   3   30
237   1   4   38
237   1   5   25
237   1   6   7
237   2   1   13
237   2   2   19
237   2   3   30
237   2   4   33
237   2   5   28
237   2   6   8
237   3   1   11
237   3   2   25
237   3   3   30
237   3   4   28
237   3   5   26
237   3   6   11
237   4   1   8
237   4   2   16
237   4   3   17
237   4   4   27
237   4   5   18
237   4   6   22
237   4   7   16
237   4   8   7
238   1   1   7
238   1   2   14
238   1   3   30
238   1   4   30
238   1   5   29
238   1   6   27
238   1   7   17
238   1   8   6
238   2   1   5
238   2   2   11
238   2   3   30
238   2   4   36
238   2   5   32
238   2   6   27
238   2   7   19
238   3   1   14
238   3   2   30
238   3   3   38
238   3   4   35
238   3   5   26
238   3   6   17
238   4   1   12
238   4   2   38
238   4   3   34
238   4   4   29
238   4   5   33
238   4   6   8
238   4   7   6
239   1   1   5
239   1   2   16
239   1   3   11
239   1   4   7
239   2   1   2
239   2   2   7
239   2   3   10
239   2   4   12
239   2   5   8
239   3   1   10
239   3   2   11
239   3   3   10
239   3   4   8
239   4   1   6
239   4   2   12
239   4   3   14
239   4   4   7
240   1   1   16
240   1   2   16
240   1   3   24
240   1   4   24
240   1   5   16
240   1   6   16
240   2   1   24
240   2   2   30
240   2   3   33
240   2   4   25
240   3   1   10
240   3   2   18
240   3   3   30
240   3   4   23
240   3   5   22
240   3   6   9
240   4   1   8
240   4   2   26
240   4   3   23
240   4   4   22
240   4   5   19
240   4   6   14
241   1   1   7
241   1   2   19
241   1   3   26
241   1   4   24
241   1   5   16
241   1   6   6
241   2   1   7
241   2   2   17
241   2   3   22
241   2   4   28
241   2   5   24
241   3   1   12
241   3   2   13
241   3   3   19
241   3   4   26
241   3   5   21
241   3   6   7
241   4   1   8
241   4   2   17
241   4   3   24
241   4   4   23
241   4   5   20
241   4   6   6
242   1   1   15
242   1   2   26
242   1   3   20
242   1   4   6
242   1   5   9
242   2   1   6
242   2   2   15
242   2   3   16
242   2   4   20
242   2   5   13
242   2   6   6
242   3   1   8
242   3   2   17
242   3   3   14
242   3   4   14
242   3   5   15
242   3   6   5
242   3   7   3
242   4   1   5
242   4   2   9
242   4   3   11
242   4   4   12
242   4   5   14
242   4   6   12
242   4   7   13
243   1   1   10
243   1   2   26
243   1   3   32
243   1   4   28
243   1   5   25
243   1   6   24
243   1   7   22
243   1   8   16
243   2   1   6
243   2   2   19
243   2   3   26
243   2   4   40
243   2   5   38
243   2   6   32
243   2   7   16
243   2   8   6
243   3   1   5
243   3   2   15
243   3   3   28
243   3   4   37
243   3   5   49
243   3   6   33
243   3   7   16
243   4   1   20
243   4   2   33
243   4   3   43
243   4   4   39
243   4   5   33
243   4   6   15
244   1   1   9
244   1   2   18
244   1   3   29
244   1   4   25
244   1   5   17
244   1   6   9
244   2   1   15
244   2   2   18
244   2   3   23
244   2   4   20
244   2   5   17
244   2   6   14
244   3   1   9
244   3   2   19
244   3   3   23
244   3   4   27
244   3   5   23
244   3   6   6
244   4   1   5
244   4   2   23
244   4   3   28
244   4   4   25
244   4   5   18
244   4   6   8
245   1   1   11
245   1   2   24
245   1   3   31
245   1   4   26
245   1   5   20
245   1   6   13
245   2   1   7
245   2   2   25
245   2   3   32
245   2   4   29
245   2   5   20
245   2   6   12
245   3   1   5
245   3   2   13
245   3   3   19
245   3   4   25
245   3   5   23
245   3   6   23
245   3   7   17
245   4   1   7
245   4   2   24
245   4   3   34
245   4   4   29
245   4   5   23
245   4   6   8
246   1   1   8
246   1   2   10
246   1   3   12
246   1   4   15
246   1   5   18
246   2   1   10
246   2   2   25
246   2   3   15
246   2   4   13
246   3   1   14
246   3   2   20
246   3   3   15
246   3   4   9
246   3   5   5
246   4   1   16
246   4   2   19
246   4   3   15
246   4   4   13
247   1   1   5
247   1   2   13
247   1   3   19
247   1   4   26
247   1   5   25
247   1   6   22
247   1   7   10
247   2   1   18
247   2   2   18
247   2   3   23
247   2   4   24
247   2   5   19
247   2   6   18
247   3   1   5
247   3   2   24
247   3   3   33
247   3   4   27
247   3   5   24
247   3   6   7
247   4   1   8
247   4   2   18
247   4   3   32
247   4   4   35
247   4   5   21
247   4   6   6
248   1   1   18
248   1   2   18
248   1   3   23
248   1   4   28
248   1   5   28
248   1   6   12
248   2   1   5
248   2   2   12
248   2   3   18
248   2   4   25
248   2   5   29
248   2   6   23
248   2   7   15
248   3   1   5
248   3   2   20
248   3   3   40
248   3   4   36
248   3   5   21
248   3   6   5
248   4   1   15
248   4   2   25
248   4   3   28
248   4   4   26
248   4   5   18
248   4   6   15
249   1   1   15
249   1   2   23
249   1   3   17
249   1   4   15
249   2   1   6
249   2   2   12
249   2   3   18
249   2   4   16
249   2   5   11
249   2   6   7
249   3   1   5
249   3   2   10
249   3   3   20
249   3   4   20
249   3   5   15
249   4   1   14
249   4   2   20
249   4   3   21
249   4   4   15
