1   1   1   6
1   1   2   19
1   1   3   27
1   1   4   29
1   1   5   35
1   1   6   27
1   1   7   15
1   1   8   8
1   2   1   16
1   2   2   28
1   2   3   40
1   2   4   37
1   2   5   28
1   2   6   17
1   3   1   18
1   3   2   32
1   3   3   34
1   3   4   35
1   3   5   27
1   3   6   20
1   4   1   18
1   4   2   28
1   4   3   37
1   4   4   37
1   4   5   28
1   4   6   15
1   4   7   3
2   1   1   6
2   1   2   20
2   1   3   34
2   1   4   36
2   1   5   43
2   1   6   50
2   1   7   43
2   1   8   31
2   1   9   18
2   1   10   7
2   2   1   20
2   2   2   31
2   2   3   44
2   2   4   52
2   2   5   49
2   2   6   42
2   2   7   27
2   2   8   18
2   2   9   5
2   3   1   16
2   3   2   31
2   3   3   44
2   3   4   53
2   3   5   51
2   3   6   46
2   3   7   33
2   3   8   14
2   4   1   11
2   4   2   26
2   4   3   48
2   4   4   59
2   4   5   57
2   4   6   50
2   4   7   28
2   4   8   9
3   1   1   13
3   1   2   13
3   1   3   26
3   1   4   24
3   1   5   23
3   1   6   8
3   2   1   8
3   2   2   21
3   2   3   27
3   2   4   22
3   2   5   17
3   2   6   12
3   3   1   12
3   3   2   17
3   3   3   23
3   3   4   24
3   3   5   19
3   3   6   12
3   4   1   8
3   4   2   21
3   4   3   20
3   4   4   30
3   4   5   23
3   4   6   5
4   1   1   16
4   1   2   22
4   1   3   22
4   1   4   16
4   2   1   8
4   2   2   14
4   2   3   16
4   2   4   17
4   2   5   13
4   2   6   8
4   3   1   17
4   3   2   23
4   3   3   20
4   3   4   11
4   3   5   5
4   4   1   5
4   4   2   15
4   4   3   19
4   4   4   18
4   4   5   19
5   1   1   7
5   1   2   18
5   1   3   26
5   1   4   28
5   1   5   19
5   1   6   7
5   2   1   11
5   2   2   16
5   2   3   24
5   2   4   24
5   2   5   19
5   2   6   11
5   3   1   6
5   3   2   21
5   3   3   24
5   3   4   29
5   3   5   19
5   3   6   6
5   4   1   8
5   4   2   20
5   4   3   24
5   4   4   25
5   4   5   20
5   4   6   8
6   1   1   5
6   1   2   20
6   1   3   25
6   1   4   24
6   1   5   17
6   1   6   7
6   2   1   12
6   2   2   17
6   2   3   20
6   2   4   20
6   2   5   17
6   2   6   12
6   3   1   24
6   3   2   26
6   3   3   24
6   3   4   19
6   3   5   5
6   4   1   24
6   4   2   26
6   4   3   25
6   4   4   18
6   4   5   5
7   1   1   16
7   1   2   15
7   1   3   18
7   1   4   11
7   1   5   3
7   2   1   16
7   2   2   17
7   2   3   15
7   2   4   15
7   3   1   12
7   3   2   19
7   3   3   20
7   3   4   12
7   4   1   5
7   4   2   10
7   4   3   15
7   4   4   20
7   4   5   13
8   1   1   10
8   1   2   14
8   1   3   18
8   1   4   10
8   2   1   11
8   2   2   17
8   2   3   13
8   2   4   11
8   3   1   5
8   3   2   8
8   3   3   12
8   3   4   14
8   3   5   13
8   4   1   9
8   4   2   18
8   4   3   15
8   4   4   10
9   1   1   6
9   1   2   22
9   1   3   15
9   1   4   7
9   2   1   4
9   2   2   9
9   2   3   12
9   2   4   11
9   2   5   14
9   3   1   12
9   3   2   13
9   3   3   13
9   3   4   12
9   4   1   12
9   4   2   12
9   4   3   13
9   4   4   13
10   1   1   10
10   1   2   29
10   1   3   37
10   1   4   36
10   1   5   25
10   1   6   12
10   2   1   15
10   2   2   23
10   2   3   31
10   2   4   36
10   2   5   36
10   2   6   8
10   3   1   17
10   3   2   24
10   3   3   30
10   3   4   36
10   3   5   26
10   3   6   16
10   4   1   10
10   4   2   17
10   4   3   22
10   4   4   27
10   4   5   23
10   4   6   21
10   4   7   21
10   4   8   8
11   1   1   14
11   1   2   20
11   1   3   27
11   1   4   37
11   1   5   41
11   1   6   41
11   1   7   29
11   2   1   26
11   2   2   39
11   2   3   41
11   2   4   41
11   2   5   36
11   2   6   19
11   2   7   7
11   3   1   8
11   3   2   19
11   3   3   38
11   3   4   46
11   3   5   39
11   3   6   28
11   3   7   17
11   3   8   14
11   4   1   7
11   4   2   23
11   4   3   33
11   4   4   37
11   4   5   48
11   4   6   35
11   4   7   18
11   4   8   8
12   1   1   5
12   1   2   16
12   1   3   17
12   1   4   19
12   1   5   14
12   1   6   5
12   2   1   14
12   2   2   25
12   2   3   23
12   2   4   14
12   3   1   6
12   3   2   15
12   3   3   16
12   3   4   19
12   3   5   14
12   3   6   6
12   4   1   5
12   4   2   15
12   4   3   19
12   4   4   18
12   4   5   19
13   1   1   10
13   1   2   28
13   1   3   27
13   1   4   38
13   1   5   30
13   1   6   8
13   2   1   15
13   2   2   22
13   2   3   35
13   2   4   32
13   2   5   23
13   2   6   14
13   3   1   12
13   3   2   26
13   3   3   36
13   3   4   31
13   3   5   20
13   3   6   16
13   4   1   17
13   4   2   25
13   4   3   28
13   4   4   31
13   4   5   24
13   4   6   16
14   1   1   10
14   1   2   18
14   1   3   25
14   1   4   29
14   1   5   17
14   1   6   11
14   2   1   14
14   2   2   19
14   2   3   23
14   2   4   21
14   2   5   18
14   2   6   15
14   3   1   12
14   3   2   22
14   3   3   24
14   3   4   22
14   3   5   15
14   3   6   15
14   4   1   6
14   4   2   20
14   4   3   18
14   4   4   16
14   4   5   11
14   4   6   13
14   4   7   14
14   4   8   12
15   1   1   4
15   1   2   8
15   1   3   9
15   1   4   5
15   2   1   15
15   2   2   9
15   2   3   2
15   3   1   5
15   3   2   7
15   3   3   14
15   4   1   13
15   4   2   13
16   1   1   6
16   1   2   14
16   1   3   32
16   1   4   25
16   1   5   10
16   1   6   10
16   2   1   12
16   2   2   16
16   2   3   19
16   2   4   21
16   2   5   18
16   2   6   11
16   3   1   20
16   3   2   27
16   3   3   30
16   3   4   20
16   4   1   9
16   4   2   16
16   4   3   21
16   4   4   27
16   4   5   19
16   4   6   5
17   1   1   8
17   1   2   15
17   1   3   15
17   1   4   12
17   1   5   13
17   1   6   11
17   2   1   17
17   2   2   19
17   2   3   24
17   2   4   14
17   3   1   11
17   3   2   26
17   3   3   27
17   3   4   10
17   4   1   8
17   4   2   15
17   4   3   16
17   4   4   16
17   4   5   14
17   4   6   5
18   1   1   5
18   1   2   10
18   1   3   12
18   1   4   17
18   1   5   16
18   2   1   11
18   2   2   20
18   2   3   21
18   2   4   8
18   3   1   15
18   3   2   18
18   3   3   14
18   3   4   8
18   3   5   5
18   4   1   13
18   4   2   16
18   4   3   19
18   4   4   12
19   1   1   6
19   1   2   10
19   1   3   17
19   1   4   22
19   1   5   30
19   1   6   22
19   1   7   12
19   1   8   10
19   2   1   12
19   2   2   24
19   2   3   33
19   2   4   26
19   2   5   19
19   2   6   15
19   3   1   15
19   3   2   20
19   3   3   26
19   3   4   32
19   3   5   25
19   3   6   11
19   4   1   10
19   4   2   24
19   4   3   35
19   4   4   29
19   4   5   16
19   4   6   15
20   1   1   7
20   1   2   9
20   1   3   16
20   1   4   23
20   1   5   21
20   1   6   24
20   1   7   14
20   2   1   25
20   2   2   35
20   2   3   30
20   2   4   18
20   2   5   6
20   3   1   9
20   3   2   23
20   3   3   26
20   3   4   24
20   3   5   21
20   3   6   11
20   4   1   5
20   4   2   20
20   4   3   26
20   4   4   27
20   4   5   20
20   4   6   11
20   4   7   5
21   1   1   22
21   1   2   29
21   1   3   39
21   1   4   38
21   1   5   28
21   1   6   16
21   1   7   6
21   2   1   14
21   2   2   21
21   2   3   27
21   2   4   25
21   2   5   26
21   2   6   29
21   2   7   23
21   2   8   13
21   3   1   9
21   3   2   37
21   3   3   45
21   3   4   43
21   3   5   29
21   3   6   15
21   4   1   11
21   4   2   14
21   4   3   30
21   4   4   39
21   4   5   33
21   4   6   24
21   4   7   15
21   4   8   12
22   1   1   6
22   1   2   17
22   1   3   29
22   1   4   29
22   1   5   17
22   1   6   6
22   2   1   12
22   2   2   15
22   2   3   23
22   2   4   26
22   2   5   22
22   2   6   6
22   3   1   10
22   3   2   16
22   3   3   23
22   3   4   26
22   3   5   22
22   3   6   7
22   4   1   10
22   4   2   14
22   4   3   27
22   4   4   29
22   4   5   15
22   4   6   9
23   1   1   19
23   1   2   29
23   1   3   32
23   1   4   21
23   2   1   6
23   2   2   22
23   2   3   24
23   2   4   22
23   2   5   18
23   2   6   9
23   3   1   10
23   3   2   21
23   3   3   23
23   3   4   21
23   3   5   14
23   3   6   12
23   4   1   11
23   4   2   18
23   4   3   23
23   4   4   20
23   4   5   17
23   4   6   12
24   1   1   19
24   1   2   22
24   1   3   17
24   1   4   15
24   1   5   6
24   2   1   18
24   2   2   23
24   2   3   21
24   2   4   11
24   2   5   6
24   3   1   7
24   3   2   21
24   3   3   17
24   3   4   11
24   3   5   11
24   3   6   9
24   3   7   3
24   4   1   17
24   4   2   25
24   4   3   22
24   4   4   15
25   1   1   6
25   1   2   9
25   1   3   13
25   1   4   22
25   1   5   22
25   1   6   23
25   1   7   11
25   2   1   5
25   2   2   19
25   2   3   28
25   2   4   27
25   2   5   27
25   3   1   26
25   3   2   26
25   3   3   29
25   3   4   20
25   3   5   5
25   4   1   10
25   4   2   21
25   4   3   23
25   4   4   22
25   4   5   19
25   4   6   11
26   1   1   6
26   1   2   16
26   1   3   28
26   1   4   25
26   1   5   25
26   2   1   7
26   2   2   16
26   2   3   26
26   2   4   28
26   2   5   23
26   3   1   11
26   3   2   18
26   3   3   22
26   3   4   21
26   3   5   19
26   3   6   9
26   4   1   8
26   4   2   20
26   4   3   24
26   4   4   21
26   4   5   17
26   4   6   10
27   1   1   16
27   1   2   18
27   1   3   19
27   1   4   16
27   2   1   16
27   2   2   18
27   2   3   19
27   2   4   16
27   3   1   16
27   3   2   19
27   3   3   20
27   3   4   14
27   4   1   14
27   4   2   21
27   4   3   20
27   4   4   14
28   1   1   17
28   1   2   19
28   1   3   19
28   1   4   17
28   2   1   13
28   2   2   21
28   2   3   22
28   2   4   16
28   3   1   6
28   3   2   13
28   3   3   16
28   3   4   19
28   3   5   13
28   3   6   5
28   4   1   14
28   4   2   22
28   4   3   21
28   4   4   15
29   1   1   6
29   1   2   10
29   1   3   18
29   1   4   22
29   1   5   18
29   2   1   14
29   2   2   24
29   2   3   23
29   2   4   13
29   3   1   6
29   3   2   13
29   3   3   20
29   3   4   16
29   3   5   12
29   3   6   7
29   4   1   16
29   4   2   22
29   4   3   19
29   4   4   12
29   4   5   5
30   1   1   7
30   1   2   17
30   1   3   16
30   1   4   28
30   1   5   21
30   2   1   21
30   2   2   26
30   2   3   22
30   2   4   20
30   3   1   22
30   3   2   21
30   3   3   26
30   3   4   15
30   3   5   5
30   4   1   10
30   4   2   16
30   4   3   20
30   4   4   21
30   4   5   9
30   4   6   13
31   1   1   14
31   1   2   18
31   1   3   18
31   1   4   14
31   2   1   12
31   2   2   18
31   2   3   21
31   2   4   13
31   3   1   15
31   3   2   16
31   3   3   18
31   3   4   15
31   4   1   14
31   4   2   18
31   4   3   19
31   4   4   13
32   1   1   7
32   1   2   15
32   1   3   14
32   1   4   19
32   1   5   16
32   1   6   5
32   2   1   13
32   2   2   26
32   2   3   24
32   2   4   13
32   3   1   19
32   3   2   20
32   3   3   21
32   3   4   10
32   3   5   3
32   3   6   3
32   4   1   19
32   4   2   15
32   4   3   17
32   4   4   15
32   4   5   10
33   1   1   14
33   1   2   17
33   1   3   16
33   1   4   14
33   2   1   14
33   2   2   18
33   2   3   13
33   2   4   16
33   3   1   12
33   3   2   18
33   3   3   21
33   3   4   10
33   4   1   15
33   4   2   16
33   4   3   16
33   4   4   14
34   1   1   15
34   1   2   25
34   1   3   28
34   1   4   31
34   1   5   28
34   1   6   10
34   2   1   6
34   2   2   14
34   2   3   20
34   2   4   25
34   2   5   30
34   2   6   24
34   2   7   18
34   3   1   16
34   3   2   23
34   3   3   29
34   3   4   31
34   3   5   21
34   3   6   17
34   4   1   12
34   4   2   23
34   4   3   33
34   4   4   38
34   4   5   19
34   4   6   12
35   1   1   12
35   1   2   16
35   1   3   26
35   1   4   32
35   1   5   32
35   2   1   13
35   2   2   22
35   2   3   27
35   2   4   21
35   2   5   19
35   2   6   16
35   3   1   14
35   3   2   19
35   3   3   27
35   3   4   24
35   3   5   20
35   3   6   14
35   4   1   20
35   4   2   27
35   4   3   32
35   4   4   24
35   4   5   15
36   1   1   9
36   1   2   12
36   1   3   10
36   1   4   13
36   1   5   20
36   1   6   5
36   2   1   7
36   2   2   15
36   2   3   13
36   2   4   19
36   2   5   15
36   3   1   5
36   3   2   12
36   3   3   19
36   3   4   20
36   3   5   6
36   3   6   7
36   4   1   3
36   4   2   11
36   4   3   10
36   4   4   8
36   4   5   10
36   4   6   14
36   4   7   13
37   1   1   14
37   1   2   12
37   1   3   16
37   1   4   17
37   1   5   13
37   1   6   13
37   2   1   18
37   2   2   24
37   2   3   24
37   2   4   19
37   3   1   6
37   3   2   15
37   3   3   20
37   3   4   23
37   3   5   14
37   3   6   7
37   4   1   20
37   4   2   19
37   4   3   28
37   4   4   18
38   1   1   18
38   1   2   19
38   1   3   24
38   1   4   18
38   1   5   11
38   1   6   11
38   1   7   10
38   2   1   9
38   2   2   17
38   2   3   27
38   2   4   32
38   2   5   18
38   2   6   8
38   3   1   17
38   3   2   36
38   3   3   40
38   3   4   18
38   4   1   16
38   4   2   18
38   4   3   22
38   4   4   20
38   4   5   20
38   4   6   15
39   1   1   9
39   1   2   18
39   1   3   20
39   1   4   9
39   2   1   10
39   2   2   18
39   2   3   18
39   2   4   10
39   3   1   14
39   3   2   13
39   3   3   14
39   3   4   15
39   4   1   14
39   4   2   14
39   4   3   14
39   4   4   14
40   1   1   17
40   1   2   23
40   1   3   28
40   1   4   27
40   1   5   24
40   1   6   17
40   2   1   6
40   2   2   18
40   2   3   25
40   2   4   23
40   2   5   18
40   2   6   20
40   2   7   16
40   2   8   10
40   3   1   10
40   3   2   24
40   3   3   35
40   3   4   31
40   3   5   26
40   3   6   10
40   4   1   15
40   4   2   23
40   4   3   31
40   4   4   29
40   4   5   23
40   4   6   15
41   1   1   14
41   1   2   17
41   1   3   17
41   1   4   16
41   1   5   18
41   1   6   11
41   2   1   6
41   2   2   18
41   2   3   24
41   2   4   22
41   2   5   16
41   2   6   7
41   3   1   10
41   3   2   15
41   3   3   20
41   3   4   22
41   3   5   17
41   3   6   9
41   4   1   18
41   4   2   28
41   4   3   30
41   4   4   17
42   1   1   8
42   1   2   22
42   1   3   23
42   1   4   26
42   1   5   21
42   1   6   8
42   2   1   14
42   2   2   14
42   2   3   29
42   2   4   22
42   2   5   15
42   2   6   14
42   3   1   21
42   3   2   34
42   3   3   31
42   3   4   17
42   3   5   5
42   4   1   17
42   4   2   15
42   4   3   23
42   4   4   18
42   4   5   20
42   4   6   15
43   1   1   5
43   1   2   9
43   1   3   11
43   1   4   13
43   1   5   11
43   1   6   14
43   1   7   10
43   2   1   4
43   2   2   15
43   2   3   17
43   2   4   19
43   2   5   13
43   2   6   5
43   3   1   16
43   3   2   21
43   3   3   22
43   3   4   14
43   4   1   18
43   4   2   21
43   4   3   17
43   4   4   11
43   4   5   6
44   1   1   16
44   1   2   22
44   1   3   26
44   1   4   15
44   2   1   5
44   2   2   13
44   2   3   20
44   2   4   20
44   2   5   13
44   2   6   8
44   3   1   9
44   3   2   10
44   3   3   20
44   3   4   17
44   3   5   17
44   3   6   6
44   4   1   19
44   4   2   19
44   4   3   22
44   4   4   19
45   1   1   6
45   1   2   11
45   1   3   14
45   1   4   19
45   1   5   16
45   2   1   14
45   2   2   23
45   2   3   16
45   2   4   13
45   3   1   17
45   3   2   16
45   3   3   18
45   3   4   10
45   3   5   5
45   4   1   14
45   4   2   21
45   4   3   16
45   4   4   15
46   1   1   8
46   1   2   25
46   1   3   26
46   1   4   29
46   1   5   22
46   1   6   9
46   2   1   15
46   2   2   20
46   2   3   24
46   2   4   25
46   2   5   20
46   2   6   15
46   3   1   11
46   3   2   19
46   3   3   26
46   3   4   31
46   3   5   22
46   3   6   10
46   4   1   11
46   4   2   17
46   4   3   27
46   4   4   34
46   4   5   25
46   4   6   5
47   1   1   9
47   1   2   20
47   1   3   25
47   1   4   28
47   1   5   20
47   1   6   8
47   2   1   29
47   2   2   28
47   2   3   26
47   2   4   21
47   2   5   6
47   3   1   10
47   3   2   18
47   3   3   27
47   3   4   26
47   3   5   19
47   3   6   10
47   4   1   3
47   4   2   2
47   4   3   7
47   4   4   18
47   4   5   21
47   4   6   25
47   4   7   24
47   4   8   10
48   1   1   5
48   1   2   20
48   1   3   30
48   1   4   33
48   1   5   35
48   1   6   25
48   1   7   20
48   1   8   6
48   2   1   7
48   2   2   22
48   2   3   26
48   2   4   29
48   2   5   35
48   2   6   29
48   2   7   18
48   2   8   8
48   3   1   14
48   3   2   36
48   3   3   37
48   3   4   36
48   3   5   38
48   3   6   13
48   4   1   24
48   4   2   31
48   4   3   35
48   4   4   33
48   4   5   28
48   4   6   15
48   4   7   8
49   1   1   5
49   1   2   13
49   1   3   19
49   1   4   26
49   1   5   28
49   1   6   27
49   1   7   15
49   2   1   6
49   2   2   29
49   2   3   35
49   2   4   29
49   2   5   23
49   2   6   11
49   3   1   13
49   3   2   25
49   3   3   27
49   3   4   30
49   3   5   23
49   3   6   15
49   4   1   14
49   4   2   26
49   4   3   27
49   4   4   28
49   4   5   22
49   4   6   16
50   1   1   8
50   1   2   15
50   1   3   22
50   1   4   27
50   1   5   27
50   1   6   21
50   1   7   14
50   1   8   10
50   2   1   8
50   2   2   30
50   2   3   36
50   2   4   33
50   2   5   27
50   2   6   10
50   3   1   7
50   3   2   10
50   3   3   24
50   3   4   28
50   3   5   32
50   3   6   27
50   3   7   11
50   3   8   5
50   4   1   16
50   4   2   26
50   4   3   32
50   4   4   29
50   4   5   23
50   4   6   18
51   1   1   15
51   1   2   32
51   1   3   42
51   1   4   36
51   1   5   24
51   1   6   13
51   1   7   5
51   2   1   6
51   2   2   17
51   2   3   25
51   2   4   30
51   2   5   38
51   2   6   33
51   2   7   18
51   3   1   19
51   3   2   29
51   3   3   33
51   3   4   36
51   3   5   34
51   3   6   16
51   4   1   6
51   4   2   20
51   4   3   18
51   4   4   43
51   4   5   23
51   4   6   37
51   4   7   20
52   1   1   12
52   1   2   15
52   1   3   24
52   1   4   22
52   1   5   18
52   1   6   13
52   2   1   8
52   2   2   21
52   2   3   26
52   2   4   20
52   2   5   20
52   2   6   9
52   3   1   8
52   3   2   21
52   3   3   27
52   3   4   18
52   3   5   20
52   3   6   10
52   4   1   23
52   4   2   31
52   4   3   29
52   4   4   15
52   4   5   6
53   1   1   21
53   1   2   18
53   1   3   19
53   1   4   10
53   1   5   7
53   2   1   18
53   2   2   22
53   2   3   16
53   2   4   19
53   3   1   9
53   3   2   10
53   3   3   16
53   3   4   19
53   3   5   16
53   3   6   5
53   4   1   6
53   4   2   13
53   4   3   11
53   4   4   28
53   4   5   17
54   1   1   18
54   1   2   30
54   1   3   36
54   1   4   32
54   1   5   24
54   1   6   22
54   2   1   22
54   2   2   30
54   2   3   32
54   2   4   28
54   2   5   27
54   2   6   18
54   2   7   5
54   3   1   15
54   3   2   29
54   3   3   37
54   3   4   40
54   3   5   28
54   3   6   13
54   4   1   6
54   4   2   18
54   4   3   29
54   4   4   33
54   4   5   29
54   4   6   21
54   4   7   15
54   4   8   11
55   1   1   7
55   1   2   19
55   1   3   27
55   1   4   33
55   1   5   37
55   1   6   31
55   1   7   25
55   2   1   5
55   2   2   17
55   2   3   30
55   2   4   38
55   2   5   38
55   2   6   28
55   2   7   16
55   2   8   7
55   3   1   15
55   3   2   36
55   3   3   40
55   3   4   39
55   3   5   34
55   3   6   15
55   4   1   5
55   4   2   21
55   4   3   31
55   4   4   36
55   4   5   33
55   4   6   26
55   4   7   17
55   4   8   10
56   1   1   4
56   1   2   9
56   1   3   10
56   1   4   13
56   1   5   15
56   2   1   10
56   2   2   16
56   2   3   15
56   2   4   10
56   3   1   10
56   3   2   17
56   3   3   14
56   3   4   10
56   4   1   12
56   4   2   16
56   4   3   10
56   4   4   13
57   1   1   9
57   1   2   20
57   1   3   30
57   1   4   28
57   1   5   17
57   1   6   11
57   2   1   10
57   2   2   19
57   2   3   29
57   2   4   26
57   2   5   21
57   2   6   10
57   3   1   8
57   3   2   19
57   3   3   28
57   3   4   30
57   3   5   24
57   3   6   6
57   4   1   5
57   4   2   11
57   4   3   18
57   4   4   18
57   4   5   25
57   4   6   26
57   4   7   12
58   1   1   10
58   1   2   27
58   1   3   36
58   1   4   31
58   1   5   21
58   1   6   13
58   2   1   12
58   2   2   22
58   2   3   34
58   2   4   34
58   2   5   24
58   2   6   12
58   3   1   11
58   3   2   23
58   3   3   32
58   3   4   35
58   3   5   27
58   3   6   10
58   4   1   8
58   4   2   19
58   4   3   19
58   4   4   24
58   4   5   22
58   4   6   17
58   4   7   21
58   4   8   8
59   1   1   10
59   1   2   12
59   1   3   16
59   1   4   18
59   1   5   17
59   1   6   8
59   2   1   17
59   2   2   24
59   2   3   24
59   2   4   16
59   3   1   5
59   3   2   18
59   3   3   17
59   3   4   19
59   3   5   15
59   3   6   7
59   4   1   21
59   4   2   19
59   4   3   20
59   4   4   16
59   4   5   5
60   1   1   13
60   1   2   19
60   1   3   23
60   1   4   27
60   1   5   23
60   1   6   11
60   2   1   30
60   2   2   29
60   2   3   28
60   2   4   20
60   2   5   9
60   3   1   7
60   3   2   24
60   3   3   27
60   3   4   27
60   3   5   22
60   3   6   9
60   4   1   11
60   4   2   25
60   4   3   24
60   4   4   24
60   4   5   18
60   4   6   14
61   1   1   8
61   1   2   16
61   1   3   15
61   1   4   17
61   1   5   14
61   1   6   9
61   2   1   16
61   2   2   22
61   2   3   24
61   2   4   17
61   3   1   5
61   3   2   12
61   3   3   23
61   3   4   23
61   3   5   9
61   3   6   7
61   4   1   21
61   4   2   19
61   4   3   20
61   4   4   14
61   4   5   5
62   1   1   14
62   1   2   23
62   1   3   19
62   1   4   12
62   2   1   7
62   2   2   10
62   2   3   14
62   2   4   19
62   2   5   18
62   3   1   13
62   3   2   19
62   3   3   21
62   3   4   15
62   4   1   6
62   4   2   13
62   4   3   13
62   4   4   18
62   4   5   12
62   4   6   6
63   1   1   8
63   1   2   19
63   1   3   25
63   1   4   22
63   1   5   21
63   1   6   6
63   2   1   5
63   2   2   11
63   2   3   17
63   2   4   16
63   2   5   21
63   2   6   15
63   2   7   10
63   2   8   6
63   3   1   6
63   3   2   18
63   3   3   28
63   3   4   25
63   3   5   18
63   3   6   6
63   4   1   6
63   4   2   24
63   4   3   22
63   4   4   23
63   4   5   16
63   4   6   10
64   1   1   10
64   1   2   18
64   1   3   17
64   1   4   15
64   1   5   13
64   1   6   13
64   2   1   7
64   2   2   12
64   2   3   23
64   2   4   25
64   2   5   19
64   3   1   8
64   3   2   18
64   3   3   18
64   3   4   16
64   3   5   17
64   3   6   9
64   4   1   17
64   4   2   30
64   4   3   21
64   4   4   18
65   1   1   26
65   1   2   32
65   1   3   21
65   1   4   16
65   1   5   8
65   2   1   10
65   2   2   16
65   2   3   23
65   2   4   26
65   2   5   20
65   2   6   8
65   3   1   7
65   3   2   22
65   3   3   24
65   3   4   22
65   3   5   21
65   3   6   7
65   4   1   9
65   4   2   21
65   4   3   24
65   4   4   22
65   4   5   16
65   4   6   11
66   1   1   11
66   1   2   22
66   1   3   33
66   1   4   29
66   1   5   23
66   1   6   11
66   2   1   14
66   2   2   27
66   2   3   28
66   2   4   23
66   2   5   19
66   2   6   13
66   2   7   5
66   3   1   9
66   3   2   22
66   3   3   33
66   3   4   32
66   3   5   25
66   3   6   8
66   4   1   5
66   4   2   11
66   4   3   20
66   4   4   27
66   4   5   28
66   4   6   22
66   4   7   16
67   1   1   15
67   1   2   16
67   1   3   17
67   1   4   15
67   2   1   11
67   2   2   24
67   2   3   20
67   2   4   8
67   3   1   9
67   3   2   9
67   3   3   18
67   3   4   7
67   3   5   12
67   3   6   5
67   3   7   3
67   4   1   17
67   4   2   13
67   4   3   18
67   4   4   15
68   1   1   7
68   1   2   18
68   1   3   31
68   1   4   24
68   1   5   18
68   1   6   8
68   2   1   5
68   2   2   24
68   2   3   24
68   2   4   27
68   2   5   19
68   2   6   7
68   3   1   11
68   3   2   18
68   3   3   19
68   3   4   33
68   3   5   13
68   3   6   12
68   4   1   12
68   4   2   15
68   4   3   22
68   4   4   27
68   4   5   22
68   4   6   8
69   1   1   14
69   1   2   17
69   1   3   22
69   1   4   25
69   1   5   19
69   1   6   13
69   2   1   28
69   2   2   29
69   2   3   27
69   2   4   20
69   2   5   6
69   3   1   10
69   3   2   20
69   3   3   27
69   3   4   27
69   3   5   14
69   3   6   12
69   4   1   8
69   4   2   19
69   4   3   30
69   4   4   27
69   4   5   16
69   4   6   10
70   1   1   9
70   1   2   28
70   1   3   33
70   1   4   31
70   1   5   19
70   1   6   12
70   1   7   4
70   2   1   8
70   2   2   24
70   2   3   29
70   2   4   36
70   2   5   30
70   2   6   9
70   3   1   5
70   3   2   14
70   3   3   21
70   3   4   23
70   3   5   31
70   3   6   26
70   3   7   16
70   4   1   17
70   4   2   21
70   4   3   30
70   4   4   26
70   4   5   26
70   4   6   16
71   1   1   7
71   1   2   18
71   1   3   23
71   1   4   23
71   1   5   17
71   1   6   7
71   2   1   16
71   2   2   30
71   2   3   33
71   2   4   16
71   3   1   13
71   3   2   14
71   3   3   19
71   3   4   19
71   3   5   17
71   3   6   13
71   4   1   10
71   4   2   14
71   4   3   23
71   4   4   25
71   4   5   14
71   4   6   9
72   1   1   5
72   1   2   16
72   1   3   26
72   1   4   22
72   1   5   13
72   1   6   6
72   2   1   8
72   2   2   14
72   2   3   20
72   2   4   25
72   2   5   15
72   2   6   6
72   3   1   6
72   3   2   17
72   3   3   24
72   3   4   17
72   3   5   15
72   3   6   9
72   4   1   21
72   4   2   23
72   4   3   25
72   4   4   11
72   4   5   8
73   1   1   20
73   1   2   28
73   1   3   24
73   1   4   14
73   1   5   5
73   2   1   10
73   2   2   15
73   2   3   18
73   2   4   20
73   2   5   19
73   2   6   9
73   3   1   8
73   3   2   21
73   3   3   20
73   3   4   17
73   3   5   14
73   3   6   11
73   4   1   13
73   4   2   16
73   4   3   20
73   4   4   10
73   4   5   18
73   4   6   14
74   1   1   10
74   1   2   16
74   1   3   15
74   1   4   9
74   2   1   10
74   2   2   15
74   2   3   15
74   2   4   10
74   3   1   12
74   3   2   13
74   3   3   13
74   3   4   12
74   4   1   8
74   4   2   19
74   4   3   15
74   4   4   8
75   1   1   9
75   1   2   12
75   1   3   29
75   1   4   20
75   1   5   21
75   1   6   5
75   2   1   9
75   2   2   17
75   2   3   21
75   2   4   21
75   2   5   20
75   2   6   8
75   3   1   7
75   3   2   19
75   3   3   22
75   3   4   21
75   3   5   21
75   3   6   6
75   4   1   6
75   4   2   19
75   4   3   24
75   4   4   24
75   4   5   16
75   4   6   7
76   1   1   3
76   1   2   6
76   1   3   17
76   1   4   23
76   1   5   27
76   1   6   15
76   1   7   7
76   2   1   6
76   2   2   18
76   2   3   29
76   2   4   23
76   2   5   13
76   2   6   9
76   3   1   7
76   3   2   16
76   3   3   21
76   3   4   31
76   3   5   18
76   3   6   5
76   4   1   12
76   4   2   19
76   4   3   18
76   4   4   18
76   4   5   18
76   4   6   13
77   1   1   7
77   1   2   24
77   1   3   27
77   1   4   27
77   1   5   19
77   1   6   11
77   2   1   13
77   2   2   16
77   2   3   33
77   2   4   21
77   2   5   22
77   2   6   10
77   3   1   3
77   3   2   7
77   3   3   15
77   3   4   27
77   3   5   33
77   3   6   24
77   3   7   6
77   4   1   12
77   4   2   21
77   4   3   24
77   4   4   26
77   4   5   21
77   4   6   11
78   1   1   9
78   1   2   7
78   1   3   12
78   1   4   8
78   2   1   7
78   2   2   11
78   2   3   10
78   2   4   8
78   3   1   8
78   3   2   10
78   3   3   9
78   3   4   9
78   4   1   18
78   4   2   18
79   1   1   12
79   1   2   16
79   1   3   15
79   1   4   13
79   2   1   12
79   2   2   14
79   2   3   23
79   2   4   7
79   3   1   13
79   3   2   15
79   3   3   15
79   3   4   13
79   4   1   10
79   4   2   17
79   4   3   18
79   4   4   11
80   1   1   29
80   1   2   35
80   1   3   39
80   1   4   30
80   2   1   12
80   2   2   26
80   2   3   30
80   2   4   28
80   2   5   25
80   2   6   12
80   3   1   15
80   3   2   23
80   3   3   29
80   3   4   27
80   3   5   25
80   3   6   14
80   4   1   11
80   4   2   17
80   4   3   17
80   4   4   17
80   4   5   24
80   4   6   24
80   4   7   12
80   4   8   11
81   1   1   15
81   1   2   24
81   1   3   37
81   1   4   35
81   1   5   26
81   1   6   13
81   2   1   5
81   2   2   16
81   2   3   23
81   2   4   31
81   2   5   30
81   2   6   23
81   2   7   16
81   2   8   6
81   3   1   13
81   3   2   32
81   3   3   34
81   3   4   29
81   3   5   23
81   3   6   14
81   3   7   5
81   4   1   16
81   4   2   27
81   4   3   30
81   4   4   31
81   4   5   30
81   4   6   16
82   1   1   15
82   1   2   30
82   1   3   41
82   1   4   39
82   1   5   38
82   1   6   10
82   2   1   9
82   2   2   22
82   2   3   26
82   2   4   28
82   2   5   30
82   2   6   28
82   2   7   24
82   2   8   6
82   3   1   5
82   3   2   19
82   3   3   26
82   3   4   37
82   3   5   34
82   3   6   31
82   3   7   16
82   3   8   5
82   4   1   9
82   4   2   16
82   4   3   26
82   4   4   29
82   4   5   39
82   4   6   30
82   4   7   19
82   4   8   5
83   1   1   5
83   1   2   23
83   1   3   35
83   1   4   36
83   1   5   37
83   1   6   30
83   1   7   20
83   1   8   10
83   2   1   6
83   2   2   20
83   2   3   28
83   2   4   42
83   2   5   46
83   2   6   29
83   2   7   18
83   2   8   7
83   3   1   8
83   3   2   20
83   3   3   31
83   3   4   44
83   3   5   34
83   3   6   28
83   3   7   20
83   3   8   11
83   4   1   22
83   4   2   36
83   4   3   40
83   4   4   41
83   4   5   34
83   4   6   23
84   1   1   8
84   1   2   10
84   1   3   10
84   1   4   8
84   2   1   5
84   2   2   15
84   2   3   9
84   2   4   7
84   3   1   18
84   3   2   18
84   4   1   5
84   4   2   13
84   4   3   13
84   4   4   5
85   1   1   5
85   1   2   11
85   1   3   16
85   1   4   19
85   1   5   19
85   1   6   20
85   1   7   14
85   2   1   10
85   2   2   17
85   2   3   25
85   2   4   22
85   2   5   20
85   2   6   10
85   3   1   6
85   3   2   11
85   3   3   16
85   3   4   19
85   3   5   18
85   3   6   17
85   3   7   12
85   3   8   5
85   4   1   17
85   4   2   35
85   4   3   36
85   4   4   16
86   1   1   18
86   1   2   26
86   1   3   27
86   1   4   18
86   2   1   8
86   2   2   16
86   2   3   18
86   2   4   25
86   2   5   13
86   2   6   9
86   3   1   5
86   3   2   15
86   3   3   26
86   3   4   24
86   3   5   13
86   3   6   6
86   4   1   10
86   4   2   18
86   4   3   19
86   4   4   14
86   4   5   15
86   4   6   13
87   1   1   7
87   1   2   19
87   1   3   20
87   1   4   18
87   1   5   14
87   1   6   5
87   1   7   4
87   2   1   10
87   2   2   15
87   2   3   18
87   2   4   18
87   2   5   18
87   2   6   8
87   3   1   16
87   3   2   25
87   3   3   33
87   3   4   13
87   4   1   23
87   4   2   20
87   4   3   22
87   4   4   17
87   4   5   5
88   1   1   8
88   1   2   16
88   1   3   20
88   1   4   23
88   1   5   18
88   1   6   6
88   2   1   22
88   2   2   22
88   2   3   21
88   2   4   16
88   2   5   10
88   3   1   8
88   3   2   16
88   3   3   20
88   3   4   22
88   3   5   20
88   3   6   5
88   4   1   21
88   4   2   23
88   4   3   25
88   4   4   17
88   4   5   5
89   1   1   5
89   1   2   9
89   1   3   17
89   1   4   20
89   1   5   19
89   1   6   17
89   1   7   14
89   2   1   26
89   2   2   26
89   2   3   26
89   2   4   16
89   2   5   7
89   3   1   20
89   3   2   31
89   3   3   29
89   3   4   21
89   4   1   11
89   4   2   18
89   4   3   25
89   4   4   18
89   4   5   17
89   4   6   12
90   1   1   5
90   1   2   16
90   1   3   22
90   1   4   24
90   1   5   24
90   2   1   7
90   2   2   15
90   2   3   23
90   2   4   25
90   2   5   16
90   2   6   5
90   3   1   12
90   3   2   13
90   3   3   18
90   3   4   21
90   3   5   17
90   3   6   10
90   4   1   11
90   4   2   15
90   4   3   17
90   4   4   23
90   4   5   25
91   1   1   8
91   1   2   12
91   1   3   13
91   1   4   18
91   1   5   14
91   1   6   6
91   2   1   15
91   2   2   26
91   2   3   19
91   2   4   11
91   3   1   5
91   3   2   12
91   3   3   19
91   3   4   17
91   3   5   18
91   4   1   5
91   4   2   11
91   4   3   19
91   4   4   18
91   4   5   18
92   1   1   9
92   1   2   19
92   1   3   28
92   1   4   30
92   1   5   21
92   1   6   6
92   2   1   8
92   2   2   22
92   2   3   28
92   2   4   24
92   2   5   21
92   2   6   10
92   3   1   10
92   3   2   20
92   3   3   27
92   3   4   26
92   3   5   20
92   3   6   10
92   4   1   12
92   4   2   22
92   4   3   23
92   4   4   23
92   4   5   21
92   4   6   12
93   1   1   9
93   1   2   14
93   1   3   12
93   1   4   9
93   2   1   8
93   2   2   16
93   2   3   15
93   2   4   5
93   3   1   9
93   3   2   11
93   3   3   18
93   3   4   6
93   4   1   5
93   4   2   7
93   4   3   11
93   4   4   11
93   4   5   7
93   4   6   3
94   1   1   13
94   1   2   16
94   1   3   24
94   1   4   28
94   1   5   35
94   1   6   35
94   1   7   19
94   1   8   6
94   2   1   23
94   2   2   27
94   2   3   42
94   2   4   36
94   2   5   23
94   2   6   17
94   2   7   8
94   3   1   19
94   3   2   32
94   3   3   40
94   3   4   38
94   3   5   27
94   3   6   13
94   3   7   7
94   4   1   18
94   4   2   35
94   4   3   36
94   4   4   40
94   4   5   27
94   4   6   20
95   1   1   5
95   1   2   14
95   1   3   21
95   1   4   21
95   1   5   20
95   2   1   17
95   2   2   24
95   2   3   21
95   2   4   19
95   3   1   6
95   3   2   16
95   3   3   22
95   3   4   18
95   3   5   10
95   3   6   9
95   4   1   22
95   4   2   23
95   4   3   15
95   4   4   12
95   4   5   9
96   1   1   12
96   1   2   14
96   1   3   17
96   1   4   12
96   2   1   13
96   2   2   15
96   2   3   15
96   2   4   12
96   3   1   14
96   3   2   18
96   3   3   10
96   3   4   8
96   3   5   5
96   4   1   9
96   4   2   18
96   4   3   18
96   4   4   10
97   1   1   1
97   2   1   1
97   3   1   1
97   4   1   1
98   1   1   14
98   1   2   21
98   1   3   24
98   1   4   13
98   2   1   18
98   2   2   20
98   2   3   17
98   2   4   12
98   2   5   5
98   3   1   14
98   3   2   22
98   3   3   21
98   3   4   15
98   4   1   10
98   4   2   9
98   4   3   19
98   4   4   12
98   4   5   13
98   4   6   9
99   1   1   15
99   1   2   15
99   1   3   21
99   1   4   32
99   1   5   34
99   1   6   28
99   1   7   16
99   1   8   11
99   2   1   7
99   2   2   20
99   2   3   26
99   2   4   31
99   2   5   35
99   2   6   28
99   2   7   18
99   2   8   7
99   3   1   19
99   3   2   34
99   3   3   41
99   3   4   37
99   3   5   29
99   3   6   12
99   4   1   15
99   4   2   33
99   4   3   38
99   4   4   36
99   4   5   33
99   4   6   17
100   1   1   14
100   1   2   22
100   1   3   27
100   1   4   34
100   1   5   25
100   1   6   11
100   2   1   16
100   2   2   24
100   2   3   29
100   2   4   25
100   2   5   21
100   2   6   18
100   3   1   14
100   3   2   22
100   3   3   29
100   3   4   32
100   3   5   25
100   3   6   11
100   4   1   16
100   4   2   21
100   4   3   25
100   4   4   35
100   4   5   25
100   4   6   11
101   1   1   7
101   1   2   16
101   1   3   27
101   1   4   29
101   1   5   17
101   1   6   6
101   2   1   7
101   2   2   15
101   2   3   16
101   2   4   14
101   2   5   14
101   2   6   14
101   2   7   14
101   2   8   8
101   3   1   20
101   3   2   41
101   3   3   19
101   3   4   22
101   4   1   11
101   4   2   20
101   4   3   22
101   4   4   20
101   4   5   17
101   4   6   12
102   1   1   9
102   1   2   16
102   1   3   23
102   1   4   25
102   1   5   12
102   1   6   10
102   2   1   19
102   2   2   26
102   2   3   31
102   2   4   19
102   3   1   10
102   3   2   10
102   3   3   9
102   3   4   14
102   3   5   17
102   3   6   19
102   3   7   16
102   4   1   21
102   4   2   25
102   4   3   27
102   4   4   17
102   4   5   5
103   1   1   25
103   1   2   17
103   1   3   25
103   1   4   21
103   2   1   21
103   2   2   25
103   2   3   20
103   2   4   16
103   2   5   6
103   3   1   13
103   3   2   16
103   3   3   17
103   3   4   16
103   3   5   12
103   3   6   14
103   4   1   5
103   4   2   16
103   4   3   25
103   4   4   19
103   4   5   15
103   4   6   8
104   1   1   8
104   1   2   14
104   1   3   13
104   1   4   10
104   2   1   7
104   2   2   18
104   2   3   12
104   2   4   8
104   3   1   8
104   3   2   16
104   3   3   14
104   3   4   7
104   4   1   10
104   4   2   13
104   4   3   14
104   4   4   8
105   1   1   6
105   1   2   9
105   1   3   15
105   1   4   13
105   1   5   8
105   1   6   7
105   2   1   8
105   2   2   20
105   2   3   23
105   2   4   7
105   3   1   13
105   3   2   16
105   3   3   17
105   3   4   12
105   4   1   15
105   4   2   16
105   4   3   13
105   4   4   9
105   4   5   5
106   1   1   4
106   1   2   1
106   1   3   3
106   1   4   6
106   1   5   7
106   2   1   9
106   2   2   10
106   2   3   2
106   3   1   4
106   3   2   1
106   3   3   4
106   3   4   5
106   3   5   7
106   4   1   11
106   4   2   10
107   1   1   4
107   1   2   9
107   1   3   11
107   1   4   21
107   1   5   22
107   1   6   17
107   1   7   12
107   2   1   10
107   2   2   16
107   2   3   18
107   2   4   23
107   2   5   19
107   2   6   10
107   3   1   19
107   3   2   32
107   3   3   27
107   3   4   18
107   4   1   7
107   4   2   20
107   4   3   20
107   4   4   23
107   4   5   19
107   4   6   7
108   1   1   8
108   1   2   15
108   1   3   18
108   1   4   20
108   1   5   15
108   1   6   7
108   2   1   16
108   2   2   25
108   2   3   25
108   2   4   17
108   3   1   6
108   3   2   15
108   3   3   20
108   3   4   19
108   3   5   17
108   3   6   6
108   4   1   17
108   4   2   24
108   4   3   20
108   4   4   22
109   1   1   21
109   1   2   21
109   1   3   26
109   1   4   19
109   2   1   8
109   2   2   14
109   2   3   22
109   2   4   21
109   2   5   12
109   2   6   10
109   3   1   6
109   3   2   18
109   3   3   25
109   3   4   19
109   3   5   14
109   3   6   5
109   4   1   23
109   4   2   21
109   4   3   21
109   4   4   22
110   1   1   13
110   1   2   13
110   2   1   5
110   2   2   9
110   2   3   8
110   2   4   4
110   3   1   12
110   3   2   14
110   4   1   14
110   4   2   8
110   4   3   4
111   1   1   5
111   1   2   12
111   1   3   26
111   1   4   36
111   1   5   43
111   1   6   46
111   1   7   43
111   1   8   30
111   1   9   13
111   2   1   14
111   2   2   31
111   2   3   40
111   2   4   42
111   2   5   44
111   2   6   38
111   2   7   28
111   2   8   17
111   3   1   8
111   3   2   24
111   3   3   44
111   3   4   53
111   3   5   55
111   3   6   41
111   3   7   20
111   3   8   9
111   4   1   13
111   4   2   26
111   4   3   42
111   4   4   46
111   4   5   46
111   4   6   41
111   4   7   27
111   4   8   13
112   1   1   5
112   1   2   19
112   1   3   22
112   1   4   18
112   1   5   14
112   1   6   7
112   2   1   15
112   2   2   29
112   2   3   30
112   2   4   11
112   3   1   10
112   3   2   17
112   3   3   19
112   3   4   16
112   3   5   13
112   3   6   10
112   4   1   8
112   4   2   16
112   4   3   18
112   4   4   19
112   4   5   17
112   4   6   7
113   1   1   24
113   1   2   34
113   1   3   37
113   1   4   36
113   1   5   25
113   1   6   14
113   1   7   11
113   2   1   22
113   2   2   27
113   2   3   41
113   2   4   39
113   2   5   30
113   2   6   22
113   3   1   7
113   3   2   19
113   3   3   27
113   3   4   31
113   3   5   40
113   3   6   37
113   3   7   20
113   4   1   21
113   4   2   31
113   4   3   37
113   4   4   37
113   4   5   36
113   4   6   19
114   1   1   1
114   2   1   1
114   3   1   1
114   4   1   1
115   1   1   5
115   1   2   14
115   1   3   17
115   1   4   31
115   1   5   25
115   1   6   22
115   1   7   18
115   2   1   13
115   2   2   28
115   2   3   26
115   2   4   29
115   2   5   22
115   2   6   14
115   3   1   6
115   3   2   24
115   3   3   39
115   3   4   32
115   3   5   25
115   3   6   6
115   4   1   17
115   4   2   22
115   4   3   28
115   4   4   28
115   4   5   18
115   4   6   14
115   4   7   5
116   1   1   15
116   1   2   30
116   1   3   27
116   1   4   15
116   2   1   9
116   2   2   15
116   2   3   19
116   2   4   19
116   2   5   16
116   2   6   9
116   3   1   6
116   3   2   16
116   3   3   23
116   3   4   17
116   3   5   15
116   3   6   10
116   4   1   6
116   4   2   18
116   4   3   19
116   4   4   21
116   4   5   15
116   4   6   8
117   1   1   25
117   1   2   32
117   1   3   35
117   1   4   38
117   1   5   31
117   1   6   25
117   2   1   6
117   2   2   17
117   2   3   33
117   2   4   39
117   2   5   34
117   2   6   30
117   2   7   27
117   3   1   28
117   3   2   29
117   3   3   31
117   3   4   39
117   3   5   36
117   3   6   23
117   4   1   24
117   4   2   32
117   4   3   35
117   4   4   39
117   4   5   33
117   4   6   23
118   1   1   22
118   1   2   27
118   1   3   25
118   1   4   16
118   1   5   6
118   2   1   5
118   2   2   17
118   2   3   28
118   2   4   26
118   2   5   12
118   2   6   8
118   3   1   9
118   3   2   17
118   3   3   22
118   3   4   21
118   3   5   19
118   3   6   8
118   4   1   7
118   4   2   15
118   4   3   22
118   4   4   24
118   4   5   19
118   4   6   9
119   1   1   7
119   1   2   10
119   1   3   13
119   1   4   13
119   1   5   9
119   1   6   7
119   2   1   12
119   2   2   21
119   2   3   14
119   2   4   12
119   3   1   12
119   3   2   21
119   3   3   15
119   3   4   11
119   4   1   15
119   4   2   16
119   4   3   14
119   4   4   14
120   1   1   15
120   1   2   18
120   1   3   20
120   1   4   21
120   1   5   20
120   1   6   14
120   2   1   9
120   2   2   15
120   2   3   28
120   2   4   28
120   2   5   23
120   2   6   5
120   3   1   9
120   3   2   23
120   3   3   21
120   3   4   26
120   3   5   18
120   3   6   11
120   4   1   5
120   4   2   19
120   4   3   28
120   4   4   33
120   4   5   23
121   1   1   6
121   1   2   10
121   1   3   18
121   1   4   17
121   1   5   14
121   2   1   14
121   2   2   22
121   2   3   16
121   2   4   13
121   3   1   6
121   3   2   10
121   3   3   17
121   3   4   17
121   3   5   9
121   3   6   6
121   4   1   12
121   4   2   21
121   4   3   20
121   4   4   12
122   1   1   11
122   1   2   40
122   1   3   49
122   1   4   47
122   1   5   29
122   1   6   17
122   2   1   5
122   2   2   18
122   2   3   38
122   2   4   39
122   2   5   32
122   2   6   34
122   2   7   21
122   2   8   6
122   3   1   13
122   3   2   26
122   3   3   24
122   3   4   29
122   3   5   31
122   3   6   33
122   3   7   30
122   3   8   7
122   4   1   9
122   4   2   22
122   4   3   29
122   4   4   33
122   4   5   36
122   4   6   36
122   4   7   22
122   4   8   6
123   1   1   11
123   1   2   10
123   1   3   21
123   1   4   21
123   1   5   15
123   1   6   10
123   2   1   6
123   2   2   18
123   2   3   16
123   2   4   25
123   2   5   23
123   3   1   21
123   3   2   25
123   3   3   21
123   3   4   15
123   3   5   6
123   4   1   7
123   4   2   18
123   4   3   22
123   4   4   20
123   4   5   12
123   4   6   6
123   4   7   3
124   1   1   9
124   1   2   20
124   1   3   22
124   1   4   21
124   1   5   18
124   1   6   7
124   2   1   19
124   2   2   31
124   2   3   29
124   2   4   18
124   3   1   12
124   3   2   16
124   3   3   20
124   3   4   20
124   3   5   16
124   3   6   13
124   4   1   23
124   4   2   27
124   4   3   25
124   4   4   14
124   4   5   8
125   1   1   6
125   1   2   16
125   1   3   31
125   1   4   39
125   1   5   21
125   2   1   11
125   2   2   18
125   2   3   27
125   2   4   29
125   2   5   18
125   2   6   10
125   3   1   10
125   3   2   26
125   3   3   22
125   3   4   23
125   3   5   17
125   3   6   15
125   4   1   13
125   4   2   23
125   4   3   23
125   4   4   20
125   4   5   14
125   4   6   12
125   4   7   8
126   1   1   8
126   1   2   18
126   1   3   26
126   1   4   32
126   1   5   27
126   2   1   11
126   2   2   17
126   2   3   26
126   2   4   25
126   2   5   21
126   2   6   11
126   3   1   16
126   3   2   20
126   3   3   20
126   3   4   22
126   3   5   16
126   3   6   17
126   4   1   7
126   4   2   19
126   4   3   27
126   4   4   30
126   4   5   23
126   4   6   5
127   1   1   21
127   1   2   23
127   1   3   26
127   1   4   21
127   2   1   5
127   2   2   19
127   2   3   22
127   2   4   20
127   2   5   19
127   2   6   6
127   3   1   25
127   3   2   19
127   3   3   23
127   3   4   18
127   3   5   6
127   4   1   11
127   4   2   15
127   4   3   21
127   4   4   16
127   4   5   15
127   4   6   13
128   1   1   13
128   1   2   16
128   1   3   20
128   1   4   13
128   2   1   15
128   2   2   17
128   2   3   16
128   2   4   10
128   2   5   4
128   3   1   11
128   3   2   21
128   3   3   17
128   3   4   13
128   4   1   15
128   4   2   18
128   4   3   15
128   4   4   14
129   1   1   17
129   1   2   21
129   1   3   22
129   1   4   17
129   2   1   18
129   2   2   20
129   2   3   22
129   2   4   17
129   3   1   5
129   3   2   16
129   3   3   18
129   3   4   19
129   3   5   14
129   3   6   5
129   4   1   5
129   4   2   14
129   4   3   19
129   4   4   19
129   4   5   15
129   4   6   5
130   1   1   6
130   1   2   11
130   1   3   16
130   1   4   5
130   2   1   6
130   2   2   13
130   2   3   12
130   2   4   7
130   3   1   10
130   3   2   7
130   3   3   13
130   3   4   8
130   4   1   20
130   4   2   18
131   1   1   6
131   1   2   14
131   1   3   20
131   1   4   20
131   1   5   8
131   1   6   5
131   2   1   10
131   2   2   12
131   2   3   12
131   2   4   18
131   2   5   14
131   2   6   7
131   3   1   15
131   3   2   21
131   3   3   24
131   3   4   13
131   4   1   12
131   4   2   25
131   4   3   23
131   4   4   13
132   1   1   12
132   1   2   17
132   1   3   16
132   1   4   12
132   2   1   16
132   2   2   13
132   2   3   12
132   2   4   11
132   2   5   5
132   3   1   11
132   3   2   19
132   3   3   15
132   3   4   12
132   4   1   10
132   4   2   18
132   4   3   20
132   4   4   9
133   1   1   9
133   1   2   14
133   1   3   14
133   1   4   10
133   2   1   9
133   2   2   17
133   2   3   12
133   2   4   9
133   3   1   10
133   3   2   11
133   3   3   17
133   3   4   9
133   4   1   9
133   4   2   17
133   4   3   12
133   4   4   9
134   1   1   20
134   1   2   28
134   1   3   22
134   1   4   21
134   2   1   5
134   2   2   7
134   2   3   12
134   2   4   17
134   2   5   22
134   2   6   18
134   2   7   10
134   3   1   7
134   3   2   16
134   3   3   21
134   3   4   24
134   3   5   23
134   4   1   8
134   4   2   16
134   4   3   20
134   4   4   21
134   4   5   19
134   4   6   7
135   1   1   12
135   1   2   14
135   1   3   11
135   1   4   12
135   2   1   11
135   2   2   11
135   2   3   16
135   2   4   11
135   3   1   12
135   3   2   11
135   3   3   15
135   3   4   11
135   4   1   9
135   4   2   15
135   4   3   17
135   4   4   8
136   1   1   9
136   1   2   15
136   1   3   20
136   1   4   21
136   1   5   17
136   1   6   7
136   2   1   19
136   2   2   24
136   2   3   24
136   2   4   22
136   3   1   5
136   3   2   16
136   3   3   23
136   3   4   24
136   3   5   21
136   4   1   6
136   4   2   16
136   4   3   22
136   4   4   22
136   4   5   17
136   4   6   6
137   1   1   13
137   1   2   18
137   1   3   21
137   1   4   27
137   1   5   22
137   1   6   9
137   2   1   25
137   2   2   29
137   2   3   31
137   2   4   25
137   3   1   11
137   3   2   19
137   3   3   27
137   3   4   23
137   3   5   17
137   3   6   13
137   4   1   6
137   4   2   28
137   4   3   20
137   4   4   28
137   4   5   21
137   4   6   7
138   1   1   10
138   1   2   18
138   1   3   18
138   1   4   10
138   2   1   11
138   2   2   15
138   2   3   15
138   2   4   15
138   3   1   12
138   3   2   16
138   3   3   14
138   3   4   14
138   4   1   6
138   4   2   9
138   4   3   11
138   4   4   15
138   4   5   15
139   1   1   5
139   1   2   6
139   2   1   4
139   2   2   7
139   3   1   7
139   3   2   3
139   3   3   1
139   4   1   6
139   4   2   5
140   1   1   7
140   1   2   18
140   1   3   17
140   1   4   8
140   2   1   11
140   2   2   14
140   2   3   14
140   2   4   11
140   3   1   13
140   3   2   12
140   3   3   14
140   3   4   11
140   4   1   10
140   4   2   18
140   4   3   14
140   4   4   8
141   1   1   10
141   1   2   21
141   1   3   22
141   1   4   26
141   1   5   22
141   1   6   8
141   2   1   25
141   2   2   31
141   2   3   27
141   2   4   19
141   2   5   7
141   3   1   10
141   3   2   21
141   3   3   28
141   3   4   22
141   3   5   15
141   3   6   8
141   3   7   5
141   4   1   14
141   4   2   18
141   4   3   25
141   4   4   23
141   4   5   17
141   4   6   12
142   1   1   21
142   1   2   23
142   1   3   23
142   1   4   24
142   1   5   21
142   1   6   14
142   1   7   6
142   2   1   14
142   2   2   22
142   2   3   29
142   2   4   32
142   2   5   22
142   2   6   13
142   3   1   27
142   3   2   37
142   3   3   42
142   3   4   26
142   4   1   5
142   4   2   14
142   4   3   21
142   4   4   24
142   4   5   28
142   4   6   22
142   4   7   18
143   1   1   5
143   1   2   5
143   1   3   6
143   1   4   5
143   2   1   11
143   2   2   5
143   2   3   5
143   3   1   11
143   3   2   10
143   4   1   14
143   4   2   7
144   1   1   15
144   1   2   22
144   1   3   26
144   1   4   16
144   2   1   13
144   2   2   12
144   2   3   14
144   2   4   14
144   2   5   16
144   2   6   10
144   3   1   17
144   3   2   21
144   3   3   24
144   3   4   17
144   4   1   5
144   4   2   14
144   4   3   20
144   4   4   21
144   4   5   19
145   1   1   15
145   1   2   30
145   1   3   29
145   1   4   16
145   2   1   6
145   2   2   16
145   2   3   25
145   2   4   22
145   2   5   13
145   2   6   8
145   3   1   10
145   3   2   16
145   3   3   19
145   3   4   18
145   3   5   14
145   3   6   13
145   4   1   7
145   4   2   17
145   4   3   18
145   4   4   21
145   4   5   22
145   4   6   5
146   1   1   25
146   1   2   29
146   1   3   36
146   1   4   22
146   2   1   27
146   2   2   30
146   2   3   28
146   2   4   19
146   2   5   8
146   3   1   6
146   3   2   9
146   3   3   17
146   3   4   23
146   3   5   24
146   3   6   19
146   3   7   14
146   4   1   17
146   4   2   18
146   4   3   22
146   4   4   19
146   4   5   17
146   4   6   19
147   1   1   15
147   1   2   31
147   1   3   33
147   1   4   39
147   1   5   31
147   1   6   14
147   2   1   7
147   2   2   14
147   2   3   19
147   2   4   18
147   2   5   22
147   2   6   25
147   2   7   21
147   2   8   17
147   2   9   14
147   2   10   6
147   3   1   16
147   3   2   26
147   3   3   40
147   3   4   40
147   3   5   28
147   3   6   13
147   4   1   6
147   4   2   16
147   4   3   26
147   4   4   30
147   4   5   32
147   4   6   35
147   4   7   18
148   1   1   11
148   1   2   18
148   1   3   10
148   1   4   14
148   2   1   10
148   2   2   16
148   2   3   17
148   2   4   10
148   3   1   13
148   3   2   13
148   3   3   14
148   3   4   13
148   4   1   12
148   4   2   15
148   4   3   14
148   4   4   12
149   1   1   16
149   1   2   17
149   1   3   18
149   1   4   18
149   2   1   13
149   2   2   27
149   2   3   14
149   2   4   15
149   3   1   17
149   3   2   19
149   3   3   18
149   3   4   10
149   3   5   5
149   4   1   22
149   4   2   14
149   4   3   16
149   4   4   8
149   4   5   9
150   1   1   8
150   1   2   12
150   1   3   15
150   1   4   7
150   2   1   5
150   2   2   16
150   2   3   16
150   2   4   5
150   3   1   11
150   3   2   11
150   3   3   10
150   3   4   10
150   4   1   9
150   4   2   13
150   4   3   12
150   4   4   8
151   1   1   6
151   1   2   13
151   1   3   26
151   1   4   30
151   1   5   31
151   1   6   27
151   1   7   20
151   2   1   9
151   2   2   32
151   2   3   38
151   2   4   36
151   2   5   21
151   2   6   17
151   3   1   13
151   3   2   29
151   3   3   38
151   3   4   35
151   3   5   21
151   3   6   12
151   3   7   5
151   4   1   18
151   4   2   31
151   4   3   30
151   4   4   28
151   4   5   28
151   4   6   18
152   1   1   5
152   1   2   23
152   1   3   25
152   1   4   29
152   1   5   23
152   1   6   5
152   2   1   5
152   2   2   23
152   2   3   26
152   2   4   27
152   2   5   23
152   2   6   6
152   3   1   14
152   3   2   17
152   3   3   22
152   3   4   23
152   3   5   23
152   3   6   11
152   4   1   14
152   4   2   17
152   4   3   24
152   4   4   22
152   4   5   20
152   4   6   13
153   1   1   6
153   1   2   24
153   1   3   46
153   1   4   59
153   1   5   55
153   1   6   39
153   1   7   19
153   1   8   10
153   1   9   2
153   2   1   16
153   2   2   29
153   2   3   36
153   2   4   43
153   2   5   52
153   2   6   42
153   2   7   29
153   2   8   13
153   3   1   17
153   3   2   30
153   3   3   40
153   3   4   44
153   3   5   41
153   3   6   39
153   3   7   31
153   3   8   18
153   4   1   20
153   4   2   31
153   4   3   39
153   4   4   41
153   4   5   46
153   4   6   44
153   4   7   30
153   4   8   9
154   1   1   14
154   1   2   26
154   1   3   34
154   1   4   40
154   1   5   28
154   1   6   13
154   2   1   19
154   2   2   28
154   2   3   34
154   2   4   30
154   2   5   23
154   2   6   13
154   2   7   8
154   3   1   5
154   3   2   16
154   3   3   25
154   3   4   31
154   3   5   32
154   3   6   25
154   3   7   15
154   3   8   6
154   4   1   18
154   4   2   26
154   4   3   32
154   4   4   34
154   4   5   30
154   4   6   15
155   1   1   8
155   1   2   15
155   1   3   26
155   1   4   29
155   1   5   26
155   2   1   8
155   2   2   22
155   2   3   25
155   2   4   21
155   2   5   17
155   2   6   11
155   3   1   9
155   3   2   23
155   3   3   21
155   3   4   21
155   3   5   19
155   3   6   11
155   4   1   5
155   4   2   25
155   4   3   25
155   4   4   22
155   4   5   17
155   4   6   10
156   1   1   15
156   1   2   28
156   1   3   26
156   1   4   21
156   1   5   18
156   1   6   14
156   1   7   5
156   2   1   10
156   2   2   21
156   2   3   31
156   2   4   36
156   2   5   20
156   2   6   9
156   3   1   11
156   3   2   20
156   3   3   30
156   3   4   34
156   3   5   25
156   3   6   7
156   4   1   15
156   4   2   24
156   4   3   23
156   4   4   25
156   4   5   30
156   4   6   10
157   1   1   5
157   1   2   20
157   1   3   25
157   1   4   33
157   1   5   32
157   1   6   25
157   1   7   20
157   1   8   5
157   2   1   22
157   2   2   20
157   2   3   36
157   2   4   47
157   2   5   26
157   2   6   7
157   2   7   7
157   3   1   19
157   3   2   24
157   3   3   35
157   3   4   38
157   3   5   35
157   3   6   14
157   4   1   6
157   4   2   15
157   4   3   25
157   4   4   34
157   4   5   38
157   4   6   27
157   4   7   20
158   1   1   5
158   1   2   27
158   1   3   28
158   1   4   30
158   1   5   24
158   1   6   7
158   2   1   14
158   2   2   22
158   2   3   29
158   2   4   21
158   2   5   19
158   2   6   16
158   3   1   9
158   3   2   23
158   3   3   30
158   3   4   29
158   3   5   19
158   3   6   11
158   4   1   13
158   4   2   20
158   4   3   27
158   4   4   28
158   4   5   22
158   4   6   11
159   1   1   5
159   1   2   11
159   1   3   14
159   1   4   17
159   1   5   16
159   2   1   12
159   2   2   20
159   2   3   18
159   2   4   13
159   3   1   6
159   3   2   10
159   3   3   15
159   3   4   18
159   3   5   9
159   3   6   5
159   4   1   11
159   4   2   20
159   4   3   20
159   4   4   12
160   1   1   9
160   1   2   14
160   1   3   13
160   1   4   9
160   2   1   10
160   2   2   14
160   2   3   15
160   2   4   6
160   3   1   9
160   3   2   14
160   3   3   12
160   3   4   8
160   3   5   2
160   4   1   12
160   4   2   12
160   4   3   11
160   4   4   10
161   1   1   18
161   1   2   18
161   1   3   23
161   1   4   16
161   2   1   4
161   2   2   6
161   2   3   11
161   2   4   14
161   2   5   16
161   2   6   15
161   2   7   9
161   3   1   8
161   3   2   13
161   3   3   13
161   3   4   18
161   3   5   18
161   3   6   5
161   4   1   14
161   4   2   22
161   4   3   25
161   4   4   14
162   1   1   15
162   1   2   21
162   1   3   21
162   1   4   9
162   1   5   4
162   2   1   13
162   2   2   20
162   2   3   21
162   2   4   16
162   3   1   15
162   3   2   19
162   3   3   22
162   3   4   9
162   3   5   5
162   4   1   8
162   4   2   13
162   4   3   15
162   4   4   17
162   4   5   7
162   4   6   10
163   1   1   13
163   1   2   17
163   1   3   15
163   1   4   15
163   2   1   9
163   2   2   19
163   2   3   22
163   2   4   10
163   3   1   15
163   3   2   15
163   3   3   15
163   3   4   15
163   4   1   13
163   4   2   18
163   4   3   16
163   4   4   13
164   1   1   17
164   1   2   20
164   1   3   19
164   1   4   17
164   2   1   17
164   2   2   17
164   2   3   21
164   2   4   18
164   3   1   13
164   3   2   22
164   3   3   23
164   3   4   15
164   4   1   8
164   4   2   11
164   4   3   14
164   4   4   21
164   4   5   13
164   4   6   6
165   1   1   13
165   1   2   14
165   1   3   15
165   1   4   12
165   2   1   10
165   2   2   16
165   2   3   18
165   2   4   10
165   3   1   10
165   3   2   16
165   3   3   19
165   3   4   9
165   4   1   12
165   4   2   14
165   4   3   14
165   4   4   14
166   1   1   12
166   1   2   20
166   1   3   24
166   1   4   27
166   1   5   24
166   2   1   7
166   2   2   18
166   2   3   29
166   2   4   25
166   2   5   21
166   2   6   7
166   3   1   10
166   3   2   24
166   3   3   21
166   3   4   21
166   3   5   17
166   3   6   14
166   4   1   6
166   4   2   20
166   4   3   29
166   4   4   22
166   4   5   23
166   4   6   7
167   1   1   15
167   1   2   15
167   1   3   19
167   1   4   14
167   2   1   13
167   2   2   19
167   2   3   18
167   2   4   13
167   3   1   14
167   3   2   17
167   3   3   17
167   3   4   15
167   4   1   15
167   4   2   17
167   4   3   18
167   4   4   13
168   1   1   9
168   1   2   12
168   1   3   12
168   1   4   11
168   2   1   10
168   2   2   12
168   2   3   12
168   2   4   10
168   3   1   7
168   3   2   13
168   3   3   17
168   3   4   7
168   4   1   5
168   4   2   15
168   4   3   17
168   4   4   7
169   1   1   6
169   1   2   13
169   1   3   14
169   1   4   11
169   2   1   10
169   2   2   13
169   2   3   12
169   2   4   6
169   2   5   3
169   3   1   6
169   3   2   18
169   3   3   13
169   3   4   7
169   4   1   9
169   4   2   14
169   4   3   12
169   4   4   9
170   1   1   15
170   1   2   19
170   1   3   23
170   1   4   14
170   2   1   10
170   2   2   12
170   2   3   14
170   2   4   11
170   2   5   15
170   2   6   9
170   3   1   5
170   3   2   4
170   3   3   8
170   3   4   16
170   3   5   21
170   3   6   10
170   3   7   7
170   4   1   17
170   4   2   22
170   4   3   15
170   4   4   9
170   4   5   8
171   1   1   7
171   1   2   13
171   1   3   18
171   1   4   27
171   1   5   27
171   1   6   16
171   1   7   13
171   1   8   7
171   2   1   11
171   2   2   27
171   2   3   26
171   2   4   27
171   2   5   24
171   2   6   13
171   3   1   19
171   3   2   21
171   3   3   25
171   3   4   25
171   3   5   19
171   3   6   12
171   3   7   7
171   4   1   6
171   4   2   20
171   4   3   37
171   4   4   38
171   4   5   27
172   1   1   10
172   1   2   11
172   2   1   11
172   2   2   10
172   3   1   10
172   3   2   11
172   4   1   10
172   4   2   11
173   1   1   14
173   1   2   25
173   1   3   35
173   1   4   36
173   1   5   31
173   1   6   10
173   2   1   20
173   2   2   33
173   2   3   31
173   2   4   22
173   2   5   17
173   2   6   14
173   2   7   14
173   3   1   17
173   3   2   27
173   3   3   31
173   3   4   36
173   3   5   24
173   3   6   10
173   3   7   6
173   4   1   14
173   4   2   32
173   4   3   33
173   4   4   33
173   4   5   19
173   4   6   14
173   4   7   6
174   1   1   9
174   1   2   14
174   1   3   25
174   1   4   20
174   1   5   18
174   1   6   8
174   2   1   5
174   2   2   18
174   2   3   25
174   2   4   23
174   2   5   18
174   2   6   5
174   3   1   5
174   3   2   22
174   3   3   20
174   3   4   24
174   3   5   16
174   3   6   7
174   4   1   8
174   4   2   13
174   4   3   26
174   4   4   24
174   4   5   16
174   4   6   7
175   1   1   12
175   1   2   8
175   1   3   7
175   2   1   13
175   2   2   14
175   3   1   5
175   3   2   8
175   3   3   10
175   3   4   4
175   4   1   14
175   4   2   13
176   1   1   26
176   1   2   43
176   1   3   30
176   1   4   17
176   1   5   8
176   2   1   8
176   2   2   11
176   2   3   16
176   2   4   24
176   2   5   32
176   2   6   27
176   2   7   6
176   3   1   10
176   3   2   15
176   3   3   19
176   3   4   18
176   3   5   19
176   3   6   19
176   3   7   17
176   3   8   7
176   4   1   15
176   4   2   20
176   4   3   27
176   4   4   30
176   4   5   17
176   4   6   15
177   1   1   5
177   1   2   14
177   1   3   20
177   1   4   23
177   1   5   25
177   1   6   21
177   1   7   18
177   2   1   13
177   2   2   21
177   2   3   27
177   2   4   28
177   2   5   28
177   2   6   9
177   3   1   7
177   3   2   22
177   3   3   35
177   3   4   31
177   3   5   24
177   3   6   7
177   4   1   11
177   4   2   25
177   4   3   28
177   4   4   26
177   4   5   25
177   4   6   11
178   1   1   18
178   1   2   14
178   1   3   6
178   2   1   10
178   2   2   10
178   2   3   10
178   2   4   5
178   2   5   3
178   3   1   5
178   3   2   15
178   3   3   12
178   3   4   6
178   4   1   6
178   4   2   13
178   4   3   12
178   4   4   7
179   1   1   9
179   1   2   19
179   1   3   26
179   1   4   25
179   1   5   22
179   1   6   8
179   2   1   15
179   2   2   16
179   2   3   20
179   2   4   26
179   2   5   21
179   2   6   11
179   3   1   10
179   3   2   13
179   3   3   30
179   3   4   33
179   3   5   17
179   3   6   6
179   4   1   12
179   4   2   18
179   4   3   29
179   4   4   19
179   4   5   20
179   4   6   11
180   1   1   21
180   1   2   25
180   1   3   31
180   1   4   31
180   1   5   31
180   1   6   19
180   2   1   16
180   2   2   31
180   2   3   31
180   2   4   33
180   2   5   30
180   2   6   17
180   3   1   20
180   3   2   27
180   3   3   26
180   3   4   41
180   3   5   21
180   3   6   23
180   4   1   18
180   4   2   31
180   4   3   31
180   4   4   27
180   4   5   31
180   4   6   20
181   1   1   16
181   1   2   28
181   1   3   22
181   1   4   19
181   2   1   8
181   2   2   15
181   2   3   18
181   2   4   21
181   2   5   17
181   2   6   6
181   3   1   9
181   3   2   13
181   3   3   20
181   3   4   18
181   3   5   25
181   4   1   6
181   4   2   11
181   4   3   22
181   4   4   28
181   4   5   18
182   1   1   11
182   1   2   26
182   1   3   31
182   1   4   33
182   1   5   21
182   1   6   13
182   2   1   6
182   2   2   23
182   2   3   41
182   2   4   37
182   2   5   20
182   2   6   8
182   3   1   13
182   3   2   20
182   3   3   34
182   3   4   33
182   3   5   21
182   3   6   11
182   3   7   3
182   4   1   11
182   4   2   17
182   4   3   20
182   4   4   18
182   4   5   19
182   4   6   24
182   4   7   17
182   4   8   9
183   1   1   10
183   1   2   18
183   1   3   27
183   1   4   27
183   1   5   19
183   1   6   10
183   2   1   8
183   2   2   14
183   2   3   29
183   2   4   37
183   2   5   23
183   3   1   7
183   3   2   11
183   3   3   19
183   3   4   17
183   3   5   19
183   3   6   21
183   3   7   17
183   4   1   14
183   4   2   15
183   4   3   22
183   4   4   30
183   4   5   22
183   4   6   8
184   1   1   11
184   1   2   16
184   1   3   20
184   1   4   25
184   1   5   16
184   1   6   11
184   2   1   21
184   2   2   32
184   2   3   25
184   2   4   16
184   2   5   5
184   3   1   8
184   3   2   21
184   3   3   21
184   3   4   19
184   3   5   18
184   3   6   12
184   4   1   6
184   4   2   22
184   4   3   24
184   4   4   21
184   4   5   17
184   4   6   9
185   1   1   17
185   1   2   26
185   1   3   30
185   1   4   32
185   1   5   33
185   1   6   11
185   2   1   19
185   2   2   29
185   2   3   28
185   2   4   28
185   2   5   23
185   2   6   16
185   2   7   6
185   3   1   14
185   3   2   28
185   3   3   34
185   3   4   35
185   3   5   22
185   3   6   16
185   4   1   15
185   4   2   32
185   4   3   34
185   4   4   27
185   4   5   21
185   4   6   10
185   4   7   10
186   1   1   17
186   1   2   19
186   1   3   17
186   1   4   9
186   1   5   6
186   2   1   6
186   2   2   12
186   2   3   16
186   2   4   15
186   2   5   19
186   3   1   7
186   3   2   25
186   3   3   20
186   3   4   16
186   4   1   4
186   4   2   12
186   4   3   18
186   4   4   19
186   4   5   15
187   1   1   10
187   1   2   14
187   1   3   9
187   1   4   12
187   2   1   8
187   2   2   13
187   2   3   17
187   2   4   7
187   3   1   6
187   3   2   18
187   3   3   16
187   3   4   5
187   4   1   10
187   4   2   13
187   4   3   12
187   4   4   10
188   1   1   16
188   1   2   34
188   1   3   43
188   1   4   40
188   1   5   30
188   1   6   17
188   2   1   11
188   2   2   18
188   2   3   28
188   2   4   32
188   2   5   31
188   2   6   31
188   2   7   22
188   2   8   7
188   3   1   13
188   3   2   22
188   3   3   26
188   3   4   28
188   3   5   33
188   3   6   28
188   3   7   22
188   3   8   8
188   4   1   20
188   4   2   34
188   4   3   38
188   4   4   36
188   4   5   30
188   4   6   22
189   1   1   9
189   1   2   21
189   1   3   30
189   1   4   28
189   1   5   21
189   1   6   10
189   2   1   12
189   2   2   16
189   2   3   30
189   2   4   30
189   2   5   21
189   2   6   10
189   3   1   19
189   3   2   20
189   3   3   20
189   3   4   21
189   3   5   20
189   3   6   12
189   3   7   7
189   4   1   8
189   4   2   24
189   4   3   28
189   4   4   30
189   4   5   18
189   4   6   11
190   1   1   14
190   1   2   18
190   1   3   20
190   1   4   14
190   2   1   13
190   2   2   20
190   2   3   20
190   2   4   13
190   3   1   16
190   3   2   17
190   3   3   19
190   3   4   14
190   4   1   6
190   4   2   10
190   4   3   16
190   4   4   17
190   4   5   12
190   4   6   5
191   1   1   7
191   1   2   24
191   1   3   31
191   1   4   25
191   1   5   18
191   1   6   10
191   2   1   5
191   2   2   9
191   2   3   15
191   2   4   23
191   2   5   27
191   2   6   27
191   2   7   9
191   3   1   11
191   3   2   20
191   3   3   22
191   3   4   30
191   3   5   24
191   3   6   8
191   4   1   11
191   4   2   17
191   4   3   27
191   4   4   31
191   4   5   20
191   4   6   9
192   1   1   17
192   1   2   21
192   1   3   19
192   1   4   16
192   2   1   7
192   2   2   12
192   2   3   16
192   2   4   19
192   2   5   13
192   2   6   6
192   3   1   12
192   3   2   26
192   3   3   19
192   3   4   16
192   4   1   16
192   4   2   21
192   4   3   19
192   4   4   17
193   1   1   15
193   1   2   24
193   1   3   26
193   1   4   15
193   2   1   5
193   2   2   13
193   2   3   20
193   2   4   24
193   2   5   18
193   3   1   5
193   3   2   17
193   3   3   20
193   3   4   18
193   3   5   13
193   3   6   7
193   4   1   7
193   4   2   15
193   4   3   13
193   4   4   27
193   4   5   12
193   4   6   6
194   1   1   12
194   1   2   18
194   1   3   28
194   1   4   31
194   1   5   23
194   1   6   8
194   2   1   10
194   2   2   22
194   2   3   28
194   2   4   30
194   2   5   19
194   2   6   11
194   3   1   12
194   3   2   21
194   3   3   29
194   3   4   25
194   3   5   19
194   3   6   14
194   4   1   14
194   4   2   24
194   4   3   20
194   4   4   26
194   4   5   23
194   4   6   13
195   1   1   14
195   1   2   23
195   1   3   27
195   1   4   29
195   1   5   22
195   1   6   14
195   2   1   28
195   2   2   36
195   2   3   36
195   2   4   29
195   3   1   13
195   3   2   25
195   3   3   28
195   3   4   29
195   3   5   19
195   3   6   15
195   4   1   5
195   4   2   14
195   4   3   20
195   4   4   25
195   4   5   25
195   4   6   20
195   4   7   20
196   1   1   6
196   1   2   14
196   1   3   19
196   1   4   19
196   1   5   13
196   1   6   7
196   2   1   7
196   2   2   13
196   2   3   17
196   2   4   20
196   2   5   21
196   3   1   19
196   3   2   23
196   3   3   25
196   3   4   11
196   4   1   18
196   4   2   21
196   4   3   21
196   4   4   18
197   1   1   25
197   1   2   21
197   1   3   20
197   1   4   11
197   1   5   5
197   2   1   7
197   2   2   13
197   2   3   18
197   2   4   21
197   2   5   23
197   3   1   20
197   3   2   21
197   3   3   23
197   3   4   18
197   4   1   7
197   4   2   14
197   4   3   18
197   4   4   23
197   4   5   15
197   4   6   5
198   1   1   8
198   1   2   15
198   1   3   20
198   1   4   18
198   1   5   15
198   1   6   9
198   2   1   19
198   2   2   21
198   2   3   28
198   2   4   17
198   3   1   19
198   3   2   23
198   3   3   24
198   3   4   19
198   4   1   6
198   4   2   19
198   4   3   16
198   4   4   19
198   4   5   20
198   4   6   5
199   1   1   9
199   1   2   17
199   1   3   14
199   1   4   10
199   2   1   11
199   2   2   16
199   2   3   12
199   2   4   11
199   3   1   15
199   3   2   12
199   3   3   15
199   3   4   8
199   4   1   8
199   4   2   20
199   4   3   15
199   4   4   7
200   1   1   1
200   1   2   2
200   2   1   1
200   2   2   1
200   2   3   1
200   3   1   1
200   3   2   1
200   3   3   1
200   4   1   1
200   4   2   2
201   1   1   10
201   1   2   16
201   1   3   17
201   1   4   7
201   2   1   5
201   2   2   7
201   2   3   11
201   2   4   11
201   2   5   9
201   2   6   7
201   3   1   5
201   3   2   7
201   3   3   12
201   3   4   14
201   3   5   12
201   4   1   11
201   4   2   17
201   4   3   12
201   4   4   10
202   1   1   17
202   1   2   19
202   1   3   20
202   1   4   18
202   2   1   14
202   2   2   24
202   2   3   22
202   2   4   14
202   3   1   16
202   3   2   22
202   3   3   22
202   3   4   14
202   4   1   11
202   4   2   13
202   4   3   15
202   4   4   15
202   4   5   11
202   4   6   9
203   1   1   6
203   1   2   11
203   1   3   16
203   1   4   17
203   1   5   12
203   1   6   5
203   2   1   18
203   2   2   15
203   2   3   18
203   2   4   10
203   2   5   6
203   3   1   12
203   3   2   18
203   3   3   19
203   3   4   18
203   4   1   13
203   4   2   19
203   4   3   20
203   4   4   15
204   1   1   13
204   1   2   23
204   1   3   23
204   1   4   25
204   1   5   23
204   1   6   12
204   2   1   28
204   2   2   32
204   2   3   33
204   2   4   20
204   2   5   6
204   3   1   5
204   3   2   14
204   3   3   21
204   3   4   22
204   3   5   21
204   3   6   15
204   3   7   12
204   3   8   9
204   4   1   12
204   4   2   18
204   4   3   31
204   4   4   27
204   4   5   18
204   4   6   13
205   1   1   19
205   1   2   21
205   1   3   17
205   1   4   13
205   1   5   6
205   2   1   9
205   2   2   13
205   2   3   16
205   2   4   18
205   2   5   12
205   2   6   8
205   3   1   18
205   3   2   22
205   3   3   18
205   3   4   18
205   4   1   16
205   4   2   20
205   4   3   23
205   4   4   17
206   1   1   13
206   1   2   27
206   1   3   25
206   1   4   14
206   2   1   10
206   2   2   10
206   2   3   17
206   2   4   19
206   2   5   15
206   2   6   8
206   3   1   7
206   3   2   13
206   3   3   18
206   3   4   21
206   3   5   14
206   3   6   6
206   4   1   5
206   4   2   15
206   4   3   18
206   4   4   20
206   4   5   21
207   1   1   21
207   1   2   25
207   1   3   24
207   1   4   14
207   1   5   5
207   2   1   11
207   2   2   15
207   2   3   19
207   2   4   19
207   2   5   12
207   2   6   13
207   3   1   9
207   3   2   14
207   3   3   19
207   3   4   22
207   3   5   18
207   3   6   7
207   4   1   21
207   4   2   20
207   4   3   34
207   4   4   14
208   1   1   8
208   1   2   13
208   1   3   18
208   1   4   21
208   1   5   15
208   1   6   5
208   2   1   19
208   2   2   23
208   2   3   19
208   2   4   14
208   2   5   5
208   3   1   5
208   3   2   13
208   3   3   18
208   3   4   22
208   3   5   17
208   3   6   5
208   4   1   15
208   4   2   26
208   4   3   23
208   4   4   16
209   1   1   5
209   1   2   14
209   1   3   24
209   1   4   39
209   1   5   34
209   1   6   26
209   1   7   19
209   2   1   18
209   2   2   29
209   2   3   32
209   2   4   35
209   2   5   31
209   2   6   11
209   2   7   5
209   3   1   5
209   3   2   16
209   3   3   25
209   3   4   32
209   3   5   35
209   3   6   28
209   3   7   20
209   4   1   16
209   4   2   32
209   4   3   34
209   4   4   33
209   4   5   29
209   4   6   17
210   1   1   7
210   1   2   13
210   1   3   10
210   1   4   7
210   2   1   6
210   2   2   12
210   2   3   12
210   2   4   7
210   3   1   6
210   3   2   13
210   3   3   11
210   3   4   7
210   4   1   5
210   4   2   13
210   4   3   19
211   1   1   10
211   1   2   19
211   1   3   24
211   1   4   28
211   1   5   22
211   1   6   6
211   2   1   13
211   2   2   19
211   2   3   26
211   2   4   21
211   2   5   16
211   2   6   14
211   3   1   10
211   3   2   19
211   3   3   27
211   3   4   22
211   3   5   21
211   3   6   10
211   4   1   11
211   4   2   10
211   4   3   35
211   4   4   30
211   4   5   12
211   4   6   11
212   1   1   20
212   1   2   23
212   1   3   29
212   1   4   30
212   1   5   26
212   1   6   19
212   2   1   17
212   2   2   28
212   2   3   32
212   2   4   30
212   2   5   20
212   2   6   14
212   2   7   6
212   3   1   15
212   3   2   27
212   3   3   34
212   3   4   33
212   3   5   24
212   3   6   14
212   4   1   10
212   4   2   29
212   4   3   38
212   4   4   32
212   4   5   24
212   4   6   14
213   1   1   23
213   1   2   27
213   1   3   20
213   1   4   15
213   1   5   7
213   2   1   18
213   2   2   27
213   2   3   28
213   2   4   19
213   3   1   10
213   3   2   15
213   3   3   18
213   3   4   23
213   3   5   18
213   3   6   8
213   4   1   9
213   4   2   16
213   4   3   21
213   4   4   20
213   4   5   19
213   4   6   7
214   1   1   8
214   1   2   15
214   1   3   17
214   1   4   18
214   1   5   16
214   1   6   7
214   2   1   14
214   2   2   25
214   2   3   27
214   2   4   15
214   3   1   8
214   3   2   15
214   3   3   15
214   3   4   20
214   3   5   17
214   3   6   6
214   4   1   8
214   4   2   17
214   4   3   17
214   4   4   21
214   4   5   18
215   1   1   5
215   1   2   13
215   1   3   16
215   1   4   19
215   1   5   17
215   2   1   14
215   2   2   23
215   2   3   15
215   2   4   18
215   3   1   5
215   3   2   10
215   3   3   19
215   3   4   17
215   3   5   19
215   4   1   5
215   4   2   12
215   4   3   15
215   4   4   17
215   4   5   21
216   1   1   8
216   1   2   12
216   1   3   13
216   1   4   7
216   2   1   6
216   2   2   16
216   2   3   11
216   2   4   7
216   3   1   9
216   3   2   12
216   3   3   10
216   3   4   9
216   4   1   6
216   4   2   15
216   4   3   13
216   4   4   6
217   1   1   12
217   1   2   26
217   1   3   20
217   1   4   27
217   1   5   16
217   1   6   16
217   2   1   12
217   2   2   21
217   2   3   26
217   2   4   28
217   2   5   22
217   2   6   8
217   3   1   11
217   3   2   19
217   3   3   24
217   3   4   31
217   3   5   24
217   3   6   8
217   4   1   30
217   4   2   32
217   4   3   25
217   4   4   20
217   4   5   10
218   1   1   14
218   1   2   18
218   1   3   15
218   1   4   13
218   2   1   12
218   2   2   20
218   2   3   17
218   2   4   11
218   3   1   8
218   3   2   10
218   3   3   11
218   3   4   15
218   3   5   9
218   3   6   7
218   4   1   9
218   4   2   22
218   4   3   21
218   4   4   8
219   1   1   22
219   1   2   24
219   1   3   27
219   1   4   14
219   1   5   6
219   2   1   19
219   2   2   26
219   2   3   26
219   2   4   22
219   3   1   10
219   3   2   13
219   3   3   24
219   3   4   21
219   3   5   16
219   3   6   9
219   4   1   11
219   4   2   14
219   4   3   21
219   4   4   20
219   4   5   19
219   4   6   8
220   1   1   17
220   1   2   18
220   1   3   18
220   1   4   16
220   2   1   16
220   2   2   19
220   2   3   17
220   2   4   17
220   3   1   13
220   3   2   23
220   3   3   19
220   3   4   14
220   4   1   5
220   4   2   11
220   4   3   16
220   4   4   21
220   4   5   16
221   1   1   24
221   1   2   19
221   1   3   31
221   1   4   37
221   1   5   25
221   1   6   21
221   2   1   8
221   2   2   18
221   2   3   21
221   2   4   28
221   2   5   33
221   2   6   27
221   2   7   15
221   2   8   7
221   3   1   14
221   3   2   31
221   3   3   33
221   3   4   36
221   3   5   28
221   3   6   15
221   4   1   15
221   4   2   27
221   4   3   36
221   4   4   36
221   4   5   28
221   4   6   15
222   1   1   15
222   1   2   26
222   1   3   27
222   1   4   27
222   1   5   27
222   1   6   14
222   2   1   5
222   2   2   15
222   2   3   22
222   2   4   23
222   2   5   26
222   2   6   28
222   2   7   17
222   3   1   12
222   3   2   25
222   3   3   34
222   3   4   38
222   3   5   21
222   3   6   6
222   4   1   16
222   4   2   21
222   4   3   28
222   4   4   37
222   4   5   21
222   4   6   13
223   1   1   15
223   1   2   17
223   1   3   23
223   1   4   31
223   1   5   27
223   1   6   11
223   2   1   12
223   2   2   22
223   2   3   29
223   2   4   28
223   2   5   20
223   2   6   13
223   3   1   8
223   3   2   22
223   3   3   33
223   3   4   32
223   3   5   20
223   3   6   9
223   4   1   9
223   4   2   29
223   4   3   29
223   4   4   24
223   4   5   20
223   4   6   13
224   1   1   10
224   1   2   19
224   1   3   22
224   1   4   18
224   1   5   14
224   1   6   13
224   2   1   8
224   2   2   18
224   2   3   22
224   2   4   21
224   2   5   19
224   2   6   8
224   3   1   5
224   3   2   17
224   3   3   26
224   3   4   27
224   3   5   16
224   3   6   5
224   4   1   5
224   4   2   16
224   4   3   27
224   4   4   29
224   4   5   19
225   1   1   6
225   1   2   15
225   1   3   19
225   1   4   17
225   1   5   15
225   1   6   7
225   2   1   22
225   2   2   19
225   2   3   17
225   2   4   15
225   2   5   6
225   3   1   5
225   3   2   8
225   3   3   12
225   3   4   15
225   3   5   14
225   3   6   14
225   3   7   11
225   4   1   11
225   4   2   32
225   4   3   23
225   4   4   13
226   1   1   13
226   1   2   14
226   1   3   17
226   1   4   17
226   1   5   14
226   1   6   10
226   2   1   6
226   2   2   16
226   2   3   20
226   2   4   22
226   2   5   15
226   2   6   6
226   3   1   15
226   3   2   26
226   3   3   29
226   3   4   15
226   4   1   6
226   4   2   13
226   4   3   22
226   4   4   26
226   4   5   14
226   4   6   4
227   1   1   8
227   1   2   18
227   1   3   28
227   1   4   31
227   1   5   33
227   1   6   30
227   1   7   20
227   1   8   5
227   2   1   20
227   2   2   32
227   2   3   32
227   2   4   37
227   2   5   32
227   2   6   20
227   3   1   6
227   3   2   20
227   3   3   27
227   3   4   32
227   3   5   34
227   3   6   30
227   3   7   24
227   4   1   24
227   4   2   28
227   4   3   35
227   4   4   33
227   4   5   28
227   4   6   18
227   4   7   7
228   1   1   16
228   1   2   21
228   1   3   22
228   1   4   16
228   2   1   19
228   2   2   16
228   2   3   22
228   2   4   18
228   3   1   12
228   3   2   9
228   3   3   17
228   3   4   13
228   3   5   12
228   3   6   12
228   4   1   15
228   4   2   23
228   4   3   21
228   4   4   16
229   1   1   9
229   1   2   16
229   1   3   26
229   1   4   28
229   1   5   21
229   1   6   6
229   2   1   7
229   2   2   16
229   2   3   26
229   2   4   31
229   2   5   26
229   3   1   10
229   3   2   17
229   3   3   27
229   3   4   22
229   3   5   20
229   3   6   10
229   4   1   13
229   4   2   18
229   4   3   20
229   4   4   23
229   4   5   22
229   4   6   10
230   1   1   4
230   1   2   14
230   1   3   14
230   1   4   16
230   1   5   11
230   1   6   5
230   2   1   7
230   2   2   10
230   2   3   16
230   2   4   17
230   2   5   14
230   3   1   13
230   3   2   19
230   3   3   18
230   3   4   14
230   4   1   10
230   4   2   22
230   4   3   20
230   4   4   12
231   1   1   13
231   1   2   23
231   1   3   11
231   1   4   11
231   1   5   5
231   2   1   14
231   2   2   17
231   2   3   19
231   2   4   13
231   3   1   6
231   3   2   12
231   3   3   13
231   3   4   14
231   3   5   18
231   4   1   10
231   4   2   22
231   4   3   20
231   4   4   11
232   1   1   9
232   1   2   16
232   1   3   23
232   1   4   26
232   1   5   14
232   1   6   10
232   2   1   13
232   2   2   14
232   2   3   21
232   2   4   22
232   2   5   17
232   2   6   11
232   3   1   6
232   3   2   20
232   3   3   28
232   3   4   22
232   3   5   15
232   3   6   7
232   4   1   20
232   4   2   29
232   4   3   28
232   4   4   21
233   1   1   15
233   1   2   17
233   1   3   28
233   1   4   24
233   1   5   16
233   1   6   10
233   1   7   5
233   2   1   22
233   2   2   36
233   2   3   36
233   2   4   21
233   3   1   12
233   3   2   22
233   3   3   27
233   3   4   23
233   3   5   19
233   3   6   12
233   4   1   14
233   4   2   19
233   4   3   26
233   4   4   23
233   4   5   19
233   4   6   14
234   1   1   22
234   1   2   38
234   1   3   41
234   1   4   45
234   1   5   35
234   1   6   22
234   2   1   20
234   2   2   22
234   2   3   25
234   2   4   31
234   2   5   33
234   2   6   34
234   2   7   27
234   2   8   11
234   3   1   6
234   3   2   11
234   3   3   39
234   3   4   45
234   3   5   45
234   3   6   39
234   3   7   13
234   3   8   5
234   4   1   5
234   4   2   25
234   4   3   39
234   4   4   37
234   4   5   35
234   4   6   30
234   4   7   21
234   4   8   11
235   1   1   8
235   1   2   17
235   1   3   16
235   1   4   8
235   2   1   10
235   2   2   14
235   2   3   17
235   2   4   8
235   3   1   4
235   3   2   8
235   3   3   12
235   3   4   11
235   3   5   8
235   3   6   6
235   4   1   11
235   4   2   13
235   4   3   17
235   4   4   8
236   1   1   5
236   1   2   12
236   1   3   15
236   1   4   30
236   1   5   13
236   2   1   14
236   2   2   21
236   2   3   26
236   2   4   14
236   3   1   11
236   3   2   14
236   3   3   13
236   3   4   16
236   3   5   8
236   3   6   8
236   3   7   5
236   4   1   5
236   4   2   15
236   4   3   20
236   4   4   16
236   4   5   11
236   4   6   8
237   1   1   5
237   1   2   21
237   1   3   29
237   1   4   26
237   1   5   25
237   2   1   17
237   2   2   19
237   2   3   14
237   2   4   22
237   2   5   17
237   2   6   17
237   3   1   9
237   3   2   19
237   3   3   26
237   3   4   22
237   3   5   21
237   3   6   9
237   4   1   7
237   4   2   18
237   4   3   28
237   4   4   28
237   4   5   18
237   4   6   7
238   1   1   10
238   1   2   20
238   1   3   19
238   1   4   6
238   2   1   15
238   2   2   12
238   2   3   16
238   2   4   7
238   2   5   5
238   3   1   11
238   3   2   19
238   3   3   15
238   3   4   10
238   4   1   11
238   4   2   18
238   4   3   15
238   4   4   11
239   1   1   15
239   1   2   21
239   1   3   25
239   1   4   27
239   1   5   25
239   1   6   14
239   2   1   8
239   2   2   26
239   2   3   34
239   2   4   28
239   2   5   20
239   2   6   11
239   3   1   10
239   3   2   27
239   3   3   31
239   3   4   27
239   3   5   20
239   3   6   12
239   4   1   10
239   4   2   24
239   4   3   32
239   4   4   27
239   4   5   22
239   4   6   12
240   1   1   13
240   1   2   21
240   1   3   29
240   1   4   24
240   1   5   21
240   1   6   13
240   2   1   12
240   2   2   21
240   2   3   27
240   2   4   27
240   2   5   25
240   2   6   9
240   3   1   6
240   3   2   25
240   3   3   33
240   3   4   27
240   3   5   18
240   3   6   12
240   4   1   9
240   4   2   21
240   4   3   31
240   4   4   29
240   4   5   20
240   4   6   11
241   1   1   7
241   1   2   16
241   1   3   25
241   1   4   28
241   1   5   19
241   1   6   5
241   2   1   26
241   2   2   22
241   2   3   29
241   2   4   23
241   3   1   12
241   3   2   20
241   3   3   22
241   3   4   16
241   3   5   14
241   3   6   16
241   4   1   25
241   4   2   28
241   4   3   23
241   4   4   15
241   4   5   9
242   1   1   5
242   1   2   11
242   1   3   18
242   1   4   19
242   1   5   11
242   1   6   5
242   2   1   5
242   2   2   13
242   2   3   15
242   2   4   19
242   2   5   17
242   3   1   5
242   3   2   13
242   3   3   16
242   3   4   17
242   3   5   13
242   3   6   5
242   4   1   9
242   4   2   32
242   4   3   16
242   4   4   12
243   1   1   5
243   1   2   16
243   1   3   13
243   1   4   31
243   1   5   38
243   1   6   27
243   1   7   12
243   2   1   10
243   2   2   24
243   2   3   36
243   2   4   38
243   2   5   27
243   2   6   7
243   3   1   17
243   3   2   23
243   3   3   28
243   3   4   31
243   3   5   28
243   3   6   15
243   4   1   5
243   4   2   15
243   4   3   23
243   4   4   29
243   4   5   27
243   4   6   23
243   4   7   15
243   4   8   5
244   1   1   11
244   1   2   12
244   1   3   10
244   1   4   12
244   2   1   10
244   2   2   13
244   2   3   13
244   2   4   9
244   3   1   8
244   3   2   18
244   3   3   10
244   3   4   9
244   4   1   7
244   4   2   15
244   4   3   17
244   4   4   6
245   1   1   5
245   1   2   16
245   1   3   20
245   1   4   24
245   1   5   14
245   1   6   6
245   2   1   7
245   2   2   15
245   2   3   19
245   2   4   22
245   2   5   16
245   2   6   6
245   3   1   6
245   3   2   18
245   3   3   20
245   3   4   19
245   3   5   13
245   3   6   9
245   4   1   16
245   4   2   29
245   4   3   24
245   4   4   16
246   1   1   23
246   1   2   30
246   1   3   34
246   1   4   33
246   1   5   25
246   1   6   14
246   1   7   9
246   2   1   19
246   2   2   29
246   2   3   36
246   2   4   37
246   2   5   28
246   2   6   19
246   3   1   5
246   3   2   19
246   3   3   28
246   3   4   32
246   3   5   29
246   3   6   33
246   3   7   22
246   4   1   5
246   4   2   16
246   4   3   28
246   4   4   37
246   4   5   34
246   4   6   27
246   4   7   14
246   4   8   7
247   1   1   11
247   1   2   18
247   1   3   19
247   1   4   12
247   2   1   12
247   2   2   19
247   2   3   16
247   2   4   13
247   3   1   12
247   3   2   21
247   3   3   15
247   3   4   12
247   4   1   6
247   4   2   12
247   4   3   13
247   4   4   14
247   4   5   9
247   4   6   6
248   1   1   17
248   1   2   23
248   1   3   30
248   1   4   37
248   1   5   43
248   1   6   39
248   1   7   25
248   1   8   11
248   2   1   6
248   2   2   18
248   2   3   39
248   2   4   48
248   2   5   52
248   2   6   39
248   2   7   17
248   2   8   6
248   3   1   12
248   3   2   31
248   3   3   38
248   3   4   34
248   3   5   37
248   3   6   30
248   3   7   22
248   3   8   21
248   4   1   9
248   4   2   19
248   4   3   34
248   4   4   50
248   4   5   48
248   4   6   39
248   4   7   19
248   4   8   7
249   1   1   12
249   1   2   13
249   1   3   12
249   1   4   12
249   2   1   8
249   2   2   18
249   2   3   14
249   2   4   9
249   3   1   11
249   3   2   14
249   3   3   11
249   3   4   13
249   4   1   8
249   4   2   16
249   4   3   14
249   4   4   11
250   1   1   5
250   1   2   12
250   1   3   15
250   1   4   18
250   1   5   11
250   1   6   5
250   2   1   12
250   2   2   22
250   2   3   19
250   2   4   13
250   3   1   17
250   3   2   15
250   3   3   20
250   3   4   14
250   4   1   15
250   4   2   19
250   4   3   15
250   4   4   12
250   4   5   5
251   1   1   15
251   1   2   37
251   1   3   43
251   1   4   41
251   1   5   33
251   1   6   17
251   2   1   8
251   2   2   19
251   2   3   25
251   2   4   35
251   2   5   43
251   2   6   38
251   2   7   18
251   3   1   2
251   3   2   7
251   3   3   19
251   3   4   31
251   3   5   34
251   3   6   35
251   3   7   28
251   3   8   21
251   3   9   9
251   4   1   13
251   4   2   19
251   4   3   27
251   4   4   31
251   4   5   35
251   4   6   32
251   4   7   20
251   4   8   9
