1   1   1   8
1   1   2   10
1   1   3   11
1   1   4   7
1   2   1   4
1   2   2   15
1   2   3   12
1   2   4   5
1   3   1   6
1   3   2   12
1   3   3   13
1   3   4   5
1   4   1   6
1   4   2   11
1   4   3   14
1   4   4   5
2   1   1   14
2   1   2   20
2   1   3   23
2   1   4   14
2   2   1   16
2   2   2   22
2   2   3   20
2   2   4   9
2   2   5   4
2   3   1   18
2   3   2   20
2   3   3   15
2   3   4   12
2   3   5   6
2   4   1   6
2   4   2   9
2   4   3   17
2   4   4   17
2   4   5   14
2   4   6   8
3   1   1   6
3   1   2   20
3   1   3   30
3   1   4   27
3   1   5   18
3   1   6   9
3   2   1   13
3   2   2   20
3   2   3   25
3   2   4   23
3   2   5   14
3   2   6   10
3   2   7   5
3   3   1   27
3   3   2   29
3   3   3   28
3   3   4   21
3   3   5   5
3   4   1   11
3   4   2   22
3   4   3   23
3   4   4   23
3   4   5   18
3   4   6   13
4   1   1   17
4   1   2   17
4   1   3   17
4   1   4   16
4   2   1   17
4   2   2   17
4   2   3   16
4   2   4   17
4   3   1   6
4   3   2   11
4   3   3   15
4   3   4   17
4   3   5   13
4   3   6   5
4   4   1   9
4   4   2   21
4   4   3   27
4   4   4   10
5   1   1   16
5   1   2   18
5   1   3   23
5   1   4   13
5   2   1   17
5   2   2   17
5   2   3   19
5   2   4   17
5   3   1   13
5   3   2   22
5   3   3   23
5   3   4   12
5   4   1   6
5   4   2   13
5   4   3   16
5   4   4   17
5   4   5   12
5   4   6   6
6   1   1   7
6   1   2   18
6   1   3   20
6   1   4   29
6   1   5   30
6   1   6   26
6   1   7   22
6   2   1   17
6   2   2   26
6   2   3   33
6   2   4   34
6   2   5   23
6   2   6   19
6   3   1   12
6   3   2   22
6   3   3   41
6   3   4   42
6   3   5   25
6   3   6   10
6   4   1   23
6   4   2   25
6   4   3   32
6   4   4   25
6   4   5   22
6   4   6   18
6   4   7   7
7   1   1   26
7   1   2   30
7   1   3   30
7   1   4   28
7   1   5   27
7   1   6   18
7   1   7   8
7   2   1   23
7   2   2   28
7   2   3   33
7   2   4   36
7   2   5   23
7   2   6   24
7   3   1   22
7   3   2   27
7   3   3   32
7   3   4   33
7   3   5   28
7   3   6   25
7   4   1   7
7   4   2   19
7   4   3   22
7   4   4   31
7   4   5   35
7   4   6   32
7   4   7   21
8   1   1   9
8   1   2   23
8   1   3   24
8   1   4   24
8   1   5   21
8   1   6   10
8   2   1   3
8   2   2   10
8   2   3   19
8   2   4   25
8   2   5   23
8   2   6   19
8   2   7   12
8   3   1   25
8   3   2   32
8   3   3   30
8   3   4   19
8   3   5   5
8   4   1   12
8   4   2   17
8   4   3   27
8   4   4   25
8   4   5   18
8   4   6   12
9   1   1   5
9   1   2   16
9   1   3   34
9   1   4   22
9   1   5   16
9   1   6   7
9   2   1   6
9   2   2   18
9   2   3   24
9   2   4   27
9   2   5   25
9   3   1   11
9   3   2   17
9   3   3   23
9   3   4   21
9   3   5   17
9   3   6   11
9   4   1   13
9   4   2   16
9   4   3   19
9   4   4   24
9   4   5   18
9   4   6   10
10   1   1   5
10   1   2   13
10   1   3   21
10   1   4   16
10   1   5   14
10   1   6   6
10   2   1   7
10   2   2   13
10   2   3   18
10   2   4   16
10   2   5   15
10   2   6   6
10   3   1   5
10   3   2   12
10   3   3   15
10   3   4   25
10   3   5   18
10   4   1   13
10   4   2   26
10   4   3   21
10   4   4   15
11   1   1   10
11   1   2   13
11   1   3   24
11   1   4   28
11   1   5   22
11   2   1   25
11   2   2   26
11   2   3   20
11   2   4   13
11   2   5   13
11   3   1   8
11   3   2   17
11   3   3   25
11   3   4   21
11   3   5   18
11   3   6   8
11   4   1   9
11   4   2   15
11   4   3   23
11   4   4   26
11   4   5   16
11   4   6   8
12   1   1   5
12   1   2   17
12   1   3   43
12   1   4   42
12   1   5   47
12   1   6   30
12   1   7   20
12   1   8   9
12   2   1   26
12   2   2   39
12   2   3   42
12   2   4   43
12   2   5   35
12   2   6   28
12   3   1   11
12   3   2   26
12   3   3   33
12   3   4   38
12   3   5   35
12   3   6   33
12   3   7   26
12   3   8   11
12   4   1   7
12   4   2   22
12   4   3   32
12   4   4   43
12   4   5   44
12   4   6   38
12   4   7   27
13   1   1   25
13   1   2   24
13   1   3   21
13   1   4   17
13   1   5   7
13   2   1   8
13   2   2   17
13   2   3   21
13   2   4   23
13   2   5   15
13   2   6   10
13   3   1   7
13   3   2   17
13   3   3   23
13   3   4   22
13   3   5   17
13   3   6   8
13   4   1   5
13   4   2   19
13   4   3   24
13   4   4   24
13   4   5   16
13   4   6   6
14   1   1   23
14   1   2   32
14   1   3   28
14   1   4   22
14   2   1   11
14   2   2   20
14   2   3   24
14   2   4   22
14   2   5   15
14   2   6   13
14   3   1   10
14   3   2   19
14   3   3   25
14   3   4   22
14   3   5   19
14   3   6   10
14   4   1   9
14   4   2   19
14   4   3   26
14   4   4   23
14   4   5   18
14   4   6   10
15   1   1   10
15   1   2   21
15   1   3   30
15   1   4   30
15   1   5   19
15   1   6   12
15   2   1   9
15   2   2   19
15   2   3   31
15   2   4   33
15   2   5   24
15   2   6   6
15   3   1   12
15   3   2   21
15   3   3   31
15   3   4   23
15   3   5   22
15   3   6   13
15   4   1   12
15   4   2   20
15   4   3   27
15   4   4   30
15   4   5   23
15   4   6   10
16   1   1   11
16   1   2   21
16   1   3   37
16   1   4   31
16   1   5   24
16   1   6   10
16   2   1   18
16   2   2   20
16   2   3   27
16   2   4   30
16   2   5   21
16   2   6   18
16   3   1   10
16   3   2   26
16   3   3   32
16   3   4   32
16   3   5   19
16   3   6   15
16   4   1   14
16   4   2   24
16   4   3   30
16   4   4   32
16   4   5   20
16   4   6   10
16   4   7   4
17   1   1   16
17   1   2   24
17   1   3   20
17   1   4   18
17   2   1   20
17   2   2   18
17   2   3   23
17   2   4   17
17   3   1   8
17   3   2   16
17   3   3   16
17   3   4   17
17   3   5   11
17   3   6   10
17   4   1   19
17   4   2   21
17   4   3   19
17   4   4   19
18   1   1   8
18   1   2   10
18   1   3   11
18   1   4   7
18   2   1   7
18   2   2   11
18   2   3   10
18   2   4   8
18   3   1   10
18   3   2   9
18   3   3   9
18   3   4   8
18   4   1   18
18   4   2   18
19   1   1   14
19   1   2   19
19   1   3   15
19   1   4   12
19   1   5   3
19   2   1   18
19   2   2   15
19   2   3   13
19   2   4   12
19   2   5   5
19   3   1   13
19   3   2   17
19   3   3   21
19   3   4   12
19   4   1   5
19   4   2   11
19   4   3   13
19   4   4   18
19   4   5   16
20   1   1   6
20   1   2   10
20   1   3   9
20   1   4   7
20   2   1   7
20   2   2   9
20   2   3   8
20   2   4   8
20   3   1   7
20   3   2   11
20   3   3   7
20   3   4   7
20   4   1   18
20   4   2   9
20   4   3   5
21   1   1   25
21   1   2   35
21   1   3   37
21   1   4   40
21   1   5   36
21   1   6   22
21   2   1   5
21   2   2   10
21   2   3   26
21   2   4   28
21   2   5   32
21   2   6   27
21   2   7   25
21   2   8   21
21   2   9   21
21   3   1   21
21   3   2   41
21   3   3   41
21   3   4   37
21   3   5   31
21   3   6   17
21   3   7   7
21   4   1   23
21   4   2   38
21   4   3   39
21   4   4   39
21   4   5   31
21   4   6   17
21   4   7   8
22   1   1   7
22   1   2   16
22   1   3   17
22   1   4   21
22   1   5   15
22   1   6   7
22   2   1   18
22   2   2   23
22   2   3   24
22   2   4   18
22   3   1   17
22   3   2   25
22   3   3   22
22   3   4   19
22   4   1   7
22   4   2   15
22   4   3   18
22   4   4   22
22   4   5   15
22   4   6   6
23   1   1   13
23   1   2   22
23   1   3   24
23   1   4   21
23   1   5   21
23   1   6   15
23   2   1   24
23   2   2   32
23   2   3   34
23   2   4   26
23   3   1   10
23   3   2   21
23   3   3   29
23   3   4   26
23   3   5   19
23   3   6   11
23   4   1   14
23   4   2   20
23   4   3   23
23   4   4   21
23   4   5   20
23   4   6   18
24   1   1   17
24   1   2   17
24   1   3   18
24   1   4   17
24   2   1   6
24   2   2   11
24   2   3   17
24   2   4   16
24   2   5   14
24   2   6   5
24   3   1   10
24   3   2   28
24   3   3   14
24   3   4   17
24   4   1   13
24   4   2   22
24   4   3   21
24   4   4   13
25   1   1   2
25   1   2   1
25   2   1   1
25   2   2   2
25   3   1   2
25   3   2   1
25   4   1   2
25   4   2   1
26   1   1   16
26   1   2   19
26   1   3   21
26   1   4   16
26   2   1   2
26   2   2   2
26   2   3   11
26   2   4   17
26   2   5   23
26   2   6   17
26   3   1   9
26   3   2   11
26   3   3   16
26   3   4   16
26   3   5   10
26   3   6   10
26   4   1   15
26   4   2   20
26   4   3   24
26   4   4   13
27   1   1   19
27   1   2   28
27   1   3   34
27   1   4   33
27   1   5   22
27   1   6   11
27   1   7   8
27   2   1   15
27   2   2   27
27   2   3   36
27   2   4   37
27   2   5   24
27   2   6   16
27   3   1   11
27   3   2   28
27   3   3   35
27   3   4   42
27   3   5   31
27   3   6   8
27   4   1   6
27   4   2   21
27   4   3   24
27   4   4   26
27   4   5   28
27   4   6   24
27   4   7   18
27   4   8   8
28   1   1   19
28   1   2   19
28   1   3   21
28   1   4   10
28   1   5   5
28   2   1   6
28   2   2   12
28   2   3   22
28   2   4   12
28   2   5   17
28   2   6   5
28   3   1   2
28   3   2   11
28   3   3   21
28   3   4   27
28   3   5   13
28   4   1   6
28   4   2   13
28   4   3   18
28   4   4   18
28   4   5   14
28   4   6   5
29   1   1   9
29   1   2   28
29   1   3   39
29   1   4   38
29   1   5   36
29   1   6   7
29   2   1   8
29   2   2   21
29   2   3   22
29   2   4   29
29   2   5   29
29   2   6   20
29   2   7   17
29   2   8   11
29   3   1   12
29   3   2   31
29   3   3   38
29   3   4   34
29   3   5   26
29   3   6   16
29   4   1   5
29   4   2   15
29   4   3   27
29   4   4   32
29   4   5   32
29   4   6   25
29   4   7   15
29   4   8   6
30   1   1   6
30   1   2   9
30   1   3   14
30   1   4   5
30   2   1   8
30   2   2   9
30   2   3   9
30   2   4   8
30   3   1   19
30   3   2   13
30   3   3   2
30   4   1   10
30   4   2   7
30   4   3   8
30   4   4   6
30   4   5   3
31   1   1   12
31   1   2   11
31   1   3   17
31   1   4   24
31   1   5   22
31   1   6   5
31   2   1   23
31   2   2   26
31   2   3   21
31   2   4   14
31   2   5   7
31   3   1   23
31   3   2   21
31   3   3   28
31   3   4   13
31   3   5   6
31   4   1   8
31   4   2   17
31   4   3   22
31   4   4   19
31   4   5   15
31   4   6   10
32   1   1   13
32   1   2   15
32   1   3   18
32   1   4   14
32   2   1   9
32   2   2   21
32   2   3   19
32   2   4   11
32   3   1   5
32   3   2   8
32   3   3   16
32   3   4   16
32   3   5   15
32   4   1   7
32   4   2   11
32   4   3   14
32   4   4   11
32   4   5   9
32   4   6   8
33   1   1   13
33   1   2   20
33   1   3   18
33   1   4   14
33   2   1   9
33   2   2   24
33   2   3   17
33   2   4   15
33   3   1   13
33   3   2   21
33   3   3   19
33   3   4   12
33   4   1   8
33   4   2   10
33   4   3   14
33   4   4   14
33   4   5   12
33   4   6   7
34   1   1   7
34   1   2   15
34   1   3   27
34   1   4   23
34   1   5   14
34   1   6   5
34   2   1   12
34   2   2   15
34   2   3   17
34   2   4   18
34   2   5   17
34   2   6   12
34   3   1   6
34   3   2   13
34   3   3   24
34   3   4   29
34   3   5   19
34   4   1   8
34   4   2   15
34   4   3   21
34   4   4   26
34   4   5   15
34   4   6   6
35   1   1   5
35   1   2   16
35   1   3   19
35   1   4   18
35   1   5   18
35   1   6   5
35   2   1   17
35   2   2   25
35   2   3   23
35   2   4   16
35   3   1   8
35   3   2   13
35   3   3   20
35   3   4   19
35   3   5   13
35   3   6   8
35   4   1   19
35   4   2   26
35   4   3   18
35   4   4   11
35   4   5   7
36   1   1   10
36   1   2   17
36   1   3   27
36   1   4   24
36   1   5   36
36   1   6   27
36   1   7   14
36   1   8   10
36   2   1   11
36   2   2   34
36   2   3   41
36   2   4   42
36   2   5   28
36   2   6   9
36   3   1   19
36   3   2   30
36   3   3   41
36   3   4   30
36   3   5   22
36   3   6   16
36   3   7   7
36   4   1   10
36   4   2   17
36   4   3   25
36   4   4   34
36   4   5   30
36   4   6   20
36   4   7   13
36   4   8   11
36   4   9   5
37   1   1   17
37   1   2   20
37   1   3   20
37   1   4   18
37   2   1   18
37   2   2   18
37   2   3   23
37   2   4   16
37   3   1   9
37   3   2   13
37   3   3   13
37   3   4   19
37   3   5   15
37   3   6   6
37   4   1   5
37   4   2   14
37   4   3   20
37   4   4   19
37   4   5   17
38   1   1   8
38   1   2   13
38   1   3   13
38   1   4   19
38   1   5   12
38   1   6   7
38   2   1   15
38   2   2   21
38   2   3   22
38   2   4   14
38   3   1   17
38   3   2   18
38   3   3   19
38   3   4   18
38   4   1   16
38   4   2   20
38   4   3   21
38   4   4   15
39   1   1   7
39   1   2   10
39   1   3   9
39   1   4   7
39   2   1   6
39   2   2   10
39   2   3   11
39   2   4   6
39   3   1   6
39   3   2   12
39   3   3   8
39   3   4   7
39   4   1   17
39   4   2   16
40   1   1   10
40   1   2   16
40   1   3   14
40   1   4   10
40   2   1   6
40   2   2   25
40   2   3   10
40   2   4   9
40   3   1   7
40   3   2   19
40   3   3   18
40   3   4   6
40   4   1   7
40   4   2   7
40   4   3   11
40   4   4   10
40   4   5   9
40   4   6   6
41   1   1   17
41   1   2   20
41   1   3   25
41   1   4   24
41   1   5   24
41   1   6   15
41   2   1   14
41   2   2   23
41   2   3   25
41   2   4   26
41   2   5   22
41   2   6   15
41   3   1   12
41   3   2   18
41   3   3   28
41   3   4   37
41   3   5   24
41   3   6   6
41   4   1   8
41   4   2   23
41   4   3   31
41   4   4   32
41   4   5   23
41   4   6   8
42   1   1   19
42   1   2   28
42   1   3   33
42   1   4   27
42   1   5   26
42   1   6   21
42   2   1   16
42   2   2   31
42   2   3   34
42   2   4   27
42   2   5   26
42   2   6   20
42   3   1   19
42   3   2   25
42   3   3   31
42   3   4   34
42   3   5   28
42   3   6   17
42   4   1   14
42   4   2   27
42   4   3   39
42   4   4   33
42   4   5   24
42   4   6   12
42   4   7   5
43   1   1   18
43   1   2   21
43   1   3   25
43   1   4   31
43   1   5   26
43   1   6   14
43   2   1   13
43   2   2   22
43   2   3   29
43   2   4   34
43   2   5   26
43   2   6   11
43   3   1   13
43   3   2   21
43   3   3   35
43   3   4   31
43   3   5   22
43   3   6   13
43   4   1   11
43   4   2   29
43   4   3   31
43   4   4   30
43   4   5   19
43   4   6   10
43   4   7   5
44   1   1   16
44   1   2   36
44   1   3   24
44   1   4   36
44   1   5   24
44   1   6   14
44   1   7   7
44   2   1   16
44   2   2   25
44   2   3   38
44   2   4   37
44   2   5   26
44   2   6   15
44   3   1   23
44   3   2   28
44   3   3   31
44   3   4   28
44   3   5   24
44   3   6   23
44   4   1   23
44   4   2   30
44   4   3   30
44   4   4   24
44   4   5   25
44   4   6   17
44   4   7   8
45   1   1   23
45   1   2   38
45   1   3   52
45   1   4   50
45   1   5   38
45   1   6   24
45   2   1   14
45   2   2   28
45   2   3   35
45   2   4   35
45   2   5   34
45   2   6   37
45   2   7   32
45   2   8   10
45   3   1   9
45   3   2   28
45   3   3   35
45   3   4   41
45   3   5   37
45   3   6   38
45   3   7   32
45   3   8   5
45   4   1   15
45   4   2   19
45   4   3   34
45   4   4   42
45   4   5   42
45   4   6   38
45   4   7   23
45   4   8   12
46   1   1   17
46   1   2   21
46   1   3   22
46   1   4   17
46   2   1   17
46   2   2   23
46   2   3   19
46   2   4   13
46   2   5   5
46   3   1   7
46   3   2   10
46   3   3   20
46   3   4   20
46   3   5   20
46   4   1   5
46   4   2   17
46   4   3   14
46   4   4   24
46   4   5   10
46   4   6   7
47   1   1   14
47   1   2   23
47   1   3   28
47   1   4   30
47   1   5   22
47   1   6   13
47   2   1   11
47   2   2   24
47   2   3   32
47   2   4   30
47   2   5   20
47   2   6   13
47   3   1   5
47   3   2   15
47   3   3   20
47   3   4   25
47   3   5   27
47   3   6   19
47   3   7   14
47   3   8   5
47   4   1   11
47   4   2   22
47   4   3   32
47   4   4   32
47   4   5   22
47   4   6   11
48   1   1   18
48   1   2   31
48   1   3   32
48   1   4   30
48   1   5   28
48   1   6   21
48   2   1   7
48   2   2   17
48   2   3   24
48   2   4   31
48   2   5   30
48   2   6   27
48   2   7   19
48   2   8   5
48   3   1   15
48   3   2   32
48   3   3   29
48   3   4   40
48   3   5   34
48   3   6   10
48   4   1   19
48   4   2   27
48   4   3   32
48   4   4   34
48   4   5   32
48   4   6   16
49   1   1   13
49   1   2   40
49   1   3   49
49   1   4   51
49   1   5   53
49   1   6   51
49   1   7   31
49   1   8   14
49   1   9   6
49   2   1   13
49   2   2   41
49   2   3   48
49   2   4   54
49   2   5   53
49   2   6   46
49   2   7   32
49   2   8   16
49   2   9   5
49   3   1   18
49   3   2   39
49   3   3   42
49   3   4   55
49   3   5   49
49   3   6   48
49   3   7   44
49   3   8   13
49   4   1   23
49   4   2   39
49   4   3   46
49   4   4   50
49   4   5   43
49   4   6   45
49   4   7   37
49   4   8   19
49   4   9   6
50   1   1   18
50   1   2   23
50   1   3   23
50   1   4   15
50   1   5   6
50   2   1   6
50   2   2   13
50   2   3   21
50   2   4   24
50   2   5   21
50   3   1   5
50   3   2   16
50   3   3   21
50   3   4   22
50   3   5   16
50   3   6   5
50   4   1   8
50   4   2   14
50   4   3   21
50   4   4   18
50   4   5   17
50   4   6   7
51   1   1   8
51   1   2   17
51   1   3   32
51   1   4   33
51   1   5   29
51   1   6   30
51   1   7   23
51   1   8   5
51   2   1   6
51   2   2   20
51   2   3   35
51   2   4   35
51   2   5   26
51   2   6   24
51   2   7   18
51   2   8   13
51   3   1   7
51   3   2   17
51   3   3   30
51   3   4   34
51   3   5   36
51   3   6   29
51   3   7   19
51   3   8   5
51   4   1   46
51   4   2   47
51   4   3   44
51   4   4   29
51   4   5   11
52   1   1   12
52   1   2   29
52   1   3   37
52   1   4   38
52   1   5   32
52   1   6   10
52   2   1   21
52   2   2   27
52   2   3   34
52   2   4   30
52   2   5   24
52   2   6   17
52   2   7   5
52   3   1   18
52   3   2   29
52   3   3   37
52   3   4   31
52   3   5   19
52   3   6   15
52   3   7   9
52   4   1   18
52   4   2   26
52   4   3   34
52   4   4   34
52   4   5   26
52   4   6   20
53   1   1   12
53   1   2   18
53   1   3   17
53   1   4   12
53   2   1   15
53   2   2   17
53   2   3   14
53   2   4   8
53   2   5   5
53   3   1   9
53   3   2   19
53   3   3   19
53   3   4   12
53   4   1   13
53   4   2   16
53   4   3   17
53   4   4   13
54   1   1   7
54   1   2   15
54   1   3   18
54   1   4   16
54   1   5   13
54   1   6   8
54   2   1   16
54   2   2   23
54   2   3   21
54   2   4   17
54   3   1   5
54   3   2   13
54   3   3   20
54   3   4   20
54   3   5   19
54   4   1   16
54   4   2   21
54   4   3   23
54   4   4   17
55   1   1   23
55   1   2   33
55   1   3   36
55   1   4   39
55   1   5   34
55   1   6   23
55   2   1   13
55   2   2   45
55   2   3   43
55   2   4   36
55   2   5   29
55   2   6   13
55   2   7   9
55   3   1   8
55   3   2   23
55   3   3   35
55   3   4   32
55   3   5   29
55   3   6   27
55   3   7   23
55   3   8   11
55   4   1   9
55   4   2   18
55   4   3   32
55   4   4   40
55   4   5   33
55   4   6   26
55   4   7   19
55   4   8   11
56   1   1   9
56   1   2   18
56   1   3   21
56   1   4   18
56   1   5   17
56   1   6   10
56   2   1   21
56   2   2   25
56   2   3   25
56   2   4   22
56   3   1   6
56   3   2   15
56   3   3   26
56   3   4   24
56   3   5   17
56   3   6   5
56   4   1   7
56   4   2   19
56   4   3   19
56   4   4   22
56   4   5   18
56   4   6   8
57   1   1   15
57   1   2   30
57   1   3   35
57   1   4   35
57   1   5   31
57   1   6   14
57   2   1   23
57   2   2   24
57   2   3   34
57   2   4   30
57   2   5   29
57   2   6   20
57   3   1   6
57   3   2   17
57   3   3   23
57   3   4   29
57   3   5   37
57   3   6   30
57   3   7   18
57   4   1   23
57   4   2   27
57   4   3   30
57   4   4   31
57   4   5   29
57   4   6   14
57   4   7   6
58   1   1   6
58   1   2   13
58   1   3   13
58   1   4   5
58   2   1   7
58   2   2   12
58   2   3   11
58   2   4   7
58   3   1   8
58   3   2   11
58   3   3   11
58   3   4   7
58   4   1   7
58   4   2   11
58   4   3   12
58   4   4   7
59   1   1   10
59   1   2   19
59   1   3   20
59   1   4   10
59   2   1   9
59   2   2   8
59   2   3   11
59   2   4   11
59   2   5   11
59   2   6   9
59   3   1   13
59   3   2   15
59   3   3   18
59   3   4   13
59   4   1   11
59   4   2   17
59   4   3   20
59   4   4   11
60   1   1   8
60   1   2   30
60   1   3   25
60   1   4   26
60   1   5   20
60   2   1   9
60   2   2   18
60   2   3   27
60   2   4   28
60   2   5   20
60   2   6   7
60   3   1   7
60   3   2   21
60   3   3   27
60   3   4   28
60   3   5   16
60   3   6   10
60   4   1   15
60   4   2   19
60   4   3   22
60   4   4   19
60   4   5   18
60   4   6   16
61   1   1   10
61   1   2   10
61   1   3   13
61   1   4   9
61   2   1   9
61   2   2   11
61   2   3   12
61   2   4   10
61   3   1   8
61   3   2   12
61   3   3   13
61   3   4   9
61   4   1   23
61   4   2   19
62   1   1   14
62   1   2   28
62   1   3   25
62   1   4   43
62   1   5   43
62   1   6   35
62   1   7   13
62   1   8   20
62   2   1   15
62   2   2   26
62   2   3   33
62   2   4   43
62   2   5   35
62   2   6   23
62   2   7   28
62   2   8   18
62   3   1   23
62   3   2   45
62   3   3   55
62   3   4   36
62   3   5   31
62   3   6   21
62   3   7   10
62   4   1   24
62   4   2   44
62   4   3   46
62   4   4   38
62   4   5   42
62   4   6   27
63   1   1   12
63   1   2   25
63   1   3   25
63   1   4   44
63   1   5   41
63   1   6   36
63   1   7   25
63   1   8   10
63   2   1   31
63   2   2   41
63   2   3   40
63   2   4   38
63   2   5   34
63   2   6   24
63   2   7   10
63   3   1   9
63   3   2   22
63   3   3   34
63   3   4   42
63   3   5   46
63   3   6   34
63   3   7   24
63   3   8   7
63   4   1   10
63   4   2   24
63   4   3   33
63   4   4   39
63   4   5   43
63   4   6   39
63   4   7   24
63   4   8   6
64   1   1   11
64   1   2   16
64   1   3   15
64   1   4   11
64   2   1   8
64   2   2   17
64   2   3   22
64   2   4   6
64   3   1   13
64   3   2   12
64   3   3   14
64   3   4   14
64   4   1   14
64   4   2   11
64   4   3   14
64   4   4   14
65   1   1   6
65   1   2   12
65   1   3   15
65   1   4   19
65   1   5   19
65   1   6   17
65   1   7   18
65   2   1   28
65   2   2   25
65   2   3   29
65   2   4   18
65   2   5   6
65   3   1   14
65   3   2   14
65   3   3   24
65   3   4   26
65   3   5   17
65   3   6   11
65   4   1   5
65   4   2   21
65   4   3   28
65   4   4   29
65   4   5   23
66   1   1   9
66   1   2   13
66   1   3   26
66   1   4   25
66   1   5   20
66   1   6   5
66   2   1   6
66   2   2   18
66   2   3   27
66   2   4   23
66   2   5   15
66   2   6   9
66   3   1   19
66   3   2   30
66   3   3   29
66   3   4   20
66   4   1   14
66   4   2   17
66   4   3   19
66   4   4   18
66   4   5   15
66   4   6   15
67   1   1   8
67   1   2   10
67   1   3   7
67   1   4   9
67   2   1   5
67   2   2   5
67   2   3   6
67   2   4   8
67   2   5   7
67   2   6   3
67   3   1   7
67   3   2   10
67   3   3   10
67   3   4   7
67   4   1   11
67   4   2   23
68   1   1   11
68   1   2   16
68   1   3   20
68   1   4   25
68   1   5   27
68   2   1   5
68   2   2   19
68   2   3   26
68   2   4   27
68   2   5   16
68   2   6   6
68   3   1   12
68   3   2   19
68   3   3   19
68   3   4   21
68   3   5   17
68   3   6   11
68   4   1   6
68   4   2   18
68   4   3   26
68   4   4   25
68   4   5   18
68   4   6   6
69   1   1   24
69   1   2   32
69   1   3   34
69   1   4   24
69   2   1   17
69   2   2   18
69   2   3   24
69   2   4   23
69   2   5   17
69   2   6   15
69   3   1   9
69   3   2   21
69   3   3   27
69   3   4   25
69   3   5   22
69   3   6   10
69   4   1   13
69   4   2   19
69   4   3   28
69   4   4   22
69   4   5   22
69   4   6   10
70   1   1   5
70   1   2   10
70   1   3   19
70   1   4   30
70   1   5   25
70   1   6   17
70   1   7   17
70   2   1   14
70   2   2   18
70   2   3   26
70   2   4   32
70   2   5   22
70   2   6   11
70   3   1   16
70   3   2   18
70   3   3   26
70   3   4   29
70   3   5   25
70   3   6   9
70   4   1   10
70   4   2   24
70   4   3   27
70   4   4   28
70   4   5   26
70   4   6   8
71   1   1   10
71   1   2   18
71   1   3   20
71   1   4   11
71   2   1   5
71   2   2   12
71   2   3   15
71   2   4   14
71   2   5   13
71   3   1   18
71   3   2   14
71   3   3   11
71   3   4   10
71   3   5   6
71   4   1   12
71   4   2   17
71   4   3   16
71   4   4   14
72   1   1   6
72   1   2   19
72   1   3   27
72   1   4   23
72   1   5   16
72   1   6   9
72   2   1   5
72   2   2   9
72   2   3   18
72   2   4   20
72   2   5   17
72   2   6   14
72   2   7   17
72   3   1   8
72   3   2   23
72   3   3   18
72   3   4   22
72   3   5   19
72   3   6   10
72   4   1   20
72   4   2   31
72   4   3   29
72   4   4   20
73   1   1   10
73   1   2   17
73   1   3   23
73   1   4   25
73   1   5   21
73   1   6   11
73   2   1   13
73   2   2   18
73   2   3   21
73   2   4   24
73   2   5   20
73   2   6   11
73   3   1   7
73   3   2   19
73   3   3   27
73   3   4   26
73   3   5   21
73   3   6   7
73   4   1   8
73   4   2   21
73   4   3   24
73   4   4   24
73   4   5   19
73   4   6   11
74   1   1   12
74   1   2   22
74   1   3   24
74   1   4   25
74   1   5   20
74   1   6   13
74   2   1   12
74   2   2   20
74   2   3   25
74   2   4   25
74   2   5   23
74   2   6   11
74   3   1   10
74   3   2   20
74   3   3   26
74   3   4   29
74   3   5   20
74   3   6   11
74   4   1   6
74   4   2   22
74   4   3   31
74   4   4   30
74   4   5   22
74   4   6   5
75   1   1   7
75   1   2   13
75   1   3   17
75   1   4   20
75   1   5   8
75   1   6   9
75   2   1   16
75   2   2   19
75   2   3   23
75   2   4   16
75   3   1   5
75   3   2   12
75   3   3   21
75   3   4   26
75   3   5   10
75   4   1   5
75   4   2   12
75   4   3   21
75   4   4   18
75   4   5   18
76   1   1   17
76   1   2   19
76   1   3   18
76   1   4   16
76   2   1   14
76   2   2   19
76   2   3   22
76   2   4   15
76   3   1   14
76   3   2   18
76   3   3   24
76   3   4   14
76   4   1   8
76   4   2   11
76   4   3   15
76   4   4   17
76   4   5   11
76   4   6   8
77   1   1   18
77   1   2   25
77   1   3   23
77   1   4   19
77   2   1   19
77   2   2   22
77   2   3   23
77   2   4   21
77   3   1   5
77   3   2   16
77   3   3   21
77   3   4   22
77   3   5   16
77   3   6   5
77   4   1   12
77   4   2   12
77   4   3   17
77   4   4   17
77   4   5   17
77   4   6   10
78   1   1   21
78   1   2   25
78   1   3   29
78   1   4   19
78   2   1   7
78   2   2   18
78   2   3   22
78   2   4   22
78   2   5   20
78   2   6   5
78   3   1   11
78   3   2   14
78   3   3   21
78   3   4   20
78   3   5   20
78   3   6   8
78   4   1   9
78   4   2   18
78   4   3   20
78   4   4   22
78   4   5   17
78   4   6   8
79   1   1   16
79   1   2   29
79   1   3   27
79   1   4   15
79   2   1   7
79   2   2   13
79   2   3   22
79   2   4   22
79   2   5   17
79   2   6   6
79   3   1   10
79   3   2   17
79   3   3   16
79   3   4   18
79   3   5   15
79   3   6   11
79   4   1   7
79   4   2   15
79   4   3   23
79   4   4   20
79   4   5   16
79   4   6   6
80   1   1   25
80   1   2   35
80   1   3   39
80   1   4   36
80   1   5   33
80   1   6   17
80   1   7   8
80   2   1   11
80   2   2   21
80   2   3   32
80   2   4   22
80   2   5   45
80   2   6   39
80   2   7   12
80   2   8   11
80   3   1   7
80   3   2   18
80   3   3   27
80   3   4   37
80   3   5   46
80   3   6   42
80   3   7   16
80   4   1   10
80   4   2   20
80   4   3   27
80   4   4   37
80   4   5   36
80   4   6   36
80   4   7   27
81   1   1   17
81   1   2   23
81   1   3   21
81   1   4   13
81   1   5   5
81   2   1   6
81   2   2   12
81   2   3   22
81   2   4   19
81   2   5   15
81   2   6   5
81   3   1   21
81   3   2   18
81   3   3   20
81   3   4   14
81   3   5   6
81   4   1   16
81   4   2   23
81   4   3   21
81   4   4   19
82   1   1   9
82   1   2   20
82   1   3   27
82   1   4   34
82   1   5   21
82   1   6   7
82   2   1   16
82   2   2   19
82   2   3   25
82   2   4   21
82   2   5   21
82   2   6   16
82   3   1   7
82   3   2   26
82   3   3   29
82   3   4   29
82   3   5   14
82   3   6   13
82   4   1   10
82   4   2   23
82   4   3   29
82   4   4   25
82   4   5   19
82   4   6   12
83   1   1   8
83   1   2   13
83   1   3   13
83   1   4   8
83   2   1   6
83   2   2   15
83   2   3   16
83   2   4   5
83   3   1   10
83   3   2   9
83   3   3   13
83   3   4   10
83   4   1   7
83   4   2   10
83   4   3   17
83   4   4   8
84   1   1   12
84   1   2   21
84   1   3   22
84   1   4   20
84   1   5   18
84   1   6   13
84   2   1   23
84   2   2   31
84   2   3   31
84   2   4   16
84   2   5   5
84   3   1   7
84   3   2   18
84   3   3   28
84   3   4   27
84   3   5   21
84   3   6   5
84   4   1   12
84   4   2   17
84   4   3   21
84   4   4   25
84   4   5   20
84   4   6   11
85   1   1   7
85   1   2   17
85   1   3   23
85   1   4   28
85   1   5   18
85   1   6   5
85   2   1   9
85   2   2   18
85   2   3   24
85   2   4   20
85   2   5   16
85   2   6   11
85   3   1   22
85   3   2   26
85   3   3   22
85   3   4   19
85   3   5   9
85   4   1   10
85   4   2   18
85   4   3   23
85   4   4   19
85   4   5   17
85   4   6   11
86   1   1   7
86   1   2   21
86   1   3   30
86   1   4   30
86   1   5   19
86   1   6   8
86   2   1   14
86   2   2   18
86   2   3   19
86   2   4   35
86   2   5   21
86   2   6   8
86   3   1   17
86   3   2   21
86   3   3   21
86   3   4   21
86   3   5   15
86   3   6   14
86   3   7   6
86   4   1   8
86   4   2   18
86   4   3   35
86   4   4   27
86   4   5   20
86   4   6   7
87   1   1   12
87   1   2   19
87   1   3   20
87   1   4   27
87   1   5   20
87   1   6   9
87   2   1   6
87   2   2   18
87   2   3   29
87   2   4   29
87   2   5   19
87   2   6   6
87   3   1   6
87   3   2   11
87   3   3   17
87   3   4   24
87   3   5   24
87   3   6   20
87   3   7   5
87   4   1   8
87   4   2   20
87   4   3   28
87   4   4   24
87   4   5   17
87   4   6   10
88   1   1   11
88   1   2   28
88   1   3   24
88   1   4   21
88   1   5   22
88   1   6   15
88   2   1   8
88   2   2   23
88   2   3   29
88   2   4   31
88   2   5   22
88   2   6   8
88   3   1   10
88   3   2   21
88   3   3   27
88   3   4   30
88   3   5   24
88   3   6   9
88   4   1   5
88   4   2   11
88   4   3   18
88   4   4   23
88   4   5   28
88   4   6   23
88   4   7   13
89   1   1   24
89   1   2   37
89   1   3   37
89   1   4   34
89   1   5   27
89   1   6   18
89   1   7   8
89   2   1   9
89   2   2   16
89   2   3   27
89   2   4   34
89   2   5   41
89   2   6   37
89   2   7   21
89   3   1   10
89   3   2   17
89   3   3   30
89   3   4   35
89   3   5   35
89   3   6   31
89   3   7   19
89   3   8   8
89   4   1   20
89   4   2   28
89   4   3   48
89   4   4   33
89   4   5   36
89   4   6   20
90   1   1   17
90   1   2   19
90   1   3   17
90   1   4   10
90   1   5   5
90   2   1   15
90   2   2   17
90   2   3   24
90   2   4   12
90   3   1   10
90   3   2   24
90   3   3   23
90   3   4   11
90   4   1   12
90   4   2   11
90   4   3   11
90   4   4   13
90   4   5   13
90   4   6   8
91   1   1   11
91   1   2   11
91   1   3   15
91   1   4   14
91   1   5   13
91   1   6   10
91   2   1   14
91   2   2   21
91   2   3   23
91   2   4   16
91   3   1   16
91   3   2   21
91   3   3   23
91   3   4   14
91   4   1   15
91   4   2   22
91   4   3   19
91   4   4   18
92   1   1   9
92   1   2   16
92   1   3   25
92   1   4   30
92   1   5   18
92   1   6   9
92   2   1   13
92   2   2   15
92   2   3   28
92   2   4   22
92   2   5   15
92   2   6   14
92   3   1   12
92   3   2   17
92   3   3   23
92   3   4   26
92   3   5   20
92   3   6   9
92   4   1   8
92   4   2   17
92   4   3   26
92   4   4   28
92   4   5   28
93   1   1   4
93   1   2   13
93   1   3   18
93   1   4   27
93   1   5   17
93   2   1   6
93   2   2   15
93   2   3   20
93   2   4   18
93   2   5   13
93   2   6   7
93   3   1   5
93   3   2   15
93   3   3   22
93   3   4   18
93   3   5   12
93   3   6   7
93   4   1   6
93   4   2   13
93   4   3   19
93   4   4   22
93   4   5   19
94   1   1   11
94   1   2   28
94   1   3   32
94   1   4   35
94   1   5   26
94   1   6   11
94   2   1   18
94   2   2   26
94   2   3   26
94   2   4   31
94   2   5   22
94   2   6   15
94   2   7   5
94   3   1   6
94   3   2   33
94   3   3   34
94   3   4   32
94   3   5   27
94   3   6   11
94   4   1   5
94   4   2   16
94   4   3   23
94   4   4   26
94   4   5   28
94   4   6   28
94   4   7   17
95   1   1   16
95   1   2   14
95   1   3   14
95   1   4   10
95   1   5   5
95   2   1   5
95   2   2   11
95   2   3   17
95   2   4   15
95   2   5   11
95   3   1   11
95   3   2   18
95   3   3   19
95   3   4   11
95   4   1   11
95   4   2   16
95   4   3   21
95   4   4   11
96   1   1   5
96   1   2   11
96   1   3   21
96   1   4   26
96   1   5   23
96   2   1   5
96   2   2   19
96   2   3   22
96   2   4   18
96   2   5   14
96   2   6   8
96   3   1   20
96   3   2   23
96   3   3   22
96   3   4   21
96   4   1   5
96   4   2   19
96   4   3   19
96   4   4   20
96   4   5   17
96   4   6   6
97   1   1   11
97   1   2   16
97   1   3   29
97   1   4   19
97   1   5   17
97   1   6   11
97   2   1   21
97   2   2   31
97   2   3   28
97   2   4   23
97   3   1   12
97   3   2   17
97   3   3   22
97   3   4   23
97   3   5   16
97   3   6   13
97   4   1   9
97   4   2   15
97   4   3   26
97   4   4   25
97   4   5   22
97   4   6   6
98   1   1   6
98   1   2   6
98   2   1   6
98   2   2   6
98   3   1   7
98   3   2   5
98   4   1   6
98   4   2   6
99   1   1   5
99   1   2   20
99   1   3   29
99   1   4   24
99   1   5   17
99   1   6   7
99   2   1   9
99   2   2   21
99   2   3   23
99   2   4   21
99   2   5   15
99   2   6   13
99   3   1   7
99   3   2   20
99   3   3   22
99   3   4   25
99   3   5   28
99   4   1   8
99   4   2   20
99   4   3   25
99   4   4   23
99   4   5   15
99   4   6   11
100   1   1   20
100   1   2   27
100   1   3   32
100   1   4   33
100   1   5   27
100   1   6   19
100   2   1   14
100   2   2   31
100   2   3   34
100   2   4   34
100   2   5   28
100   2   6   17
100   3   1   6
100   3   2   15
100   3   3   25
100   3   4   30
100   3   5   33
100   3   6   31
100   3   7   18
100   4   1   5
100   4   2   16
100   4   3   29
100   4   4   29
100   4   5   31
100   4   6   25
100   4   7   18
100   4   8   5
101   1   1   5
101   1   2   11
101   1   3   14
101   1   4   17
101   1   5   16
101   2   1   11
101   2   2   22
101   2   3   18
101   2   4   12
101   3   1   13
101   3   2   17
101   3   3   20
101   3   4   13
101   4   1   14
101   4   2   16
101   4   3   19
101   4   4   14
102   1   1   17
102   1   2   26
102   1   3   21
102   1   4   18
102   2   1   7
102   2   2   15
102   2   3   20
102   2   4   17
102   2   5   17
102   2   6   6
102   3   1   5
102   3   2   17
102   3   3   21
102   3   4   19
102   3   5   13
102   3   6   7
102   4   1   19
102   4   2   20
102   4   3   22
102   4   4   15
102   4   5   6
103   1   1   11
103   1   2   20
103   1   3   19
103   1   4   11
103   2   1   6
103   2   2   10
103   2   3   15
103   2   4   15
103   2   5   9
103   2   6   6
103   3   1   14
103   3   2   16
103   3   3   15
103   3   4   16
103   4   1   3
103   4   2   12
103   4   3   17
103   4   4   14
103   4   5   15
104   1   1   11
104   1   2   20
104   1   3   24
104   1   4   19
104   1   5   13
104   1   6   9
104   1   7   5
104   2   1   16
104   2   2   15
104   2   3   15
104   2   4   19
104   2   5   24
104   2   6   12
104   3   1   9
104   3   2   14
104   3   3   26
104   3   4   27
104   3   5   19
104   3   6   6
104   4   1   18
104   4   2   31
104   4   3   35
104   4   4   17
105   1   1   5
105   1   2   21
105   1   3   26
105   1   4   24
105   1   5   18
105   1   6   7
105   2   1   6
105   2   2   21
105   2   3   25
105   2   4   24
105   2   5   17
105   2   6   8
105   3   1   8
105   3   2   17
105   3   3   27
105   3   4   23
105   3   5   20
105   3   6   6
105   4   1   9
105   4   2   15
105   4   3   27
105   4   4   24
105   4   5   18
105   4   6   8
106   1   1   11
106   1   2   14
106   1   3   13
106   1   4   14
106   1   5   12
106   1   6   13
106   2   1   16
106   2   2   19
106   2   3   28
106   2   4   14
106   3   1   9
106   3   2   6
106   3   3   18
106   3   4   27
106   3   5   17
106   4   1   5
106   4   2   14
106   4   3   20
106   4   4   17
106   4   5   21
107   1   1   11
107   1   2   18
107   1   3   28
107   1   4   30
107   1   5   20
107   1   6   9
107   2   1   14
107   2   2   20
107   2   3   25
107   2   4   23
107   2   5   20
107   2   6   14
107   3   1   10
107   3   2   18
107   3   3   29
107   3   4   31
107   3   5   19
107   3   6   9
107   4   1   10
107   4   2   22
107   4   3   25
107   4   4   28
107   4   5   21
107   4   6   10
108   1   1   13
108   1   2   16
108   1   3   21
108   1   4   11
108   2   1   12
108   2   2   20
108   2   3   18
108   2   4   11
108   3   1   6
108   3   2   9
108   3   3   16
108   3   4   14
108   3   5   11
108   3   6   5
108   4   1   6
108   4   2   10
108   4   3   14
108   4   4   15
108   4   5   11
108   4   6   5
109   1   1   12
109   1   2   20
109   1   3   22
109   1   4   22
109   1   5   14
109   1   6   13
109   2   1   6
109   2   2   23
109   2   3   21
109   2   4   26
109   2   5   20
109   2   6   7
109   3   1   6
109   3   2   19
109   3   3   27
109   3   4   26
109   3   5   25
109   4   1   9
109   4   2   20
109   4   3   24
109   4   4   22
109   4   5   18
109   4   6   10
110   1   1   17
110   1   2   24
110   1   3   24
110   1   4   17
110   2   1   5
110   2   2   15
110   2   3   23
110   2   4   14
110   2   5   20
110   2   6   5
110   3   1   18
110   3   2   27
110   3   3   20
110   3   4   10
110   3   5   7
110   4   1   5
110   4   2   17
110   4   3   22
110   4   4   18
110   4   5   13
110   4   6   7
111   1   1   16
111   1   2   20
111   1   3   16
111   1   4   11
111   1   5   5
111   2   1   16
111   2   2   17
111   2   3   20
111   2   4   10
111   2   5   5
111   3   1   13
111   3   2   20
111   3   3   24
111   3   4   11
111   4   1   17
111   4   2   16
111   4   3   19
111   4   4   16
112   1   1   15
112   1   2   29
112   1   3   40
112   1   4   42
112   1   5   42
112   1   6   40
112   1   7   28
112   1   8   18
112   2   1   6
112   2   2   28
112   2   3   44
112   2   4   47
112   2   5   54
112   2   6   43
112   2   7   22
112   2   8   10
112   3   1   8
112   3   2   24
112   3   3   42
112   3   4   55
112   3   5   48
112   3   6   44
112   3   7   25
112   3   8   8
112   4   1   16
112   4   2   28
112   4   3   45
112   4   4   42
112   4   5   38
112   4   6   37
112   4   7   28
112   4   8   20
113   1   1   5
113   1   2   19
113   1   3   27
113   1   4   26
113   1   5   15
113   1   6   7
113   2   1   10
113   2   2   16
113   2   3   22
113   2   4   24
113   2   5   19
113   2   6   8
113   3   1   12
113   3   2   20
113   3   3   21
113   3   4   18
113   3   5   15
113   3   6   13
113   4   1   12
113   4   2   18
113   4   3   18
113   4   4   24
113   4   5   17
113   4   6   10
114   1   1   12
114   1   2   19
114   1   3   23
114   1   4   23
114   1   5   25
114   1   6   23
114   2   1   14
114   2   2   20
114   2   3   26
114   2   4   30
114   2   5   21
114   2   6   14
114   3   1   12
114   3   2   23
114   3   3   25
114   3   4   35
114   3   5   20
114   3   6   10
114   4   1   7
114   4   2   22
114   4   3   33
114   4   4   39
114   4   5   18
114   4   6   6
115   1   1   8
115   1   2   17
115   1   3   33
115   1   4   38
115   1   5   39
115   1   6   21
115   1   7   19
115   1   8   11
115   2   1   28
115   2   2   36
115   2   3   31
115   2   4   33
115   2   5   26
115   2   6   22
115   2   7   10
115   3   1   19
115   3   2   22
115   3   3   21
115   3   4   23
115   3   5   26
115   3   6   37
115   3   7   32
115   3   8   6
115   4   1   6
115   4   2   18
115   4   3   29
115   4   4   39
115   4   5   40
115   4   6   31
115   4   7   18
115   4   8   5
116   1   1   16
116   1   2   16
116   1   3   23
116   1   4   21
116   1   5   14
116   1   6   18
116   2   1   8
116   2   2   18
116   2   3   27
116   2   4   29
116   2   5   17
116   2   6   9
116   3   1   20
116   3   2   31
116   3   3   35
116   3   4   22
116   4   1   14
116   4   2   17
116   4   3   22
116   4   4   22
116   4   5   22
116   4   6   11
117   1   1   11
117   1   2   17
117   1   3   50
117   1   4   74
117   1   5   65
117   1   6   51
117   1   7   34
117   2   1   23
117   2   2   40
117   2   3   50
117   2   4   46
117   2   5   41
117   2   6   36
117   2   7   29
117   2   8   23
117   2   9   14
117   3   1   8
117   3   2   20
117   3   3   31
117   3   4   45
117   3   5   51
117   3   6   43
117   3   7   38
117   3   8   36
117   3   9   30
117   4   1   9
117   4   2   17
117   4   3   31
117   4   4   42
117   4   5   48
117   4   6   53
117   4   7   44
117   4   8   34
117   4   9   24
118   1   1   7
118   1   2   16
118   1   3   24
118   1   4   27
118   1   5   18
118   1   6   5
118   2   1   25
118   2   2   26
118   2   3   21
118   2   4   19
118   2   5   6
118   3   1   7
118   3   2   17
118   3   3   26
118   3   4   21
118   3   5   18
118   3   6   8
118   4   1   9
118   4   2   19
118   4   3   22
118   4   4   23
118   4   5   13
118   4   6   11
119   1   1   6
119   1   2   23
119   1   3   28
119   1   4   30
119   1   5   23
119   1   6   5
119   2   1   12
119   2   2   21
119   2   3   24
119   2   4   26
119   2   5   20
119   2   6   12
119   3   1   10
119   3   2   10
119   3   3   17
119   3   4   19
119   3   5   20
119   3   6   19
119   3   7   12
119   3   8   8
119   4   1   5
119   4   2   20
119   4   3   33
119   4   4   32
119   4   5   25
120   1   1   8
120   1   2   11
120   1   3   13
120   1   4   9
120   2   1   6
120   2   2   14
120   2   3   15
120   2   4   6
120   3   1   11
120   3   2   13
120   3   3   10
120   3   4   7
120   4   1   9
120   4   2   10
120   4   3   14
120   4   4   8
121   1   1   20
121   1   2   17
121   1   3   19
121   1   4   14
121   1   5   4
121   2   1   15
121   2   2   22
121   2   3   17
121   2   4   15
121   2   5   5
121   3   1   16
121   3   2   21
121   3   3   21
121   3   4   16
121   4   1   7
121   4   2   12
121   4   3   17
121   4   4   21
121   4   5   8
121   4   6   9
122   1   1   9
122   1   2   22
122   1   3   25
122   1   4   28
122   1   5   22
122   1   6   10
122   2   1   9
122   2   2   20
122   2   3   27
122   2   4   29
122   2   5   22
122   2   6   9
122   3   1   10
122   3   2   22
122   3   3   29
122   3   4   24
122   3   5   20
122   3   6   11
122   4   1   9
122   4   2   22
122   4   3   26
122   4   4   29
122   4   5   22
122   4   6   8
123   1   1   11
123   1   2   20
123   1   3   29
123   1   4   37
123   1   5   35
123   1   6   28
123   1   7   24
123   1   8   9
123   2   1   4
123   2   2   20
123   2   3   34
123   2   4   36
123   2   5   39
123   2   6   38
123   2   7   15
123   2   8   7
123   3   1   13
123   3   2   37
123   3   3   47
123   3   4   44
123   3   5   37
123   3   6   15
123   4   1   11
123   4   2   23
123   4   3   33
123   4   4   35
123   4   5   29
123   4   6   27
123   4   7   22
123   4   8   13
124   1   1   7
124   1   2   29
124   1   3   46
124   1   4   48
124   1   5   46
124   1   6   38
124   1   7   26
124   1   8   13
124   2   1   15
124   2   2   31
124   2   3   35
124   2   4   39
124   2   5   47
124   2   6   47
124   2   7   34
124   2   8   5
124   3   1   11
124   3   2   26
124   3   3   41
124   3   4   47
124   3   5   44
124   3   6   43
124   3   7   41
124   4   1   8
124   4   2   16
124   4   3   23
124   4   4   35
124   4   5   40
124   4   6   43
124   4   7   41
124   4   8   27
124   4   9   20
125   1   1   9
125   1   2   14
125   1   3   26
125   1   4   31
125   1   5   36
125   1   6   32
125   1   7   23
125   2   1   17
125   2   2   27
125   2   3   43
125   2   4   39
125   2   5   26
125   2   6   19
125   3   1   7
125   3   2   15
125   3   3   30
125   3   4   28
125   3   5   35
125   3   6   37
125   3   7   14
125   3   8   5
125   4   1   7
125   4   2   18
125   4   3   22
125   4   4   33
125   4   5   41
125   4   6   30
125   4   7   20
126   1   1   17
126   1   2   23
126   1   3   29
126   1   4   25
126   1   5   21
126   1   6   14
126   1   7   7
126   2   1   5
126   2   2   29
126   2   3   34
126   2   4   36
126   2   5   23
126   2   6   9
126   3   1   8
126   3   2   12
126   3   3   21
126   3   4   28
126   3   5   23
126   3   6   24
126   3   7   14
126   3   8   6
126   4   1   12
126   4   2   23
126   4   3   31
126   4   4   31
126   4   5   26
126   4   6   13
127   1   1   5
127   1   2   8
127   1   3   8
127   1   4   5
127   2   1   6
127   2   2   7
127   2   3   7
127   2   4   6
127   3   1   12
127   3   2   14
127   4   1   4
127   4   2   9
127   4   3   13
128   1   1   13
128   1   2   14
128   1   3   16
128   1   4   12
128   2   1   9
128   2   2   20
128   2   3   16
128   2   4   10
128   3   1   9
128   3   2   20
128   3   3   17
128   3   4   9
128   4   1   12
128   4   2   14
128   4   3   18
128   4   4   11
129   1   1   9
129   1   2   11
129   1   3   11
129   1   4   8
129   2   1   5
129   2   2   15
129   2   3   19
129   3   1   12
129   3   2   9
129   3   3   9
129   3   4   4
129   3   5   5
129   4   1   7
129   4   2   11
129   4   3   13
129   4   4   8
130   1   1   9
130   1   2   23
130   1   3   27
130   1   4   22
130   1   5   16
130   1   6   13
130   2   1   6
130   2   2   22
130   2   3   27
130   2   4   25
130   2   5   30
130   3   1   11
130   3   2   18
130   3   3   27
130   3   4   27
130   3   5   19
130   3   6   8
130   4   1   10
130   4   2   15
130   4   3   28
130   4   4   31
130   4   5   17
130   4   6   9
131   1   1   5
131   1   2   10
131   1   3   25
131   1   4   39
131   1   5   43
131   1   6   27
131   1   7   14
131   2   1   10
131   2   2   15
131   2   3   21
131   2   4   28
131   2   5   40
131   2   6   31
131   2   7   13
131   2   8   5
131   3   1   10
131   3   2   16
131   3   3   26
131   3   4   32
131   3   5   24
131   3   6   25
131   3   7   19
131   3   8   11
131   4   1   10
131   4   2   19
131   4   3   19
131   4   4   28
131   4   5   34
131   4   6   29
131   4   7   17
131   4   8   7
132   1   1   12
132   1   2   23
132   1   3   37
132   1   4   42
132   1   5   24
132   1   6   9
132   2   1   9
132   2   2   16
132   2   3   19
132   2   4   28
132   2   5   29
132   2   6   23
132   2   7   16
132   2   8   7
132   3   1   16
132   3   2   18
132   3   3   20
132   3   4   16
132   3   5   21
132   3   6   25
132   3   7   18
132   3   8   13
132   4   1   9
132   4   2   27
132   4   3   40
132   4   4   37
132   4   5   25
132   4   6   9
133   1   1   6
133   1   2   20
133   1   3   34
133   1   4   41
133   1   5   44
133   1   6   35
133   1   7   20
133   1   8   5
133   2   1   6
133   2   2   25
133   2   3   34
133   2   4   35
133   2   5   39
133   2   6   35
133   2   7   31
133   3   1   9
133   3   2   29
133   3   3   29
133   3   4   32
133   3   5   37
133   3   6   38
133   3   7   22
133   3   8   9
133   4   1   11
133   4   2   19
133   4   3   25
133   4   4   41
133   4   5   47
133   4   6   38
133   4   7   18
133   4   8   6
134   1   1   6
134   1   2   16
134   1   3   26
134   1   4   24
134   1   5   15
134   1   6   7
134   2   1   9
134   2   2   14
134   2   3   22
134   2   4   25
134   2   5   17
134   2   6   7
134   3   1   16
134   3   2   27
134   3   3   26
134   3   4   25
134   4   1   13
134   4   2   16
134   4   3   18
134   4   4   18
134   4   5   15
134   4   6   14
135   1   1   7
135   1   2   20
135   1   3   23
135   1   4   32
135   1   5   27
135   1   6   22
135   1   7   17
135   1   8   7
135   2   1   13
135   2   2   33
135   2   3   34
135   2   4   30
135   2   5   31
135   2   6   14
135   3   1   7
135   3   2   15
135   3   3   22
135   3   4   31
135   3   5   31
135   3   6   30
135   3   7   19
135   4   1   11
135   4   2   28
135   4   3   39
135   4   4   37
135   4   5   29
135   4   6   11
136   1   1   8
136   1   2   14
136   1   3   21
136   1   4   24
136   1   5   26
136   1   6   21
136   1   7   17
136   1   8   5
136   2   1   15
136   2   2   23
136   2   3   30
136   2   4   29
136   2   5   25
136   2   6   14
136   3   1   18
136   3   2   28
136   3   3   27
136   3   4   27
136   3   5   17
136   3   6   8
136   3   7   11
136   4   1   5
136   4   2   13
136   4   3   24
136   4   4   25
136   4   5   28
136   4   6   22
136   4   7   19
137   1   1   8
137   1   2   23
137   1   3   31
137   1   4   40
137   1   5   48
137   1   6   35
137   1   7   19
137   1   8   9
137   2   1   34
137   2   2   38
137   2   3   40
137   2   4   37
137   2   5   29
137   2   6   24
137   2   7   11
137   3   1   5
137   3   2   32
137   3   3   37
137   3   4   34
137   3   5   38
137   3   6   33
137   3   7   22
137   3   8   12
137   4   1   8
137   4   2   25
137   4   3   39
137   4   4   36
137   4   5   35
137   4   6   34
137   4   7   27
137   4   8   9
138   1   1   18
138   1   2   25
138   1   3   21
138   1   4   22
138   1   5   18
138   1   6   11
138   1   7   8
138   2   1   13
138   2   2   19
138   2   3   29
138   2   4   26
138   2   5   26
138   2   6   10
138   3   1   9
138   3   2   23
138   3   3   27
138   3   4   32
138   3   5   23
138   3   6   9
138   4   1   9
138   4   2   21
138   4   3   31
138   4   4   31
138   4   5   21
138   4   6   10
139   1   1   12
139   1   2   26
139   1   3   27
139   1   4   14
139   2   1   6
139   2   2   16
139   2   3   20
139   2   4   17
139   2   5   11
139   2   6   9
139   3   1   6
139   3   2   14
139   3   3   20
139   3   4   18
139   3   5   15
139   3   6   6
139   4   1   6
139   4   2   14
139   4   3   19
139   4   4   19
139   4   5   16
139   4   6   5
140   1   1   17
140   1   2   24
140   1   3   27
140   1   4   28
140   1   5   24
140   1   6   11
140   1   7   5
140   2   1   16
140   2   2   21
140   2   3   28
140   2   4   29
140   2   5   28
140   2   6   14
140   3   1   11
140   3   2   22
140   3   3   29
140   3   4   37
140   3   5   37
140   4   1   11
140   4   2   20
140   4   3   31
140   4   4   31
140   4   5   26
140   4   6   17
141   1   1   10
141   1   2   19
141   1   3   28
141   1   4   28
141   1   5   19
141   1   6   11
141   2   1   21
141   2   2   35
141   2   3   36
141   2   4   23
141   3   1   16
141   3   2   21
141   3   3   19
141   3   4   23
141   3   5   21
141   3   6   15
141   4   1   5
141   4   2   11
141   4   3   16
141   4   4   20
141   4   5   26
141   4   6   26
141   4   7   11
142   1   1   6
142   1   2   20
142   1   3   29
142   1   4   37
142   1   5   42
142   1   6   31
142   1   7   27
142   2   1   9
142   2   2   18
142   2   3   29
142   2   4   38
142   2   5   42
142   2   6   29
142   2   7   19
142   2   8   8
142   3   1   17
142   3   2   33
142   3   3   46
142   3   4   43
142   3   5   35
142   3   6   18
142   4   1   7
142   4   2   14
142   4   3   27
142   4   4   28
142   4   5   22
142   4   6   23
142   4   7   20
142   4   8   26
142   4   9   18
142   4   10   7
143   1   1   7
143   1   2   10
143   1   3   6
143   1   4   8
143   2   1   16
143   2   2   7
143   2   3   8
143   3   1   5
143   3   2   11
143   3   3   9
143   3   4   6
143   4   1   15
143   4   2   16
144   1   1   11
144   1   2   21
144   1   3   18
144   1   4   14
144   2   1   15
144   2   2   17
144   2   3   18
144   2   4   14
144   3   1   15
144   3   2   18
144   3   3   17
144   3   4   14
144   4   1   17
144   4   2   16
144   4   3   13
144   4   4   13
144   4   5   5
145   1   1   5
145   1   2   6
145   1   3   9
145   1   4   19
145   1   5   25
145   1   6   16
145   1   7   6
145   2   1   6
145   2   2   18
145   2   3   21
145   2   4   19
145   2   5   14
145   2   6   8
145   3   1   6
145   3   2   12
145   3   3   23
145   3   4   24
145   3   5   16
145   3   6   5
145   4   1   9
145   4   2   13
145   4   3   18
145   4   4   21
145   4   5   18
145   4   6   7
146   1   1   20
146   1   2   10
146   1   3   6
146   2   1   6
146   2   2   11
146   2   3   14
146   2   4   5
146   3   1   8
146   3   2   8
146   3   3   11
146   3   4   9
146   4   1   7
146   4   2   11
146   4   3   11
146   4   4   7
147   1   1   10
147   1   2   15
147   1   3   16
147   1   4   18
147   1   5   15
147   1   6   11
147   2   1   10
147   2   2   35
147   2   3   26
147   2   4   14
147   3   1   8
147   3   2   14
147   3   3   22
147   3   4   17
147   3   5   15
147   3   6   9
147   4   1   8
147   4   2   15
147   4   3   19
147   4   4   19
147   4   5   16
147   4   6   8
148   1   1   10
148   1   2   18
148   1   3   19
148   1   4   18
148   2   1   12
148   2   2   20
148   2   3   23
148   2   4   10
148   3   1   6
148   3   2   12
148   3   3   15
148   3   4   14
148   3   5   13
148   3   6   5
148   4   1   5
148   4   2   12
148   4   3   17
148   4   4   15
148   4   5   9
148   4   6   7
149   1   1   27
149   1   2   38
149   1   3   35
149   1   4   21
149   1   5   6
149   2   1   20
149   2   2   19
149   2   3   25
149   2   4   26
149   2   5   19
149   2   6   12
149   2   7   6
149   3   1   7
149   3   2   7
149   3   3   25
149   3   4   28
149   3   5   18
149   3   6   26
149   3   7   10
149   3   8   6
149   4   1   9
149   4   2   23
149   4   3   35
149   4   4   30
149   4   5   20
149   4   6   10
150   1   1   6
150   1   2   20
150   1   3   28
150   1   4   42
150   1   5   23
150   1   6   32
150   1   7   16
150   1   8   9
150   2   1   5
150   2   2   15
150   2   3   28
150   2   4   41
150   2   5   37
150   2   6   30
150   2   7   20
150   3   1   5
150   3   2   16
150   3   3   27
150   3   4   39
150   3   5   39
150   3   6   31
150   3   7   19
150   4   1   5
150   4   2   18
150   4   3   28
150   4   4   34
150   4   5   36
150   4   6   35
150   4   7   20
151   1   1   14
151   1   2   21
151   1   3   21
151   1   4   19
151   1   5   18
151   1   6   9
151   1   7   6
151   2   1   25
151   2   2   29
151   2   3   31
151   2   4   18
151   2   5   5
151   3   1   9
151   3   2   18
151   3   3   27
151   3   4   27
151   3   5   21
151   3   6   6
151   4   1   8
151   4   2   23
151   4   3   24
151   4   4   23
151   4   5   21
151   4   6   9
152   1   1   1
152   2   1   1
152   3   1   1
152   4   1   1
153   1   1   7
153   1   2   21
153   1   3   21
153   1   4   17
153   1   5   14
153   1   6   10
153   2   1   5
153   2   2   14
153   2   3   24
153   2   4   29
153   2   5   18
153   3   1   21
153   3   2   26
153   3   3   21
153   3   4   14
153   3   5   8
153   4   1   11
153   4   2   16
153   4   3   17
153   4   4   18
153   4   5   15
153   4   6   9
153   4   7   4
154   1   1   7
154   1   2   15
154   1   3   21
154   1   4   26
154   1   5   21
154   2   1   6
154   2   2   19
154   2   3   20
154   2   4   22
154   2   5   16
154   2   6   7
154   3   1   18
154   3   2   29
154   3   3   25
154   3   4   14
154   3   5   4
154   4   1   7
154   4   2   16
154   4   3   22
154   4   4   22
154   4   5   16
154   4   6   7
155   1   1   10
155   1   2   11
155   2   1   11
155   2   2   10
155   3   1   11
155   3   2   10
155   4   1   10
155   4   2   11
156   1   1   14
156   1   2   14
156   1   3   20
156   1   4   13
156   2   1   10
156   2   2   23
156   2   3   15
156   2   4   13
156   3   1   11
156   3   2   21
156   3   3   19
156   3   4   10
156   4   1   5
156   4   2   10
156   4   3   15
156   4   4   16
156   4   5   15
157   1   1   5
157   1   2   14
157   1   3   24
157   1   4   25
157   1   5   22
157   2   1   10
157   2   2   14
157   2   3   20
157   2   4   23
157   2   5   17
157   2   6   6
157   3   1   23
157   3   2   24
157   3   3   20
157   3   4   14
157   3   5   9
157   4   1   7
157   4   2   15
157   4   3   23
157   4   4   25
157   4   5   14
157   4   6   6
158   1   1   8
158   1   2   16
158   1   3   17
158   1   4   18
158   1   5   16
158   1   6   7
158   2   1   17
158   2   2   23
158   2   3   25
158   2   4   17
158   3   1   18
158   3   2   21
158   3   3   22
158   3   4   14
158   3   5   7
158   4   1   6
158   4   2   15
158   4   3   17
158   4   4   23
158   4   5   15
158   4   6   6
159   1   1   16
159   1   2   16
159   1   3   22
159   1   4   25
159   1   5   24
159   1   6   12
159   2   1   7
159   2   2   18
159   2   3   32
159   2   4   31
159   2   5   27
159   3   1   11
159   3   2   22
159   3   3   26
159   3   4   25
159   3   5   18
159   3   6   13
159   4   1   7
159   4   2   21
159   4   3   29
159   4   4   30
159   4   5   21
159   4   6   7
160   1   1   17
160   1   2   20
160   1   3   20
160   1   4   11
160   1   5   5
160   2   1   17
160   2   2   21
160   2   3   16
160   2   4   11
160   2   5   8
160   3   1   14
160   3   2   23
160   3   3   21
160   3   4   15
160   4   1   7
160   4   2   11
160   4   3   16
160   4   4   20
160   4   5   19
161   1   1   9
161   1   2   19
161   1   3   23
161   1   4   26
161   1   5   16
161   1   6   10
161   2   1   11
161   2   2   18
161   2   3   23
161   2   4   23
161   2   5   16
161   2   6   12
161   3   1   7
161   3   2   15
161   3   3   25
161   3   4   32
161   3   5   24
161   4   1   8
161   4   2   17
161   4   3   24
161   4   4   26
161   4   5   28
162   1   1   29
162   1   2   33
162   1   3   43
162   1   4   39
162   1   5   26
162   1   6   21
162   1   7   10
162   2   1   10
162   2   2   19
162   2   3   31
162   2   4   42
162   2   5   35
162   2   6   33
162   2   7   24
162   2   8   7
162   3   1   11
162   3   2   19
162   3   3   29
162   3   4   34
162   3   5   46
162   3   6   38
162   3   7   18
162   3   8   6
162   4   1   25
162   4   2   31
162   4   3   41
162   4   4   45
162   4   5   40
162   4   6   19
163   1   1   9
163   1   2   13
163   1   3   15
163   1   4   8
163   2   1   9
163   2   2   13
163   2   3   15
163   2   4   8
163   3   1   8
163   3   2   14
163   3   3   15
163   3   4   8
163   4   1   6
163   4   2   7
163   4   3   9
163   4   4   7
163   4   5   11
163   4   6   5
164   1   1   9
164   1   2   20
164   1   3   22
164   1   4   23
164   1   5   18
164   1   6   11
164   2   1   3
164   2   2   7
164   2   3   18
164   2   4   21
164   2   5   24
164   2   6   22
164   2   7   8
164   3   1   21
164   3   2   28
164   3   3   32
164   3   4   17
164   3   5   5
164   4   1   10
164   4   2   16
164   4   3   23
164   4   4   28
164   4   5   19
164   4   6   7
165   1   1   15
165   1   2   23
165   1   3   32
165   1   4   46
165   1   5   46
165   1   6   38
165   1   7   31
165   1   8   7
165   2   1   15
165   2   2   21
165   2   3   31
165   2   4   47
165   2   5   47
165   2   6   42
165   2   7   24
165   2   8   11
165   3   1   8
165   3   2   21
165   3   3   35
165   3   4   58
165   3   5   54
165   3   6   33
165   3   7   18
165   3   8   11
165   4   1   14
165   4   2   26
165   4   3   40
165   4   4   50
165   4   5   38
165   4   6   27
165   4   7   20
165   4   8   16
165   4   9   7
166   1   1   12
166   1   2   25
166   1   3   22
166   1   4   12
166   2   1   7
166   2   2   3
166   2   3   8
166   2   4   11
166   2   5   18
166   2   6   17
166   2   7   7
166   3   1   5
166   3   2   11
166   3   3   19
166   3   4   19
166   3   5   15
166   3   6   2
166   4   1   9
166   4   2   11
166   4   3   14
166   4   4   17
166   4   5   12
166   4   6   8
167   1   1   26
167   1   2   34
167   1   3   34
167   1   4   31
167   1   5   26
167   1   6   22
167   1   7   8
167   2   1   6
167   2   2   12
167   2   3   20
167   2   4   60
167   2   5   29
167   2   6   42
167   2   7   8
167   2   8   4
167   3   1   13
167   3   2   21
167   3   3   20
167   3   4   31
167   3   5   35
167   3   6   34
167   3   7   20
167   3   8   7
167   4   1   5
167   4   2   15
167   4   3   32
167   4   4   40
167   4   5   35
167   4   6   31
167   4   7   23
168   1   1   11
168   1   2   21
168   1   3   35
168   1   4   30
168   1   5   21
168   1   6   14
168   2   1   11
168   2   2   21
168   2   3   32
168   2   4   34
168   2   5   28
168   2   6   6
168   3   1   8
168   3   2   10
168   3   3   20
168   3   4   25
168   3   5   28
168   3   6   24
168   3   7   17
168   4   1   12
168   4   2   22
168   4   3   26
168   4   4   35
168   4   5   27
168   4   6   10
169   1   1   8
169   1   2   16
169   1   3   19
169   1   4   24
169   1   5   18
169   1   6   5
169   2   1   23
169   2   2   22
169   2   3   25
169   2   4   14
169   2   5   6
169   3   1   14
169   3   2   12
169   3   3   17
169   3   4   19
169   3   5   19
169   3   6   9
169   4   1   17
169   4   2   11
169   4   3   17
169   4   4   18
169   4   5   11
169   4   6   16
170   1   1   8
170   1   2   17
170   1   3   28
170   1   4   32
170   1   5   19
170   1   6   7
170   2   1   15
170   2   2   22
170   2   3   22
170   2   4   17
170   2   5   17
170   2   6   18
170   3   1   9
170   3   2   22
170   3   3   25
170   3   4   25
170   3   5   17
170   3   6   13
170   4   1   26
170   4   2   31
170   4   3   27
170   4   4   22
170   4   5   5
171   1   1   6
171   1   2   19
171   1   3   20
171   1   4   27
171   1   5   25
171   1   6   22
171   1   7   15
171   1   8   8
171   2   1   10
171   2   2   30
171   2   3   32
171   2   4   34
171   2   5   23
171   2   6   13
171   3   1   7
171   3   2   18
171   3   3   24
171   3   4   23
171   3   5   22
171   3   6   22
171   3   7   17
171   3   8   9
171   4   1   38
171   4   2   40
171   4   3   30
171   4   4   24
171   4   5   10
172   1   1   6
172   1   2   17
172   1   3   23
172   1   4   21
172   1   5   15
172   1   6   7
172   2   1   5
172   2   2   15
172   2   3   23
172   2   4   27
172   2   5   19
172   3   1   5
172   3   2   15
172   3   3   22
172   3   4   26
172   3   5   21
172   4   1   23
172   4   2   21
172   4   3   24
172   4   4   16
172   4   5   5
173   1   1   10
173   1   2   17
173   1   3   24
173   1   4   22
173   1   5   14
173   1   6   9
173   2   1   5
173   2   2   17
173   2   3   28
173   2   4   23
173   2   5   16
173   2   6   7
173   3   1   8
173   3   2   18
173   3   3   21
173   3   4   23
173   3   5   18
173   3   6   8
173   4   1   25
173   4   2   28
173   4   3   18
173   4   4   17
173   4   5   8
174   1   1   13
174   1   2   13
174   2   1   13
174   2   2   13
174   3   1   5
174   3   2   8
174   3   3   8
174   3   4   5
174   4   1   14
174   4   2   12
175   1   1   6
175   1   2   16
175   1   3   17
175   1   4   17
175   1   5   17
175   1   6   6
175   2   1   17
175   2   2   22
175   2   3   23
175   2   4   17
175   3   1   19
175   3   2   19
175   3   3   24
175   3   4   17
175   4   1   5
175   4   2   15
175   4   3   20
175   4   4   21
175   4   5   12
175   4   6   6
176   1   1   7
176   1   2   15
176   1   3   22
176   1   4   29
176   1   5   29
176   1   6   32
176   1   7   19
176   2   1   14
176   2   2   27
176   2   3   39
176   2   4   33
176   2   5   22
176   2   6   18
176   3   1   12
176   3   2   33
176   3   3   35
176   3   4   33
176   3   5   24
176   3   6   16
176   4   1   14
176   4   2   29
176   4   3   36
176   4   4   33
176   4   5   26
176   4   6   15
177   1   1   11
177   1   2   14
177   1   3   12
177   1   4   9
177   1   5   5
177   2   1   11
177   2   2   15
177   2   3   16
177   2   4   9
177   3   1   10
177   3   2   15
177   3   3   18
177   3   4   8
177   4   1   9
177   4   2   18
177   4   3   14
177   4   4   10
178   1   1   7
178   1   2   22
178   1   3   25
178   1   4   24
178   1   5   17
178   1   6   10
178   2   1   4
178   2   2   19
178   2   3   30
178   2   4   28
178   2   5   18
178   2   6   6
178   3   1   11
178   3   2   22
178   3   3   23
178   3   4   22
178   3   5   11
178   3   6   11
178   3   7   5
178   4   1   6
178   4   2   22
178   4   3   26
178   4   4   24
178   4   5   19
178   4   6   8
179   1   1   8
179   1   2   13
179   1   3   15
179   1   4   8
179   2   1   6
179   2   2   16
179   2   3   16
179   2   4   6
179   3   1   9
179   3   2   13
179   3   3   14
179   3   4   8
179   4   1   9
179   4   2   12
179   4   3   14
179   4   4   9
180   1   1   7
180   1   2   8
180   1   3   15
180   1   4   18
180   1   5   11
180   1   6   5
180   2   1   35
180   2   2   21
180   2   3   8
180   3   1   15
180   3   2   17
180   3   3   17
180   3   4   10
180   3   5   5
180   4   1   10
180   4   2   12
180   4   3   12
180   4   4   12
180   4   5   6
180   4   6   7
180   4   7   5
181   1   1   6
181   1   2   15
181   1   3   14
181   1   4   6
181   2   1   8
181   2   2   12
181   2   3   14
181   2   4   7
181   3   1   7
181   3   2   13
181   3   3   15
181   3   4   6
181   4   1   8
181   4   2   14
181   4   3   11
181   4   4   8
182   1   1   14
182   1   2   11
182   2   1   6
182   2   2   6
182   2   3   6
182   2   4   7
182   3   1   5
182   3   2   7
182   3   3   8
182   3   4   5
182   4   1   13
182   4   2   12
183   1   1   16
183   1   2   22
183   1   3   23
183   1   4   31
183   1   5   23
183   1   6   14
183   2   1   5
183   2   2   27
183   2   3   34
183   2   4   32
183   2   5   20
183   2   6   11
183   3   1   15
183   3   2   22
183   3   3   28
183   3   4   27
183   3   5   24
183   3   6   13
183   4   1   14
183   4   2   28
183   4   3   26
183   4   4   23
183   4   5   19
183   4   6   14
183   4   7   5
184   1   1   17
184   1   2   25
184   1   3   29
184   1   4   20
184   2   1   8
184   2   2   19
184   2   3   18
184   2   4   24
184   2   5   12
184   2   6   10
184   3   1   5
184   3   2   17
184   3   3   25
184   3   4   22
184   3   5   16
184   3   6   6
184   4   1   8
184   4   2   16
184   4   3   23
184   4   4   20
184   4   5   16
184   4   6   8
185   1   1   5
185   1   2   13
185   1   3   14
185   1   4   5
185   2   1   18
185   2   2   14
185   2   3   5
185   3   1   9
185   3   2   8
185   3   3   13
185   3   4   7
185   4   1   6
185   4   2   12
185   4   3   14
185   4   4   5
186   1   1   9
186   1   2   27
186   1   3   27
186   1   4   22
186   1   5   17
186   1   6   15
186   2   1   13
186   2   2   19
186   2   3   26
186   2   4   27
186   2   5   22
186   2   6   10
186   3   1   10
186   3   2   16
186   3   3   31
186   3   4   26
186   3   5   34
186   4   1   12
186   4   2   16
186   4   3   24
186   4   4   34
186   4   5   25
186   4   6   6
187   1   1   16
187   1   2   26
187   1   3   36
187   1   4   32
187   1   5   24
187   1   6   12
187   1   7   5
187   2   1   12
187   2   2   28
187   2   3   33
187   2   4   36
187   2   5   25
187   2   6   17
187   3   1   8
187   3   2   18
187   3   3   25
187   3   4   26
187   3   5   25
187   3   6   22
187   3   7   19
187   3   8   8
187   4   1   9
187   4   2   32
187   4   3   34
187   4   4   37
187   4   5   29
187   4   6   10
188   1   1   10
188   1   2   18
188   1   3   17
188   1   4   10
188   2   1   13
188   2   2   12
188   2   3   15
188   2   4   15
188   3   1   13
188   3   2   14
188   3   3   14
188   3   4   14
188   4   1   12
188   4   2   15
188   4   3   16
188   4   4   12
189   1   1   12
189   1   2   18
189   1   3   20
189   1   4   11
189   2   1   13
189   2   2   14
189   2   3   22
189   2   4   12
189   3   1   13
189   3   2   18
189   3   3   18
189   3   4   12
189   4   1   15
189   4   2   16
189   4   3   14
189   4   4   11
189   4   5   5
190   1   1   8
190   1   2   18
190   1   3   17
190   1   4   9
190   2   1   13
190   2   2   11
190   2   3   16
190   2   4   12
190   3   1   12
190   3   2   16
190   3   3   13
190   3   4   11
190   4   1   13
190   4   2   14
190   4   3   11
190   4   4   8
190   4   5   6
191   1   1   10
191   1   2   28
191   1   3   39
191   1   4   41
191   1   5   38
191   1   6   35
191   1   7   28
191   1   8   13
191   2   1   7
191   2   2   27
191   2   3   41
191   2   4   44
191   2   5   43
191   2   6   36
191   2   7   21
191   2   8   13
191   3   1   7
191   3   2   20
191   3   3   37
191   3   4   50
191   3   5   51
191   3   6   41
191   3   7   26
191   4   1   10
191   4   2   32
191   4   3   37
191   4   4   41
191   4   5   35
191   4   6   33
191   4   7   29
191   4   8   15
192   1   1   15
192   1   2   19
192   1   3   19
192   1   4   17
192   2   1   15
192   2   2   23
192   2   3   17
192   2   4   9
192   2   5   6
192   3   1   17
192   3   2   20
192   3   3   18
192   3   4   10
192   3   5   5
192   4   1   14
192   4   2   20
192   4   3   17
192   4   4   14
192   4   5   5
193   1   1   7
193   1   2   14
193   1   3   14
193   1   4   6
193   2   1   8
193   2   2   13
193   2   3   13
193   2   4   7
193   3   1   8
193   3   2   11
193   3   3   15
193   3   4   7
193   4   1   6
193   4   2   13
193   4   3   16
193   4   4   6
194   1   1   18
194   1   2   25
194   1   3   23
194   1   4   17
194   2   1   9
194   2   2   14
194   2   3   19
194   2   4   19
194   2   5   14
194   2   6   8
194   3   1   5
194   3   2   15
194   3   3   22
194   3   4   21
194   3   5   14
194   3   6   6
194   4   1   6
194   4   2   14
194   4   3   22
194   4   4   21
194   4   5   12
194   4   6   8
195   1   1   5
195   1   2   9
195   1   3   17
195   1   4   19
195   1   5   13
195   2   1   11
195   2   2   21
195   2   3   19
195   2   4   12
195   3   1   18
195   3   2   17
195   3   3   16
195   3   4   12
195   4   1   17
195   4   2   17
195   4   3   14
195   4   4   9
195   4   5   6
196   1   1   24
196   1   2   20
196   1   3   24
196   1   4   24
196   1   5   24
196   1   6   21
196   2   1   5
196   2   2   29
196   2   3   38
196   2   4   31
196   2   5   26
196   2   6   8
196   3   1   5
196   3   2   19
196   3   3   20
196   3   4   26
196   3   5   23
196   3   6   21
196   3   7   16
196   3   8   7
196   4   1   14
196   4   2   23
196   4   3   33
196   4   4   29
196   4   5   21
196   4   6   17
197   1   1   15
197   1   2   21
197   1   3   21
197   1   4   16
197   2   1   8
197   2   2   12
197   2   3   17
197   2   4   16
197   2   5   13
197   2   6   7
197   3   1   12
197   3   2   24
197   3   3   26
197   3   4   11
197   4   1   17
197   4   2   22
197   4   3   17
197   4   4   17
198   1   1   14
198   1   2   6
198   1   3   14
198   1   4   12
198   2   1   9
198   2   2   14
198   2   3   14
198   2   4   9
198   3   1   23
198   3   2   17
198   3   3   6
198   4   1   10
198   4   2   13
198   4   3   13
198   4   4   10
199   1   1   5
199   1   2   10
199   1   3   17
199   1   4   19
199   1   5   10
199   1   6   5
199   2   1   12
199   2   2   21
199   2   3   23
199   2   4   10
199   3   1   5
199   3   2   11
199   3   3   16
199   3   4   18
199   3   5   16
199   4   1   5
199   4   2   10
199   4   3   17
199   4   4   17
199   4   5   17
200   1   1   19
200   1   2   21
200   1   3   21
200   1   4   26
200   1   5   22
200   1   6   16
200   2   1   8
200   2   2   25
200   2   3   29
200   2   4   30
200   2   5   25
200   2   6   8
200   3   1   7
200   3   2   27
200   3   3   29
200   3   4   30
200   3   5   24
200   3   6   8
200   4   1   16
200   4   2   25
200   4   3   20
200   4   4   25
200   4   5   24
200   4   6   15
201   1   1   13
201   1   2   25
201   1   3   21
201   1   4   13
201   2   1   7
201   2   2   11
201   2   3   16
201   2   4   21
201   2   5   11
201   2   6   6
201   3   1   7
201   3   2   12
201   3   3   16
201   3   4   17
201   3   5   13
201   3   6   7
201   4   1   16
201   4   2   19
201   4   3   23
201   4   4   14
202   1   1   6
202   1   2   20
202   1   3   24
202   1   4   24
202   1   5   18
202   1   6   6
202   2   1   23
202   2   2   25
202   2   3   27
202   2   4   16
202   2   5   7
202   3   1   6
202   3   2   19
202   3   3   27
202   3   4   23
202   3   5   11
202   3   6   12
202   4   1   10
202   4   2   21
202   4   3   20
202   4   4   17
202   4   5   17
202   4   6   13
203   1   1   10
203   1   2   13
203   1   3   20
203   1   4   19
203   1   5   17
203   1   6   8
203   2   1   10
203   2   2   15
203   2   3   19
203   2   4   23
203   2   5   20
203   3   1   17
203   3   2   24
203   3   3   30
203   3   4   16
203   4   1   11
203   4   2   15
203   4   3   19
203   4   4   18
203   4   5   14
203   4   6   10
204   1   1   6
204   1   2   9
204   1   3   17
204   1   4   24
204   1   5   21
204   1   6   24
204   1   7   17
204   2   1   30
204   2   2   33
204   2   3   25
204   2   4   21
204   2   5   9
204   3   1   11
204   3   2   22
204   3   3   25
204   3   4   28
204   3   5   21
204   3   6   11
204   4   1   14
204   4   2   21
204   4   3   24
204   4   4   24
204   4   5   21
204   4   6   14
205   1   1   14
205   1   2   27
205   1   3   20
205   1   4   16
205   2   1   9
205   2   2   12
205   2   3   17
205   2   4   17
205   2   5   15
205   2   6   7
205   3   1   10
205   3   2   10
205   3   3   16
205   3   4   17
205   3   5   18
205   3   6   6
205   4   1   13
205   4   2   23
205   4   3   27
205   4   4   14
206   1   1   8
206   1   2   24
206   1   3   25
206   1   4   31
206   1   5   22
206   1   6   10
206   2   1   6
206   2   2   15
206   2   3   16
206   2   4   23
206   2   5   20
206   2   6   22
206   2   7   13
206   2   8   5
206   3   1   14
206   3   2   22
206   3   3   25
206   3   4   24
206   3   5   20
206   3   6   15
206   4   1   5
206   4   2   19
206   4   3   37
206   4   4   33
206   4   5   21
206   4   6   5
207   1   1   13
207   1   2   19
207   1   3   25
207   1   4   32
207   1   5   32
207   1   6   28
207   1   7   19
207   1   8   11
207   2   1   11
207   2   2   15
207   2   3   18
207   2   4   46
207   2   5   27
207   2   6   47
207   2   7   15
207   3   1   5
207   3   2   18
207   3   3   28
207   3   4   39
207   3   5   35
207   3   6   31
207   3   7   23
207   4   1   18
207   4   2   28
207   4   3   40
207   4   4   44
207   4   5   33
207   4   6   16
208   1   1   18
208   1   2   22
208   1   3   24
208   1   4   15
208   2   1   5
208   2   2   13
208   2   3   21
208   2   4   23
208   2   5   17
208   3   1   11
208   3   2   14
208   3   3   15
208   3   4   17
208   3   5   14
208   3   6   8
208   4   1   5
208   4   2   13
208   4   3   23
208   4   4   19
208   4   5   13
208   4   6   6
209   1   1   9
209   1   2   15
209   1   3   11
209   1   4   9
209   2   1   8
209   2   2   14
209   2   3   15
209   2   4   7
209   3   1   10
209   3   2   13
209   3   3   13
209   3   4   8
209   4   1   8
209   4   2   13
209   4   3   14
209   4   4   9
210   1   1   11
210   1   2   20
210   1   3   19
210   1   4   10
210   2   1   13
210   2   2   17
210   2   3   17
210   2   4   13
210   3   1   15
210   3   2   14
210   3   3   16
210   3   4   15
210   4   1   14
210   4   2   16
210   4   3   16
210   4   4   14
211   1   1   11
211   1   2   16
211   1   3   17
211   1   4   10
211   2   1   15
211   2   2   11
211   2   3   14
211   2   4   14
211   3   1   13
211   3   2   14
211   3   3   14
211   3   4   13
211   4   1   10
211   4   2   17
211   4   3   17
211   4   4   10
212   1   1   9
212   1   2   9
212   2   1   8
212   2   2   9
212   2   3   1
212   3   1   8
212   3   2   10
212   4   1   8
212   4   2   10
213   1   1   9
213   1   2   12
213   1   3   12
213   1   4   9
213   2   1   8
213   2   2   13
213   2   3   11
213   2   4   10
213   3   1   11
213   3   2   12
213   3   3   9
213   3   4   6
213   3   5   4
213   4   1   4
213   4   2   15
213   4   3   23
214   1   1   9
214   1   2   7
214   1   3   6
214   1   4   9
214   2   1   6
214   2   2   9
214   2   3   11
214   2   4   5
214   3   1   7
214   3   2   10
214   3   3   7
214   3   4   7
214   4   1   13
214   4   2   18
215   1   1   6
215   1   2   19
215   1   3   28
215   1   4   34
215   1   5   39
215   1   6   26
215   1   7   18
215   1   8   7
215   2   1   13
215   2   2   18
215   2   3   25
215   2   4   32
215   2   5   30
215   2   6   25
215   2   7   27
215   2   8   7
215   3   1   18
215   3   2   34
215   3   3   36
215   3   4   38
215   3   5   37
215   3   6   14
215   4   1   5
215   4   2   12
215   4   3   27
215   4   4   41
215   4   5   42
215   4   6   34
215   4   7   16
216   1   1   7
216   1   2   18
216   1   3   30
216   1   4   28
216   1   5   20
216   1   6   6
216   2   1   6
216   2   2   10
216   2   3   18
216   2   4   20
216   2   5   21
216   2   6   19
216   2   7   15
216   3   1   7
216   3   2   19
216   3   3   27
216   3   4   30
216   3   5   18
216   3   6   8
216   4   1   8
216   4   2   18
216   4   3   27
216   4   4   30
216   4   5   20
216   4   6   6
217   1   1   14
217   1   2   19
217   1   3   33
217   1   4   34
217   1   5   38
217   1   6   31
217   1   7   23
217   1   8   12
217   2   1   12
217   2   2   25
217   2   3   29
217   2   4   36
217   2   5   34
217   2   6   32
217   2   7   25
217   2   8   11
217   3   1   13
217   3   2   25
217   3   3   31
217   3   4   33
217   3   5   33
217   3   6   33
217   3   7   24
217   3   8   12
217   4   1   11
217   4   2   38
217   4   3   59
217   4   4   49
217   4   5   30
217   4   6   17
218   1   1   7
218   1   2   17
218   1   3   19
218   1   4   25
218   1   5   14
218   1   6   8
218   2   1   21
218   2   2   25
218   2   3   24
218   2   4   20
218   3   1   9
218   3   2   17
218   3   3   21
218   3   4   16
218   3   5   16
218   3   6   11
218   4   1   21
218   4   2   28
218   4   3   21
218   4   4   15
218   4   5   5
219   1   1   13
219   1   2   23
219   1   3   26
219   1   4   13
219   2   1   6
219   2   2   14
219   2   3   15
219   2   4   20
219   2   5   14
219   2   6   6
219   3   1   6
219   3   2   16
219   3   3   18
219   3   4   15
219   3   5   10
219   3   6   10
219   4   1   18
219   4   2   19
219   4   3   19
219   4   4   19
220   1   1   9
220   1   2   23
220   1   3   21
220   1   4   16
220   2   1   16
220   2   2   21
220   2   3   14
220   2   4   12
220   2   5   6
220   3   1   5
220   3   2   15
220   3   3   17
220   3   4   14
220   3   5   9
220   3   6   9
220   4   1   5
220   4   2   12
220   4   3   14
220   4   4   21
220   4   5   17
221   1   1   7
221   1   2   12
221   1   3   5
221   1   4   1
221   1   5   4
221   2   1   9
221   2   2   8
221   2   3   6
221   2   4   1
221   2   5   5
221   3   1   7
221   3   2   7
221   3   3   7
221   3   4   8
221   4   1   7
221   4   2   5
221   4   3   8
221   4   4   9
222   1   1   6
222   1   2   23
222   1   3   27
222   1   4   27
222   1   5   25
222   1   6   6
222   2   1   8
222   2   2   24
222   2   3   27
222   2   4   25
222   2   5   19
222   2   6   11
222   3   1   9
222   3   2   24
222   3   3   27
222   3   4   24
222   3   5   18
222   3   6   12
222   4   1   10
222   4   2   23
222   4   3   22
222   4   4   28
222   4   5   18
222   4   6   13
223   1   1   15
223   1   2   15
223   1   3   17
223   1   4   20
223   1   5   19
223   1   6   11
223   2   1   30
223   2   2   17
223   2   3   26
223   2   4   24
223   3   1   7
223   3   2   18
223   3   3   24
223   3   4   22
223   3   5   18
223   3   6   8
223   4   1   22
223   4   2   27
223   4   3   27
223   4   4   15
223   4   5   6
224   1   1   10
224   1   2   11
224   2   1   11
224   2   2   6
224   2   3   4
224   3   1   10
224   3   2   11
224   4   1   5
224   4   2   7
224   4   3   3
224   4   4   6
225   1   1   11
225   1   2   21
225   1   3   15
225   1   4   9
225   2   1   12
225   2   2   14
225   2   3   19
225   2   4   11
225   3   1   14
225   3   2   15
225   3   3   11
225   3   4   10
225   3   5   6
225   4   1   11
225   4   2   15
225   4   3   18
225   4   4   12
226   1   1   5
226   1   2   6
226   2   1   4
226   2   2   5
226   2   3   2
226   3   1   6
226   3   2   5
226   4   1   5
226   4   2   6
227   1   1   4
227   1   2   4
227   2   1   3
227   2   2   5
227   3   1   4
227   3   2   4
227   4   1   4
227   4   2   4
228   1   1   8
228   1   2   22
228   1   3   25
228   1   4   28
228   1   5   19
228   1   6   9
228   2   1   9
228   2   2   20
228   2   3   27
228   2   4   29
228   2   5   19
228   2   6   7
228   3   1   10
228   3   2   19
228   3   3   25
228   3   4   27
228   3   5   24
228   3   6   6
228   4   1   6
228   4   2   11
228   4   3   15
228   4   4   20
228   4   5   22
228   4   6   22
228   4   7   15
229   1   1   20
229   1   2   26
229   1   3   26
229   1   4   23
229   1   5   23
229   1   6   18
229   1   7   5
229   2   1   14
229   2   2   25
229   2   3   29
229   2   4   33
229   2   5   25
229   2   6   15
229   3   1   16
229   3   2   24
229   3   3   29
229   3   4   32
229   3   5   26
229   3   6   14
229   4   1   13
229   4   2   24
229   4   3   29
229   4   4   37
229   4   5   28
229   4   6   10
230   1   1   5
230   1   2   10
230   1   3   12
230   1   4   5
230   2   1   8
230   2   2   9
230   2   3   8
230   2   4   7
230   3   1   6
230   3   2   9
230   3   3   11
230   3   4   6
230   4   1   17
230   4   2   15
231   1   1   24
231   1   2   34
231   1   3   40
231   1   4   38
231   1   5   27
231   1   6   18
231   1   7   8
231   2   1   22
231   2   2   29
231   2   3   52
231   2   4   31
231   2   5   32
231   2   6   14
231   2   7   9
231   3   1   12
231   3   2   36
231   3   3   44
231   3   4   41
231   3   5   34
231   3   6   22
231   4   1   16
231   4   2   22
231   4   3   26
231   4   4   27
231   4   5   30
231   4   6   30
231   4   7   26
231   4   8   12
232   1   1   6
232   1   2   16
232   1   3   21
232   1   4   21
232   1   5   15
232   1   6   6
232   2   1   10
232   2   2   14
232   2   3   20
232   2   4   18
232   2   5   14
232   2   6   9
232   3   1   11
232   3   2   32
232   3   3   24
232   3   4   18
232   4   1   9
232   4   2   15
232   4   3   19
232   4   4   19
232   4   5   14
232   4   6   9
233   1   1   17
233   1   2   21
233   1   3   19
233   1   4   11
233   1   5   5
233   2   1   4
233   2   2   12
233   2   3   19
233   2   4   21
233   2   5   17
233   3   1   6
233   3   2   11
233   3   3   18
233   3   4   18
233   3   5   20
233   4   1   5
233   4   2   13
233   4   3   16
233   4   4   21
233   4   5   18
234   1   1   7
234   1   2   20
234   1   3   27
234   1   4   17
234   1   5   13
234   1   6   12
234   2   1   8
234   2   2   15
234   2   3   23
234   2   4   25
234   2   5   20
234   2   6   5
234   3   1   21
234   3   2   26
234   3   3   30
234   3   4   19
234   4   1   10
234   4   2   18
234   4   3   19
234   4   4   20
234   4   5   19
234   4   6   10
235   1   1   15
235   1   2   22
235   1   3   25
235   1   4   24
235   1   5   19
235   1   6   17
235   2   1   13
235   2   2   19
235   2   3   28
235   2   4   27
235   2   5   23
235   2   6   12
235   3   1   6
235   3   2   18
235   3   3   31
235   3   4   42
235   3   5   25
235   4   1   6
235   4   2   11
235   4   3   18
235   4   4   24
235   4   5   23
235   4   6   26
235   4   7   14
236   1   1   5
236   1   2   14
236   1   3   22
236   1   4   28
236   1   5   19
236   2   1   7
236   2   2   20
236   2   3   20
236   2   4   17
236   2   5   15
236   2   6   9
236   3   1   5
236   3   2   19
236   3   3   20
236   3   4   22
236   3   5   16
236   3   6   6
236   4   1   6
236   4   2   17
236   4   3   27
236   4   4   17
236   4   5   14
236   4   6   7
237   1   1   6
237   1   2   16
237   1   3   24
237   1   4   23
237   1   5   15
237   1   6   7
237   2   1   7
237   2   2   15
237   2   3   22
237   2   4   25
237   2   5   17
237   2   6   5
237   3   1   20
237   3   2   26
237   3   3   27
237   3   4   18
237   4   1   12
237   4   2   15
237   4   3   15
237   4   4   19
237   4   5   20
237   4   6   10
238   1   1   14
238   1   2   14
238   1   3   13
238   1   4   14
238   2   1   11
238   2   2   16
238   2   3   18
238   2   4   10
238   3   1   14
238   3   2   14
238   3   3   16
238   3   4   11
238   4   1   13
238   4   2   14
238   4   3   16
238   4   4   12
239   1   1   12
239   1   2   13
239   1   3   13
239   1   4   20
239   1   5   23
239   1   6   6
239   2   1   22
239   2   2   23
239   2   3   23
239   2   4   12
239   2   5   7
239   3   1   21
239   3   2   25
239   3   3   22
239   3   4   12
239   3   5   7
239   4   1   20
239   4   2   25
239   4   3   23
239   4   4   19
240   1   1   7
240   1   2   17
240   1   3   21
240   1   4   19
240   1   5   19
240   1   6   7
240   2   1   5
240   2   2   15
240   2   3   25
240   2   4   22
240   2   5   23
240   3   1   5
240   3   2   13
240   3   3   25
240   3   4   29
240   3   5   18
240   4   1   9
240   4   2   16
240   4   3   20
240   4   4   22
240   4   5   12
240   4   6   11
241   1   1   13
241   1   2   20
241   1   3   30
241   1   4   28
241   1   5   21
241   1   6   12
241   2   1   10
241   2   2   23
241   2   3   30
241   2   4   30
241   2   5   19
241   2   6   12
241   3   1   15
241   3   2   20
241   3   3   27
241   3   4   27
241   3   5   21
241   3   6   14
241   4   1   15
241   4   2   23
241   4   3   24
241   4   4   24
241   4   5   21
241   4   6   17
242   1   1   16
242   1   2   21
242   1   3   25
242   1   4   9
242   2   1   18
242   2   2   19
242   2   3   17
242   2   4   11
242   2   5   6
242   3   1   5
242   3   2   12
242   3   3   19
242   3   4   19
242   3   5   16
242   4   1   18
242   4   2   20
242   4   3   18
242   4   4   9
242   4   5   6
