1   1   1   5
1   1   2   15
1   1   3   14
1   1   4   18
1   1   5   14
1   1   6   5
1   2   1   16
1   2   2   23
1   2   3   14
1   2   4   13
1   2   5   5
1   3   1   15
1   3   2   21
1   3   3   20
1   3   4   15
1   4   1   5
1   4   2   15
1   4   3   16
1   4   4   16
1   4   5   12
1   4   6   7
2   1   1   9
2   1   2   15
2   1   3   27
2   1   4   26
2   1   5   25
2   1   6   21
2   1   7   17
2   1   8   10
2   2   1   7
2   2   2   13
2   2   3   22
2   2   4   30
2   2   5   34
2   2   6   26
2   2   7   18
2   3   1   12
2   3   2   21
2   3   3   40
2   3   4   41
2   3   5   29
2   3   6   7
2   4   1   16
2   4   2   25
2   4   3   35
2   4   4   32
2   4   5   26
2   4   6   16
3   1   1   7
3   1   2   14
3   1   3   17
3   1   4   21
3   1   5   15
3   1   6   6
3   2   1   10
3   2   2   11
3   2   3   16
3   2   4   21
3   2   5   14
3   2   6   8
3   3   1   5
3   3   2   9
3   3   3   21
3   3   4   23
3   3   5   22
3   4   1   5
3   4   2   12
3   4   3   23
3   4   4   21
3   4   5   19
4   1   1   10
4   1   2   14
4   1   3   14
4   1   4   12
4   2   1   13
4   2   2   11
4   2   3   15
4   2   4   11
4   3   1   6
4   3   2   18
4   3   3   20
4   3   4   6
4   4   1   11
4   4   2   14
4   4   3   12
4   4   4   13
5   1   1   8
5   1   2   13
5   1   3   14
5   1   4   18
5   1   5   13
5   1   6   6
5   2   1   15
5   2   2   20
5   2   3   24
5   2   4   13
5   3   1   13
5   3   2   21
5   3   3   25
5   3   4   13
5   4   1   7
5   4   2   13
5   4   3   17
5   4   4   15
5   4   5   13
5   4   6   7
6   1   1   10
6   1   2   30
6   1   3   34
6   1   4   11
6   2   1   22
6   2   2   22
6   2   3   20
6   2   4   14
6   2   5   7
6   3   1   13
6   3   2   13
6   3   3   16
6   3   4   14
6   3   5   19
6   3   6   10
6   4   1   7
6   4   2   15
6   4   3   22
6   4   4   20
6   4   5   14
6   4   6   7
7   1   1   7
7   1   2   9
7   1   3   11
7   1   4   6
7   2   1   6
7   2   2   12
7   2   3   9
7   2   4   6
7   3   1   15
7   3   2   18
7   4   1   6
7   4   2   10
7   4   3   10
7   4   4   7
8   1   1   20
8   1   2   30
8   1   3   31
8   1   4   31
8   1   5   23
8   1   6   19
8   1   7   5
8   2   1   5
8   2   2   21
8   2   3   25
8   2   4   26
8   2   5   28
8   2   6   31
8   2   7   23
8   3   1   20
8   3   2   27
8   3   3   33
8   3   4   30
8   3   5   30
8   3   6   19
8   4   1   14
8   4   2   25
8   4   3   35
8   4   4   42
8   4   5   43
9   1   1   9
9   1   2   20
9   1   3   22
9   1   4   9
9   2   1   5
9   2   2   10
9   2   3   11
9   2   4   15
9   2   5   10
9   2   6   9
9   3   1   16
9   3   2   16
9   3   3   13
9   3   4   15
9   4   1   5
9   4   2   10
9   4   3   14
9   4   4   17
9   4   5   14
10   1   1   6
10   1   2   15
10   1   3   17
10   1   4   19
10   1   5   19
10   1   6   6
10   2   1   17
10   2   2   25
10   2   3   21
10   2   4   19
10   3   1   5
10   3   2   16
10   3   3   20
10   3   4   22
10   3   5   13
10   3   6   6
10   4   1   18
10   4   2   24
10   4   3   21
10   4   4   14
10   4   5   5
11   1   1   16
11   1   2   17
11   1   3   22
11   1   4   24
11   1   5   20
11   1   6   12
11   2   1   12
11   2   2   18
11   2   3   23
11   2   4   25
11   2   5   23
11   2   6   10
11   3   1   13
11   3   2   17
11   3   3   23
11   3   4   25
11   3   5   26
11   3   6   7
11   4   1   5
11   4   2   16
11   4   3   35
11   4   4   32
11   4   5   18
11   4   6   5
12   1   1   4
12   1   2   9
12   1   3   18
12   1   4   22
12   1   5   14
12   2   1   10
12   2   2   10
12   2   3   11
12   2   4   13
12   2   5   14
12   2   6   9
12   3   1   16
12   3   2   19
12   3   3   16
12   3   4   11
12   3   5   5
12   4   1   11
12   4   2   22
12   4   3   23
12   4   4   11
13   1   1   15
13   1   2   19
13   1   3   27
13   1   4   24
13   1   5   19
13   1   6   15
13   2   1   11
13   2   2   21
13   2   3   27
13   2   4   29
13   2   5   20
13   2   6   11
13   3   1   6
13   3   2   23
13   3   3   31
13   3   4   32
13   3   5   21
13   3   6   6
13   4   1   12
13   4   2   23
13   4   3   28
13   4   4   27
13   4   5   21
13   4   6   8
14   1   1   8
14   1   2   12
14   1   3   12
14   1   4   15
14   1   5   13
14   1   6   7
14   2   1   14
14   2   2   21
14   2   3   19
14   2   4   13
14   3   1   17
14   3   2   18
14   3   3   16
14   3   4   16
14   4   1   14
14   4   2   22
14   4   3   18
14   4   4   13
15   1   1   21
15   1   2   20
15   1   3   16
15   1   4   12
15   1   5   6
15   2   1   16
15   2   2   17
15   2   3   22
15   2   4   20
15   3   1   6
15   3   2   10
15   3   3   17
15   3   4   23
15   3   5   19
15   4   1   7
15   4   2   11
15   4   3   17
15   4   4   22
15   4   5   18
16   1   1   5
16   1   2   17
16   1   3   17
16   1   4   21
16   1   5   20
16   1   6   17
16   1   7   15
16   1   8   7
16   2   1   5
16   2   2   23
16   2   3   28
16   2   4   37
16   2   5   26
16   3   1   10
16   3   2   20
16   3   3   28
16   3   4   27
16   3   5   19
16   3   6   15
16   4   1   9
16   4   2   20
16   4   3   33
16   4   4   28
16   4   5   21
16   4   6   8
17   1   1   11
17   1   2   13
17   1   3   12
17   1   4   11
17   2   1   7
17   2   2   17
17   2   3   16
17   2   4   7
17   3   1   9
17   3   2   12
17   3   3   18
17   3   4   8
17   4   1   4
17   4   2   8
17   4   3   12
17   4   4   11
17   4   5   7
17   4   6   5
18   1   1   12
18   1   2   16
18   1   3   21
18   1   4   11
18   2   1   15
18   2   2   16
18   2   3   15
18   2   4   14
18   3   1   12
18   3   2   21
18   3   3   17
18   3   4   10
18   4   1   18
18   4   2   14
18   4   3   12
18   4   4   10
18   4   5   6
19   1   1   20
19   1   2   20
19   1   3   19
19   1   4   14
19   1   5   5
19   2   1   9
19   2   2   11
19   2   3   19
19   2   4   19
19   2   5   14
19   2   6   6
19   3   1   17
19   3   2   20
19   3   3   23
19   3   4   18
19   4   1   16
19   4   2   20
19   4   3   29
19   4   4   13
20   1   1   12
20   1   2   22
20   1   3   32
20   1   4   31
20   1   5   21
20   1   6   14
20   2   1   15
20   2   2   26
20   2   3   26
20   2   4   25
20   2   5   23
20   2   6   17
20   3   1   9
20   3   2   12
20   3   3   19
20   3   4   21
20   3   5   26
20   3   6   25
20   3   7   20
20   4   1   9
20   4   2   21
20   4   3   31
20   4   4   39
20   4   5   27
20   4   6   5
21   1   1   16
21   1   2   25
21   1   3   17
21   1   4   29
21   1   5   16
21   1   6   18
21   2   1   14
21   2   2   21
21   2   3   27
21   2   4   23
21   2   5   21
21   2   6   15
21   3   1   8
21   3   2   21
21   3   3   30
21   3   4   34
21   3   5   22
21   3   6   6
21   4   1   6
21   4   2   23
21   4   3   33
21   4   4   29
21   4   5   23
21   4   6   7
22   1   1   7
22   1   2   16
22   1   3   24
22   1   4   32
22   1   5   33
22   1   6   28
22   1   7   15
22   1   8   6
22   2   1   19
22   2   2   24
22   2   3   36
22   2   4   33
22   2   5   33
22   2   6   16
22   3   1   14
22   3   2   25
22   3   3   40
22   3   4   41
22   3   5   28
22   3   6   13
22   4   1   21
22   4   2   26
22   4   3   33
22   4   4   34
22   4   5   27
22   4   6   20
23   1   1   7
23   1   2   21
23   1   3   29
23   1   4   29
23   1   5   18
23   1   6   8
23   2   1   6
23   2   2   7
23   2   3   13
23   2   4   32
23   2   5   23
23   2   6   18
23   2   7   13
23   3   1   28
23   3   2   30
23   3   3   29
23   3   4   19
23   3   5   6
23   4   1   12
23   4   2   23
23   4   3   22
23   4   4   21
23   4   5   23
23   4   6   11
24   1   1   19
24   1   2   28
24   1   3   23
24   1   4   19
24   2   1   11
24   2   2   17
24   2   3   18
24   2   4   16
24   2   5   15
24   2   6   12
24   3   1   11
24   3   2   14
24   3   3   21
24   3   4   18
24   3   5   14
24   3   6   11
24   4   1   19
24   4   2   26
24   4   3   28
24   4   4   16
25   1   1   15
25   1   2   15
25   1   3   17
25   1   4   14
25   2   1   5
25   2   2   15
25   2   3   11
25   2   4   12
25   2   5   13
25   2   6   5
25   3   1   13
25   3   2   15
25   3   3   18
25   3   4   15
25   4   1   10
25   4   2   23
25   4   3   19
25   4   4   9
26   1   1   16
26   1   2   23
26   1   3   23
26   1   4   15
26   2   1   5
26   2   2   12
26   2   3   20
26   2   4   24
26   2   5   16
26   3   1   19
26   3   2   18
26   3   3   23
26   3   4   17
26   4   1   9
26   4   2   14
26   4   3   16
26   4   4   13
26   4   5   17
26   4   6   8
27   1   1   6
27   1   2   14
27   1   3   23
27   1   4   21
27   1   5   14
27   1   6   6
27   2   1   6
27   2   2   16
27   2   3   18
27   2   4   23
27   2   5   15
27   2   6   6
27   3   1   15
27   3   2   25
27   3   3   29
27   3   4   15
27   4   1   10
27   4   2   15
27   4   3   17
27   4   4   16
27   4   5   15
27   4   6   11
28   1   1   5
28   1   2   12
28   1   3   25
28   1   4   32
28   1   5   29
28   1   6   26
28   1   7   17
28   2   1   14
28   2   2   24
28   2   3   33
28   2   4   34
28   2   5   27
28   2   6   14
28   3   1   16
28   3   2   27
28   3   3   30
28   3   4   31
28   3   5   25
28   3   6   17
28   4   1   20
28   4   2   25
28   4   3   31
28   4   4   29
28   4   5   27
28   4   6   14
29   1   1   7
29   1   2   15
29   1   3   28
29   1   4   28
29   1   5   24
29   2   1   6
29   2   2   21
29   2   3   25
29   2   4   24
29   2   5   19
29   2   6   7
29   3   1   30
29   3   2   25
29   3   3   19
29   3   4   17
29   3   5   11
29   4   1   11
29   4   2   19
29   4   3   21
29   4   4   25
29   4   5   17
29   4   6   9
30   1   1   5
30   1   2   10
30   1   3   11
30   1   4   5
30   2   1   14
30   2   2   17
30   3   1   5
30   3   2   10
30   3   3   9
30   3   4   7
30   4   1   6
30   4   2   7
30   4   3   9
30   4   4   9
31   1   1   8
31   1   2   8
31   1   3   9
31   1   4   8
31   2   1   7
31   2   2   10
31   2   3   10
31   2   4   6
31   3   1   5
31   3   2   12
31   3   3   11
31   3   4   5
31   4   1   18
31   4   2   15
32   1   1   12
32   1   2   14
32   1   3   17
32   1   4   15
32   1   5   18
32   1   6   11
32   2   1   7
32   2   2   14
32   2   3   22
32   2   4   21
32   2   5   16
32   2   6   7
32   3   1   18
32   3   2   27
32   3   3   25
32   3   4   17
32   4   1   17
32   4   2   31
32   4   3   19
32   4   4   20
33   1   1   7
33   1   2   13
33   1   3   15
33   1   4   7
33   2   1   11
33   2   2   10
33   2   3   11
33   2   4   10
33   3   1   9
33   3   2   15
33   3   3   11
33   3   4   7
33   4   1   10
33   4   2   10
33   4   3   14
33   4   4   8
34   1   1   13
34   1   2   25
34   1   3   28
34   1   4   30
34   1   5   29
34   1   6   29
34   1   7   23
34   1   8   13
34   2   1   8
34   2   2   19
34   2   3   28
34   2   4   35
34   2   5   43
34   2   6   35
34   2   7   22
34   3   1   6
34   3   2   17
34   3   3   26
34   3   4   35
34   3   5   44
34   3   6   38
34   3   7   24
34   4   1   5
34   4   2   20
34   4   3   27
34   4   4   37
34   4   5   47
34   4   6   35
34   4   7   19
35   1   1   18
35   1   2   34
35   1   3   37
35   1   4   35
35   1   5   34
35   1   6   39
35   1   7   31
35   1   8   18
35   2   1   10
35   2   2   29
35   2   3   41
35   2   4   49
35   2   5   44
35   2   6   32
35   2   7   26
35   2   8   10
35   2   9   5
35   3   1   5
35   3   2   23
35   3   3   38
35   3   4   56
35   3   5   57
35   3   6   43
35   3   7   24
35   4   1   17
35   4   2   25
35   4   3   45
35   4   4   35
35   4   5   46
35   4   6   30
35   4   7   31
35   4   8   12
35   4   9   5
36   1   1   8
36   1   2   23
36   1   3   24
36   1   4   31
36   1   5   35
36   1   6   33
36   1   7   20
36   1   8   5
36   2   1   11
36   2   2   36
36   2   3   43
36   2   4   42
36   2   5   34
36   2   6   13
36   3   1   21
36   3   2   29
36   3   3   37
36   3   4   41
36   3   5   34
36   3   6   17
36   4   1   12
36   4   2   20
36   4   3   23
36   4   4   34
36   4   5   31
36   4   6   27
36   4   7   20
36   4   8   12
37   1   1   19
37   1   2   23
37   1   3   17
37   1   4   14
37   1   5   6
37   2   1   15
37   2   2   25
37   2   3   25
37   2   4   14
37   3   1   17
37   3   2   24
37   3   3   22
37   3   4   11
37   3   5   5
37   4   1   10
37   4   2   15
37   4   3   15
37   4   4   15
37   4   5   14
37   4   6   10
38   1   1   19
38   1   2   21
38   1   3   20
38   1   4   11
38   1   5   5
38   2   1   7
38   2   2   12
38   2   3   21
38   2   4   16
38   2   5   13
38   2   6   7
38   3   1   20
38   3   2   19
38   3   3   19
38   3   4   18
38   4   1   16
38   4   2   21
38   4   3   23
38   4   4   16
39   1   1   20
39   1   2   27
39   1   3   31
39   1   4   18
39   2   1   7
39   2   2   16
39   2   3   26
39   2   4   23
39   2   5   17
39   2   6   7
39   3   1   10
39   3   2   15
39   3   3   20
39   3   4   24
39   3   5   21
39   3   6   6
39   4   1   12
39   4   2   20
39   4   3   15
39   4   4   19
39   4   5   17
39   4   6   13
40   1   1   8
40   1   2   16
40   1   3   21
40   1   4   16
40   1   5   12
40   1   6   11
40   2   1   19
40   2   2   21
40   2   3   25
40   2   4   19
40   3   1   6
40   3   2   16
40   3   3   21
40   3   4   18
40   3   5   16
40   3   6   7
40   4   1   16
40   4   2   24
40   4   3   29
40   4   4   15
41   1   1   7
41   1   2   11
41   1   3   29
41   1   4   24
41   1   5   21
41   2   1   21
41   2   2   31
41   2   3   19
41   2   4   13
41   2   5   8
41   3   1   24
41   3   2   24
41   3   3   21
41   3   4   15
41   3   5   8
41   4   1   7
41   4   2   20
41   4   3   21
41   4   4   18
41   4   5   17
41   4   6   9
42   1   1   19
42   1   2   20
42   1   3   20
42   1   4   13
42   1   5   5
42   2   1   17
42   2   2   22
42   2   3   20
42   2   4   13
42   2   5   5
42   3   1   14
42   3   2   19
42   3   3   27
42   3   4   17
42   4   1   14
42   4   2   12
42   4   3   12
42   4   4   14
42   4   5   10
42   4   6   15
43   1   1   11
43   1   2   16
43   1   3   14
43   1   4   11
43   2   1   5
43   2   2   8
43   2   3   11
43   2   4   14
43   2   5   14
43   3   1   9
43   3   2   15
43   3   3   18
43   3   4   10
43   4   1   5
43   4   2   6
43   4   3   12
43   4   4   18
43   4   5   11
44   1   1   6
44   1   2   15
44   1   3   27
44   1   4   30
44   1   5   34
44   1   6   25
44   1   7   17
44   1   8   5
44   2   1   5
44   2   2   18
44   2   3   24
44   2   4   28
44   2   5   34
44   2   6   30
44   2   7   20
44   3   1   16
44   3   2   30
44   3   3   36
44   3   4   30
44   3   5   30
44   3   6   17
44   4   1   15
44   4   2   31
44   4   3   31
44   4   4   32
44   4   5   39
44   4   6   11
45   1   1   9
45   1   2   25
45   1   3   24
45   1   4   8
45   2   1   5
45   2   2   12
45   2   3   16
45   2   4   15
45   2   5   18
45   3   1   7
45   3   2   10
45   3   3   13
45   3   4   17
45   3   5   19
45   4   1   5
45   4   2   12
45   4   3   11
45   4   4   25
45   4   5   13
46   1   1   13
46   1   2   24
46   1   3   34
46   1   4   32
46   1   5   22
46   1   6   12
46   2   1   5
46   2   2   14
46   2   3   23
46   2   4   24
46   2   5   28
46   2   6   26
46   2   7   17
46   3   1   17
46   3   2   26
46   3   3   27
46   3   4   26
46   3   5   22
46   3   6   12
46   3   7   7
46   4   1   8
46   4   2   25
46   4   3   36
46   4   4   38
46   4   5   30
47   1   1   6
47   1   2   11
47   1   3   19
47   1   4   15
47   1   5   13
47   1   6   5
47   2   1   12
47   2   2   23
47   2   3   21
47   2   4   13
47   3   1   5
47   3   2   13
47   3   3   18
47   3   4   17
47   3   5   10
47   3   6   6
47   4   1   15
47   4   2   20
47   4   3   19
47   4   4   15
48   1   1   22
48   1   2   29
48   1   3   24
48   1   4   20
48   2   1   7
48   2   2   17
48   2   3   22
48   2   4   25
48   2   5   17
48   2   6   7
48   3   1   9
48   3   2   14
48   3   3   23
48   3   4   22
48   3   5   20
48   3   6   7
48   4   1   5
48   4   2   18
48   4   3   24
48   4   4   23
48   4   5   19
48   4   6   6
49   1   1   8
49   1   2   15
49   1   3   14
49   1   4   7
49   2   1   10
49   2   2   16
49   2   3   18
49   3   1   3
49   3   2   8
49   3   3   9
49   3   4   13
49   3   5   11
49   4   1   8
49   4   2   13
49   4   3   16
49   4   4   7
50   1   1   5
50   1   2   18
50   1   3   23
50   1   4   19
50   1   5   15
50   1   6   9
50   2   1   20
50   2   2   26
50   2   3   22
50   2   4   16
50   2   5   5
50   3   1   6
50   3   2   16
50   3   3   22
50   3   4   22
50   3   5   16
50   3   6   7
50   4   1   9
50   4   2   11
50   4   3   25
50   4   4   21
50   4   5   13
50   4   6   10
51   1   1   11
51   1   2   17
51   1   3   23
51   1   4   22
51   1   5   16
51   1   6   12
51   2   1   20
51   2   2   32
51   2   3   30
51   2   4   19
51   3   1   12
51   3   2   13
51   3   3   23
51   3   4   23
51   3   5   20
51   3   6   10
51   4   1   9
51   4   2   16
51   4   3   22
51   4   4   26
51   4   5   28
52   1   1   14
52   1   2   33
52   1   3   44
52   1   4   36
52   1   5   23
52   1   6   13
52   1   7   5
52   2   1   5
52   2   2   13
52   2   3   27
52   2   4   39
52   2   5   39
52   2   6   27
52   2   7   18
52   3   1   7
52   3   2   15
52   3   3   28
52   3   4   36
52   3   5   28
52   3   6   30
52   3   7   19
52   3   8   5
52   4   1   27
52   4   2   26
52   4   3   34
52   4   4   32
52   4   5   22
52   4   6   18
52   4   7   9
53   1   1   12
53   1   2   16
53   1   3   20
53   1   4   30
53   1   5   18
53   2   1   9
53   2   2   21
53   2   3   20
53   2   4   21
53   2   5   14
53   2   6   11
53   3   1   5
53   3   2   18
53   3   3   22
53   3   4   28
53   3   5   19
53   3   6   4
53   4   1   7
53   4   2   15
53   4   3   25
53   4   4   24
53   4   5   18
53   4   6   7
54   1   1   5
54   1   2   13
54   1   3   20
54   1   4   26
54   1   5   19
54   2   1   18
54   2   2   26
54   2   3   20
54   2   4   19
54   3   1   7
54   3   2   16
54   3   3   19
54   3   4   19
54   3   5   14
54   3   6   8
54   4   1   9
54   4   2   13
54   4   3   17
54   4   4   25
54   4   5   10
54   4   6   9
55   1   1   21
55   1   2   22
55   1   3   25
55   1   4   22
55   2   1   6
55   2   2   17
55   2   3   23
55   2   4   22
55   2   5   15
55   2   6   7
55   3   1   8
55   3   2   18
55   3   3   19
55   3   4   21
55   3   5   14
55   3   6   10
55   4   1   24
55   4   2   22
55   4   3   19
55   4   4   20
55   4   5   5
56   1   1   13
56   1   2   17
56   1   3   17
56   1   4   12
56   2   1   14
56   2   2   14
56   2   3   20
56   2   4   11
56   3   1   15
56   3   2   16
56   3   3   14
56   3   4   14
56   4   1   13
56   4   2   16
56   4   3   18
56   4   4   12
57   1   1   6
57   1   2   12
57   1   3   25
57   1   4   34
57   1   5   29
57   1   6   23
57   1   7   17
57   1   8   4
57   2   1   9
57   2   2   25
57   2   3   38
57   2   4   46
57   2   5   25
57   2   6   7
57   3   1   7
57   3   2   21
57   3   3   21
57   3   4   26
57   3   5   22
57   3   6   28
57   3   7   25
57   4   1   18
57   4   2   27
57   4   3   28
57   4   4   32
57   4   5   23
57   4   6   22
58   1   1   17
58   1   2   22
58   1   3   31
58   1   4   36
58   1   5   28
58   1   6   12
58   2   1   10
58   2   2   26
58   2   3   38
58   2   4   33
58   2   5   26
58   2   6   13
58   3   1   13
58   3   2   26
58   3   3   33
58   3   4   33
58   3   5   28
58   3   6   13
58   4   1   9
58   4   2   16
58   4   3   23
58   4   4   25
58   4   5   25
58   4   6   23
58   4   7   16
58   4   8   9
59   1   1   10
59   1   2   13
59   1   3   18
59   1   4   17
59   1   5   15
59   1   6   10
59   2   1   12
59   2   2   31
59   2   3   28
59   2   4   12
59   3   1   10
59   3   2   18
59   3   3   17
59   3   4   13
59   3   5   11
59   3   6   8
59   3   7   6
59   4   1   7
59   4   2   17
59   4   3   18
59   4   4   18
59   4   5   15
59   4   6   8
60   1   1   10
60   1   2   11
60   1   3   11
60   1   4   10
60   2   1   11
60   2   2   10
60   2   3   10
60   2   4   11
60   3   1   10
60   3   2   11
60   3   3   11
60   3   4   10
60   4   1   9
60   4   2   11
60   4   3   14
60   4   4   8
61   1   1   11
61   1   2   16
61   1   3   22
61   1   4   20
61   1   5   24
61   1   6   8
61   2   1   19
61   2   2   26
61   2   3   25
61   2   4   18
61   2   5   13
61   3   1   23
61   3   2   27
61   3   3   31
61   3   4   15
61   3   5   5
61   4   1   11
61   4   2   19
61   4   3   23
61   4   4   20
61   4   5   14
61   4   6   14
62   1   1   12
62   1   2   18
62   1   3   22
62   1   4   20
62   1   5   28
62   1   6   25
62   1   7   17
62   1   8   11
62   2   1   13
62   2   2   25
62   2   3   38
62   2   4   36
62   2   5   31
62   2   6   10
62   3   1   14
62   3   2   30
62   3   3   36
62   3   4   34
62   3   5   21
62   3   6   13
62   3   7   5
62   4   1   12
62   4   2   31
62   4   3   39
62   4   4   31
62   4   5   22
62   4   6   18
63   1   1   7
63   1   2   15
63   1   3   24
63   1   4   35
63   1   5   23
63   2   1   11
63   2   2   16
63   2   3   22
63   2   4   28
63   2   5   19
63   2   6   8
63   3   1   12
63   3   2   17
63   3   3   23
63   3   4   23
63   3   5   19
63   3   6   10
63   4   1   9
63   4   2   19
63   4   3   25
63   4   4   24
63   4   5   18
63   4   6   9
64   1   1   8
64   1   2   18
64   1   3   14
64   1   4   9
64   2   1   9
64   2   2   16
64   2   3   14
64   2   4   10
64   3   1   5
64   3   2   7
64   3   3   12
64   3   4   12
64   3   5   13
64   4   1   10
64   4   2   16
64   4   3   14
64   4   4   9
65   1   1   14
65   1   2   18
65   1   3   11
65   1   4   9
65   1   5   5
65   2   1   6
65   2   2   27
65   2   3   16
65   2   4   8
65   3   1   5
65   3   2   7
65   3   3   13
65   3   4   18
65   3   5   14
65   4   1   5
65   4   2   8
65   4   3   11
65   4   4   19
65   4   5   14
66   1   1   7
66   1   2   9
66   1   3   17
66   1   4   20
66   1   5   21
66   2   1   17
66   2   2   23
66   2   3   19
66   2   4   8
66   2   5   7
66   3   1   5
66   3   2   12
66   3   3   19
66   3   4   22
66   3   5   16
66   4   1   18
66   4   2   20
66   4   3   19
66   4   4   11
66   4   5   6
67   1   1   8
67   1   2   22
67   1   3   22
67   1   4   28
67   1   5   20
67   1   6   8
67   2   1   7
67   2   2   20
67   2   3   26
67   2   4   29
67   2   5   19
67   2   6   7
67   3   1   10
67   3   2   20
67   3   3   23
67   3   4   22
67   3   5   25
67   3   6   8
67   4   1   12
67   4   2   18
67   4   3   26
67   4   4   21
67   4   5   20
67   4   6   11
68   1   1   18
68   1   2   25
68   1   3   33
68   1   4   26
68   1   5   24
68   1   6   12
68   1   7   6
68   2   1   5
68   2   2   20
68   2   3   26
68   2   4   21
68   2   5   25
68   2   6   22
68   2   7   19
68   2   8   6
68   3   1   17
68   3   2   24
68   3   3   36
68   3   4   31
68   3   5   16
68   3   6   12
68   3   7   8
68   4   1   8
68   4   2   28
68   4   3   35
68   4   4   39
68   4   5   25
68   4   6   9
69   1   1   9
69   1   2   17
69   1   3   23
69   1   4   20
69   1   5   14
69   1   6   11
69   2   1   8
69   2   2   15
69   2   3   23
69   2   4   24
69   2   5   18
69   2   6   6
69   3   1   6
69   3   2   8
69   3   3   12
69   3   4   19
69   3   5   23
69   3   6   20
69   3   7   6
69   4   1   8
69   4   2   13
69   4   3   21
69   4   4   31
69   4   5   21
70   1   1   10
70   1   2   20
70   1   3   30
70   1   4   26
70   1   5   19
70   1   6   11
70   2   1   15
70   2   2   21
70   2   3   20
70   2   4   24
70   2   5   21
70   2   6   15
70   3   1   8
70   3   2   18
70   3   3   31
70   3   4   32
70   3   5   22
70   3   6   5
70   4   1   7
70   4   2   20
70   4   3   32
70   4   4   29
70   4   5   22
70   4   6   6
71   1   1   3
71   1   2   13
71   1   3   22
71   1   4   14
71   1   5   10
71   1   6   6
71   2   1   17
71   2   2   17
71   2   3   19
71   2   4   10
71   2   5   5
71   3   1   13
71   3   2   21
71   3   3   19
71   3   4   15
71   4   1   14
71   4   2   21
71   4   3   18
71   4   4   15
72   1   1   6
72   1   2   17
72   1   3   18
72   1   4   19
72   1   5   13
72   1   6   8
72   2   1   8
72   2   2   15
72   2   3   19
72   2   4   15
72   2   5   15
72   2   6   9
72   3   1   15
72   3   2   29
72   3   3   21
72   3   4   16
72   4   1   5
72   4   2   15
72   4   3   19
72   4   4   22
72   4   5   15
72   4   6   5
73   1   1   29
73   1   2   34
73   1   3   43
73   1   4   37
73   1   5   32
73   1   6   21
73   1   7   8
73   2   1   11
73   2   2   23
73   2   3   31
73   2   4   33
73   2   5   34
73   2   6   37
73   2   7   35
73   3   1   10
73   3   2   21
73   3   3   27
73   3   4   40
73   3   5   42
73   3   6   38
73   3   7   26
73   4   1   23
73   4   2   36
73   4   3   42
73   4   4   45
73   4   5   36
73   4   6   22
74   1   1   10
74   1   2   10
74   1   3   14
74   1   4   10
74   2   1   10
74   2   2   12
74   2   3   13
74   2   4   9
74   3   1   15
74   3   2   6
74   3   3   9
74   3   4   14
74   4   1   5
74   4   2   17
74   4   3   22
75   1   1   22
75   1   2   27
75   1   3   30
75   1   4   33
75   1   5   29
75   1   6   20
75   2   1   15
75   2   2   27
75   2   3   37
75   2   4   39
75   2   5   29
75   2   6   14
75   3   1   5
75   3   2   24
75   3   3   26
75   3   4   28
75   3   5   27
75   3   6   23
75   3   7   18
75   3   8   10
75   4   1   18
75   4   2   32
75   4   3   33
75   4   4   31
75   4   5   28
75   4   6   19
76   1   1   13
76   1   2   28
76   1   3   34
76   1   4   33
76   1   5   23
76   1   6   16
76   2   1   5
76   2   2   10
76   2   3   24
76   2   4   30
76   2   5   34
76   2   6   34
76   2   7   10
76   3   1   6
76   3   2   14
76   3   3   19
76   3   4   26
76   3   5   29
76   3   6   30
76   3   7   18
76   3   8   5
76   4   1   17
76   4   2   22
76   4   3   32
76   4   4   32
76   4   5   31
76   4   6   13
77   1   1   7
77   1   2   18
77   1   3   27
77   1   4   38
77   1   5   40
77   1   6   34
77   1   7   22
77   2   1   27
77   2   2   33
77   2   3   39
77   2   4   31
77   2   5   26
77   2   6   22
77   2   7   8
77   3   1   23
77   3   2   36
77   3   3   39
77   3   4   35
77   3   5   31
77   3   6   13
77   3   7   9
77   4   1   18
77   4   2   43
77   4   3   36
77   4   4   37
77   4   5   26
77   4   6   20
77   4   7   6
78   1   1   17
78   1   2   20
78   1   3   21
78   1   4   17
78   2   1   7
78   2   2   12
78   2   3   17
78   2   4   20
78   2   5   19
78   3   1   9
78   3   2   13
78   3   3   14
78   3   4   16
78   3   5   15
78   3   6   8
78   4   1   6
78   4   2   14
78   4   3   17
78   4   4   18
78   4   5   15
78   4   6   5
79   1   1   19
79   1   2   25
79   1   3   20
79   1   4   20
79   2   1   5
79   2   2   15
79   2   3   20
79   2   4   24
79   2   5   15
79   2   6   5
79   3   1   10
79   3   2   14
79   3   3   16
79   3   4   22
79   3   5   14
79   3   6   8
79   4   1   21
79   4   2   22
79   4   3   21
79   4   4   20
80   1   1   8
80   1   2   15
80   1   3   18
80   1   4   21
80   1   5   17
80   1   6   6
80   2   1   6
80   2   2   14
80   2   3   23
80   2   4   21
80   2   5   21
80   3   1   7
80   3   2   14
80   3   3   22
80   3   4   21
80   3   5   14
80   3   6   7
80   4   1   18
80   4   2   24
80   4   3   25
80   4   4   18
81   1   1   11
81   1   2   20
81   1   3   29
81   1   4   36
81   1   5   40
81   1   6   32
81   1   7   18
81   2   1   19
81   2   2   36
81   2   3   43
81   2   4   37
81   2   5   28
81   2   6   18
81   2   7   5
81   3   1   7
81   3   2   21
81   3   3   36
81   3   4   35
81   3   5   31
81   3   6   24
81   3   7   18
81   3   8   14
81   4   1   25
81   4   2   33
81   4   3   42
81   4   4   30
81   4   5   30
81   4   6   16
81   4   7   10
82   1   1   15
82   1   2   27
82   1   3   27
82   1   4   22
82   1   5   23
82   1   6   16
82   2   1   8
82   2   2   23
82   2   3   35
82   2   4   29
82   2   5   26
82   2   6   9
82   3   1   9
82   3   2   28
82   3   3   30
82   3   4   30
82   3   5   20
82   3   6   13
82   4   1   11
82   4   2   14
82   4   3   22
82   4   4   21
82   4   5   18
82   4   6   15
82   4   7   16
82   4   8   13
83   1   1   5
83   1   2   13
83   1   3   26
83   1   4   22
83   1   5   16
83   1   6   5
83   2   1   7
83   2   2   12
83   2   3   21
83   2   4   28
83   2   5   19
83   3   1   9
83   3   2   18
83   3   3   18
83   3   4   17
83   3   5   14
83   3   6   11
83   4   1   22
83   4   2   24
83   4   3   20
83   4   4   14
83   4   5   7
84   1   1   9
84   1   2   16
84   1   3   20
84   1   4   23
84   1   5   20
84   1   6   7
84   2   1   5
84   2   2   23
84   2   3   22
84   2   4   21
84   2   5   16
84   2   6   8
84   3   1   10
84   3   2   13
84   3   3   20
84   3   4   26
84   3   5   17
84   3   6   9
84   4   1   6
84   4   2   13
84   4   3   28
84   4   4   28
84   4   5   20
85   1   1   5
85   1   2   14
85   1   3   21
85   1   4   26
85   1   5   24
85   1   6   22
85   1   7   11
85   1   8   5
85   2   1   9
85   2   2   23
85   2   3   28
85   2   4   35
85   2   5   22
85   2   6   11
85   3   1   15
85   3   2   21
85   3   3   25
85   3   4   28
85   3   5   27
85   3   6   12
85   4   1   9
85   4   2   24
85   4   3   29
85   4   4   34
85   4   5   22
85   4   6   10
86   1   1   15
86   1   2   17
86   1   3   22
86   1   4   26
86   1   5   22
86   1   6   11
86   2   1   13
86   2   2   16
86   2   3   24
86   2   4   27
86   2   5   25
86   2   6   8
86   3   1   11
86   3   2   22
86   3   3   23
86   3   4   26
86   3   5   19
86   3   6   12
86   4   1   5
86   4   2   22
86   4   3   30
86   4   4   29
86   4   5   21
86   4   6   6
87   1   1   6
87   1   2   13
87   1   3   20
87   1   4   31
87   1   5   28
87   1   6   25
87   1   7   18
87   2   1   8
87   2   2   25
87   2   3   38
87   2   4   37
87   2   5   24
87   2   6   9
87   3   1   11
87   3   2   17
87   3   3   18
87   3   4   23
87   3   5   25
87   3   6   19
87   3   7   18
87   3   8   10
87   4   1   13
87   4   2   20
87   4   3   37
87   4   4   34
87   4   5   27
87   4   6   10
88   1   1   13
88   1   2   25
88   1   3   24
88   1   4   12
88   2   1   2
88   2   2   5
88   2   3   10
88   2   4   16
88   2   5   22
88   2   6   19
88   3   1   9
88   3   2   10
88   3   3   18
88   3   4   16
88   3   5   12
88   3   6   9
88   4   1   9
88   4   2   9
88   4   3   21
88   4   4   15
88   4   5   12
88   4   6   8
89   1   1   5
89   1   2   8
89   1   3   10
89   1   4   4
89   2   1   5
89   2   2   8
89   2   3   14
89   3   1   6
89   3   2   8
89   3   3   13
89   4   1   4
89   4   2   12
89   4   3   11
90   1   1   9
90   1   2   23
90   1   3   31
90   1   4   29
90   1   5   20
90   1   6   11
90   2   1   6
90   2   2   15
90   2   3   13
90   2   4   27
90   2   5   23
90   2   6   22
90   2   7   17
90   3   1   12
90   3   2   18
90   3   3   27
90   3   4   34
90   3   5   25
90   3   6   7
90   4   1   9
90   4   2   21
90   4   3   31
90   4   4   32
90   4   5   22
90   4   6   8
91   1   1   8
91   1   2   8
91   2   1   9
91   2   2   7
91   3   1   8
91   3   2   8
91   4   1   9
91   4   2   7
92   1   1   22
92   1   2   17
92   1   3   16
92   1   4   14
92   1   5   6
92   2   1   15
92   2   2   18
92   2   3   28
92   2   4   14
92   3   1   15
92   3   2   16
92   3   3   17
92   3   4   19
92   3   5   8
92   4   1   14
92   4   2   24
92   4   3   21
92   4   4   16
93   1   1   7
93   1   2   10
93   1   3   17
93   1   4   25
93   1   5   22
93   1   6   16
93   1   7   11
93   1   8   7
93   2   1   6
93   2   2   20
93   2   3   32
93   2   4   29
93   2   5   23
93   2   6   5
93   3   1   12
93   3   2   24
93   3   3   26
93   3   4   24
93   3   5   14
93   3   6   9
93   3   7   6
93   4   1   8
93   4   2   18
93   4   3   31
93   4   4   32
93   4   5   19
93   4   6   7
94   1   1   17
94   1   2   16
94   1   3   21
94   1   4   18
94   1   5   23
94   1   6   13
94   2   1   11
94   2   2   18
94   2   3   25
94   2   4   23
94   2   5   19
94   2   6   12
94   3   1   7
94   3   2   22
94   3   3   27
94   3   4   24
94   3   5   21
94   3   6   7
94   4   1   26
94   4   2   27
94   4   3   31
94   4   4   24
95   1   1   9
95   1   2   13
95   1   3   18
95   1   4   8
95   2   1   8
95   2   2   17
95   2   3   15
95   2   4   8
95   3   1   13
95   3   2   12
95   3   3   10
95   3   4   13
95   4   1   10
95   4   2   13
95   4   3   15
95   4   4   10
96   1   1   7
96   1   2   22
96   1   3   37
96   1   4   43
96   1   5   44
96   1   6   33
96   1   7   21
96   1   8   8
96   2   1   13
96   2   2   22
96   2   3   36
96   2   4   33
96   2   5   42
96   2   6   35
96   2   7   23
96   2   8   11
96   3   1   6
96   3   2   18
96   3   3   35
96   3   4   45
96   3   5   49
96   3   6   38
96   3   7   24
96   4   1   5
96   4   2   22
96   4   3   37
96   4   4   44
96   4   5   44
96   4   6   34
96   4   7   23
96   4   8   6
97   1   1   10
97   1   2   27
97   1   3   33
97   1   4   33
97   1   5   23
97   1   6   11
97   2   1   14
97   2   2   27
97   2   3   29
97   2   4   28
97   2   5   23
97   2   6   16
97   3   1   15
97   3   2   27
97   3   3   29
97   3   4   26
97   3   5   21
97   3   6   13
97   3   7   6
97   4   1   11
97   4   2   28
97   4   3   32
97   4   4   32
97   4   5   21
97   4   6   13
98   1   1   23
98   1   2   34
98   1   3   34
98   1   4   22
98   2   1   13
98   2   2   21
98   2   3   24
98   2   4   21
98   2   5   19
98   2   6   15
98   3   1   14
98   3   2   18
98   3   3   26
98   3   4   21
98   3   5   21
98   3   6   13
98   4   1   9
98   4   2   24
98   4   3   25
98   4   4   24
98   4   5   22
98   4   6   9
99   1   1   10
99   1   2   29
99   1   3   41
99   1   4   36
99   1   5   25
99   1   6   14
99   2   1   14
99   2   2   29
99   2   3   34
99   2   4   30
99   2   5   33
99   2   6   15
99   3   1   5
99   3   2   17
99   3   3   28
99   3   4   27
99   3   5   28
99   3   6   27
99   3   7   23
99   4   1   6
99   4   2   14
99   4   3   21
99   4   4   26
99   4   5   26
99   4   6   31
99   4   7   26
99   4   8   5
100   1   1   5
100   1   2   49
100   1   3   52
100   1   4   37
100   1   5   35
100   1   6   15
100   2   1   9
100   2   2   24
100   2   3   30
100   2   4   33
100   2   5   33
100   2   6   34
100   2   7   30
100   3   1   6
100   3   2   23
100   3   3   31
100   3   4   35
100   3   5   34
100   3   6   40
100   3   7   17
100   3   8   7
100   4   1   17
100   4   2   17
100   4   3   24
100   4   4   30
100   4   5   39
100   4   6   35
100   4   7   22
100   4   8   9
101   1   1   5
101   1   2   10
101   1   3   14
101   1   4   23
101   1   5   26
101   1   6   22
101   1   7   12
101   2   1   3
101   2   2   11
101   2   3   20
101   2   4   19
101   2   5   22
101   2   6   25
101   2   7   12
101   3   1   9
101   3   2   22
101   3   3   23
101   3   4   28
101   3   5   21
101   3   6   9
101   4   1   6
101   4   2   19
101   4   3   30
101   4   4   31
101   4   5   26
102   1   1   6
102   1   2   15
102   1   3   18
102   1   4   10
102   1   5   9
102   1   6   10
102   2   1   14
102   2   2   17
102   2   3   20
102   2   4   12
102   2   5   5
102   3   1   15
102   3   2   18
102   3   3   19
102   3   4   16
102   4   1   14
102   4   2   18
102   4   3   23
102   4   4   13
103   1   1   18
103   1   2   26
103   1   3   30
103   1   4   37
103   1   5   27
103   1   6   16
103   2   1   5
103   2   2   10
103   2   3   17
103   2   4   31
103   2   5   40
103   2   6   33
103   2   7   18
103   3   1   13
103   3   2   27
103   3   3   36
103   3   4   36
103   3   5   31
103   3   6   11
103   4   1   15
103   4   2   14
103   4   3   22
103   4   4   24
103   4   5   26
103   4   6   23
103   4   7   18
103   4   8   12
104   1   1   18
104   1   2   29
104   1   3   39
104   1   4   36
104   1   5   25
104   1   6   20
104   2   1   12
104   2   2   32
104   2   3   41
104   2   4   35
104   2   5   36
104   2   6   11
104   3   1   6
104   3   2   17
104   3   3   24
104   3   4   34
104   3   5   35
104   3   6   30
104   3   7   21
104   4   1   8
104   4   2   17
104   4   3   26
104   4   4   32
104   4   5   31
104   4   6   29
104   4   7   19
104   4   8   5
105   1   1   11
105   1   2   19
105   1   3   25
105   1   4   23
105   1   5   21
105   1   6   11
105   2   1   8
105   2   2   17
105   2   3   28
105   2   4   33
105   2   5   19
105   2   6   5
105   3   1   12
105   3   2   22
105   3   3   22
105   3   4   21
105   3   5   20
105   3   6   13
105   4   1   10
105   4   2   21
105   4   3   24
105   4   4   27
105   4   5   18
105   4   6   10
106   1   1   18
106   1   2   20
106   1   3   23
106   1   4   17
106   1   5   17
106   1   6   12
106   1   7   7
106   2   1   8
106   2   2   19
106   2   3   27
106   2   4   33
106   2   5   27
106   3   1   5
106   3   2   11
106   3   3   19
106   3   4   20
106   3   5   21
106   3   6   22
106   3   7   16
106   4   1   9
106   4   2   16
106   4   3   29
106   4   4   34
106   4   5   26
107   1   1   12
107   1   2   21
107   1   3   24
107   1   4   12
107   2   1   5
107   2   2   12
107   2   3   18
107   2   4   17
107   2   5   12
107   2   6   5
107   3   1   13
107   3   2   22
107   3   3   19
107   3   4   15
107   4   1   6
107   4   2   12
107   4   3   14
107   4   4   20
107   4   5   12
107   4   6   5
108   1   1   6
108   1   2   16
108   1   3   18
108   1   4   17
108   1   5   15
108   1   6   6
108   2   1   7
108   2   2   18
108   2   3   22
108   2   4   13
108   2   5   8
108   2   6   10
108   3   1   15
108   3   2   29
108   3   3   18
108   3   4   16
108   4   1   10
108   4   2   15
108   4   3   15
108   4   4   15
108   4   5   12
108   4   6   11
109   1   1   23
109   1   2   29
109   1   3   28
109   1   4   10
109   1   5   7
109   2   1   11
109   2   2   17
109   2   3   19
109   2   4   21
109   2   5   20
109   2   6   9
109   3   1   6
109   3   2   17
109   3   3   21
109   3   4   27
109   3   5   26
109   4   1   11
109   4   2   14
109   4   3   21
109   4   4   25
109   4   5   17
109   4   6   9
110   1   1   9
110   1   2   13
110   1   3   19
110   1   4   21
110   1   5   21
110   2   1   20
110   2   2   23
110   2   3   21
110   2   4   13
110   2   5   6
110   3   1   6
110   3   2   17
110   3   3   20
110   3   4   17
110   3   5   16
110   3   6   7
110   4   1   16
110   4   2   29
110   4   3   21
110   4   4   12
110   4   5   5
111   1   1   5
111   1   2   15
111   1   3   23
111   1   4   22
111   1   5   12
111   1   6   6
111   2   1   6
111   2   2   11
111   2   3   21
111   2   4   24
111   2   5   21
111   3   1   7
111   3   2   13
111   3   3   19
111   3   4   21
111   3   5   23
111   4   1   6
111   4   2   12
111   4   3   22
111   4   4   22
111   4   5   21
112   1   1   5
112   1   2   9
112   1   3   18
112   1   4   18
112   1   5   15
112   2   1   14
112   2   2   19
112   2   3   18
112   2   4   14
112   3   1   14
112   3   2   17
112   3   3   18
112   3   4   16
112   4   1   12
112   4   2   21
112   4   3   18
112   4   4   14
113   1   1   13
113   1   2   52
113   1   3   44
113   1   4   50
113   1   5   23
113   1   6   16
113   1   7   9
113   2   1   17
113   2   2   22
113   2   3   28
113   2   4   35
113   2   5   36
113   2   6   30
113   2   7   24
113   2   8   15
113   3   1   8
113   3   2   18
113   3   3   37
113   3   4   44
113   3   5   38
113   3   6   31
113   3   7   25
113   3   8   6
113   4   1   10
113   4   2   20
113   4   3   29
113   4   4   43
113   4   5   43
113   4   6   34
113   4   7   19
113   4   8   9
114   1   1   20
114   1   2   14
114   1   3   13
114   1   4   12
114   1   5   8
114   2   1   5
114   2   2   8
114   2   3   18
114   2   4   22
114   2   5   14
114   3   1   11
114   3   2   21
114   3   3   25
114   3   4   10
114   4   1   15
114   4   2   18
114   4   3   19
114   4   4   15
115   1   1   7
115   1   2   15
115   1   3   27
115   1   4   27
115   1   5   32
115   1   6   29
115   1   7   22
115   2   1   6
115   2   2   16
115   2   3   25
115   2   4   31
115   2   5   32
115   2   6   28
115   2   7   21
115   3   1   5
115   3   2   37
115   3   3   42
115   3   4   38
115   3   5   23
115   3   6   14
115   4   1   8
115   4   2   16
115   4   3   26
115   4   4   27
115   4   5   29
115   4   6   27
115   4   7   17
115   4   8   9
116   1   1   7
116   1   2   19
116   1   3   36
116   1   4   34
116   1   5   17
116   1   6   9
116   2   1   16
116   2   2   21
116   2   3   25
116   2   4   25
116   2   5   19
116   2   6   16
116   3   1   18
116   3   2   19
116   3   3   23
116   3   4   24
116   3   5   23
116   3   6   15
116   4   1   12
116   4   2   20
116   4   3   25
116   4   4   29
116   4   5   29
116   4   6   7
117   1   1   6
117   1   2   16
117   1   3   23
117   1   4   39
117   1   5   28
117   1   6   36
117   1   7   10
117   1   8   6
117   2   1   25
117   2   2   28
117   2   3   28
117   2   4   34
117   2   5   23
117   2   6   21
117   2   7   5
117   3   1   5
117   3   2   18
117   3   3   28
117   3   4   34
117   3   5   33
117   3   6   23
117   3   7   13
117   3   8   10
117   4   1   7
117   4   2   31
117   4   3   45
117   4   4   42
117   4   5   30
117   4   6   9
118   1   1   9
118   1   2   21
118   1   3   24
118   1   4   20
118   1   5   18
118   1   6   11
118   2   1   9
118   2   2   17
118   2   3   24
118   2   4   26
118   2   5   20
118   2   6   7
118   3   1   11
118   3   2   18
118   3   3   20
118   3   4   22
118   3   5   22
118   3   6   10
118   4   1   24
118   4   2   26
118   4   3   28
118   4   4   25
119   1   1   13
119   1   2   11
119   1   3   11
119   1   4   12
119   2   1   6
119   2   2   18
119   2   3   15
119   2   4   8
119   3   1   7
119   3   2   16
119   3   3   17
119   3   4   7
119   4   1   5
119   4   2   8
119   4   3   10
119   4   4   11
119   4   5   8
119   4   6   5
120   1   1   8
120   1   2   11
120   1   3   18
120   1   4   26
120   1   5   21
120   2   1   23
120   2   2   18
120   2   3   17
120   2   4   26
120   3   1   18
120   3   2   25
120   3   3   22
120   3   4   14
120   3   5   5
120   4   1   23
120   4   2   21
120   4   3   19
120   4   4   13
120   4   5   8
121   1   1   5
121   1   2   22
121   1   3   35
121   1   4   38
121   1   5   43
121   1   6   37
121   1   7   25
121   2   1   12
121   2   2   24
121   2   3   32
121   2   4   33
121   2   5   37
121   2   6   34
121   2   7   20
121   2   8   13
121   3   1   26
121   3   2   32
121   3   3   41
121   3   4   44
121   3   5   42
121   3   6   20
121   4   1   10
121   4   2   27
121   4   3   29
121   4   4   34
121   4   5   38
121   4   6   36
121   4   7   20
121   4   8   11
122   1   1   5
122   1   2   24
122   1   3   28
122   1   4   25
122   1   5   22
122   1   6   7
122   2   1   12
122   2   2   19
122   2   3   24
122   2   4   25
122   2   5   19
122   2   6   12
122   3   1   11
122   3   2   17
122   3   3   30
122   3   4   21
122   3   5   24
122   3   6   8
122   4   1   10
122   4   2   19
122   4   3   22
122   4   4   27
122   4   5   28
122   4   6   5
123   1   1   12
123   1   2   15
123   1   3   23
123   1   4   38
123   1   5   25
123   1   6   5
123   2   1   11
123   2   2   20
123   2   3   31
123   2   4   25
123   2   5   17
123   2   6   14
123   3   1   7
123   3   2   19
123   3   3   32
123   3   4   35
123   3   5   18
123   3   6   7
123   4   1   19
123   4   2   18
123   4   3   21
123   4   4   24
123   4   5   19
123   4   6   12
123   4   7   5
124   1   1   10
124   1   2   14
124   1   3   18
124   1   4   21
124   1   5   19
124   1   6   21
124   1   7   16
124   1   8   8
124   2   1   12
124   2   2   11
124   2   3   15
124   2   4   18
124   2   5   26
124   2   6   26
124   2   7   19
124   3   1   27
124   3   2   36
124   3   3   37
124   3   4   27
124   4   1   37
124   4   2   23
124   4   3   45
124   4   4   12
124   4   5   10
125   1   1   8
125   1   2   17
125   1   3   19
125   1   4   8
125   2   1   12
125   2   2   14
125   2   3   14
125   2   4   12
125   3   1   12
125   3   2   15
125   3   3   14
125   3   4   11
125   4   1   11
125   4   2   15
125   4   3   14
125   4   4   12
126   1   1   10
126   1   2   13
126   1   3   13
126   1   4   10
126   2   1   11
126   2   2   12
126   2   3   12
126   2   4   11
126   3   1   9
126   3   2   15
126   3   3   16
126   3   4   6
126   4   1   8
126   4   2   15
126   4   3   15
126   4   4   8
127   1   1   5
127   1   2   11
127   1   3   16
127   1   4   14
127   1   5   17
127   2   1   12
127   2   2   19
127   2   3   18
127   2   4   14
127   3   1   14
127   3   2   17
127   3   3   20
127   3   4   12
127   4   1   13
127   4   2   17
127   4   3   20
127   4   4   13
128   1   1   9
128   1   2   25
128   1   3   23
128   1   4   9
128   2   1   7
128   2   2   12
128   2   3   16
128   2   4   13
128   2   5   10
128   2   6   8
128   3   1   16
128   3   2   15
128   3   3   19
128   3   4   16
128   4   1   16
128   4   2   15
128   4   3   21
128   4   4   9
128   4   5   5
129   1   1   15
129   1   2   24
129   1   3   26
129   1   4   15
129   1   5   6
129   2   1   7
129   2   2   13
129   2   3   21
129   2   4   23
129   2   5   15
129   2   6   7
129   3   1   6
129   3   2   13
129   3   3   25
129   3   4   21
129   3   5   21
129   4   1   9
129   4   2   15
129   4   3   18
129   4   4   20
129   4   5   16
129   4   6   8
130   1   1   18
130   1   2   17
130   1   3   23
130   1   4   24
130   1   5   23
130   1   6   14
130   2   1   29
130   2   2   32
130   2   3   30
130   2   4   22
130   2   5   6
130   3   1   12
130   3   2   25
130   3   3   27
130   3   4   20
130   3   5   17
130   3   6   18
130   4   1   3
130   4   2   5
130   4   3   24
130   4   4   27
130   4   5   26
130   4   6   21
130   4   7   13
131   1   1   7
131   1   2   9
131   1   3   16
131   1   4   6
131   2   1   19
131   2   2   14
131   2   3   5
131   3   1   8
131   3   2   9
131   3   3   13
131   3   4   8
131   4   1   9
131   4   2   10
131   4   3   9
131   4   4   10
132   1   1   5
132   1   2   12
132   1   3   23
132   1   4   27
132   1   5   18
132   2   1   10
132   2   2   16
132   2   3   18
132   2   4   14
132   2   5   15
132   2   6   12
132   3   1   19
132   3   2   25
132   3   3   23
132   3   4   14
132   3   5   4
132   4   1   9
132   4   2   15
132   4   3   16
132   4   4   20
132   4   5   20
132   4   6   5
133   1   1   10
133   1   2   13
133   1   3   18
133   1   4   21
133   1   5   21
133   1   6   5
133   2   1   19
133   2   2   24
133   2   3   27
133   2   4   18
133   3   1   6
133   3   2   16
133   3   3   24
133   3   4   21
133   3   5   12
133   3   6   9
133   4   1   9
133   4   2   15
133   4   3   22
133   4   4   20
133   4   5   13
133   4   6   9
134   1   1   8
134   1   2   10
134   2   1   9
134   2   2   9
134   3   1   9
134   3   2   9
134   4   1   10
134   4   2   8
135   1   1   6
135   1   2   17
135   1   3   30
135   1   4   25
135   1   5   15
135   1   6   7
135   2   1   6
135   2   2   16
135   2   3   25
135   2   4   32
135   2   5   21
135   3   1   10
135   3   2   19
135   3   3   21
135   3   4   23
135   3   5   15
135   3   6   12
135   4   1   9
135   4   2   20
135   4   3   21
135   4   4   23
135   4   5   16
135   4   6   11
136   1   1   8
136   1   2   8
136   1   3   15
136   1   4   16
136   1   5   17
136   2   1   14
136   2   2   16
136   2   3   22
136   2   4   12
136   3   1   14
136   3   2   21
136   3   3   15
136   3   4   9
136   3   5   5
136   4   1   12
136   4   2   20
136   4   3   20
136   4   4   12
137   1   1   7
137   1   2   15
137   1   3   14
137   1   4   9
137   2   1   6
137   2   2   17
137   2   3   13
137   2   4   9
137   3   1   11
137   3   2   12
137   3   3   11
137   3   4   11
137   4   1   8
137   4   2   13
137   4   3   17
137   4   4   7
138   1   1   22
138   1   2   27
138   1   3   30
138   1   4   27
138   1   5   24
138   1   6   16
138   1   7   6
138   2   1   13
138   2   2   28
138   2   3   37
138   2   4   33
138   2   5   26
138   2   6   15
138   3   1   18
138   3   2   28
138   3   3   29
138   3   4   33
138   3   5   26
138   3   6   18
138   4   1   8
138   4   2   14
138   4   3   20
138   4   4   29
138   4   5   31
138   4   6   35
138   4   7   15
139   1   1   9
139   1   2   23
139   1   3   17
139   1   4   10
139   2   1   6
139   2   2   10
139   2   3   12
139   2   4   15
139   2   5   11
139   2   6   5
139   3   1   17
139   3   2   11
139   3   3   16
139   3   4   15
139   4   1   5
139   4   2   10
139   4   3   14
139   4   4   15
139   4   5   10
139   4   6   5
140   1   1   9
140   1   2   13
140   1   3   11
140   1   4   9
140   2   1   9
140   2   2   12
140   2   3   12
140   2   4   9
140   3   1   9
140   3   2   8
140   3   3   18
140   3   4   7
140   4   1   8
140   4   2   12
140   4   3   12
140   4   4   10
141   1   1   8
141   1   2   25
141   1   3   16
141   1   4   12
141   2   1   8
141   2   2   10
141   2   3   14
141   2   4   12
141   2   5   10
141   2   6   7
141   3   1   3
141   3   2   10
141   3   3   19
141   3   4   14
141   3   5   15
141   4   1   3
141   4   2   7
141   4   3   23
141   4   4   16
141   4   5   12
142   1   1   9
142   1   2   14
142   1   3   19
142   1   4   26
142   1   5   16
142   1   6   6
142   2   1   7
142   2   2   16
142   2   3   20
142   2   4   24
142   2   5   18
142   2   6   5
142   3   1   6
142   3   2   14
142   3   3   23
142   3   4   26
142   3   5   15
142   3   6   6
142   4   1   5
142   4   2   17
142   4   3   26
142   4   4   19
142   4   5   17
142   4   6   6
143   1   1   16
143   1   2   14
143   1   3   17
143   1   4   22
143   1   5   27
143   1   6   22
143   1   7   24
143   1   8   5
143   2   1   14
143   2   2   20
143   2   3   38
143   2   4   32
143   2   5   30
143   2   6   13
143   3   1   16
143   3   2   23
143   3   3   36
143   3   4   32
143   3   5   25
143   3   6   11
143   3   7   4
143   4   1   6
143   4   2   15
143   4   3   18
143   4   4   29
143   4   5   37
143   4   6   28
143   4   7   9
143   4   8   5
144   1   1   19
144   1   2   26
144   1   3   32
144   1   4   45
144   1   5   36
144   1   6   12
144   2   1   20
144   2   2   26
144   2   3   36
144   2   4   40
144   2   5   30
144   2   6   18
144   3   1   9
144   3   2   21
144   3   3   27
144   3   4   30
144   3   5   28
144   3   6   28
144   3   7   16
144   3   8   11
144   4   1   10
144   4   2   18
144   4   3   29
144   4   4   31
144   4   5   29
144   4   6   23
144   4   7   16
144   4   8   14
145   1   1   11
145   1   2   7
145   1   3   7
145   1   4   7
145   2   1   5
145   2   2   11
145   2   3   10
145   2   4   6
145   3   1   8
145   3   2   7
145   3   3   10
145   3   4   7
145   4   1   17
145   4   2   15
146   1   1   16
146   1   2   27
146   1   3   32
146   1   4   38
146   1   5   27
146   1   6   15
146   2   1   15
146   2   2   26
146   2   3   36
146   2   4   34
146   2   5   31
146   2   6   13
146   3   1   18
146   3   2   31
146   3   3   31
146   3   4   32
146   3   5   23
146   3   6   14
146   3   7   6
146   4   1   24
146   4   2   28
146   4   3   28
146   4   4   30
146   4   5   19
146   4   6   17
146   4   7   9
147   1   1   13
147   1   2   22
147   1   3   28
147   1   4   29
147   1   5   21
147   1   6   13
147   2   1   16
147   2   2   21
147   2   3   26
147   2   4   26
147   2   5   22
147   2   6   15
147   3   1   5
147   3   2   14
147   3   3   18
147   3   4   25
147   3   5   26
147   3   6   21
147   3   7   17
147   4   1   27
147   4   2   33
147   4   3   39
147   4   4   27
148   1   1   5
148   1   2   18
148   1   3   33
148   1   4   37
148   1   5   35
148   1   6   34
148   1   7   27
148   2   1   25
148   2   2   34
148   2   3   35
148   2   4   35
148   2   5   35
148   2   6   25
148   3   1   14
148   3   2   42
148   3   3   48
148   3   4   31
148   3   5   30
148   3   6   18
148   3   7   6
148   4   1   15
148   4   2   18
148   4   3   28
148   4   4   33
148   4   5   35
148   4   6   26
148   4   7   20
148   4   8   9
148   4   9   5
149   1   1   6
149   1   2   10
149   1   3   30
149   1   4   32
149   1   5   30
149   1   6   15
149   1   7   20
149   1   8   5
149   2   1   21
149   2   2   21
149   2   3   31
149   2   4   35
149   2   5   23
149   2   6   10
149   2   7   7
149   3   1   19
149   3   2   29
149   3   3   30
149   3   4   25
149   3   5   24
149   3   6   21
149   4   1   9
149   4   2   25
149   4   3   40
149   4   4   38
149   4   5   27
149   4   6   9
150   1   1   17
150   1   2   11
150   1   3   9
150   1   4   9
150   1   5   6
150   2   1   12
150   2   2   15
150   2   3   13
150   2   4   12
150   3   1   12
150   3   2   13
150   3   3   15
150   3   4   12
150   4   1   10
150   4   2   15
150   4   3   16
150   4   4   11
151   1   1   13
151   1   2   7
151   1   3   5
151   2   1   4
151   2   2   6
151   2   3   10
151   2   4   5
151   3   1   4
151   3   2   9
151   3   3   7
151   3   4   5
151   4   1   3
151   4   2   11
151   4   3   8
151   4   4   3
152   1   1   8
152   1   2   15
152   1   3   21
152   1   4   25
152   1   5   15
152   1   6   8
152   2   1   8
152   2   2   16
152   2   3   21
152   2   4   22
152   2   5   18
152   2   6   7
152   3   1   20
152   3   2   27
152   3   3   28
152   3   4   17
152   4   1   7
152   4   2   15
152   4   3   24
152   4   4   24
152   4   5   15
152   4   6   7
153   1   1   6
153   1   2   8
153   1   3   7
153   1   4   5
153   2   1   14
153   2   2   12
153   3   1   13
153   3   2   13
153   4   1   9
153   4   2   10
153   4   3   7
154   1   1   23
154   1   2   12
154   1   3   6
154   2   1   8
154   2   2   12
154   2   3   11
154   2   4   10
154   3   1   8
154   3   2   12
154   3   3   13
154   3   4   8
154   4   1   8
154   4   2   12
154   4   3   13
154   4   4   8
155   1   1   8
155   1   2   16
155   1   3   14
155   1   4   8
155   2   1   8
155   2   2   15
155   2   3   17
155   2   4   6
155   3   1   10
155   3   2   13
155   3   3   12
155   3   4   11
155   4   1   10
155   4   2   14
155   4   3   12
155   4   4   10
156   1   1   11
156   1   2   17
156   1   3   19
156   1   4   14
156   2   1   13
156   2   2   18
156   2   3   16
156   2   4   14
156   3   1   11
156   3   2   21
156   3   3   18
156   3   4   11
156   4   1   5
156   4   2   13
156   4   3   12
156   4   4   14
156   4   5   17
157   1   1   16
157   1   2   16
157   1   3   16
157   1   4   16
157   2   1   5
157   2   2   13
157   2   3   13
157   2   4   14
157   2   5   19
157   3   1   13
157   3   2   19
157   3   3   17
157   3   4   15
157   4   1   11
157   4   2   21
157   4   3   19
157   4   4   13
158   1   1   15
158   1   2   16
158   2   1   6
158   2   2   9
158   2   3   10
158   2   4   6
158   3   1   6
158   3   2   10
158   3   3   10
158   3   4   5
158   4   1   7
158   4   2   7
158   4   3   11
158   4   4   6
159   1   1   8
159   1   2   12
159   1   3   19
159   1   4   15
159   1   5   14
159   1   6   8
159   2   1   14
159   2   2   23
159   2   3   25
159   2   4   14
159   3   1   8
159   3   2   9
159   3   3   17
159   3   4   21
159   3   5   21
159   4   1   8
159   4   2   12
159   4   3   18
159   4   4   17
159   4   5   15
159   4   6   6
160   1   1   9
160   1   2   9
160   1   3   19
160   1   4   18
160   1   5   15
160   1   6   6
160   2   1   18
160   2   2   20
160   2   3   22
160   2   4   16
160   3   1   16
160   3   2   23
160   3   3   20
160   3   4   17
160   4   1   7
160   4   2   14
160   4   3   17
160   4   4   18
160   4   5   13
160   4   6   7
161   1   1   5
161   1   2   14
161   1   3   21
161   1   4   24
161   1   5   20
161   2   1   20
161   2   2   22
161   2   3   23
161   2   4   13
161   2   5   6
161   3   1   6
161   3   2   13
161   3   3   21
161   3   4   25
161   3   5   19
161   4   1   14
161   4   2   21
161   4   3   23
161   4   4   16
161   4   5   7
161   4   6   3
162   1   1   5
162   1   2   21
162   1   3   35
162   1   4   28
162   1   5   15
162   1   6   9
162   2   1   10
162   2   2   19
162   2   3   27
162   2   4   28
162   2   5   20
162   2   6   9
162   3   1   14
162   3   2   17
162   3   3   21
162   3   4   25
162   3   5   27
162   3   6   9
162   4   1   11
162   4   2   24
162   4   3   21
162   4   4   26
162   4   5   18
162   4   6   13
163   1   1   5
163   1   2   23
163   1   3   39
163   1   4   44
163   1   5   40
163   1   6   29
163   1   7   19
163   1   8   13
163   2   1   13
163   2   2   17
163   2   3   29
163   2   4   41
163   2   5   47
163   2   6   39
163   2   7   20
163   2   8   6
163   3   1   5
163   3   2   21
163   3   3   34
163   3   4   44
163   3   5   44
163   3   6   42
163   3   7   22
163   4   1   14
163   4   2   22
163   4   3   33
163   4   4   40
163   4   5   35
163   4   6   28
163   4   7   26
163   4   8   14
164   1   1   6
164   1   2   14
164   1   3   24
164   1   4   17
164   1   5   14
164   1   6   7
164   2   1   23
164   2   2   18
164   2   3   21
164   2   4   14
164   2   5   6
164   3   1   5
164   3   2   15
164   3   3   22
164   3   4   21
164   3   5   19
164   4   1   18
164   4   2   22
164   4   3   25
164   4   4   17
165   1   1   8
165   1   2   17
165   1   3   19
165   1   4   17
165   1   5   18
165   1   6   8
165   2   1   17
165   2   2   28
165   2   3   25
165   2   4   17
165   3   1   11
165   3   2   10
165   3   3   22
165   3   4   19
165   3   5   18
165   3   6   7
165   4   1   22
165   4   2   24
165   4   3   19
165   4   4   16
165   4   5   6
166   1   1   5
166   1   2   9
166   1   3   14
166   2   1   6
166   2   2   8
166   2   3   8
166   2   4   6
166   3   1   14
166   3   2   14
166   4   1   13
166   4   2   15
167   1   1   20
167   1   2   21
167   2   1   11
167   2   2   10
167   2   3   9
167   2   4   11
167   3   1   9
167   3   2   11
167   3   3   12
167   3   4   9
167   4   1   6
167   4   2   16
167   4   3   11
167   4   4   8
168   1   1   5
168   1   2   10
168   1   3   14
168   1   4   17
168   1   5   16
168   2   1   12
168   2   2   19
168   2   3   20
168   2   4   11
168   3   1   17
168   3   2   15
168   3   3   13
168   3   4   12
168   3   5   5
168   4   1   5
168   4   2   9
168   4   3   18
168   4   4   16
168   4   5   8
168   4   6   6
169   1   1   10
169   1   2   16
169   1   3   20
169   1   4   19
169   1   5   17
169   1   6   9
169   2   1   6
169   2   2   15
169   2   3   22
169   2   4   23
169   2   5   19
169   2   6   6
169   3   1   8
169   3   2   16
169   3   3   21
169   3   4   20
169   3   5   19
169   3   6   7
169   4   1   21
169   4   2   23
169   4   3   26
169   4   4   21
170   1   1   7
170   1   2   20
170   1   3   22
170   1   4   26
170   1   5   19
170   1   6   7
170   2   1   8
170   2   2   19
170   2   3   25
170   2   4   24
170   2   5   17
170   2   6   8
170   3   1   9
170   3   2   21
170   3   3   22
170   3   4   22
170   3   5   18
170   3   6   9
170   4   1   7
170   4   2   20
170   4   3   22
170   4   4   26
170   4   5   20
170   4   6   6
171   1   1   6
171   1   2   17
171   1   3   26
171   1   4   40
171   1   5   45
171   1   6   40
171   1   7   16
171   2   1   7
171   2   2   24
171   2   3   34
171   2   4   35
171   2   5   30
171   2   6   25
171   2   7   18
171   2   8   11
171   2   9   6
171   3   1   6
171   3   2   21
171   3   3   32
171   3   4   40
171   3   5   32
171   3   6   32
171   3   7   19
171   3   8   8
171   4   1   17
171   4   2   35
171   4   3   45
171   4   4   42
171   4   5   32
171   4   6   19
172   1   1   16
172   1   2   23
172   1   3   24
172   1   4   25
172   1   5   18
172   1   6   12
172   1   7   6
172   2   1   7
172   2   2   21
172   2   3   34
172   2   4   33
172   2   5   29
172   3   1   5
172   3   2   12
172   3   3   20
172   3   4   26
172   3   5   24
172   3   6   20
172   3   7   17
172   4   1   7
172   4   2   27
172   4   3   32
172   4   4   27
172   4   5   19
172   4   6   12
173   1   1   11
173   1   2   26
173   1   3   36
173   1   4   42
173   1   5   28
173   1   6   8
173   2   1   13
173   2   2   26
173   2   3   30
173   2   4   40
173   2   5   32
173   2   6   10
173   3   1   5
173   3   2   22
173   3   3   22
173   3   4   27
173   3   5   27
173   3   6   21
173   3   7   18
173   3   8   9
173   4   1   10
173   4   2   23
173   4   3   25
173   4   4   26
173   4   5   19
173   4   6   16
173   4   7   13
173   4   8   9
173   4   9   10
174   1   1   14
174   1   2   28
174   1   3   34
174   1   4   37
174   1   5   32
174   1   6   11
174   2   1   18
174   2   2   27
174   2   3   32
174   2   4   37
174   2   5   24
174   2   6   18
174   3   1   15
174   3   2   29
174   3   3   36
174   3   4   30
174   3   5   30
174   3   6   16
174   4   1   25
174   4   2   28
174   4   3   25
174   4   4   31
174   4   5   25
174   4   6   12
174   4   7   10
175   1   1   11
175   1   2   12
175   1   3   15
175   1   4   21
175   1   5   22
175   1   6   16
175   1   7   11
175   1   8   8
175   2   1   10
175   2   2   17
175   2   3   28
175   2   4   32
175   2   5   22
175   2   6   7
175   3   1   8
175   3   2   26
175   3   3   27
175   3   4   26
175   3   5   18
175   3   6   11
175   4   1   6
175   4   2   20
175   4   3   33
175   4   4   30
175   4   5   21
175   4   6   6
176   1   1   9
176   1   2   16
176   1   3   21
176   1   4   24
176   1   5   17
176   1   6   8
176   2   1   9
176   2   2   11
176   2   3   26
176   2   4   25
176   2   5   17
176   2   6   7
176   3   1   10
176   3   2   16
176   3   3   20
176   3   4   21
176   3   5   20
176   3   6   8
176   4   1   20
176   4   2   27
176   4   3   29
176   4   4   19
177   1   1   10
177   1   2   20
177   1   3   19
177   1   4   10
177   2   1   15
177   2   2   16
177   2   3   15
177   2   4   13
177   3   1   15
177   3   2   15
177   3   3   15
177   3   4   14
177   4   1   14
177   4   2   18
177   4   3   14
177   4   4   8
177   4   5   5
178   1   1   14
178   1   2   22
178   1   3   21
178   1   4   15
178   2   1   17
178   2   2   19
178   2   3   19
178   2   4   17
178   3   1   5
178   3   2   14
178   3   3   17
178   3   4   18
178   3   5   11
178   3   6   7
178   4   1   6
178   4   2   13
178   4   3   17
178   4   4   16
178   4   5   20
179   1   1   17
179   1   2   10
179   1   3   13
179   1   4   9
179   1   5   6
179   2   1   3
179   2   2   5
179   2   3   7
179   2   4   10
179   2   5   13
179   2   6   10
179   2   7   7
179   3   1   9
179   3   2   18
179   3   3   19
179   3   4   9
179   4   1   8
179   4   2   12
179   4   3   35
180   1   1   14
180   1   2   29
180   1   3   32
180   1   4   13
180   2   1   9
180   2   2   17
180   2   3   19
180   2   4   19
180   2   5   15
180   2   6   9
180   3   1   9
180   3   2   17
180   3   3   20
180   3   4   17
180   3   5   15
180   3   6   10
180   4   1   8
180   4   2   15
180   4   3   22
180   4   4   18
180   4   5   18
180   4   6   7
181   1   1   11
181   1   2   20
181   1   3   30
181   1   4   31
181   1   5   27
181   1   6   7
181   2   1   12
181   2   2   23
181   2   3   28
181   2   4   31
181   2   5   18
181   2   6   14
181   3   1   11
181   3   2   24
181   3   3   30
181   3   4   28
181   3   5   19
181   3   6   14
181   4   1   13
181   4   2   20
181   4   3   30
181   4   4   26
181   4   5   25
181   4   6   12
182   1   1   16
182   1   2   21
182   1   3   29
182   1   4   24
182   1   5   15
182   1   6   12
182   1   7   6
182   2   1   12
182   2   2   21
182   2   3   27
182   2   4   32
182   2   5   19
182   2   6   12
182   3   1   9
182   3   2   14
182   3   3   16
182   3   4   19
182   3   5   19
182   3   6   28
182   3   7   18
182   4   1   20
182   4   2   18
182   4   3   21
182   4   4   23
182   4   5   26
182   4   6   15
183   1   1   7
183   1   2   17
183   1   3   21
183   1   4   20
183   1   5   20
183   1   6   13
183   2   1   7
183   2   2   18
183   2   3   26
183   2   4   23
183   2   5   16
183   2   6   8
183   3   1   6
183   3   2   16
183   3   3   24
183   3   4   29
183   3   5   23
183   4   1   5
183   4   2   19
183   4   3   24
183   4   4   27
183   4   5   17
183   4   6   6
184   1   1   14
184   1   2   22
184   1   3   28
184   1   4   36
184   1   5   39
184   1   6   39
184   1   7   24
184   1   8   9
184   2   1   10
184   2   2   28
184   2   3   32
184   2   4   39
184   2   5   34
184   2   6   34
184   2   7   18
184   2   8   13
184   2   9   3
184   3   1   31
184   3   2   38
184   3   3   40
184   3   4   37
184   3   5   33
184   3   6   25
184   3   7   7
184   4   1   17
184   4   2   42
184   4   3   48
184   4   4   44
184   4   5   39
184   4   6   21
185   1   1   7
185   1   2   10
185   1   3   9
185   1   4   9
185   1   5   12
185   1   6   7
185   2   1   2
185   2   2   4
185   2   3   19
185   2   4   21
185   2   5   8
185   3   1   15
185   3   2   11
185   3   3   16
185   3   4   8
185   3   5   4
185   4   1   12
185   4   2   14
185   4   3   16
185   4   4   12
186   1   1   5
186   1   2   13
186   1   3   12
186   1   4   11
186   1   5   11
186   1   6   6
186   2   1   15
186   2   2   13
186   2   3   17
186   2   4   13
186   3   1   6
186   3   2   10
186   3   3   13
186   3   4   12
186   3   5   12
186   3   6   5
186   4   1   7
186   4   2   23
186   4   3   22
186   4   4   6
187   1   1   10
187   1   2   13
187   1   3   14
187   1   4   10
187   2   1   6
187   2   2   17
187   2   3   18
187   2   4   6
187   3   1   10
187   3   2   13
187   3   3   12
187   3   4   12
187   4   1   10
187   4   2   15
187   4   3   11
187   4   4   11
188   1   1   16
188   1   2   23
188   1   3   20
188   1   4   16
188   2   1   16
188   2   2   22
188   2   3   21
188   2   4   10
188   2   5   6
188   3   1   19
188   3   2   20
188   3   3   18
188   3   4   13
188   3   5   5
188   4   1   15
188   4   2   21
188   4   3   24
188   4   4   15
189   1   1   7
189   1   2   16
189   1   3   16
189   1   4   15
189   1   5   13
189   1   6   9
189   2   1   14
189   2   2   23
189   2   3   23
189   2   4   16
189   3   1   16
189   3   2   27
189   3   3   14
189   3   4   19
189   4   1   19
189   4   2   19
189   4   3   19
189   4   4   13
189   4   5   6
190   1   1   7
190   1   2   24
190   1   3   32
190   1   4   34
190   1   5   23
190   1   6   7
190   2   1   19
190   2   2   20
190   2   3   24
190   2   4   27
190   2   5   17
190   2   6   15
190   2   7   5
190   3   1   7
190   3   2   26
190   3   3   32
190   3   4   32
190   3   5   22
190   3   6   8
190   4   1   14
190   4   2   27
190   4   3   28
190   4   4   23
190   4   5   16
190   4   6   11
190   4   7   8
191   1   1   5
191   1   2   12
191   1   3   31
191   1   4   31
191   1   5   31
191   1   6   28
191   1   7   20
191   2   1   15
191   2   2   24
191   2   3   36
191   2   4   33
191   2   5   30
191   2   6   20
191   3   1   5
191   3   2   18
191   3   3   27
191   3   4   28
191   3   5   30
191   3   6   25
191   3   7   20
191   3   8   5
191   4   1   14
191   4   2   28
191   4   3   36
191   4   4   36
191   4   5   32
191   4   6   12
192   1   1   26
192   1   2   34
192   1   3   31
192   1   4   28
192   2   1   11
192   2   2   21
192   2   3   28
192   2   4   25
192   2   5   23
192   2   6   11
192   3   1   8
192   3   2   17
192   3   3   16
192   3   4   20
192   3   5   16
192   3   6   17
192   3   7   15
192   3   8   10
192   4   1   11
192   4   2   17
192   4   3   32
192   4   4   30
192   4   5   19
192   4   6   10
193   1   1   12
193   1   2   29
193   1   3   35
193   1   4   34
193   1   5   35
193   1   6   26
193   1   7   20
193   1   8   23
193   2   1   18
193   2   2   21
193   2   3   22
193   2   4   40
193   2   5   42
193   2   6   36
193   2   7   26
193   2   8   9
193   3   1   5
193   3   2   19
193   3   3   37
193   3   4   49
193   3   5   45
193   3   6   33
193   3   7   15
193   3   8   11
193   4   1   8
193   4   2   17
193   4   3   33
193   4   4   53
193   4   5   42
193   4   6   32
193   4   7   21
193   4   8   8
194   1   1   13
194   1   2   19
194   1   3   21
194   1   4   14
194   2   1   14
194   2   2   22
194   2   3   19
194   2   4   12
194   3   1   16
194   3   2   16
194   3   3   20
194   3   4   10
194   3   5   5
194   4   1   18
194   4   2   17
194   4   3   15
194   4   4   11
194   4   5   6
195   1   1   9
195   1   2   13
195   1   3   14
195   1   4   9
195   2   1   9
195   2   2   15
195   2   3   12
195   2   4   9
195   3   1   6
195   3   2   18
195   3   3   16
195   3   4   5
195   4   1   11
195   4   2   15
195   4   3   10
195   4   4   6
195   4   5   3
196   1   1   7
196   1   2   14
196   1   3   18
196   1   4   21
196   1   5   16
196   1   6   6
196   2   1   10
196   2   2   10
196   2   3   23
196   2   4   17
196   2   5   13
196   2   6   9
196   3   1   18
196   3   2   23
196   3   3   23
196   3   4   18
196   4   1   16
196   4   2   27
196   4   3   24
196   4   4   15
197   1   1   11
197   1   2   13
197   1   3   16
197   1   4   10
197   2   1   9
197   2   2   17
197   2   3   15
197   2   4   9
197   3   1   10
197   3   2   15
197   3   3   13
197   3   4   12
197   4   1   11
197   4   2   16
197   4   3   14
197   4   4   9
198   1   1   12
198   1   2   22
198   1   3   34
198   1   4   33
198   1   5   23
198   1   6   13
198   2   1   10
198   2   2   26
198   2   3   34
198   2   4   35
198   2   5   22
198   2   6   10
198   3   1   20
198   3   2   22
198   3   3   25
198   3   4   27
198   3   5   22
198   3   6   15
198   3   7   6
198   4   1   13
198   4   2   21
198   4   3   33
198   4   4   39
198   4   5   18
198   4   6   13
199   1   1   5
199   1   2   9
199   1   3   18
199   2   1   5
199   2   2   8
199   2   3   10
199   2   4   9
199   3   1   17
199   3   2   12
199   3   3   3
199   4   1   6
199   4   2   12
199   4   3   8
199   4   4   6
200   1   1   5
200   1   2   18
200   1   3   24
200   1   4   20
200   1   5   14
200   1   6   7
200   2   1   13
200   2   2   15
200   2   3   15
200   2   4   18
200   2   5   14
200   2   6   13
200   3   1   19
200   3   2   28
200   3   3   29
200   3   4   12
200   4   1   5
200   4   2   17
200   4   3   23
200   4   4   20
200   4   5   16
200   4   6   7
201   1   1   11
201   1   2   21
201   1   3   23
201   1   4   10
201   2   1   7
201   2   2   9
201   2   3   13
201   2   4   19
201   2   5   17
201   3   1   9
201   3   2   18
201   3   3   31
201   3   4   7
201   4   1   10
201   4   2   9
201   4   3   15
201   4   4   11
201   4   5   10
201   4   6   10
202   1   1   12
202   1   2   11
202   2   1   5
202   2   2   8
202   2   3   5
202   2   4   5
202   3   1   12
202   3   2   11
202   4   1   14
202   4   2   9
203   1   1   19
203   1   2   22
203   1   3   29
203   1   4   32
203   1   5   23
203   1   6   11
203   1   7   6
203   2   1   11
203   2   2   28
203   2   3   33
203   2   4   34
203   2   5   22
203   2   6   14
203   3   1   7
203   3   2   32
203   3   3   34
203   3   4   35
203   3   5   20
203   3   6   14
203   4   1   6
203   4   2   15
203   4   3   22
203   4   4   26
203   4   5   28
203   4   6   28
203   4   7   12
203   4   8   5
204   1   1   13
204   1   2   20
204   1   3   19
204   1   4   13
204   2   1   15
204   2   2   18
204   2   3   17
204   2   4   10
204   2   5   5
204   3   1   14
204   3   2   21
204   3   3   15
204   3   4   15
204   4   1   14
204   4   2   19
204   4   3   18
204   4   4   14
205   1   1   14
205   1   2   24
205   1   3   28
205   1   4   30
205   1   5   36
205   1   6   40
205   1   7   30
205   2   1   11
205   2   2   17
205   2   3   34
205   2   4   38
205   2   5   36
205   2   6   35
205   2   7   22
205   2   8   9
205   3   1   27
205   3   2   37
205   3   3   42
205   3   4   35
205   3   5   32
205   3   6   22
205   3   7   7
205   4   1   7
205   4   2   22
205   4   3   32
205   4   4   42
205   4   5   42
205   4   6   30
205   4   7   16
205   4   8   11
206   1   1   8
206   1   2   15
206   1   3   11
206   1   4   9
206   2   1   6
206   2   2   15
206   2   3   16
206   2   4   6
206   3   1   6
206   3   2   16
206   3   3   14
206   3   4   7
206   4   1   8
206   4   2   12
206   4   3   13
206   4   4   10
207   1   1   18
207   1   2   20
207   1   3   18
207   1   4   18
207   2   1   14
207   2   2   23
207   2   3   21
207   2   4   16
207   3   1   17
207   3   2   19
207   3   3   18
207   3   4   14
207   3   5   6
207   4   1   6
207   4   2   11
207   4   3   17
207   4   4   23
207   4   5   17
208   1   1   14
208   1   2   21
208   1   3   28
208   1   4   21
208   1   5   26
208   1   6   12
208   2   1   6
208   2   2   21
208   2   3   34
208   2   4   35
208   2   5   21
208   2   6   5
208   3   1   6
208   3   2   11
208   3   3   21
208   3   4   22
208   3   5   24
208   3   6   18
208   3   7   15
208   3   8   5
208   4   1   6
208   4   2   25
208   4   3   32
208   4   4   29
208   4   5   20
208   4   6   10
209   1   1   9
209   1   2   16
209   1   3   25
209   1   4   27
209   1   5   20
209   1   6   6
209   2   1   9
209   2   2   17
209   2   3   26
209   2   4   23
209   2   5   20
209   2   6   8
209   3   1   7
209   3   2   20
209   3   3   24
209   3   4   25
209   3   5   17
209   3   6   10
209   4   1   9
209   4   2   21
209   4   3   21
209   4   4   24
209   4   5   20
209   4   6   8
210   1   1   14
210   1   2   21
210   1   3   17
210   1   4   15
210   2   1   5
210   2   2   13
210   2   3   18
210   2   4   14
210   2   5   11
210   2   6   6
210   3   1   14
210   3   2   18
210   3   3   22
210   3   4   13
210   4   1   6
210   4   2   11
210   4   3   14
210   4   4   16
210   4   5   20
211   1   1   5
211   1   2   18
211   1   3   18
211   1   4   19
211   1   5   18
211   1   6   5
211   2   1   9
211   2   2   15
211   2   3   19
211   2   4   25
211   2   5   15
211   3   1   6
211   3   2   13
211   3   3   21
211   3   4   21
211   3   5   22
211   4   1   5
211   4   2   13
211   4   3   24
211   4   4   22
211   4   5   14
211   4   6   5
212   1   1   28
212   1   2   14
212   1   3   30
212   1   4   12
212   1   5   7
212   2   1   5
212   2   2   17
212   2   3   26
212   2   4   21
212   2   5   14
212   2   6   8
212   3   1   7
212   3   2   17
212   3   3   23
212   3   4   20
212   3   5   14
212   3   6   10
212   4   1   9
212   4   2   10
212   4   3   27
212   4   4   23
212   4   5   16
212   4   6   6
213   1   1   9
213   1   2   25
213   1   3   23
213   1   4   10
213   2   1   7
213   2   2   15
213   2   3   9
213   2   4   20
213   2   5   9
213   2   6   7
213   3   1   5
213   3   2   12
213   3   3   17
213   3   4   17
213   3   5   11
213   3   6   5
213   4   1   9
213   4   2   12
213   4   3   15
213   4   4   11
213   4   5   9
213   4   6   11
214   1   1   10
214   1   2   20
214   1   3   28
214   1   4   29
214   1   5   25
214   1   6   9
214   2   1   12
214   2   2   18
214   2   3   28
214   2   4   32
214   2   5   23
214   2   6   8
214   3   1   12
214   3   2   23
214   3   3   26
214   3   4   22
214   3   5   22
214   3   6   16
214   4   1   11
214   4   2   21
214   4   3   27
214   4   4   28
214   4   5   26
214   4   6   8
215   1   1   11
215   1   2   22
215   1   3   22
215   1   4   28
215   1   5   13
215   1   6   14
215   2   1   10
215   2   2   17
215   2   3   26
215   2   4   27
215   2   5   23
215   2   6   7
215   3   1   5
215   3   2   20
215   3   3   30
215   3   4   30
215   3   5   18
215   3   6   7
215   4   1   15
215   4   2   22
215   4   3   28
215   4   4   24
215   4   5   21
216   1   1   16
216   1   2   15
216   1   3   33
216   1   4   31
216   1   5   31
216   1   6   7
216   2   1   10
216   2   2   15
216   2   3   20
216   2   4   24
216   2   5   20
216   2   6   18
216   2   7   14
216   2   8   12
216   3   1   12
216   3   2   18
216   3   3   32
216   3   4   34
216   3   5   30
216   3   6   7
216   4   1   14
216   4   2   27
216   4   3   33
216   4   4   21
216   4   5   19
216   4   6   14
216   4   7   5
217   1   1   6
217   1   2   13
217   1   3   23
217   1   4   30
217   1   5   36
217   1   6   28
217   1   7   17
217   2   1   8
217   2   2   14
217   2   3   26
217   2   4   31
217   2   5   27
217   2   6   21
217   2   7   18
217   2   8   8
217   3   1   11
217   3   2   23
217   3   3   38
217   3   4   45
217   3   5   30
217   3   6   6
217   4   1   5
217   4   2   16
217   4   3   22
217   4   4   33
217   4   5   32
217   4   6   25
217   4   7   15
217   4   8   5
218   1   1   11
218   1   2   10
218   1   3   14
218   1   4   14
218   1   5   15
218   1   6   10
218   2   1   14
218   2   2   24
218   2   3   23
218   2   4   13
218   3   1   17
218   3   2   19
218   3   3   25
218   3   4   8
218   3   5   5
218   4   1   5
218   4   2   13
218   4   3   22
218   4   4   16
218   4   5   11
218   4   6   7
219   1   1   8
219   1   2   13
219   1   3   22
219   1   4   12
219   1   5   18
219   1   6   7
219   2   1   6
219   2   2   12
219   2   3   21
219   2   4   23
219   2   5   13
219   2   6   5
219   3   1   16
219   3   2   23
219   3   3   21
219   3   4   14
219   3   5   6
219   4   1   15
219   4   2   20
219   4   3   29
219   4   4   16
220   1   1   10
220   1   2   12
220   1   3   12
220   1   4   11
220   2   1   8
220   2   2   13
220   2   3   17
220   2   4   7
220   3   1   10
220   3   2   12
220   3   3   14
220   3   4   9
220   4   1   10
220   4   2   11
220   4   3   16
220   4   4   8
221   1   1   5
221   1   2   10
221   1   3   17
221   1   4   20
221   1   5   26
221   1   6   22
221   1   7   12
221   2   1   7
221   2   2   19
221   2   3   25
221   2   4   38
221   2   5   23
221   3   1   6
221   3   2   17
221   3   3   19
221   3   4   18
221   3   5   14
221   3   6   16
221   3   7   10
221   3   8   12
221   4   1   28
221   4   2   33
221   4   3   26
221   4   4   15
221   4   5   10
222   1   1   12
222   1   2   11
222   1   3   10
222   1   4   13
222   2   1   15
222   2   2   12
222   2   3   7
222   2   4   6
222   2   5   2
222   2   6   4
222   3   1   9
222   3   2   17
222   3   3   10
222   3   4   10
222   4   1   6
222   4   2   18
222   4   3   15
222   4   4   7
223   1   1   14
223   1   2   8
223   1   3   11
223   1   4   12
223   2   1   6
223   2   2   16
223   2   3   18
223   2   4   5
223   3   1   11
223   3   2   11
223   3   3   12
223   3   4   11
223   4   1   10
223   4   2   10
223   4   3   16
223   4   4   9
224   1   1   9
224   1   2   14
224   1   3   18
224   2   1   8
224   2   2   12
224   2   3   13
224   2   4   8
224   3   1   9
224   3   2   11
224   3   3   15
224   3   4   6
224   4   1   8
224   4   2   12
224   4   3   12
224   4   4   9
225   1   1   15
225   1   2   11
225   1   3   15
225   1   4   16
225   2   1   11
225   2   2   17
225   2   3   19
225   2   4   10
225   3   1   17
225   3   2   17
225   3   3   14
225   3   4   9
225   4   1   14
225   4   2   14
225   4   3   18
225   4   4   11
226   1   1   23
226   1   2   16
226   1   3   29
226   1   4   11
226   1   5   6
226   2   1   6
226   2   2   14
226   2   3   22
226   2   4   21
226   2   5   17
226   2   6   5
226   3   1   20
226   3   2   23
226   3   3   24
226   3   4   13
226   3   5   5
226   4   1   19
226   4   2   23
226   4   3   23
226   4   4   20
227   1   1   15
227   1   2   23
227   1   3   24
227   1   4   14
227   2   1   5
227   2   2   11
227   2   3   19
227   2   4   21
227   2   5   20
227   3   1   5
227   3   2   12
227   3   3   19
227   3   4   25
227   3   5   11
227   3   6   4
227   4   1   5
227   4   2   4
227   4   3   12
227   4   4   15
227   4   5   17
227   4   6   14
227   4   7   9
228   1   1   7
228   1   2   19
228   1   3   26
228   1   4   29
228   1   5   21
228   1   6   6
228   2   1   11
228   2   2   22
228   2   3   27
228   2   4   18
228   2   5   14
228   2   6   10
228   2   7   6
228   3   1   8
228   3   2   20
228   3   3   26
228   3   4   25
228   3   5   21
228   3   6   8
228   4   1   27
228   4   2   30
228   4   3   25
228   4   4   17
228   4   5   9
229   1   1   9
229   1   2   20
229   1   3   20
229   1   4   11
229   2   1   12
229   2   2   19
229   2   3   15
229   2   4   14
229   3   1   13
229   3   2   18
229   3   3   16
229   3   4   13
229   4   1   18
229   4   2   13
229   4   3   14
229   4   4   10
229   4   5   5
230   1   1   11
230   1   2   7
230   1   3   5
230   2   1   12
230   2   2   11
230   3   1   12
230   3   2   11
230   4   1   12
230   4   2   11
231   1   1   24
231   1   2   31
231   1   3   29
231   1   4   16
231   1   5   5
231   2   1   7
231   2   2   18
231   2   3   28
231   2   4   25
231   2   5   19
231   2   6   8
231   3   1   11
231   3   2   17
231   3   3   25
231   3   4   25
231   3   5   14
231   3   6   13
231   4   1   17
231   4   2   18
231   4   3   24
231   4   4   23
231   4   5   18
231   4   6   5
232   1   1   11
232   1   2   21
232   1   3   29
232   1   4   33
232   1   5   19
232   1   6   12
232   2   1   9
232   2   2   27
232   2   3   29
232   2   4   25
232   2   5   21
232   2   6   14
232   3   1   13
232   3   2   21
232   3   3   27
232   3   4   30
232   3   5   23
232   3   6   11
232   4   1   11
232   4   2   21
232   4   3   31
232   4   4   28
232   4   5   23
232   4   6   11
233   1   1   4
233   1   2   8
233   1   3   13
233   1   4   14
233   1   5   14
233   1   6   17
233   1   7   11
233   2   1   5
233   2   2   15
233   2   3   22
233   2   4   21
233   2   5   12
233   2   6   6
233   3   1   8
233   3   2   15
233   3   3   19
233   3   4   20
233   3   5   14
233   3   6   5
233   4   1   15
233   4   2   26
233   4   3   25
233   4   4   15
234   1   1   15
234   1   2   22
234   1   3   23
234   1   4   24
234   1   5   20
234   1   6   16
234   2   1   7
234   2   2   23
234   2   3   29
234   2   4   32
234   2   5   29
234   3   1   13
234   3   2   21
234   3   3   25
234   3   4   26
234   3   5   24
234   3   6   11
234   4   1   5
234   4   2   27
234   4   3   28
234   4   4   29
234   4   5   23
234   4   6   8
235   1   1   6
235   1   2   17
235   1   3   24
235   1   4   21
235   1   5   15
235   1   6   8
235   2   1   8
235   2   2   14
235   2   3   23
235   2   4   23
235   2   5   15
235   2   6   8
235   3   1   5
235   3   2   17
235   3   3   23
235   3   4   24
235   3   5   16
235   3   6   6
235   4   1   23
235   4   2   28
235   4   3   18
235   4   4   15
235   4   5   7
236   1   1   7
236   1   2   15
236   1   3   28
236   1   4   23
236   1   5   17
236   1   6   7
236   2   1   24
236   2   2   23
236   2   3   28
236   2   4   22
236   3   1   24
236   3   2   28
236   3   3   21
236   3   4   17
236   3   5   7
236   4   1   6
236   4   2   14
236   4   3   20
236   4   4   23
236   4   5   20
236   4   6   14
237   1   1   13
237   1   2   19
237   1   3   20
237   1   4   17
237   1   5   14
237   1   6   11
237   1   7   5
237   2   1   20
237   2   2   28
237   2   3   30
237   2   4   21
237   3   1   7
237   3   2   18
237   3   3   25
237   3   4   25
237   3   5   17
237   3   6   7
237   4   1   15
237   4   2   16
237   4   3   16
237   4   4   20
237   4   5   18
237   4   6   14
238   1   1   7
238   1   2   29
238   1   3   43
238   1   4   43
238   1   5   48
238   1   6   36
238   1   7   23
238   1   8   13
238   2   1   13
238   2   2   21
238   2   3   40
238   2   4   48
238   2   5   51
238   2   6   35
238   2   7   21
238   2   8   13
238   3   1   7
238   3   2   25
238   3   3   42
238   3   4   55
238   3   5   42
238   3   6   34
238   3   7   26
238   3   8   11
238   4   1   6
238   4   2   12
238   4   3   22
238   4   4   32
238   4   5   42
238   4   6   46
238   4   7   42
238   4   8   25
238   4   9   15
239   1   1   11
239   1   2   15
239   1   3   12
239   1   4   11
239   2   1   15
239   2   2   10
239   2   3   12
239   2   4   12
239   3   1   7
239   3   2   18
239   3   3   18
239   3   4   6
239   4   1   9
239   4   2   14
239   4   3   14
239   4   4   12
240   1   1   13
240   1   2   15
240   1   3   18
240   1   4   16
240   1   5   14
240   1   6   7
240   1   7   5
240   2   1   8
240   2   2   14
240   2   3   22
240   2   4   22
240   2   5   15
240   2   6   7
240   3   1   17
240   3   2   25
240   3   3   30
240   3   4   16
240   4   1   13
240   4   2   14
240   4   3   18
240   4   4   18
240   4   5   13
240   4   6   8
240   4   7   4
241   1   1   9
241   1   2   20
241   1   3   19
241   1   4   5
241   2   1   11
241   2   2   14
241   2   3   18
241   2   4   10
241   3   1   13
241   3   2   13
241   3   3   16
241   3   4   11
241   4   1   13
241   4   2   13
241   4   3   13
241   4   4   14
242   1   1   10
242   1   2   25
242   1   3   26
242   1   4   35
242   1   5   23
242   1   6   11
242   2   1   11
242   2   2   24
242   2   3   30
242   2   4   29
242   2   5   25
242   2   6   11
242   3   1   8
242   3   2   26
242   3   3   32
242   3   4   31
242   3   5   20
242   3   6   13
242   4   1   19
242   4   2   19
242   4   3   24
242   4   4   29
242   4   5   22
242   4   6   17
243   1   1   14
243   1   2   15
243   1   3   28
243   1   4   24
243   1   5   23
243   1   6   11
243   2   1   17
243   2   2   23
243   2   3   24
243   2   4   20
243   2   5   17
243   2   6   14
243   3   1   11
243   3   2   28
243   3   3   20
243   3   4   22
243   3   5   20
243   3   6   14
243   4   1   25
243   4   2   35
243   4   3   30
243   4   4   25
244   1   1   8
244   1   2   18
244   1   3   7
244   1   4   11
244   2   1   10
244   2   2   13
244   2   3   13
244   2   4   8
244   3   1   11
244   3   2   14
244   3   3   10
244   3   4   7
244   3   5   2
244   4   1   7
244   4   2   17
244   4   3   13
244   4   4   7
245   1   1   8
245   1   2   5
245   1   3   7
245   1   4   6
245   2   1   5
245   2   2   7
245   2   3   10
245   2   4   4
245   3   1   13
245   3   2   13
245   4   1   15
245   4   2   11
246   1   1   21
246   1   2   28
246   1   3   32
246   1   4   21
246   2   1   11
246   2   2   16
246   2   3   25
246   2   4   23
246   2   5   17
246   2   6   10
246   3   1   13
246   3   2   18
246   3   3   19
246   3   4   21
246   3   5   19
246   3   6   12
246   4   1   11
246   4   2   21
246   4   3   22
246   4   4   24
246   4   5   24
247   1   1   6
247   1   2   22
247   1   3   33
247   1   4   31
247   1   5   21
247   1   6   5
247   2   1   15
247   2   2   19
247   2   3   23
247   2   4   26
247   2   5   20
247   2   6   15
247   3   1   10
247   3   2   7
247   3   3   25
247   3   4   24
247   3   5   17
247   3   6   14
247   3   7   11
247   3   8   3
247   3   9   7
247   4   1   8
247   4   2   25
247   4   3   28
247   4   4   28
247   4   5   17
247   4   6   12
248   1   1   20
248   1   2   32
248   1   3   39
248   1   4   44
248   1   5   32
248   1   6   19
248   2   1   7
248   2   2   21
248   2   3   36
248   2   4   35
248   2   5   28
248   2   6   24
248   2   7   22
248   2   8   13
248   3   1   3
248   3   2   4
248   3   3   27
248   3   4   22
248   3   5   45
248   3   6   26
248   3   7   23
248   3   8   30
248   3   9   6
248   4   1   6
248   4   2   17
248   4   3   32
248   4   4   40
248   4   5   35
248   4   6   32
248   4   7   18
248   4   8   6
249   1   1   19
249   1   2   20
249   1   3   30
249   1   4   31
249   1   5   24
249   1   6   17
249   2   1   17
249   2   2   26
249   2   3   28
249   2   4   28
249   2   5   20
249   2   6   14
249   2   7   8
249   3   1   8
249   3   2   26
249   3   3   41
249   3   4   34
249   3   5   19
249   3   6   13
249   4   1   10
249   4   2   29
249   4   3   37
249   4   4   27
249   4   5   21
249   4   6   17
250   1   1   12
250   1   2   21
250   1   3   18
250   1   4   12
250   2   1   13
250   2   2   19
250   2   3   18
250   2   4   13
250   3   1   16
250   3   2   17
250   3   3   16
250   3   4   14
250   4   1   5
250   4   2   12
250   4   3   15
250   4   4   14
250   4   5   12
250   4   6   5
251   1   1   5
251   1   2   26
251   1   3   35
251   1   4   36
251   1   5   32
251   2   1   5
251   2   2   12
251   2   3   23
251   2   4   27
251   2   5   27
251   2   6   23
251   2   7   17
251   3   1   15
251   3   2   25
251   3   3   28
251   3   4   26
251   3   5   23
251   3   6   17
251   4   1   14
251   4   2   26
251   4   3   30
251   4   4   26
251   4   5   22
251   4   6   16
