1   1   1   5
1   1   2   14
1   1   3   24
1   1   4   28
1   1   5   12
1   1   6   5
1   2   1   5
1   2   2   16
1   2   3   22
1   2   4   24
1   2   5   16
1   2   6   5
1   3   1   9
1   3   2   17
1   3   3   21
1   3   4   15
1   3   5   17
1   3   6   9
1   4   1   6
1   4   2   14
1   4   3   22
1   4   4   26
1   4   5   20
2   1   1   10
2   1   2   25
2   1   3   35
2   1   4   31
2   1   5   25
2   1   6   12
2   2   1   13
2   2   2   24
2   2   3   30
2   2   4   31
2   2   5   28
2   2   6   12
2   3   1   14
2   3   2   29
2   3   3   30
2   3   4   29
2   3   5   18
2   3   6   12
2   3   7   6
2   4   1   12
2   4   2   28
2   4   3   30
2   4   4   30
2   4   5   24
2   4   6   14
3   1   1   9
3   1   2   14
3   1   3   21
3   1   4   19
3   1   5   20
3   1   6   5
3   2   1   9
3   2   2   15
3   2   3   20
3   2   4   21
3   2   5   17
3   2   6   6
3   3   1   20
3   3   2   25
3   3   3   25
3   3   4   18
3   4   1   7
3   4   2   16
3   4   3   23
3   4   4   21
3   4   5   14
3   4   6   7
4   1   1   6
4   1   2   8
4   1   3   11
4   1   4   13
4   1   5   17
4   2   1   29
4   2   2   16
4   2   3   10
4   3   1   4
4   3   2   8
4   3   3   15
4   3   4   16
4   3   5   12
4   4   1   15
4   4   2   15
4   4   3   14
4   4   4   11
5   1   1   18
5   1   2   17
5   1   3   17
5   1   4   12
5   1   5   5
5   2   1   14
5   2   2   25
5   2   3   21
5   2   4   9
5   3   1   5
5   3   2   9
5   3   3   18
5   3   4   22
5   3   5   15
5   4   1   7
5   4   2   12
5   4   3   15
5   4   4   15
5   4   5   12
5   4   6   8
6   1   1   13
6   1   2   19
6   1   3   11
6   1   4   14
6   2   1   5
6   2   2   10
6   2   3   14
6   2   4   14
6   2   5   9
6   2   6   5
6   3   1   9
6   3   2   22
6   3   3   16
6   3   4   10
6   4   1   14
6   4   2   14
6   4   3   15
6   4   4   14
7   1   1   18
7   1   2   28
7   1   3   32
7   1   4   31
7   1   5   27
7   1   6   19
7   2   1   11
7   2   2   16
7   2   3   24
7   2   4   27
7   2   5   27
7   2   6   24
7   2   7   15
7   2   8   11
7   3   1   5
7   3   2   32
7   3   3   42
7   3   4   40
7   3   5   29
7   3   6   7
7   4   1   5
7   4   2   16
7   4   3   30
7   4   4   30
7   4   5   24
7   4   6   24
7   4   7   21
7   4   8   5
8   1   1   11
8   1   2   14
8   1   3   23
8   1   4   26
8   1   5   21
8   1   6   7
8   2   1   12
8   2   2   19
8   2   3   21
8   2   4   19
8   2   5   20
8   2   6   11
8   3   1   8
8   3   2   17
8   3   3   25
8   3   4   27
8   3   5   18
8   3   6   7
8   4   1   9
8   4   2   15
8   4   3   29
8   4   4   26
8   4   5   23
9   1   1   5
9   1   2   20
9   1   3   23
9   1   4   23
9   1   5   13
9   1   6   10
9   2   1   9
9   2   2   17
9   2   3   23
9   2   4   17
9   2   5   20
9   2   6   8
9   3   1   21
9   3   2   26
9   3   3   26
9   3   4   21
9   4   1   8
9   4   2   17
9   4   3   22
9   4   4   21
9   4   5   20
9   4   6   6
10   1   1   19
10   1   2   21
10   1   3   25
10   1   4   20
10   2   1   22
10   2   2   24
10   2   3   18
10   2   4   14
10   2   5   7
10   3   1   5
10   3   2   14
10   3   3   22
10   3   4   26
10   3   5   18
10   4   1   12
10   4   2   14
10   4   3   14
10   4   4   18
10   4   5   18
10   4   6   9
11   1   1   15
11   1   2   17
11   1   3   22
11   1   4   12
11   2   1   12
11   2   2   20
11   2   3   22
11   2   4   12
11   3   1   16
11   3   2   17
11   3   3   16
11   3   4   12
11   3   5   5
11   4   1   4
11   4   2   12
11   4   3   16
11   4   4   17
11   4   5   17
12   1   1   27
12   1   2   37
12   1   3   37
12   1   4   32
12   1   5   27
12   1   6   19
12   1   7   11
12   2   1   8
12   2   2   18
12   2   3   26
12   2   4   40
12   2   5   39
12   2   6   39
12   2   7   20
12   3   1   9
12   3   2   21
12   3   3   30
12   3   4   37
12   3   5   35
12   3   6   27
12   3   7   20
12   3   8   11
12   4   1   21
12   4   2   35
12   4   3   39
12   4   4   41
12   4   5   32
12   4   6   22
13   1   1   13
13   1   2   20
13   1   3   23
13   1   4   13
13   2   1   14
13   2   2   21
13   2   3   21
13   2   4   13
13   3   1   15
13   3   2   20
13   3   3   18
13   3   4   16
13   4   1   18
13   4   2   17
13   4   3   16
13   4   4   13
13   4   5   5
14   1   1   13
14   1   2   27
14   1   3   24
14   1   4   19
14   1   5   14
14   1   6   12
14   1   7   8
14   2   1   5
14   2   2   20
14   2   3   33
14   2   4   33
14   2   5   26
14   3   1   11
14   3   2   20
14   3   3   26
14   3   4   28
14   3   5   22
14   3   6   10
14   4   1   13
14   4   2   17
14   4   3   24
14   4   4   32
14   4   5   22
14   4   6   9
15   1   1   17
15   1   2   20
15   1   3   21
15   1   4   16
15   2   1   5
15   2   2   11
15   2   3   20
15   2   4   19
15   2   5   12
15   2   6   7
15   3   1   16
15   3   2   19
15   3   3   24
15   3   4   15
15   4   1   16
15   4   2   21
15   4   3   23
15   4   4   14
16   1   1   16
16   1   2   18
16   1   3   18
16   1   4   16
16   1   5   17
16   1   6   11
16   1   7   5
16   2   1   24
16   2   2   26
16   2   3   28
16   2   4   18
16   2   5   5
16   3   1   8
16   3   2   16
16   3   3   24
16   3   4   25
16   3   5   22
16   3   6   6
16   4   1   8
16   4   2   20
16   4   3   21
16   4   4   23
16   4   5   29
17   1   1   20
17   1   2   21
17   1   3   23
17   1   4   11
17   1   5   6
17   2   1   3
17   2   2   9
17   2   3   13
17   2   4   14
17   2   5   17
17   2   6   13
17   2   7   12
17   3   1   6
17   3   2   12
17   3   3   20
17   3   4   26
17   3   5   17
17   4   1   18
17   4   2   21
17   4   3   24
17   4   4   18
18   1   1   5
18   1   2   9
18   1   3   17
18   1   4   18
18   1   5   14
18   2   1   11
18   2   2   24
18   2   3   16
18   2   4   12
18   3   1   15
18   3   2   16
18   3   3   16
18   3   4   16
18   4   1   5
18   4   2   7
18   4   3   16
18   4   4   21
18   4   5   14
19   1   1   5
19   1   2   21
19   1   3   30
19   1   4   42
19   1   5   25
19   2   1   10
19   2   2   23
19   2   3   28
19   2   4   30
19   2   5   19
19   2   6   13
19   3   1   19
19   3   2   19
19   3   3   24
19   3   4   24
19   3   5   21
19   3   6   11
19   3   7   5
19   4   1   19
19   4   2   19
19   4   3   25
19   4   4   23
19   4   5   18
19   4   6   13
19   4   7   6
20   1   1   5
20   1   2   16
20   1   3   25
20   1   4   31
20   1   5   33
20   1   6   27
20   1   7   17
20   1   8   6
20   2   1   5
20   2   2   20
20   2   3   21
20   2   4   28
20   2   5   32
20   2   6   35
20   2   7   19
20   3   1   6
20   3   2   19
20   3   3   23
20   3   4   31
20   3   5   31
20   3   6   27
20   3   7   18
20   3   8   5
20   4   1   12
20   4   2   34
20   4   3   40
20   4   4   32
20   4   5   24
20   4   6   18
21   1   1   14
21   1   2   30
21   1   3   35
21   1   4   35
21   1   5   28
21   1   6   16
21   2   1   6
21   2   2   12
21   2   3   28
21   2   4   36
21   2   5   32
21   2   6   27
21   2   7   17
21   3   1   7
21   3   2   13
21   3   3   23
21   3   4   32
21   3   5   35
21   3   6   29
21   3   7   19
21   4   1   18
21   4   2   30
21   4   3   33
21   4   4   28
21   4   5   30
21   4   6   19
22   1   1   9
22   1   2   15
22   1   3   23
22   1   4   21
22   1   5   28
22   2   1   12
22   2   2   17
22   2   3   19
22   2   4   20
22   2   5   17
22   2   6   11
22   3   1   20
22   3   2   26
22   3   3   27
22   3   4   16
22   3   5   7
22   4   1   11
22   4   2   15
22   4   3   19
22   4   4   23
22   4   5   20
22   4   6   8
23   1   1   7
23   1   2   10
23   1   3   30
23   1   4   38
23   1   5   39
23   1   6   37
23   1   7   17
23   2   1   6
23   2   2   20
23   2   3   34
23   2   4   35
23   2   5   32
23   2   6   26
23   2   7   17
23   2   8   8
23   3   1   6
23   3   2   21
23   3   3   29
23   3   4   34
23   3   5   35
23   3   6   24
23   3   7   19
23   3   8   10
23   4   1   27
23   4   2   32
23   4   3   36
23   4   4   32
23   4   5   21
23   4   6   20
23   4   7   10
24   1   1   13
24   1   2   10
24   1   3   11
24   1   4   12
24   2   1   9
24   2   2   13
24   2   3   13
24   2   4   11
24   3   1   14
24   3   2   9
24   3   3   12
24   3   4   11
24   4   1   6
24   4   2   18
24   4   3   16
24   4   4   6
25   1   1   10
25   1   2   20
25   1   3   28
25   1   4   22
25   1   5   19
25   1   6   11
25   2   1   13
25   2   2   19
25   2   3   24
25   2   4   21
25   2   5   18
25   2   6   15
25   3   1   27
25   3   2   29
25   3   3   28
25   3   4   19
25   3   5   7
25   4   1   7
25   4   2   22
25   4   3   29
25   4   4   25
25   4   5   18
25   4   6   9
26   1   1   7
26   1   2   9
26   2   1   9
26   2   2   7
26   3   1   8
26   3   2   8
26   4   1   9
26   4   2   7
27   1   1   14
27   1   2   20
27   1   3   30
27   1   4   31
27   1   5   23
27   1   6   13
27   2   1   6
27   2   2   26
27   2   3   34
27   2   4   34
27   2   5   22
27   2   6   9
27   3   1   15
27   3   2   24
27   3   3   26
27   3   4   27
27   3   5   23
27   3   6   16
27   4   1   15
27   4   2   24
27   4   3   28
27   4   4   25
27   4   5   21
27   4   6   18
28   1   1   13
28   1   2   14
28   1   3   17
28   1   4   15
28   2   1   10
28   2   2   19
28   2   3   19
28   2   4   11
28   3   1   11
28   3   2   20
28   3   3   18
28   3   4   10
28   4   1   14
28   4   2   16
28   4   3   15
28   4   4   14
29   1   1   15
29   1   2   32
29   1   3   40
29   1   4   42
29   1   5   46
29   1   6   48
29   1   7   36
29   1   8   7
29   2   1   19
29   2   2   34
29   2   3   42
29   2   4   39
29   2   5   46
29   2   6   36
29   2   7   22
29   2   8   20
29   2   9   8
29   3   1   11
29   3   2   31
29   3   3   48
29   3   4   43
29   3   5   46
29   3   6   42
29   3   7   33
29   3   8   12
29   4   1   10
29   4   2   28
29   4   3   42
29   4   4   53
29   4   5   56
29   4   6   41
29   4   7   24
29   4   8   12
30   1   1   9
30   1   2   22
30   1   3   23
30   1   4   31
30   1   5   25
30   1   6   6
30   2   1   9
30   2   2   25
30   2   3   28
30   2   4   22
30   2   5   19
30   2   6   13
30   3   1   13
30   3   2   19
30   3   3   25
30   3   4   27
30   3   5   19
30   3   6   13
30   4   1   11
30   4   2   17
30   4   3   28
30   4   4   27
30   4   5   25
30   4   6   8
31   1   1   6
31   1   2   19
31   1   3   13
31   1   4   8
31   2   1   8
31   2   2   14
31   2   3   16
31   2   4   8
31   3   1   11
31   3   2   12
31   3   3   11
31   3   4   12
31   4   1   11
31   4   2   11
31   4   3   14
31   4   4   10
32   1   1   10
32   1   2   24
32   1   3   29
32   1   4   26
32   1   5   20
32   1   6   13
32   2   1   14
32   2   2   18
32   2   3   30
32   2   4   28
32   2   5   19
32   2   6   13
32   3   1   6
32   3   2   22
32   3   3   30
32   3   4   36
32   3   5   22
32   3   6   6
32   4   1   5
32   4   2   13
32   4   3   17
32   4   4   22
32   4   5   28
32   4   6   22
32   4   7   15
33   1   1   5
33   1   2   16
33   1   3   18
33   1   4   23
33   1   5   29
33   1   6   17
33   1   7   21
33   2   1   29
33   2   2   37
33   2   3   34
33   2   4   23
33   2   5   6
33   3   1   10
33   3   2   29
33   3   3   29
33   3   4   27
33   3   5   20
33   3   6   9
33   3   7   5
33   4   1   20
33   4   2   18
33   4   3   22
33   4   4   25
33   4   5   28
33   4   6   16
34   1   1   10
34   1   2   14
34   1   3   20
34   1   4   22
34   1   5   15
34   1   6   6
34   2   1   7
34   2   2   16
34   2   3   19
34   2   4   20
34   2   5   20
34   2   6   5
34   3   1   8
34   3   2   13
34   3   3   21
34   3   4   24
34   3   5   16
34   3   6   5
34   4   1   19
34   4   2   22
34   4   3   29
34   4   4   17
35   1   1   18
35   1   2   21
35   1   3   12
35   1   4   15
35   1   5   5
35   2   1   7
35   2   2   12
35   2   3   16
35   2   4   17
35   2   5   13
35   2   6   6
35   3   1   13
35   3   2   18
35   3   3   34
35   3   4   6
35   4   1   10
35   4   2   13
35   4   3   12
35   4   4   12
35   4   5   15
35   4   6   9
36   1   1   7
36   1   2   14
36   1   3   24
36   1   4   13
36   1   5   18
36   1   6   6
36   2   1   19
36   2   2   22
36   2   3   23
36   2   4   18
36   3   1   17
36   3   2   25
36   3   3   23
36   3   4   17
36   4   1   6
36   4   2   14
36   4   3   20
36   4   4   24
36   4   5   12
36   4   6   6
37   1   1   5
37   1   2   5
37   1   3   18
37   1   4   12
37   1   5   16
37   2   1   11
37   2   2   17
37   2   3   16
37   2   4   12
37   3   1   11
37   3   2   17
37   3   3   19
37   3   4   9
37   4   1   10
37   4   2   20
37   4   3   15
37   4   4   11
38   1   1   14
38   1   2   29
38   1   3   39
38   1   4   33
38   1   5   27
38   1   6   15
38   2   1   31
38   2   2   43
38   2   3   46
38   2   4   28
38   2   5   9
38   3   1   8
38   3   2   17
38   3   3   27
38   3   4   28
38   3   5   25
38   3   6   27
38   3   7   15
38   3   8   10
38   4   1   11
38   4   2   20
38   4   3   26
38   4   4   28
38   4   5   28
38   4   6   23
38   4   7   14
38   4   8   7
39   1   1   15
39   1   2   21
39   1   3   19
39   1   4   16
39   2   1   4
39   2   2   10
39   2   3   21
39   2   4   21
39   2   5   15
39   3   1   5
39   3   2   11
39   3   3   18
39   3   4   20
39   3   5   17
39   4   1   6
39   4   2   10
39   4   3   16
39   4   4   18
39   4   5   14
39   4   6   7
40   1   1   13
40   1   2   14
40   2   1   5
40   2   2   9
40   2   3   8
40   2   4   5
40   3   1   6
40   3   2   8
40   3   3   7
40   3   4   6
40   4   1   13
40   4   2   14
41   1   1   12
41   1   2   7
41   1   3   20
41   1   4   17
41   1   5   22
41   1   6   5
41   2   1   5
41   2   2   16
41   2   3   22
41   2   4   22
41   2   5   13
41   2   6   5
41   3   1   19
41   3   2   22
41   3   3   23
41   3   4   19
41   4   1   18
41   4   2   23
41   4   3   25
41   4   4   17
42   1   1   15
42   1   2   23
42   1   3   30
42   1   4   15
42   2   1   8
42   2   2   13
42   2   3   20
42   2   4   19
42   2   5   16
42   2   6   7
42   3   1   6
42   3   2   16
42   3   3   19
42   3   4   21
42   3   5   16
42   3   6   5
42   4   1   7
42   4   2   11
42   4   3   27
42   4   4   17
42   4   5   14
42   4   6   7
43   1   1   4
43   1   2   15
43   1   3   21
43   2   1   9
43   2   2   12
43   2   3   11
43   2   4   8
43   3   1   8
43   3   2   13
43   3   3   11
43   3   4   8
43   4   1   7
43   4   2   13
43   4   3   11
43   4   4   9
44   1   1   15
44   1   2   17
44   1   3   19
44   1   4   16
44   2   1   10
44   2   2   23
44   2   3   22
44   2   4   12
44   3   1   9
44   3   2   13
44   3   3   12
44   3   4   12
44   3   5   12
44   3   6   9
44   4   1   13
44   4   2   19
44   4   3   22
44   4   4   13
45   1   1   15
45   1   2   12
45   2   1   14
45   2   2   13
45   3   1   13
45   3   2   8
45   3   3   6
45   4   1   5
45   4   2   8
45   4   3   10
45   4   4   4
46   1   1   14
46   1   2   25
46   1   3   24
46   1   4   13
46   2   1   9
46   2   2   14
46   2   3   12
46   2   4   19
46   2   5   10
46   2   6   12
46   3   1   6
46   3   2   14
46   3   3   18
46   3   4   17
46   3   5   15
46   3   6   6
46   4   1   6
46   4   2   10
46   4   3   19
46   4   4   23
46   4   5   18
47   1   1   7
47   1   2   10
47   1   3   14
47   1   4   15
47   1   5   12
47   1   6   6
47   2   1   13
47   2   2   19
47   2   3   21
47   2   4   11
47   3   1   15
47   3   2   19
47   3   3   17
47   3   4   9
47   3   5   4
47   4   1   7
47   4   2   10
47   4   3   13
47   4   4   17
47   4   5   17
48   1   1   7
48   1   2   11
48   1   3   13
48   1   4   8
48   2   1   10
48   2   2   8
48   2   3   12
48   2   4   9
48   3   1   5
48   3   2   14
48   3   3   20
48   4   1   12
48   4   2   9
48   4   3   7
48   4   4   11
49   1   1   9
49   1   2   12
49   1   3   13
49   1   4   16
49   1   5   13
49   1   6   11
49   2   1   7
49   2   2   11
49   2   3   17
49   2   4   20
49   2   5   19
49   3   1   16
49   3   2   19
49   3   3   22
49   3   4   17
49   4   1   11
49   4   2   27
49   4   3   26
49   4   4   10
50   1   1   25
50   1   2   30
50   1   3   39
50   1   4   36
50   1   5   29
50   1   6   21
50   1   7   5
50   2   1   23
50   2   2   31
50   2   3   42
50   2   4   40
50   2   5   25
50   2   6   16
50   2   7   8
50   3   1   7
50   3   2   12
50   3   3   17
50   3   4   26
50   3   5   30
50   3   6   25
50   3   7   30
50   3   8   24
50   3   9   14
50   4   1   20
50   4   2   31
50   4   3   41
50   4   4   42
50   4   5   33
50   4   6   18
51   1   1   14
51   1   2   18
51   1   3   23
51   1   4   25
51   1   5   21
51   1   6   11
51   2   1   8
51   2   2   25
51   2   3   24
51   2   4   24
51   2   5   20
51   2   6   11
51   3   1   13
51   3   2   16
51   3   3   27
51   3   4   24
51   3   5   19
51   3   6   13
51   4   1   5
51   4   2   21
51   4   3   30
51   4   4   27
51   4   5   29
52   1   1   11
52   1   2   24
52   1   3   22
52   1   4   30
52   1   5   22
52   1   6   10
52   2   1   13
52   2   2   18
52   2   3   29
52   2   4   29
52   2   5   19
52   2   6   11
52   3   1   12
52   3   2   23
52   3   3   26
52   3   4   24
52   3   5   19
52   3   6   15
52   4   1   7
52   4   2   22
52   4   3   34
52   4   4   26
52   4   5   21
52   4   6   9
53   1   1   5
53   1   2   18
53   1   3   28
53   1   4   27
53   1   5   23
53   2   1   8
53   2   2   18
53   2   3   28
53   2   4   22
53   2   5   14
53   2   6   11
53   3   1   6
53   3   2   23
53   3   3   23
53   3   4   20
53   3   5   18
53   3   6   11
53   4   1   8
53   4   2   19
53   4   3   28
53   4   4   18
53   4   5   19
53   4   6   9
54   1   1   6
54   1   2   11
54   1   3   15
54   1   4   19
54   1   5   17
54   2   1   12
54   2   2   23
54   2   3   21
54   2   4   12
54   3   1   6
54   3   2   16
54   3   3   12
54   3   4   17
54   3   5   8
54   3   6   9
54   4   1   12
54   4   2   22
54   4   3   22
54   4   4   12
55   1   1   10
55   1   2   16
55   1   3   16
55   1   4   11
55   2   1   12
55   2   2   15
55   2   3   13
55   2   4   13
55   3   1   10
55   3   2   18
55   3   3   14
55   3   4   11
55   4   1   10
55   4   2   15
55   4   3   18
55   4   4   10
56   1   1   15
56   1   2   21
56   1   3   22
56   1   4   16
56   2   1   8
56   2   2   14
56   2   3   14
56   2   4   20
56   2   5   10
56   2   6   8
56   3   1   11
56   3   2   28
56   3   3   24
56   3   4   11
56   4   1   7
56   4   2   13
56   4   3   16
56   4   4   18
56   4   5   14
56   4   6   6
57   1   1   11
57   1   2   27
57   1   3   35
57   1   4   31
57   1   5   25
57   1   6   12
57   2   1   18
57   2   2   26
57   2   3   31
57   2   4   27
57   2   5   22
57   2   6   17
57   3   1   13
57   3   2   29
57   3   3   30
57   3   4   29
57   3   5   23
57   3   6   17
57   4   1   18
57   4   2   22
57   4   3   29
57   4   4   32
57   4   5   25
57   4   6   15
58   1   1   12
58   1   2   17
58   1   3   25
58   1   4   31
58   1   5   34
58   1   6   30
58   1   7   20
58   1   8   7
58   2   1   19
58   2   2   28
58   2   3   40
58   2   4   39
58   2   5   31
58   2   6   19
58   3   1   13
58   3   2   25
58   3   3   37
58   3   4   46
58   3   5   36
58   3   6   19
58   4   1   13
58   4   2   14
58   4   3   24
58   4   4   34
58   4   5   34
58   4   6   33
58   4   7   19
58   4   8   5
59   1   1   6
59   1   2   14
59   1   3   16
59   1   4   18
59   1   5   13
59   1   6   7
59   2   1   9
59   2   2   30
59   2   3   24
59   2   4   11
59   3   1   5
59   3   2   15
59   3   3   21
59   3   4   17
59   3   5   16
59   4   1   9
59   4   2   13
59   4   3   18
59   4   4   12
59   4   5   15
59   4   6   7
60   1   1   9
60   1   2   12
60   1   3   10
60   1   4   9
60   2   1   7
60   2   2   13
60   2   3   13
60   2   4   7
60   3   1   7
60   3   2   15
60   3   3   11
60   3   4   7
60   4   1   6
60   4   2   14
60   4   3   13
60   4   4   7
61   1   1   7
61   1   2   9
61   1   3   18
61   1   4   16
61   1   5   23
61   2   1   19
61   2   2   20
61   2   3   16
61   2   4   12
61   2   5   6
61   3   1   16
61   3   2   25
61   3   3   14
61   3   4   18
61   4   1   17
61   4   2   20
61   4   3   21
61   4   4   15
62   1   1   16
62   1   2   22
62   1   3   23
62   1   4   13
62   2   1   18
62   2   2   20
62   2   3   17
62   2   4   14
62   2   5   5
62   3   1   16
62   3   2   24
62   3   3   17
62   3   4   17
62   4   1   8
62   4   2   13
62   4   3   16
62   4   4   15
62   4   5   16
62   4   6   6
63   1   1   20
63   1   2   29
63   1   3   24
63   1   4   19
63   1   5   19
63   1   6   10
63   1   7   7
63   1   8   4
63   2   1   5
63   2   2   24
63   2   3   36
63   2   4   39
63   2   5   21
63   2   6   7
63   3   1   15
63   3   2   19
63   3   3   30
63   3   4   30
63   3   5   24
63   3   6   14
63   4   1   17
63   4   2   23
63   4   3   26
63   4   4   28
63   4   5   21
63   4   6   17
64   1   1   17
64   1   2   28
64   1   3   43
64   1   4   33
64   1   5   26
64   1   6   11
64   1   7   7
64   2   1   16
64   2   2   18
64   2   3   23
64   2   4   29
64   2   5   24
64   2   6   21
64   2   7   16
64   2   8   13
64   2   9   5
64   3   1   38
64   3   2   46
64   3   3   45
64   3   4   36
64   4   1   11
64   4   2   19
64   4   3   28
64   4   4   21
64   4   5   30
64   4   6   31
64   4   7   11
64   4   8   14
65   1   1   7
65   1   2   12
65   1   3   20
65   1   4   24
65   1   5   25
65   1   6   22
65   1   7   19
65   2   1   29
65   2   2   43
65   2   3   33
65   2   4   18
65   2   5   6
65   3   1   5
65   3   2   18
65   3   3   22
65   3   4   21
65   3   5   22
65   3   6   18
65   3   7   15
65   3   8   8
65   4   1   6
65   4   2   28
65   4   3   34
65   4   4   28
65   4   5   22
65   4   6   11
66   1   1   7
66   1   2   19
66   1   3   17
66   1   4   7
66   2   1   5
66   2   2   9
66   2   3   10
66   2   4   11
66   2   5   15
66   3   1   13
66   3   2   14
66   3   3   9
66   3   4   9
66   3   5   5
66   4   1   13
66   4   2   9
66   4   3   17
66   4   4   11
67   1   1   12
67   1   2   12
67   1   3   15
67   1   4   15
67   1   5   6
67   2   1   10
67   2   2   21
67   2   3   19
67   2   4   10
67   3   1   16
67   3   2   15
67   3   3   15
67   3   4   14
67   4   1   11
67   4   2   20
67   4   3   20
67   4   4   9
68   1   1   10
68   1   2   38
68   1   3   50
68   1   4   43
68   1   5   36
68   1   6   12
68   2   1   10
68   2   2   16
68   2   3   19
68   2   4   19
68   2   5   23
68   2   6   24
68   2   7   30
68   2   8   35
68   2   9   13
68   3   1   6
68   3   2   9
68   3   3   27
68   3   4   19
68   3   5   27
68   3   6   32
68   3   7   37
68   3   8   20
68   3   9   12
68   4   1   9
68   4   2   15
68   4   3   25
68   4   4   38
68   4   5   50
68   4   6   31
68   4   7   21
69   1   1   18
69   1   2   26
69   1   3   33
69   1   4   45
69   1   5   38
69   1   6   10
69   2   1   20
69   2   2   33
69   2   3   38
69   2   4   31
69   2   5   23
69   2   6   17
69   2   7   8
69   3   1   7
69   3   2   22
69   3   3   29
69   3   4   29
69   3   5   30
69   3   6   24
69   3   7   17
69   3   8   12
69   4   1   20
69   4   2   29
69   4   3   38
69   4   4   33
69   4   5   30
69   4   6   20
70   1   1   8
70   1   2   13
70   1   3   11
70   1   4   8
70   2   1   7
70   2   2   12
70   2   3   14
70   2   4   7
70   3   1   7
70   3   2   14
70   3   3   13
70   3   4   6
70   4   1   7
70   4   2   13
70   4   3   10
70   4   4   10
71   1   1   8
71   1   2   15
71   1   3   20
71   1   4   26
71   1   5   24
71   1   6   21
71   1   7   16
71   1   8   5
71   2   1   6
71   2   2   12
71   2   3   18
71   2   4   31
71   2   5   30
71   2   6   21
71   2   7   17
71   3   1   16
71   3   2   18
71   3   3   31
71   3   4   37
71   3   5   20
71   3   6   13
71   4   1   11
71   4   2   23
71   4   3   33
71   4   4   33
71   4   5   27
71   4   6   8
72   1   1   15
72   1   2   24
72   1   3   17
72   1   4   11
72   1   5   4
72   2   1   16
72   2   2   21
72   2   3   20
72   2   4   14
72   3   1   17
72   3   2   19
72   3   3   19
72   3   4   16
72   4   1   9
72   4   2   11
72   4   3   13
72   4   4   16
72   4   5   16
72   4   6   6
73   1   1   12
73   1   2   4
73   1   3   6
73   2   1   5
73   2   2   6
73   2   3   11
73   3   1   1
73   3   2   9
73   3   3   12
73   4   1   12
73   4   2   6
73   4   3   4
74   1   1   17
74   1   2   19
74   1   3   19
74   1   4   17
74   2   1   5
74   2   2   13
74   2   3   19
74   2   4   16
74   2   5   14
74   2   6   5
74   3   1   5
74   3   2   11
74   3   3   18
74   3   4   22
74   3   5   11
74   3   6   5
74   4   1   14
74   4   2   21
74   4   3   24
74   4   4   13
75   1   1   12
75   1   2   18
75   1   3   26
75   1   4   29
75   1   5   22
75   1   6   8
75   2   1   10
75   2   2   23
75   2   3   26
75   2   4   27
75   2   5   18
75   2   6   11
75   3   1   7
75   3   2   19
75   3   3   30
75   3   4   34
75   3   5   19
75   3   6   6
75   4   1   11
75   4   2   20
75   4   3   27
75   4   4   26
75   4   5   17
75   4   6   14
76   1   1   15
76   1   2   13
76   1   3   16
76   1   4   18
76   1   5   20
76   1   6   22
76   1   7   20
76   1   8   8
76   2   1   6
76   2   2   27
76   2   3   35
76   2   4   32
76   2   5   22
76   2   6   10
76   3   1   10
76   3   2   27
76   3   3   28
76   3   4   31
76   3   5   25
76   3   6   11
76   4   1   12
76   4   2   24
76   4   3   30
76   4   4   31
76   4   5   22
76   4   6   13
77   1   1   20
77   1   2   34
77   1   3   29
77   1   4   14
77   1   5   5
77   2   1   14
77   2   2   17
77   2   3   21
77   2   4   19
77   2   5   17
77   2   6   14
77   3   1   11
77   3   2   17
77   3   3   22
77   3   4   24
77   3   5   16
77   3   6   12
77   4   1   8
77   4   2   16
77   4   3   26
77   4   4   29
77   4   5   14
77   4   6   9
78   1   1   16
78   1   2   15
78   1   3   20
78   1   4   16
78   2   1   14
78   2   2   19
78   2   3   22
78   2   4   12
78   3   1   8
78   3   2   13
78   3   3   14
78   3   4   12
78   3   5   9
78   3   6   11
78   4   1   12
78   4   2   23
78   4   3   20
78   4   4   12
79   1   1   16
79   1   2   20
79   1   3   25
79   1   4   25
79   1   5   18
79   1   6   9
79   1   7   7
79   2   1   7
79   2   2   8
79   2   3   15
79   2   4   25
79   2   5   31
79   2   6   24
79   2   7   10
79   3   1   14
79   3   2   20
79   3   3   28
79   3   4   23
79   3   5   21
79   3   6   14
79   4   1   10
79   4   2   22
79   4   3   26
79   4   4   27
79   4   5   28
79   4   6   7
80   1   1   7
80   1   2   13
80   1   3   22
80   1   4   25
80   1   5   27
80   1   6   21
80   1   7   13
80   1   8   7
80   2   1   16
80   2   2   26
80   2   3   26
80   2   4   28
80   2   5   22
80   2   6   17
80   3   1   7
80   3   2   23
80   3   3   37
80   3   4   38
80   3   5   21
80   3   6   9
80   4   1   10
80   4   2   24
80   4   3   33
80   4   4   33
80   4   5   25
80   4   6   10
81   1   1   3
81   1   2   3
81   1   3   2
81   2   1   4
81   2   2   4
81   3   1   4
81   3   2   4
81   4   1   1
81   4   2   3
81   4   3   4
82   1   1   17
82   1   2   20
82   1   3   18
82   1   4   10
82   1   5   5
82   2   1   15
82   2   2   19
82   2   3   21
82   2   4   15
82   3   1   17
82   3   2   18
82   3   3   18
82   3   4   17
82   4   1   14
82   4   2   22
82   4   3   19
82   4   4   15
83   1   1   19
83   1   2   32
83   1   3   34
83   1   4   40
83   1   5   37
83   1   6   15
83   2   1   12
83   2   2   23
83   2   3   27
83   2   4   28
83   2   5   28
83   2   6   29
83   2   7   19
83   2   8   11
83   3   1   8
83   3   2   17
83   3   3   32
83   3   4   33
83   3   5   32
83   3   6   29
83   3   7   15
83   3   8   11
83   4   1   14
83   4   2   31
83   4   3   44
83   4   4   44
83   4   5   28
83   4   6   16
84   1   1   12
84   1   2   28
84   1   3   33
84   1   4   31
84   1   5   26
84   1   6   14
84   2   1   8
84   2   2   16
84   2   3   20
84   2   4   25
84   2   5   26
84   2   6   27
84   2   7   22
84   3   1   5
84   3   2   13
84   3   3   21
84   3   4   29
84   3   5   33
84   3   6   26
84   3   7   17
84   4   1   14
84   4   2   20
84   4   3   33
84   4   4   42
84   4   5   28
84   4   6   7
85   1   1   11
85   1   2   12
85   1   3   17
85   1   4   11
85   2   1   12
85   2   2   11
85   2   3   17
85   2   4   11
85   3   1   23
85   3   2   17
85   3   3   11
85   4   1   11
85   4   2   12
85   4   3   17
85   4   4   11
86   1   1   12
86   1   2   20
86   1   3   26
86   1   4   36
86   1   5   42
86   1   6   33
86   1   7   25
86   1   8   5
86   2   1   6
86   2   2   17
86   2   3   38
86   2   4   43
86   2   5   39
86   2   6   29
86   2   7   20
86   2   8   7
86   3   1   5
86   3   2   23
86   3   3   33
86   3   4   37
86   3   5   41
86   3   6   35
86   3   7   20
86   3   8   5
86   4   1   6
86   4   2   21
86   4   3   33
86   4   4   34
86   4   5   46
86   4   6   32
86   4   7   27
87   1   1   13
87   1   2   19
87   1   3   20
87   1   4   12
87   2   1   16
87   2   2   17
87   2   3   13
87   2   4   13
87   2   5   5
87   3   1   12
87   3   2   20
87   3   3   21
87   3   4   11
87   4   1   14
87   4   2   18
87   4   3   17
87   4   4   15
88   1   1   19
88   1   2   26
88   1   3   26
88   1   4   22
88   2   1   6
88   2   2   17
88   2   3   25
88   2   4   21
88   2   5   17
88   2   6   7
88   3   1   5
88   3   2   15
88   3   3   28
88   3   4   24
88   3   5   15
88   3   6   6
88   4   1   7
88   4   2   19
88   4   3   25
88   4   4   17
88   4   5   16
88   4   6   9
89   1   1   8
89   1   2   21
89   1   3   26
89   1   4   30
89   1   5   17
89   1   6   9
89   2   1   16
89   2   2   19
89   2   3   20
89   2   4   20
89   2   5   21
89   2   6   15
89   3   1   7
89   3   2   20
89   3   3   30
89   3   4   29
89   3   5   18
89   3   6   7
89   4   1   7
89   4   2   20
89   4   3   30
89   4   4   26
89   4   5   19
89   4   6   9
90   1   1   14
90   1   2   22
90   1   3   26
90   1   4   27
90   1   5   22
90   1   6   14
90   2   1   11
90   2   2   22
90   2   3   28
90   2   4   32
90   2   5   21
90   2   6   11
90   3   1   9
90   3   2   20
90   3   3   31
90   3   4   32
90   3   5   21
90   3   6   12
90   4   1   8
90   4   2   14
90   4   3   18
90   4   4   22
90   4   5   21
90   4   6   19
90   4   7   16
90   4   8   7
91   1   1   11
91   1   2   20
91   1   3   22
91   1   4   21
91   1   5   19
91   1   6   12
91   2   1   4
91   2   2   8
91   2   3   14
91   2   4   22
91   2   5   28
91   2   6   21
91   2   7   8
91   3   1   9
91   3   2   16
91   3   3   26
91   3   4   27
91   3   5   21
91   3   6   6
91   4   1   9
91   4   2   19
91   4   3   26
91   4   4   23
91   4   5   18
91   4   6   10
92   1   1   5
92   1   2   22
92   1   3   27
92   1   4   30
92   1   5   27
92   1   6   32
92   1   7   17
92   1   8   6
92   2   1   23
92   2   2   28
92   2   3   33
92   2   4   33
92   2   5   23
92   2   6   16
92   2   7   10
92   3   1   12
92   3   2   32
92   3   3   40
92   3   4   40
92   3   5   30
92   3   6   12
92   4   1   17
92   4   2   27
92   4   3   36
92   4   4   38
92   4   5   32
92   4   6   16
93   1   1   19
93   1   2   31
93   1   3   42
93   1   4   46
93   1   5   35
93   1   6   19
93   2   1   14
93   2   2   36
93   2   3   45
93   2   4   47
93   2   5   34
93   2   6   16
93   3   1   9
93   3   2   21
93   3   3   32
93   3   4   38
93   3   5   35
93   3   6   22
93   3   7   22
93   3   8   13
93   4   1   8
93   4   2   18
93   4   3   24
93   4   4   25
93   4   5   25
93   4   6   22
93   4   7   21
93   4   8   21
93   4   9   15
93   4   10   13
94   1   1   14
94   1   2   20
94   1   3   16
94   1   4   15
94   2   1   14
94   2   2   19
94   2   3   19
94   2   4   13
94   3   1   6
94   3   2   10
94   3   3   21
94   3   4   11
94   3   5   10
94   3   6   7
94   4   1   13
94   4   2   20
94   4   3   17
94   4   4   15
95   1   1   22
95   1   2   28
95   1   3   26
95   1   4   23
95   2   1   8
95   2   2   20
95   2   3   23
95   2   4   22
95   2   5   16
95   2   6   10
95   3   1   10
95   3   2   21
95   3   3   21
95   3   4   20
95   3   5   14
95   3   6   8
95   3   7   5
95   4   1   6
95   4   2   17
95   4   3   26
95   4   4   25
95   4   5   25
96   1   1   24
96   1   2   35
96   1   3   44
96   1   4   45
96   1   5   29
96   1   6   14
96   1   7   11
96   2   1   7
96   2   2   20
96   2   3   30
96   2   4   39
96   2   5   44
96   2   6   40
96   2   7   22
96   3   1   7
96   3   2   23
96   3   3   31
96   3   4   40
96   3   5   40
96   3   6   30
96   3   7   22
96   3   8   9
96   4   1   14
96   4   2   20
96   4   3   33
96   4   4   35
96   4   5   34
96   4   6   32
96   4   7   24
96   4   8   10
97   1   1   12
97   1   2   31
97   1   3   35
97   1   4   34
97   1   5   28
97   1   6   14
97   2   1   11
97   2   2   25
97   2   3   35
97   2   4   41
97   2   5   37
97   2   6   5
97   3   1   8
97   3   2   16
97   3   3   22
97   3   4   28
97   3   5   27
97   3   6   31
97   3   7   22
97   4   1   13
97   4   2   15
97   4   3   22
97   4   4   22
97   4   5   28
97   4   6   27
97   4   7   19
97   4   8   8
98   1   1   9
98   1   2   16
98   1   3   27
98   1   4   38
98   1   5   37
98   1   6   33
98   1   7   26
98   2   1   8
98   2   2   13
98   2   3   35
98   2   4   43
98   2   5   32
98   2   6   25
98   2   7   23
98   2   8   7
98   3   1   23
98   3   2   37
98   3   3   40
98   3   4   34
98   3   5   23
98   3   6   15
98   3   7   14
98   4   1   16
98   4   2   42
98   4   3   45
98   4   4   34
98   4   5   24
98   4   6   15
98   4   7   10
99   1   1   13
99   1   2   19
99   1   3   22
99   1   4   28
99   1   5   23
99   1   6   10
99   2   1   11
99   2   2   20
99   2   3   26
99   2   4   29
99   2   5   17
99   2   6   12
99   3   1   10
99   3   2   19
99   3   3   29
99   3   4   27
99   3   5   22
99   3   6   8
99   4   1   7
99   4   2   23
99   4   3   26
99   4   4   28
99   4   5   22
99   4   6   9
100   1   1   5
100   1   2   20
100   1   3   25
100   1   4   24
100   1   5   18
100   1   6   6
100   2   1   6
100   2   2   22
100   2   3   24
100   2   4   22
100   2   5   16
100   2   6   8
100   3   1   6
100   3   2   20
100   3   3   23
100   3   4   26
100   3   5   14
100   3   6   9
100   4   1   10
100   4   2   16
100   4   3   22
100   4   4   23
100   4   5   18
100   4   6   9
101   1   1   10
101   1   2   32
101   1   3   32
101   1   4   8
101   2   1   6
101   2   2   12
101   2   3   12
101   2   4   14
101   2   5   14
101   2   6   12
101   2   7   12
101   3   1   10
101   3   2   16
101   3   3   16
101   3   4   16
101   3   5   12
101   3   6   12
101   4   1   5
101   4   2   17
101   4   3   18
101   4   4   21
101   4   5   21
102   1   1   9
102   1   2   13
102   1   3   18
102   1   4   17
102   1   5   16
102   1   6   9
102   2   1   5
102   2   2   17
102   2   3   19
102   2   4   19
102   2   5   15
102   2   6   7
102   3   1   18
102   3   2   23
102   3   3   25
102   3   4   16
102   4   1   5
102   4   2   16
102   4   3   19
102   4   4   20
102   4   5   17
102   4   6   5
103   1   1   18
103   1   2   23
103   1   3   23
103   1   4   18
103   2   1   10
103   2   2   12
103   2   3   16
103   2   4   15
103   2   5   15
103   2   6   14
103   3   1   19
103   3   2   24
103   3   3   21
103   3   4   18
103   4   1   17
103   4   2   26
103   4   3   23
103   4   4   16
104   1   1   12
104   1   2   13
104   1   3   14
104   1   4   13
104   2   1   10
104   2   2   17
104   2   3   14
104   2   4   11
104   3   1   12
104   3   2   15
104   3   3   14
104   3   4   11
104   4   1   12
104   4   2   14
104   4   3   15
104   4   4   11
105   1   1   10
105   1   2   15
105   1   3   23
105   1   4   26
105   1   5   22
105   1   6   6
105   2   1   18
105   2   2   32
105   2   3   29
105   2   4   23
105   3   1   10
105   3   2   19
105   3   3   25
105   3   4   21
105   3   5   15
105   3   6   12
105   4   1   9
105   4   2   21
105   4   3   21
105   4   4   20
105   4   5   19
105   4   6   12
106   1   1   5
106   1   2   14
106   1   3   27
106   1   4   38
106   1   5   42
106   1   6   30
106   1   7   19
106   2   1   16
106   2   2   30
106   2   3   42
106   2   4   41
106   2   5   29
106   2   6   17
106   3   1   24
106   3   2   30
106   3   3   33
106   3   4   36
106   3   5   29
106   3   6   17
106   3   7   6
106   4   1   11
106   4   2   16
106   4   3   26
106   4   4   35
106   4   5   25
106   4   6   38
106   4   7   18
106   4   8   6
107   1   1   20
107   1   2   24
107   1   3   21
107   1   4   21
107   2   1   5
107   2   2   15
107   2   3   22
107   2   4   22
107   2   5   16
107   2   6   6
107   3   1   9
107   3   2   16
107   3   3   17
107   3   4   19
107   3   5   16
107   3   6   9
107   4   1   5
107   4   2   13
107   4   3   25
107   4   4   25
107   4   5   13
107   4   6   5
108   1   1   7
108   1   2   14
108   1   3   19
108   1   4   20
108   1   5   14
108   1   6   7
108   2   1   18
108   2   2   23
108   2   3   22
108   2   4   13
108   2   5   5
108   3   1   19
108   3   2   23
108   3   3   21
108   3   4   18
108   4   1   5
108   4   2   12
108   4   3   19
108   4   4   26
108   4   5   19
109   1   1   9
109   1   2   20
109   1   3   23
109   1   4   24
109   1   5   20
109   1   6   7
109   2   1   8
109   2   2   19
109   2   3   25
109   2   4   23
109   2   5   20
109   2   6   8
109   3   1   6
109   3   2   19
109   3   3   25
109   3   4   28
109   3   5   19
109   3   6   6
109   4   1   5
109   4   2   24
109   4   3   23
109   4   4   23
109   4   5   22
109   4   6   6
110   1   1   22
110   1   2   24
110   1   3   23
110   1   4   29
110   1   5   24
110   1   6   14
110   1   7   6
110   2   1   17
110   2   2   21
110   2   3   31
110   2   4   33
110   2   5   25
110   2   6   15
110   3   1   7
110   3   2   25
110   3   3   36
110   3   4   40
110   3   5   25
110   3   6   9
110   4   1   18
110   4   2   20
110   4   3   27
110   4   4   36
110   4   5   28
110   4   6   13
111   1   1   11
111   1   2   18
111   1   3   25
111   1   4   32
111   1   5   23
111   1   6   7
111   2   1   10
111   2   2   20
111   2   3   29
111   2   4   29
111   2   5   17
111   2   6   8
111   2   7   3
111   3   1   31
111   3   2   24
111   3   3   34
111   3   4   19
111   3   5   8
111   4   1   13
111   4   2   22
111   4   3   25
111   4   4   24
111   4   5   18
111   4   6   14
112   1   1   20
112   1   2   22
112   1   3   20
112   1   4   16
112   1   5   5
112   2   1   17
112   2   2   23
112   2   3   26
112   2   4   17
112   3   1   11
112   3   2   15
112   3   3   18
112   3   4   21
112   3   5   18
112   4   1   20
112   4   2   21
112   4   3   23
112   4   4   19
113   1   1   7
113   1   2   23
113   1   3   27
113   1   4   29
113   1   5   17
113   1   6   13
113   2   1   11
113   2   2   18
113   2   3   27
113   2   4   28
113   2   5   22
113   2   6   10
113   3   1   11
113   3   2   23
113   3   3   24
113   3   4   25
113   3   5   21
113   3   6   12
113   4   1   15
113   4   2   14
113   4   3   24
113   4   4   29
113   4   5   25
113   4   6   9
114   1   1   13
114   1   2   16
114   1   3   11
114   1   4   15
114   2   1   11
114   2   2   16
114   2   3   18
114   2   4   10
114   3   1   5
114   3   2   6
114   3   3   15
114   3   4   16
114   3   5   13
114   4   1   10
114   4   2   16
114   4   3   18
114   4   4   11
115   1   1   21
115   1   2   35
115   1   3   45
115   1   4   50
115   1   5   31
115   1   6   23
115   2   1   5
115   2   2   17
115   2   3   36
115   2   4   47
115   2   5   42
115   2   6   34
115   2   7   16
115   2   8   8
115   3   1   6
115   3   2   25
115   3   3   35
115   3   4   41
115   3   5   35
115   3   6   30
115   3   7   24
115   3   8   9
115   4   1   15
115   4   2   21
115   4   3   30
115   4   4   36
115   4   5   35
115   4   6   31
115   4   7   25
115   4   8   12
116   1   1   17
116   1   2   34
116   1   3   53
116   1   4   52
116   1   5   39
116   1   6   16
116   2   1   10
116   2   2   22
116   2   3   38
116   2   4   37
116   2   5   34
116   2   6   36
116   2   7   26
116   2   8   8
116   3   1   10
116   3   2   23
116   3   3   36
116   3   4   38
116   3   5   36
116   3   6   30
116   3   7   26
116   3   8   12
116   4   1   6
116   4   2   11
116   4   3   20
116   4   4   30
116   4   5   40
116   4   6   35
116   4   7   26
116   4   8   25
116   4   9   18
117   1   1   9
117   1   2   17
117   1   3   12
117   1   4   6
117   1   5   3
117   2   1   13
117   2   2   10
117   2   3   11
117   2   4   13
117   3   1   9
117   3   2   15
117   3   3   16
117   3   4   7
117   4   1   12
117   4   2   11
117   4   3   14
117   4   4   10
118   1   1   26
118   1   2   38
118   1   3   34
118   1   4   31
118   1   5   22
118   1   6   19
118   1   7   13
118   2   1   10
118   2   2   19
118   2   3   27
118   2   4   32
118   2   5   35
118   2   6   35
118   2   7   20
118   2   8   5
118   3   1   6
118   3   2   15
118   3   3   29
118   3   4   37
118   3   5   44
118   3   6   31
118   3   7   21
118   4   1   12
118   4   2   13
118   4   3   25
118   4   4   32
118   4   5   42
118   4   6   37
118   4   7   22
119   1   1   9
119   1   2   11
119   1   3   17
119   1   4   17
119   1   5   14
119   1   6   6
119   2   1   19
119   2   2   20
119   2   3   18
119   2   4   17
119   3   1   6
119   3   2   37
119   3   3   20
119   3   4   11
119   4   1   8
119   4   2   13
119   4   3   16
119   4   4   13
119   4   5   15
119   4   6   9
120   1   1   18
120   1   2   21
120   1   3   22
120   1   4   21
120   1   5   17
120   1   6   14
120   1   7   6
120   2   1   12
120   2   2   17
120   2   3   28
120   2   4   32
120   2   5   21
120   2   6   9
120   3   1   9
120   3   2   23
120   3   3   28
120   3   4   27
120   3   5   22
120   3   6   10
120   4   1   7
120   4   2   23
120   4   3   29
120   4   4   32
120   4   5   23
120   4   6   5
121   1   1   18
121   1   2   25
121   1   3   24
121   1   4   16
121   2   1   6
121   2   2   19
121   2   3   21
121   2   4   17
121   2   5   11
121   2   6   9
121   3   1   7
121   3   2   17
121   3   3   18
121   3   4   21
121   3   5   12
121   3   6   8
121   4   1   7
121   4   2   15
121   4   3   20
121   4   4   20
121   4   5   14
121   4   6   7
122   1   1   6
122   1   2   12
122   1   3   13
122   1   4   9
122   1   5   10
122   1   6   6
122   2   1   11
122   2   2   16
122   2   3   19
122   2   4   10
122   3   1   13
122   3   2   17
122   3   3   13
122   3   4   13
122   4   1   11
122   4   2   19
122   4   3   16
122   4   4   10
123   1   1   7
123   1   2   16
123   1   3   17
123   1   4   24
123   1   5   23
123   1   6   24
123   1   7   14
123   1   8   6
123   2   1   7
123   2   2   27
123   2   3   34
123   2   4   31
123   2   5   20
123   2   6   12
123   3   1   9
123   3   2   27
123   3   3   36
123   3   4   23
123   3   5   22
123   3   6   14
123   4   1   10
123   4   2   27
123   4   3   28
123   4   4   34
123   4   5   20
123   4   6   12
124   1   1   5
124   1   2   12
124   1   3   7
124   1   4   5
124   2   1   3
124   2   2   8
124   2   3   13
124   2   4   5
124   3   1   7
124   3   2   7
124   3   3   7
124   3   4   8
124   4   1   14
124   4   2   15
125   1   1   26
125   1   2   39
125   1   3   29
125   1   4   21
125   1   5   7
125   2   1   12
125   2   2   25
125   2   3   23
125   2   4   27
125   2   5   22
125   2   6   13
125   3   1   13
125   3   2   21
125   3   3   28
125   3   4   27
125   3   5   18
125   3   6   15
125   4   1   12
125   4   2   19
125   4   3   25
125   4   4   27
125   4   5   25
125   4   6   14
126   1   1   11
126   1   2   23
126   1   3   29
126   1   4   33
126   1   5   25
126   1   6   10
126   2   1   10
126   2   2   24
126   2   3   34
126   2   4   31
126   2   5   21
126   2   6   11
126   3   1   14
126   3   2   25
126   3   3   26
126   3   4   29
126   3   5   20
126   3   6   17
126   4   1   13
126   4   2   22
126   4   3   31
126   4   4   29
126   4   5   23
126   4   6   13
127   1   1   11
127   1   2   14
127   1   3   14
127   1   4   15
127   1   5   12
127   1   6   13
127   2   1   6
127   2   2   16
127   2   3   18
127   2   4   20
127   2   5   12
127   2   6   7
127   3   1   24
127   3   2   17
127   3   3   17
127   3   4   15
127   3   5   6
127   4   1   12
127   4   2   27
127   4   3   27
127   4   4   13
128   1   1   14
128   1   2   26
128   1   3   24
128   1   4   15
128   2   1   4
128   2   2   13
128   2   3   22
128   2   4   22
128   2   5   18
128   3   1   10
128   3   2   13
128   3   3   16
128   3   4   17
128   3   5   13
128   3   6   10
128   4   1   7
128   4   2   15
128   4   3   20
128   4   4   19
128   4   5   18
129   1   1   13
129   1   2   19
129   1   3   21
129   1   4   21
129   1   5   16
129   1   6   14
129   2   1   13
129   2   2   18
129   2   3   21
129   2   4   23
129   2   5   16
129   2   6   13
129   3   1   22
129   3   2   31
129   3   3   27
129   3   4   19
129   3   5   5
129   4   1   7
129   4   2   20
129   4   3   28
129   4   4   23
129   4   5   19
129   4   6   7
130   1   1   12
130   1   2   22
130   1   3   27
130   1   4   29
130   1   5   27
130   1   6   10
130   2   1   12
130   2   2   23
130   2   3   29
130   2   4   28
130   2   5   24
130   2   6   11
130   3   1   11
130   3   2   24
130   3   3   31
130   3   4   26
130   3   5   20
130   3   6   15
130   4   1   13
130   4   2   21
130   4   3   28
130   4   4   31
130   4   5   23
130   4   6   11
131   1   1   14
131   1   2   20
131   1   3   22
131   1   4   14
131   2   1   18
131   2   2   17
131   2   3   16
131   2   4   19
131   3   1   16
131   3   2   19
131   3   3   19
131   3   4   16
131   4   1   18
131   4   2   14
131   4   3   26
131   4   4   12
132   1   1   10
132   1   2   18
132   1   3   28
132   1   4   29
132   1   5   26
132   1   6   5
132   2   1   13
132   2   2   23
132   2   3   23
132   2   4   23
132   2   5   21
132   2   6   13
132   3   1   6
132   3   2   24
132   3   3   31
132   3   4   24
132   3   5   23
132   3   6   8
132   4   1   11
132   4   2   22
132   4   3   26
132   4   4   27
132   4   5   17
132   4   6   13
133   1   1   5
133   1   2   24
133   1   3   37
133   1   4   22
133   1   5   25
133   1   6   7
133   2   1   15
133   2   2   23
133   2   3   25
133   2   4   21
133   2   5   18
133   2   6   18
133   3   1   12
133   3   2   23
133   3   3   26
133   3   4   25
133   3   5   21
133   3   6   13
133   4   1   11
133   4   2   21
133   4   3   29
133   4   4   28
133   4   5   17
133   4   6   14
134   1   1   11
134   1   2   17
134   1   3   13
134   1   4   11
134   2   1   10
134   2   2   16
134   2   3   16
134   2   4   10
134   3   1   9
134   3   2   16
134   3   3   16
134   3   4   11
134   4   1   11
134   4   2   16
134   4   3   13
134   4   4   12
135   1   1   12
135   1   2   11
135   1   3   18
135   1   4   9
135   2   1   6
135   2   2   6
135   2   3   10
135   2   4   14
135   2   5   14
135   3   1   8
135   3   2   13
135   3   3   18
135   3   4   11
135   4   1   13
135   4   2   13
135   4   3   12
135   4   4   12
136   1   1   14
136   1   2   24
136   1   3   23
136   1   4   19
136   1   5   9
136   2   1   8
136   2   2   12
136   2   3   22
136   2   4   27
136   2   5   20
136   3   1   9
136   3   2   16
136   3   3   20
136   3   4   18
136   3   5   19
136   3   6   7
136   4   1   9
136   4   2   10
136   4   3   22
136   4   4   26
136   4   5   17
136   4   6   5
137   1   1   10
137   1   2   14
137   1   3   15
137   1   4   11
137   2   1   10
137   2   2   15
137   2   3   14
137   2   4   11
137   3   1   12
137   3   2   12
137   3   3   14
137   3   4   12
137   4   1   9
137   4   2   15
137   4   3   18
137   4   4   8
138   1   1   21
138   1   2   21
138   1   3   26
138   1   4   28
138   1   5   22
138   1   6   19
138   2   1   20
138   2   2   28
138   2   3   24
138   2   4   25
138   2   5   20
138   2   6   14
138   2   7   6
138   3   1   5
138   3   2   24
138   3   3   42
138   3   4   37
138   3   5   21
138   3   6   8
138   4   1   10
138   4   2   28
138   4   3   38
138   4   4   27
138   4   5   14
138   4   6   14
138   4   7   6
139   1   1   8
139   1   2   13
139   1   3   15
139   1   4   14
139   1   5   13
139   1   6   11
139   2   1   16
139   2   2   20
139   2   3   21
139   2   4   17
139   3   1   14
139   3   2   24
139   3   3   21
139   3   4   15
139   4   1   5
139   4   2   13
139   4   3   21
139   4   4   16
139   4   5   11
139   4   6   8
140   1   1   8
140   1   2   13
140   1   3   23
140   1   4   22
140   1   5   25
140   1   6   24
140   1   7   15
140   1   8   5
140   2   1   18
140   2   2   28
140   2   3   22
140   2   4   28
140   2   5   20
140   2   6   12
140   2   7   7
140   3   1   8
140   3   2   23
140   3   3   33
140   3   4   41
140   3   5   25
140   3   6   5
140   4   1   5
140   4   2   8
140   4   3   20
140   4   4   28
140   4   5   35
140   4   6   28
140   4   7   11
141   1   1   11
141   1   2   14
141   1   3   16
141   1   4   11
141   2   1   7
141   2   2   18
141   2   3   19
141   2   4   8
141   3   1   12
141   3   2   13
141   3   3   15
141   3   4   12
141   4   1   9
141   4   2   19
141   4   3   13
141   4   4   11
142   1   1   13
142   1   2   21
142   1   3   19
142   1   4   14
142   2   1   8
142   2   2   13
142   2   3   12
142   2   4   14
142   2   5   12
142   2   6   8
142   3   1   6
142   3   2   12
142   3   3   18
142   3   4   21
142   3   5   10
142   4   1   12
142   4   2   21
142   4   3   22
142   4   4   12
143   1   1   6
143   1   2   20
143   1   3   23
143   1   4   21
143   1   5   15
143   1   6   8
143   2   1   18
143   2   2   28
143   2   3   29
143   2   4   18
143   3   1   12
143   3   2   11
143   3   3   26
143   3   4   18
143   3   5   16
143   3   6   10
143   4   1   11
143   4   2   9
143   4   3   22
143   4   4   25
143   4   5   20
143   4   6   6
144   1   1   11
144   1   2   20
144   1   3   17
144   1   4   13
144   2   1   17
144   2   2   11
144   2   3   15
144   2   4   18
144   3   1   14
144   3   2   18
144   3   3   15
144   3   4   14
144   4   1   5
144   4   2   10
144   4   3   16
144   4   4   13
144   4   5   13
144   4   6   4
145   1   1   12
145   1   2   18
145   1   3   17
145   1   4   12
145   2   1   11
145   2   2   20
145   2   3   16
145   2   4   12
145   3   1   7
145   3   2   8
145   3   3   15
145   3   4   12
145   3   5   11
145   3   6   6
145   4   1   12
145   4   2   17
145   4   3   17
145   4   4   13
146   1   1   23
146   1   2   28
146   1   3   34
146   1   4   41
146   1   5   31
146   1   6   19
146   2   1   20
146   2   2   33
146   2   3   37
146   2   4   39
146   2   5   27
146   2   6   13
146   2   7   7
146   3   1   9
146   3   2   19
146   3   3   28
146   3   4   33
146   3   5   35
146   3   6   32
146   3   7   20
146   4   1   7
146   4   2   16
146   4   3   30
146   4   4   34
146   4   5   35
146   4   6   30
146   4   7   19
146   4   8   5
147   1   1   9
147   1   2   12
147   1   3   16
147   1   4   17
147   1   5   12
147   1   6   8
147   2   1   17
147   2   2   21
147   2   3   19
147   2   4   17
147   3   1   18
147   3   2   19
147   3   3   19
147   3   4   18
147   4   1   8
147   4   2   14
147   4   3   16
147   4   4   15
147   4   5   13
147   4   6   8
148   1   1   9
148   1   2   19
148   1   3   16
148   1   4   15
148   1   5   14
148   1   6   11
148   2   1   15
148   2   2   25
148   2   3   30
148   2   4   14
148   3   1   9
148   3   2   14
148   3   3   21
148   3   4   16
148   3   5   16
148   3   6   8
148   4   1   5
148   4   2   15
148   4   3   19
148   4   4   24
148   4   5   21
149   1   1   5
149   1   2   16
149   1   3   11
149   1   4   6
149   2   1   8
149   2   2   12
149   2   3   11
149   2   4   7
149   3   1   9
149   3   2   12
149   3   3   9
149   3   4   8
149   4   1   8
149   4   2   10
149   4   3   14
149   4   4   6
150   1   1   14
150   1   2   15
150   2   1   5
150   2   2   9
150   2   3   9
150   2   4   6
150   3   1   14
150   3   2   15
150   4   1   6
150   4   2   9
150   4   3   8
150   4   4   6
151   1   1   16
151   1   2   15
151   1   3   16
151   1   4   7
151   1   5   5
151   2   1   14
151   2   2   14
151   2   3   15
151   2   4   16
151   3   1   8
151   3   2   12
151   3   3   13
151   3   4   12
151   3   5   14
151   4   1   11
151   4   2   18
151   4   3   20
151   4   4   10
152   1   1   7
152   1   2   15
152   1   3   20
152   1   4   17
152   1   5   15
152   1   6   7
152   2   1   8
152   2   2   14
152   2   3   16
152   2   4   19
152   2   5   19
152   2   6   5
152   3   1   15
152   3   2   22
152   3   3   29
152   3   4   15
152   4   1   15
152   4   2   24
152   4   3   25
152   4   4   17
153   1   1   14
153   1   2   25
153   1   3   30
153   1   4   28
153   1   5   26
153   1   6   13
153   2   1   16
153   2   2   22
153   2   3   33
153   2   4   36
153   2   5   29
153   3   1   5
153   3   2   14
153   3   3   21
153   3   4   30
153   3   5   27
153   3   6   20
153   3   7   13
153   3   8   6
153   4   1   13
153   4   2   28
153   4   3   32
153   4   4   25
153   4   5   20
153   4   6   18
154   1   1   6
154   1   2   16
154   1   3   30
154   1   4   32
154   1   5   33
154   1   6   23
154   1   7   17
154   1   8   8
154   2   1   13
154   2   2   31
154   2   3   37
154   2   4   38
154   2   5   29
154   2   6   17
154   3   1   23
154   3   2   24
154   3   3   34
154   3   4   38
154   3   5   28
154   3   6   14
154   3   7   4
154   4   1   23
154   4   2   25
154   4   3   34
154   4   4   33
154   4   5   32
154   4   6   18
155   1   1   6
155   1   2   19
155   1   3   31
155   1   4   36
155   1   5   43
155   1   6   33
155   1   7   23
155   2   1   5
155   2   2   25
155   2   3   31
155   2   4   37
155   2   5   36
155   2   6   28
155   2   7   20
155   2   8   9
155   3   1   8
155   3   2   17
155   3   3   29
155   3   4   43
155   3   5   37
155   3   6   31
155   3   7   19
155   3   8   7
155   4   1   18
155   4   2   36
155   4   3   45
155   4   4   41
155   4   5   29
155   4   6   16
155   4   7   6
156   1   1   17
156   1   2   25
156   1   3   25
156   1   4   19
156   2   1   9
156   2   2   14
156   2   3   17
156   2   4   23
156   2   5   18
156   2   6   5
156   3   1   6
156   3   2   9
156   3   3   26
156   3   4   29
156   3   5   16
156   4   1   11
156   4   2   15
156   4   3   17
156   4   4   18
156   4   5   14
156   4   6   11
157   1   1   21
157   1   2   21
157   1   3   21
157   1   4   17
157   1   5   6
157   2   1   17
157   2   2   28
157   2   3   24
157   2   4   17
157   3   1   9
157   3   2   15
157   3   3   18
157   3   4   19
157   3   5   16
157   3   6   9
157   4   1   19
157   4   2   23
157   4   3   22
157   4   4   15
157   4   5   7
158   1   1   7
158   1   2   10
158   1   3   17
158   1   4   20
158   1   5   19
158   2   1   20
158   2   2   15
158   2   3   20
158   2   4   18
158   3   1   20
158   3   2   20
158   3   3   14
158   3   4   12
158   3   5   7
158   4   1   16
158   4   2   21
158   4   3   22
158   4   4   14
159   1   1   9
159   1   2   25
159   1   3   30
159   1   4   31
159   1   5   32
159   1   6   25
159   1   7   19
159   1   8   14
159   2   1   5
159   2   2   20
159   2   3   27
159   2   4   40
159   2   5   40
159   2   6   26
159   2   7   27
159   3   1   16
159   3   2   33
159   3   3   37
159   3   4   47
159   3   5   46
159   3   6   6
159   4   1   8
159   4   2   20
159   4   3   29
159   4   4   31
159   4   5   38
159   4   6   35
159   4   7   24
160   1   1   12
160   1   2   12
160   1   3   16
160   1   4   11
160   2   1   11
160   2   2   14
160   2   3   15
160   2   4   11
160   3   1   8
160   3   2   17
160   3   3   17
160   3   4   9
160   4   1   11
160   4   2   12
160   4   3   19
160   4   4   9
161   1   1   5
161   1   2   24
161   1   3   22
161   1   4   20
161   1   5   15
161   1   6   10
161   2   1   7
161   2   2   21
161   2   3   22
161   2   4   20
161   2   5   16
161   2   6   10
161   3   1   5
161   3   2   15
161   3   3   27
161   3   4   27
161   3   5   22
161   4   1   3
161   4   2   8
161   4   3   14
161   4   4   20
161   4   5   22
161   4   6   21
161   4   7   8
162   1   1   9
162   1   2   20
162   1   3   24
162   1   4   24
162   1   5   19
162   1   6   8
162   2   1   13
162   2   2   18
162   2   3   20
162   2   4   20
162   2   5   21
162   2   6   12
162   3   1   9
162   3   2   19
162   3   3   23
162   3   4   24
162   3   5   19
162   3   6   10
162   4   1   5
162   4   2   16
162   4   3   33
162   4   4   27
162   4   5   23
163   1   1   6
163   1   2   18
163   1   3   21
163   1   4   19
163   1   5   15
163   1   6   7
163   2   1   10
163   2   2   15
163   2   3   18
163   2   4   18
163   2   5   16
163   2   6   9
163   3   1   18
163   3   2   26
163   3   3   23
163   3   4   19
163   4   1   20
163   4   2   25
163   4   3   22
163   4   4   19
164   1   1   7
164   1   2   8
164   1   3   17
164   1   4   18
164   1   5   11
164   1   6   6
164   2   1   19
164   2   2   16
164   2   3   16
164   2   4   10
164   2   5   6
164   3   1   15
164   3   2   19
164   3   3   18
164   3   4   15
164   4   1   13
164   4   2   23
164   4   3   17
164   4   4   14
165   1   1   10
165   1   2   18
165   1   3   24
165   1   4   25
165   1   5   17
165   1   6   11
165   2   1   6
165   2   2   21
165   2   3   24
165   2   4   27
165   2   5   27
165   3   1   6
165   3   2   20
165   3   3   31
165   3   4   28
165   3   5   20
165   4   1   13
165   4   2   18
165   4   3   21
165   4   4   22
165   4   5   18
165   4   6   13
166   1   1   19
166   1   2   26
166   1   3   24
166   1   4   18
166   2   1   10
166   2   2   15
166   2   3   18
166   2   4   20
166   2   5   13
166   2   6   11
166   3   1   8
166   3   2   18
166   3   3   19
166   3   4   19
166   3   5   13
166   3   6   10
166   4   1   21
166   4   2   26
166   4   3   20
166   4   4   13
166   4   5   7
167   1   1   10
167   1   2   32
167   1   3   39
167   1   4   42
167   1   5   42
167   1   6   34
167   1   7   29
167   1   8   14
167   2   1   8
167   2   2   12
167   2   3   23
167   2   4   33
167   2   5   41
167   2   6   43
167   2   7   38
167   2   8   29
167   2   9   15
167   3   1   13
167   3   2   28
167   3   3   39
167   3   4   40
167   3   5   46
167   3   6   33
167   3   7   27
167   3   8   16
167   4   1   15
167   4   2   32
167   4   3   38
167   4   4   41
167   4   5   41
167   4   6   31
167   4   7   23
167   4   8   12
167   4   9   9
168   1   1   7
168   1   2   24
168   1   3   28
168   1   4   38
168   1   5   43
168   1   6   34
168   1   7   19
168   1   8   7
168   2   1   10
168   2   2   18
168   2   3   32
168   2   4   36
168   2   5   42
168   2   6   35
168   2   7   22
168   2   8   5
168   3   1   21
168   3   2   38
168   3   3   47
168   3   4   38
168   3   5   32
168   3   6   19
168   3   7   5
168   4   1   10
168   4   2   24
168   4   3   31
168   4   4   35
168   4   5   37
168   4   6   34
168   4   7   22
168   4   8   7
169   1   1   10
169   1   2   16
169   1   3   16
169   1   4   20
169   1   5   18
169   1   6   9
169   2   1   16
169   2   2   26
169   2   3   27
169   2   4   20
169   3   1   12
169   3   2   11
169   3   3   26
169   3   4   15
169   3   5   15
169   3   6   10
169   4   1   18
169   4   2   24
169   4   3   30
169   4   4   17
170   1   1   5
170   1   2   14
170   1   3   26
170   1   4   41
170   1   5   38
170   1   6   36
170   1   7   15
170   2   1   9
170   2   2   19
170   2   3   30
170   2   4   32
170   2   5   31
170   2   6   24
170   2   7   18
170   2   8   12
170   3   1   25
170   3   2   34
170   3   3   34
170   3   4   29
170   3   5   27
170   3   6   17
170   3   7   9
170   4   1   15
170   4   2   38
170   4   3   40
170   4   4   35
170   4   5   27
170   4   6   13
170   4   7   7
171   1   1   10
171   1   2   10
171   1   3   11
171   1   4   11
171   2   1   5
171   2   2   16
171   2   3   14
171   2   4   7
171   3   1   10
171   3   2   11
171   3   3   10
171   3   4   9
171   3   5   2
171   4   1   5
171   4   2   16
171   4   3   15
171   4   4   6
172   1   1   5
172   1   2   12
172   1   3   39
172   1   4   39
172   1   5   40
172   1   6   34
172   1   7   12
172   1   8   8
172   2   1   13
172   2   2   18
172   2   3   26
172   2   4   34
172   2   5   37
172   2   6   31
172   2   7   21
172   2   8   9
172   3   1   7
172   3   2   17
172   3   3   30
172   3   4   31
172   3   5   46
172   3   6   38
172   3   7   20
172   4   1   6
172   4   2   20
172   4   3   27
172   4   4   39
172   4   5   40
172   4   6   35
172   4   7   22
173   1   1   25
173   1   2   21
173   1   3   25
173   1   4   14
173   1   5   7
173   2   1   9
173   2   2   17
173   2   3   22
173   2   4   17
173   2   5   15
173   2   6   12
173   3   1   9
173   3   2   15
173   3   3   18
173   3   4   24
173   3   5   26
173   4   1   6
173   4   2   13
173   4   3   22
173   4   4   32
173   4   5   19
174   1   1   9
174   1   2   19
174   1   3   28
174   1   4   31
174   1   5   33
174   1   6   37
174   1   7   20
174   1   8   5
174   2   1   17
174   2   2   36
174   2   3   40
174   2   4   41
174   2   5   30
174   2   6   18
174   3   1   24
174   3   2   34
174   3   3   35
174   3   4   33
174   3   5   30
174   3   6   20
174   3   7   6
174   4   1   6
174   4   2   17
174   4   3   31
174   4   4   35
174   4   5   37
174   4   6   31
174   4   7   18
174   4   8   7
175   1   1   2
175   1   2   2
175   1   3   7
175   1   4   15
175   1   5   19
175   1   6   13
175   2   1   16
175   2   2   14
175   2   3   12
175   2   4   11
175   2   5   5
175   3   1   10
175   3   2   23
175   3   3   13
175   3   4   12
175   4   1   12
175   4   2   21
175   4   3   15
175   4   4   10
176   1   1   10
176   1   2   17
176   1   3   21
176   1   4   20
176   1   5   19
176   1   6   10
176   2   1   7
176   2   2   17
176   2   3   25
176   2   4   22
176   2   5   19
176   2   6   7
176   3   1   19
176   3   2   31
176   3   3   26
176   3   4   21
176   4   1   6
176   4   2   19
176   4   3   26
176   4   4   20
176   4   5   18
176   4   6   8
177   1   1   21
177   1   2   29
177   1   3   40
177   1   4   35
177   1   5   26
177   1   6   17
177   1   7   7
177   2   1   12
177   2   2   18
177   2   3   25
177   2   4   30
177   2   5   37
177   2   6   23
177   2   7   18
177   2   8   12
177   3   1   5
177   3   2   19
177   3   3   32
177   3   4   35
177   3   5   29
177   3   6   26
177   3   7   20
177   3   8   9
177   4   1   13
177   4   2   33
177   4   3   41
177   4   4   41
177   4   5   32
177   4   6   15
178   1   1   10
178   1   2   20
178   1   3   21
178   1   4   10
178   2   1   11
178   2   2   9
178   2   3   11
178   2   4   9
178   2   5   11
178   2   6   10
178   3   1   13
178   3   2   16
178   3   3   19
178   3   4   13
178   4   1   14
178   4   2   18
178   4   3   17
178   4   4   12
179   1   1   7
179   1   2   8
179   1   3   8
179   1   4   7
179   2   1   5
179   2   2   13
179   2   3   12
179   3   1   17
179   3   2   13
179   4   1   7
179   4   2   7
179   4   3   10
179   4   4   6
180   1   1   15
180   1   2   21
180   1   3   22
180   1   4   21
180   1   5   14
180   1   6   16
180   2   1   9
180   2   2   21
180   2   3   27
180   2   4   26
180   2   5   20
180   2   6   6
180   3   1   11
180   3   2   22
180   3   3   22
180   3   4   23
180   3   5   17
180   3   6   14
180   4   1   24
180   4   2   29
180   4   3   31
180   4   4   20
180   4   5   5
181   1   1   7
181   1   2   13
181   1   3   19
181   1   4   23
181   1   5   14
181   1   6   6
181   2   1   7
181   2   2   7
181   2   3   26
181   2   4   26
181   2   5   16
181   3   1   7
181   3   2   13
181   3   3   20
181   3   4   22
181   3   5   20
181   4   1   6
181   4   2   14
181   4   3   19
181   4   4   21
181   4   5   16
181   4   6   6
182   1   1   4
182   1   2   16
182   1   3   25
182   1   4   27
182   1   5   26
182   1   6   22
182   1   7   16
182   1   8   5
182   2   1   10
182   2   2   12
182   2   3   20
182   2   4   25
182   2   5   30
182   2   6   23
182   2   7   12
182   2   8   9
182   3   1   9
182   3   2   16
182   3   3   20
182   3   4   24
182   3   5   27
182   3   6   22
182   3   7   23
182   4   1   24
182   4   2   37
182   4   3   45
182   4   4   35
183   1   1   7
183   1   2   12
183   1   3   12
183   1   4   12
183   1   5   12
183   1   6   7
183   2   1   14
183   2   2   16
183   2   3   18
183   2   4   14
183   3   1   5
183   3   2   11
183   3   3   18
183   3   4   17
183   3   5   11
183   4   1   11
183   4   2   21
183   4   3   20
183   4   4   10
184   1   1   12
184   1   2   15
184   1   3   16
184   1   4   12
184   2   1   12
184   2   2   17
184   2   3   14
184   2   4   12
184   3   1   12
184   3   2   15
184   3   3   13
184   3   4   15
184   4   1   10
184   4   2   17
184   4   3   19
184   4   4   9
185   1   1   6
185   1   2   10
185   1   3   14
185   1   4   16
185   1   5   17
185   2   1   10
185   2   2   18
185   2   3   20
185   2   4   15
185   3   1   12
185   3   2   19
185   3   3   22
185   3   4   10
185   4   1   16
185   4   2   15
185   4   3   15
185   4   4   12
185   4   5   5
186   1   1   26
186   1   2   29
186   1   3   24
186   1   4   14
186   1   5   9
186   2   1   8
186   2   2   12
186   2   3   31
186   2   4   29
186   2   5   22
186   3   1   15
186   3   2   18
186   3   3   18
186   3   4   18
186   3   5   19
186   3   6   14
186   4   1   5
186   4   2   20
186   4   3   26
186   4   4   27
186   4   5   24
187   1   1   19
187   1   2   24
187   1   3   23
187   1   4   22
187   2   1   7
187   2   2   16
187   2   3   21
187   2   4   22
187   2   5   16
187   2   6   6
187   3   1   20
187   3   2   24
187   3   3   22
187   3   4   22
187   4   1   10
187   4   2   13
187   4   3   18
187   4   4   22
187   4   5   18
187   4   6   7
188   1   1   17
188   1   2   17
188   1   3   19
188   1   4   21
188   1   5   19
188   1   6   15
188   2   1   11
188   2   2   21
188   2   3   22
188   2   4   24
188   2   5   18
188   2   6   12
188   3   1   20
188   3   2   32
188   3   3   36
188   3   4   20
188   4   1   8
188   4   2   17
188   4   3   29
188   4   4   29
188   4   5   20
188   4   6   5
189   1   1   7
189   1   2   17
189   1   3   26
189   1   4   39
189   1   5   41
189   1   6   37
189   1   7   19
189   2   1   16
189   2   2   35
189   2   3   39
189   2   4   35
189   2   5   31
189   2   6   30
189   3   1   9
189   3   2   17
189   3   3   36
189   3   4   38
189   3   5   33
189   3   6   21
189   3   7   17
189   3   8   9
189   3   9   6
189   4   1   27
189   4   2   40
189   4   3   33
189   4   4   29
189   4   5   27
189   4   6   19
189   4   7   11
190   1   1   7
190   1   2   14
190   1   3   21
190   1   4   26
190   1   5   21
190   2   1   16
190   2   2   29
190   2   3   25
190   2   4   19
190   3   1   7
190   3   2   16
190   3   3   22
190   3   4   21
190   3   5   15
190   3   6   8
190   4   1   9
190   4   2   17
190   4   3   21
190   4   4   19
190   4   5   12
190   4   6   11
191   1   1   6
191   1   2   24
191   1   3   22
191   1   4   25
191   1   5   21
191   1   6   6
191   2   1   5
191   2   2   16
191   2   3   29
191   2   4   31
191   2   5   23
191   3   1   8
191   3   2   22
191   3   3   25
191   3   4   21
191   3   5   17
191   3   6   11
191   4   1   15
191   4   2   17
191   4   3   19
191   4   4   22
191   4   5   18
191   4   6   13
192   1   1   6
192   1   2   18
192   1   3   20
192   1   4   5
192   2   1   4
192   2   2   7
192   2   3   15
192   2   4   11
192   2   5   12
192   3   1   10
192   3   2   14
192   3   3   15
192   3   4   10
192   4   1   6
192   4   2   9
192   4   3   9
192   4   4   12
192   4   5   13
193   1   1   9
193   1   2   10
193   1   3   15
193   1   4   21
193   1   5   15
193   1   6   6
193   2   1   22
193   2   2   19
193   2   3   16
193   2   4   12
193   2   5   7
193   3   1   17
193   3   2   25
193   3   3   17
193   3   4   12
193   3   5   5
193   4   1   16
193   4   2   22
193   4   3   21
193   4   4   17
194   1   1   7
194   1   2   18
194   1   3   19
194   1   4   6
194   2   1   9
194   2   2   17
194   2   3   13
194   2   4   11
194   3   1   10
194   3   2   15
194   3   3   14
194   3   4   11
194   4   1   10
194   4   2   15
194   4   3   15
194   4   4   10
195   1   1   5
195   1   2   13
195   1   3   14
195   1   4   14
195   1   5   9
195   1   6   8
195   2   1   12
195   2   2   20
195   2   3   20
195   2   4   11
195   3   1   10
195   3   2   20
195   3   3   22
195   3   4   11
195   4   1   15
195   4   2   17
195   4   3   17
195   4   4   14
196   1   1   23
196   1   2   28
196   1   3   31
196   1   4   28
196   1   5   25
196   1   6   20
196   1   7   5
196   2   1   16
196   2   2   32
196   2   3   39
196   2   4   31
196   2   5   20
196   2   6   12
196   2   7   10
196   3   1   17
196   3   2   35
196   3   3   39
196   3   4   29
196   3   5   21
196   3   6   19
196   4   1   22
196   4   2   27
196   4   3   28
196   4   4   36
196   4   5   28
196   4   6   11
196   4   7   8
197   1   1   10
197   1   2   15
197   1   3   16
197   1   4   9
197   2   1   4
197   2   2   10
197   2   3   12
197   2   4   9
197   2   5   11
197   2   6   4
197   3   1   27
197   3   2   17
197   3   3   6
197   4   1   14
197   4   2   11
197   4   3   13
197   4   4   12
198   1   1   10
198   1   2   14
198   1   3   16
198   1   4   10
198   2   1   6
198   2   2   8
198   2   3   11
198   2   4   12
198   2   5   13
198   3   1   7
198   3   2   18
198   3   3   17
198   3   4   8
198   4   1   12
198   4   2   12
198   4   3   12
198   4   4   14
199   1   1   16
199   1   2   23
199   1   3   17
199   1   4   17
199   2   1   6
199   2   2   9
199   2   3   21
199   2   4   21
199   2   5   11
199   2   6   5
199   3   1   17
199   3   2   20
199   3   3   21
199   3   4   10
199   3   5   5
199   4   1   16
199   4   2   22
199   4   3   18
199   4   4   12
199   4   5   5
200   1   1   20
200   1   2   21
200   1   3   29
200   1   4   15
200   2   1   9
200   2   2   12
200   2   3   19
200   2   4   21
200   2   5   18
200   2   6   6
200   3   1   8
200   3   2   13
200   3   3   18
200   3   4   23
200   3   5   23
200   4   1   12
200   4   2   11
200   4   3   14
200   4   4   21
200   4   5   21
200   4   6   6
201   1   1   7
201   1   2   10
201   1   3   17
201   1   4   13
201   1   5   11
201   1   6   8
201   2   1   6
201   2   2   11
201   2   3   15
201   2   4   16
201   2   5   12
201   2   6   6
201   3   1   17
201   3   2   15
201   3   3   19
201   3   4   15
201   4   1   9
201   4   2   26
201   4   3   22
201   4   4   9
202   1   1   10
202   1   2   15
202   1   3   21
202   1   4   22
202   1   5   29
202   2   1   9
202   2   2   17
202   2   3   23
202   2   4   23
202   2   5   15
202   2   6   10
202   3   1   23
202   3   2   26
202   3   3   27
202   3   4   14
202   3   5   7
202   4   1   27
202   4   2   25
202   4   3   22
202   4   4   14
202   4   5   9
203   1   1   20
203   1   2   31
203   1   3   40
203   1   4   36
203   1   5   22
203   1   6   9
203   1   7   12
203   2   1   11
203   2   2   19
203   2   3   28
203   2   4   27
203   2   5   27
203   2   6   26
203   2   7   22
203   2   8   10
203   3   1   13
203   3   2   31
203   3   3   45
203   3   4   40
203   3   5   23
203   3   6   18
203   4   1   9
203   4   2   16
203   4   3   26
203   4   4   36
203   4   5   32
203   4   6   26
203   4   7   15
203   4   8   10
204   1   1   18
204   1   2   20
204   1   3   24
204   1   4   10
204   1   5   5
204   2   1   19
204   2   2   19
204   2   3   21
204   2   4   13
204   2   5   5
204   3   1   6
204   3   2   12
204   3   3   20
204   3   4   19
204   3   5   14
204   3   6   6
204   4   1   18
204   4   2   23
204   4   3   20
204   4   4   16
205   1   1   5
205   1   2   6
205   1   3   13
205   1   4   13
205   1   5   15
205   2   1   6
205   2   2   4
205   2   3   15
205   2   4   15
205   2   5   12
205   3   1   8
205   3   2   18
205   3   3   16
205   3   4   10
205   4   1   9
205   4   2   17
205   4   3   16
205   4   4   10
206   1   1   11
206   1   2   16
206   1   3   26
206   1   4   25
206   1   5   20
206   1   6   9
206   2   1   12
206   2   2   19
206   2   3   20
206   2   4   26
206   2   5   18
206   2   6   12
206   3   1   8
206   3   2   18
206   3   3   25
206   3   4   27
206   3   5   22
206   3   6   7
206   4   1   8
206   4   2   18
206   4   3   24
206   4   4   28
206   4   5   24
206   4   6   5
207   1   1   3
207   1   2   11
207   1   3   18
207   1   4   22
207   1   5   22
207   1   6   19
207   1   7   16
207   2   1   6
207   2   2   13
207   2   3   16
207   2   4   20
207   2   5   19
207   2   6   19
207   2   7   18
207   3   1   24
207   3   2   32
207   3   3   32
207   3   4   23
207   4   1   5
207   4   2   19
207   4   3   30
207   4   4   31
207   4   5   26
208   1   1   7
208   1   2   16
208   1   3   14
208   1   4   8
208   2   1   7
208   2   2   13
208   2   3   17
208   2   4   8
208   3   1   9
208   3   2   13
208   3   3   13
208   3   4   10
208   4   1   8
208   4   2   12
208   4   3   13
208   4   4   12
209   1   1   5
209   1   2   14
209   1   3   18
209   1   4   19
209   1   5   13
209   1   6   5
209   2   1   11
209   2   2   27
209   2   3   25
209   2   4   11
209   3   1   5
209   3   2   16
209   3   3   18
209   3   4   16
209   3   5   11
209   3   6   8
209   4   1   5
209   4   2   15
209   4   3   18
209   4   4   16
209   4   5   12
209   4   6   8
210   1   1   13
210   1   2   17
210   1   3   21
210   1   4   19
210   1   5   19
210   1   6   11
210   2   1   6
210   2   2   14
210   2   3   25
210   2   4   32
210   2   5   23
210   3   1   12
210   3   2   17
210   3   3   22
210   3   4   18
210   3   5   21
210   3   6   10
210   4   1   5
210   4   2   23
210   4   3   26
210   4   4   22
210   4   5   13
210   4   6   11
211   1   1   11
211   1   2   17
211   1   3   18
211   1   4   26
211   1   5   21
211   1   6   7
211   2   1   18
211   2   2   34
211   2   3   28
211   2   4   20
211   3   1   10
211   3   2   19
211   3   3   23
211   3   4   21
211   3   5   17
211   3   6   10
211   4   1   9
211   4   2   18
211   4   3   24
211   4   4   23
211   4   5   15
211   4   6   11
212   1   1   10
212   1   2   11
212   1   3   13
212   1   4   13
212   1   5   13
212   1   6   9
212   2   1   15
212   2   2   21
212   2   3   18
212   2   4   15
212   3   1   17
212   3   2   22
212   3   3   14
212   3   4   11
212   3   5   5
212   4   1   16
212   4   2   18
212   4   3   20
212   4   4   15
213   1   1   16
213   1   2   27
213   1   3   18
213   1   4   15
213   2   1   10
213   2   2   11
213   2   3   17
213   2   4   16
213   2   5   13
213   2   6   9
213   3   1   5
213   3   2   16
213   3   3   19
213   3   4   18
213   3   5   11
213   3   6   7
213   4   1   4
213   4   2   13
213   4   3   22
213   4   4   19
213   4   5   12
213   4   6   6
214   1   1   5
214   1   2   19
214   1   3   18
214   2   1   8
214   2   2   11
214   2   3   16
214   2   4   7
214   3   1   11
214   3   2   11
214   3   3   9
214   3   4   6
214   3   5   5
214   4   1   2
214   4   2   8
214   4   3   10
214   4   4   12
214   4   5   10
215   1   1   9
215   1   2   10
215   1   3   11
215   1   4   9
215   2   1   10
215   2   2   10
215   2   3   11
215   2   4   8
215   3   1   8
215   3   2   10
215   3   3   11
215   3   4   10
215   4   1   19
215   4   2   20
216   1   1   6
216   1   2   27
216   1   3   26
216   1   4   23
216   1   5   18
216   1   6   10
216   1   7   5
216   2   1   10
216   2   2   17
216   2   3   26
216   2   4   31
216   2   5   31
216   3   1   3
216   3   2   5
216   3   3   8
216   3   4   14
216   3   5   19
216   3   6   29
216   3   7   25
216   3   8   12
216   4   1   13
216   4   2   17
216   4   3   27
216   4   4   27
216   4   5   20
216   4   6   11
217   1   1   11
217   1   2   19
217   1   3   23
217   1   4   22
217   1   5   20
217   1   6   11
217   2   1   9
217   2   2   19
217   2   3   23
217   2   4   27
217   2   5   22
217   2   6   6
217   3   1   9
217   3   2   20
217   3   3   24
217   3   4   24
217   3   5   18
217   3   6   11
217   4   1   5
217   4   2   17
217   4   3   33
217   4   4   27
217   4   5   24
218   1   1   7
218   1   2   16
218   1   3   25
218   1   4   22
218   1   5   19
218   1   6   6
218   2   1   8
218   2   2   16
218   2   3   19
218   2   4   29
218   2   5   17
218   2   6   6
218   3   1   5
218   3   2   18
218   3   3   25
218   3   4   27
218   3   5   14
218   3   6   6
218   4   1   12
218   4   2   14
218   4   3   21
218   4   4   19
218   4   5   14
218   4   6   11
218   4   7   4
219   1   1   11
219   1   2   11
219   2   1   10
219   2   2   12
219   3   1   10
219   3   2   12
219   4   1   12
219   4   2   10
220   1   1   7
220   1   2   20
220   1   3   33
220   1   4   29
220   1   5   25
220   1   6   5
220   2   1   12
220   2   2   21
220   2   3   26
220   2   4   27
220   2   5   22
220   2   6   11
220   3   1   11
220   3   2   10
220   3   3   16
220   3   4   20
220   3   5   23
220   3   6   18
220   3   7   13
220   3   8   8
220   4   1   15
220   4   2   21
220   4   3   24
220   4   4   25
220   4   5   17
220   4   6   17
221   1   1   9
221   1   2   19
221   1   3   19
221   1   4   20
221   1   5   11
221   1   6   13
221   2   1   17
221   2   2   27
221   2   3   28
221   2   4   19
221   3   1   11
221   3   2   15
221   3   3   18
221   3   4   19
221   3   5   19
221   3   6   9
221   4   1   20
221   4   2   24
221   4   3   28
221   4   4   19
222   1   1   15
222   1   2   18
222   1   3   15
222   1   4   18
222   2   1   11
222   2   2   20
222   2   3   25
222   2   4   10
222   3   1   15
222   3   2   18
222   3   3   18
222   3   4   15
222   4   1   7
222   4   2   10
222   4   3   14
222   4   4   16
222   4   5   19
223   1   1   14
223   1   2   14
223   1   3   11
223   1   4   14
223   2   1   12
223   2   2   15
223   2   3   13
223   2   4   13
223   3   1   6
223   3   2   7
223   3   3   15
223   3   4   10
223   3   5   9
223   3   6   6
223   4   1   9
223   4   2   16
223   4   3   19
223   4   4   9
224   1   1   14
224   1   2   7
224   1   3   5
224   2   1   14
224   2   2   12
224   3   1   12
224   3   2   9
224   3   3   5
224   4   1   15
224   4   2   6
224   4   3   5
225   1   1   6
225   1   2   23
225   1   3   33
225   1   4   33
225   1   5   26
225   2   1   13
225   2   2   22
225   2   3   26
225   2   4   26
225   2   5   20
225   2   6   14
225   3   1   16
225   3   2   21
225   3   3   22
225   3   4   24
225   3   5   23
225   3   6   15
225   4   1   13
225   4   2   21
225   4   3   30
225   4   4   25
225   4   5   18
225   4   6   14
226   1   1   6
226   1   2   10
226   1   3   12
226   1   4   15
226   1   5   8
226   1   6   6
226   2   1   9
226   2   2   17
226   2   3   23
226   2   4   8
226   3   1   6
226   3   2   13
226   3   3   8
226   3   4   13
226   3   5   8
226   3   6   9
226   4   1   11
226   4   2   15
226   4   3   19
226   4   4   12
227   1   1   10
227   1   2   12
227   1   3   13
227   1   4   11
227   2   1   7
227   2   2   15
227   2   3   18
227   2   4   6
227   3   1   10
227   3   2   13
227   3   3   16
227   3   4   7
227   4   1   12
227   4   2   9
227   4   3   13
227   4   4   12
228   1   1   8
228   1   2   23
228   1   3   27
228   1   4   28
228   1   5   22
228   1   6   8
228   2   1   16
228   2   2   21
228   2   3   26
228   2   4   19
228   2   5   17
228   2   6   11
228   2   7   6
228   3   1   26
228   3   2   32
228   3   3   33
228   3   4   25
228   4   1   12
228   4   2   21
228   4   3   27
228   4   4   24
228   4   5   20
228   4   6   12
229   1   1   23
229   1   2   33
229   1   3   33
229   1   4   35
229   1   5   30
229   1   6   18
229   1   7   5
229   2   1   8
229   2   2   22
229   2   3   26
229   2   4   30
229   2   5   36
229   2   6   33
229   2   7   15
229   2   8   7
229   3   1   5
229   3   2   16
229   3   3   30
229   3   4   34
229   3   5   40
229   3   6   35
229   3   7   17
229   4   1   19
229   4   2   35
229   4   3   35
229   4   4   37
229   4   5   29
229   4   6   22
230   1   1   4
230   1   2   7
230   1   3   8
230   1   4   9
230   1   5   6
230   1   6   6
230   2   1   5
230   2   2   15
230   2   3   14
230   2   4   6
230   3   1   9
230   3   2   11
230   3   3   11
230   3   4   9
230   4   1   19
230   4   2   21
231   1   1   6
231   1   2   6
231   1   3   7
231   1   4   6
231   2   1   12
231   2   2   13
231   3   1   12
231   3   2   13
231   4   1   5
231   4   2   6
231   4   3   9
231   4   4   5
232   1   1   22
232   1   2   24
232   1   3   25
232   1   4   23
232   2   1   6
232   2   2   16
232   2   3   30
232   2   4   23
232   2   5   11
232   2   6   5
232   2   7   3
232   3   1   6
232   3   2   18
232   3   3   24
232   3   4   25
232   3   5   15
232   3   6   6
232   4   1   8
232   4   2   17
232   4   3   24
232   4   4   20
232   4   5   16
232   4   6   9
233   1   1   11
233   1   2   23
233   1   3   33
233   1   4   44
233   1   5   42
233   1   6   38
233   1   7   26
233   1   8   8
233   2   1   8
233   2   2   18
233   2   3   37
233   2   4   37
233   2   5   41
233   2   6   42
233   2   7   30
233   2   8   12
233   3   1   8
233   3   2   21
233   3   3   36
233   3   4   42
233   3   5   47
233   3   6   46
233   3   7   25
233   4   1   13
233   4   2   23
233   4   3   35
233   4   4   37
233   4   5   43
233   4   6   37
233   4   7   27
233   4   8   10
234   1   1   12
234   1   2   9
234   1   3   9
234   1   4   15
234   1   5   17
234   1   6   6
234   2   1   13
234   2   2   26
234   2   3   20
234   2   4   9
234   3   1   12
234   3   2   21
234   3   3   24
234   3   4   11
234   4   1   8
234   4   2   13
234   4   3   14
234   4   4   13
234   4   5   11
234   4   6   9
235   1   1   14
235   1   2   15
235   1   3   15
235   1   4   7
235   1   5   5
235   2   1   9
235   2   2   17
235   2   3   24
235   2   4   6
235   3   1   12
235   3   2   14
235   3   3   18
235   3   4   12
235   4   1   12
235   4   2   16
235   4   3   14
235   4   4   14
236   1   1   5
236   1   2   19
236   1   3   21
236   1   4   24
236   1   5   13
236   1   6   7
236   2   1   7
236   2   2   14
236   2   3   22
236   2   4   23
236   2   5   16
236   2   6   7
236   3   1   6
236   3   2   15
236   3   3   23
236   3   4   23
236   3   5   17
236   3   6   5
236   4   1   6
236   4   2   14
236   4   3   20
236   4   4   26
236   4   5   23
237   1   1   12
237   1   2   24
237   1   3   29
237   1   4   34
237   1   5   23
237   1   6   12
237   2   1   10
237   2   2   28
237   2   3   33
237   2   4   28
237   2   5   20
237   2   6   15
237   3   1   5
237   3   2   13
237   3   3   19
237   3   4   28
237   3   5   30
237   3   6   21
237   3   7   18
237   4   1   19
237   4   2   23
237   4   3   24
237   4   4   29
237   4   5   24
237   4   6   15
238   1   1   13
238   1   2   11
238   1   3   15
238   1   4   11
238   2   1   7
238   2   2   20
238   2   3   15
238   2   4   8
238   3   1   8
238   3   2   14
238   3   3   14
238   3   4   14
238   4   1   9
238   4   2   18
238   4   3   14
238   4   4   9
239   1   1   5
239   1   2   13
239   1   3   10
239   1   4   6
239   2   1   5
239   2   2   12
239   2   3   12
239   2   4   5
239   3   1   6
239   3   2   10
239   3   3   13
239   3   4   5
239   4   1   5
239   4   2   12
239   4   3   11
239   4   4   6
240   1   1   6
240   1   2   13
240   1   3   15
240   1   4   16
240   1   5   20
240   2   1   17
240   2   2   19
240   2   3   17
240   2   4   17
240   3   1   13
240   3   2   19
240   3   3   19
240   3   4   19
240   4   1   16
240   4   2   23
240   4   3   15
240   4   4   12
240   4   5   4
241   1   1   8
241   1   2   12
241   1   3   11
241   1   4   8
241   2   1   5
241   2   2   12
241   2   3   17
241   2   4   5
241   3   1   8
241   3   2   14
241   3   3   10
241   3   4   7
241   4   1   6
241   4   2   5
241   4   3   7
241   4   4   8
241   4   5   13
242   1   1   5
242   1   2   24
242   1   3   32
242   1   4   28
242   1   5   21
242   1   6   7
242   2   1   16
242   2   2   19
242   2   3   23
242   2   4   24
242   2   5   20
242   2   6   15
242   3   1   9
242   3   2   26
242   3   3   25
242   3   4   26
242   3   5   20
242   3   6   11
242   4   1   12
242   4   2   22
242   4   3   25
242   4   4   25
242   4   5   21
242   4   6   12
243   1   1   9
243   1   2   25
243   1   3   23
243   1   4   20
243   1   5   21
243   1   6   11
243   2   1   7
243   2   2   20
243   2   3   27
243   2   4   30
243   2   5   17
243   2   6   8
243   3   1   6
243   3   2   20
243   3   3   28
243   3   4   28
243   3   5   27
243   4   1   11
243   4   2   19
243   4   3   23
243   4   4   25
243   4   5   20
243   4   6   11
244   1   1   15
244   1   2   19
244   1   3   21
244   1   4   15
244   2   1   20
244   2   2   15
244   2   3   16
244   2   4   14
244   2   5   5
244   3   1   16
244   3   2   19
244   3   3   18
244   3   4   17
244   4   1   15
244   4   2   19
244   4   3   22
244   4   4   14
245   1   1   11
245   1   2   9
245   1   3   12
245   1   4   21
245   1   5   15
245   1   6   6
245   2   1   6
245   2   2   16
245   2   3   16
245   2   4   17
245   2   5   12
245   2   6   7
245   3   1   8
245   3   2   29
245   3   3   28
245   3   4   9
245   4   1   19
245   4   2   20
245   4   3   18
245   4   4   12
245   4   5   5
246   1   1   20
246   1   2   23
246   1   3   30
246   1   4   28
246   1   5   31
246   1   6   16
246   2   1   21
246   2   2   28
246   2   3   32
246   2   4   28
246   2   5   22
246   2   6   17
246   3   1   11
246   3   2   28
246   3   3   35
246   3   4   37
246   3   5   29
246   3   6   8
246   4   1   6
246   4   2   16
246   4   3   28
246   4   4   25
246   4   5   26
246   4   6   23
246   4   7   16
246   4   8   8
247   1   1   9
247   1   2   23
247   1   3   30
247   1   4   28
247   1   5   23
247   1   6   10
247   2   1   8
247   2   2   24
247   2   3   31
247   2   4   29
247   2   5   23
247   2   6   8
247   3   1   11
247   3   2   22
247   3   3   31
247   3   4   23
247   3   5   21
247   3   6   15
247   4   1   12
247   4   2   22
247   4   3   29
247   4   4   28
247   4   5   19
247   4   6   13
248   1   1   7
248   1   2   15
248   1   3   16
248   1   4   7
248   2   1   10
248   2   2   13
248   2   3   13
248   2   4   9
248   3   1   9
248   3   2   13
248   3   3   14
248   3   4   9
248   4   1   10
248   4   2   13
248   4   3   12
248   4   4   10
249   1   1   8
249   1   2   10
249   1   3   14
249   1   4   7
249   2   1   8
249   2   2   11
249   2   3   14
249   2   4   6
249   3   1   11
249   3   2   7
249   3   3   12
249   3   4   9
249   4   1   6
249   4   2   12
249   4   3   16
249   4   4   5
250   1   1   6
250   1   2   10
250   1   3   12
250   1   4   6
250   2   1   5
250   2   2   11
250   2   3   13
250   2   4   5
250   3   1   5
250   3   2   12
250   3   3   12
250   3   4   5
250   4   1   7
250   4   2   10
250   4   3   10
250   4   4   7
251   1   1   7
251   1   2   11
251   1   3   18
251   1   4   17
251   1   5   15
251   1   6   5
251   2   1   7
251   2   2   14
251   2   3   16
251   2   4   20
251   2   5   10
251   2   6   6
251   3   1   15
251   3   2   25
251   3   3   18
251   3   4   15
251   4   1   14
251   4   2   24
251   4   3   21
251   4   4   14
252   1   1   7
252   1   2   21
252   1   3   36
252   1   4   35
252   1   5   23
252   1   6   6
252   2   1   18
252   2   2   24
252   2   3   25
252   2   4   21
252   2   5   20
252   2   6   14
252   2   7   6
252   3   1   18
252   3   2   19
252   3   3   22
252   3   4   27
252   3   5   24
252   3   6   18
252   4   1   10
252   4   2   22
252   4   3   31
252   4   4   32
252   4   5   27
252   4   6   6
