1   1   1   9
1   1   2   11
1   1   3   10
1   1   4   9
1   2   1   20
1   2   2   14
1   2   3   5
1   3   1   9
1   3   2   11
1   3   3   11
1   3   4   8
1   4   1   19
1   4   2   13
1   4   3   7
2   1   1   8
2   1   2   16
2   1   3   21
2   1   4   22
2   1   5   19
2   1   6   7
2   2   1   8
2   2   2   13
2   2   3   26
2   2   4   23
2   2   5   16
2   2   6   7
2   3   1   22
2   3   2   26
2   3   3   21
2   3   4   24
2   4   1   5
2   4   2   20
2   4   3   22
2   4   4   21
2   4   5   19
2   4   6   6
3   1   1   8
3   1   2   20
3   1   3   17
3   1   4   19
3   1   5   15
3   1   6   10
3   2   1   20
3   2   2   29
3   2   3   22
3   2   4   12
3   2   5   6
3   3   1   20
3   3   2   23
3   3   3   27
3   3   4   19
3   4   1   8
3   4   2   15
3   4   3   21
3   4   4   23
3   4   5   14
3   4   6   8
4   1   1   6
4   1   2   20
4   1   3   19
4   1   4   6
4   2   1   10
4   2   2   14
4   2   3   16
4   2   4   11
4   3   1   11
4   3   2   12
4   3   3   17
4   3   4   11
4   4   1   12
4   4   2   12
4   4   3   13
4   4   4   14
5   1   1   13
5   1   2   18
5   1   3   23
5   1   4   21
5   1   5   18
5   1   6   15
5   2   1   5
5   2   2   18
5   2   3   31
5   2   4   29
5   2   5   19
5   2   6   6
5   3   1   22
5   3   2   35
5   3   3   30
5   3   4   16
5   3   5   5
5   4   1   13
5   4   2   18
5   4   3   23
5   4   4   25
5   4   5   17
5   4   6   12
6   1   1   23
6   1   2   26
6   1   3   20
6   1   4   15
6   1   5   7
6   2   1   7
6   2   2   17
6   2   3   24
6   2   4   21
6   2   5   14
6   2   6   8
6   3   1   18
6   3   2   25
6   3   3   26
6   3   4   22
6   4   1   11
6   4   2   14
6   4   3   19
6   4   4   20
6   4   5   19
6   4   6   8
7   1   1   32
7   1   2   37
7   1   3   31
7   1   4   23
7   1   5   7
7   2   1   6
7   2   2   15
7   2   3   18
7   2   4   22
7   2   5   24
7   2   6   26
7   2   7   19
7   3   1   14
7   3   2   27
7   3   3   24
7   3   4   24
7   3   5   26
7   3   6   15
7   4   1   6
7   4   2   12
7   4   3   18
7   4   4   21
7   4   5   33
7   4   6   27
7   4   7   13
8   1   1   9
8   1   2   14
8   1   3   12
8   1   4   10
8   2   1   8
8   2   2   14
8   2   3   14
8   2   4   9
8   3   1   11
8   3   2   12
8   3   3   12
8   3   4   10
8   4   1   7
8   4   2   16
8   4   3   16
8   4   4   6
9   1   1   2
9   1   2   7
9   1   3   16
9   1   4   13
9   1   5   7
9   2   1   6
9   2   2   17
9   2   3   15
9   2   4   7
9   3   1   13
9   3   2   10
9   3   3   9
9   3   4   8
9   3   5   5
9   4   1   7
9   4   2   15
9   4   3   16
9   4   4   7
10   1   1   10
10   1   2   21
10   1   3   29
10   1   4   16
10   1   5   26
10   1   6   9
10   2   1   7
10   2   2   20
10   2   3   29
10   2   4   29
10   2   5   21
10   2   6   5
10   3   1   5
10   3   2   13
10   3   3   16
10   3   4   19
10   3   5   21
10   3   6   22
10   3   7   15
10   4   1   10
10   4   2   18
10   4   3   24
10   4   4   30
10   4   5   24
10   4   6   5
11   1   1   13
11   1   2   18
11   1   3   27
11   1   4   27
11   1   5   18
11   1   6   13
11   2   1   11
11   2   2   24
11   2   3   22
11   2   4   25
11   2   5   25
11   2   6   9
11   3   1   17
11   3   2   19
11   3   3   22
11   3   4   22
11   3   5   19
11   3   6   17
11   4   1   5
11   4   2   17
11   4   3   34
11   4   4   40
11   4   5   20
12   1   1   8
12   1   2   17
12   1   3   24
12   1   4   28
12   1   5   30
12   1   6   27
12   1   7   22
12   2   1   15
12   2   2   27
12   2   3   36
12   2   4   35
12   2   5   26
12   2   6   17
12   3   1   23
12   3   2   25
12   3   3   29
12   3   4   32
12   3   5   25
12   3   6   22
12   4   1   8
12   4   2   38
12   4   3   35
12   4   4   38
12   4   5   20
12   4   6   17
13   1   1   5
13   1   2   16
13   1   3   20
13   1   4   20
13   1   5   22
13   1   6   23
13   1   7   13
13   1   8   5
13   2   1   6
13   2   2   23
13   2   3   31
13   2   4   36
13   2   5   22
13   2   6   6
13   3   1   14
13   3   2   22
13   3   3   25
13   3   4   25
13   3   5   25
13   3   6   13
13   4   1   15
13   4   2   20
13   4   3   28
13   4   4   26
13   4   5   20
13   4   6   15
14   1   1   13
14   1   2   24
14   1   3   29
14   1   4   16
14   2   1   10
14   2   2   12
14   2   3   16
14   2   4   20
14   2   5   17
14   2   6   7
14   3   1   17
14   3   2   23
14   3   3   25
14   3   4   17
14   4   1   12
14   4   2   15
14   4   3   18
14   4   4   15
14   4   5   12
14   4   6   10
15   1   1   8
15   1   2   13
15   1   3   21
15   1   4   6
15   2   1   12
15   2   2   14
15   2   3   10
15   2   4   7
15   2   5   5
15   3   1   7
15   3   2   6
15   3   3   12
15   3   4   9
15   3   5   9
15   3   6   5
15   4   1   6
15   4   2   18
15   4   3   19
15   4   4   5
16   1   1   17
16   1   2   23
16   1   3   14
16   1   4   10
16   1   5   5
16   2   1   6
16   2   2   12
16   2   3   16
16   2   4   17
16   2   5   18
16   3   1   8
16   3   2   12
16   3   3   15
16   3   4   13
16   3   5   11
16   3   6   10
16   4   1   13
16   4   2   26
16   4   3   19
16   4   4   11
17   1   1   18
17   1   2   25
17   1   3   21
17   1   4   19
17   2   1   6
17   2   2   13
17   2   3   22
17   2   4   20
17   2   5   15
17   2   6   7
17   3   1   7
17   3   2   16
17   3   3   15
17   3   4   21
17   3   5   19
17   3   6   5
17   4   1   18
17   4   2   25
17   4   3   21
17   4   4   19
18   1   1   8
18   1   2   15
18   1   3   30
18   1   4   34
18   1   5   32
18   1   6   33
18   1   7   21
18   2   1   6
18   2   2   18
18   2   3   26
18   2   4   36
18   2   5   36
18   2   6   31
18   2   7   14
18   2   8   6
18   3   1   7
18   3   2   22
18   3   3   30
18   3   4   31
18   3   5   29
18   3   6   25
18   3   7   19
18   3   8   10
18   4   1   19
18   4   2   28
18   4   3   39
18   4   4   38
18   4   5   34
18   4   6   15
19   1   1   9
19   1   2   14
19   1   3   12
19   1   4   11
19   2   1   9
19   2   2   14
19   2   3   14
19   2   4   9
19   3   1   9
19   3   2   15
19   3   3   13
19   3   4   9
19   4   1   9
19   4   2   13
19   4   3   15
19   4   4   9
20   1   1   6
20   1   2   14
20   1   3   16
20   1   4   14
20   1   5   15
20   1   6   6
20   2   1   5
20   2   2   12
20   2   3   17
20   2   4   20
20   2   5   17
20   3   1   14
20   3   2   22
20   3   3   22
20   3   4   13
20   4   1   16
20   4   2   19
20   4   3   20
20   4   4   16
21   1   1   19
21   1   2   25
21   1   3   36
21   1   4   35
21   1   5   31
21   1   6   14
21   2   1   10
21   2   2   17
21   2   3   26
21   2   4   27
21   2   5   25
21   2   6   27
21   2   7   21
21   2   8   7
21   3   1   12
21   3   2   28
21   3   3   42
21   3   4   37
21   3   5   29
21   3   6   12
21   4   1   9
21   4   2   24
21   4   3   23
21   4   4   26
21   4   5   23
21   4   6   23
21   4   7   20
21   4   8   12
22   1   1   20
22   1   2   26
22   1   3   24
22   1   4   19
22   2   1   15
22   2   2   14
22   2   3   14
22   2   4   17
22   2   5   15
22   2   6   14
22   3   1   20
22   3   2   26
22   3   3   23
22   3   4   20
22   4   1   10
22   4   2   15
22   4   3   15
22   4   4   29
22   4   5   10
22   4   6   10
23   1   1   14
23   1   2   20
23   1   3   21
23   1   4   16
23   2   1   15
23   2   2   24
23   2   3   16
23   2   4   11
23   2   5   5
23   3   1   6
23   3   2   11
23   3   3   17
23   3   4   19
23   3   5   18
23   4   1   15
23   4   2   22
23   4   3   19
23   4   4   10
23   4   5   5
24   1   1   17
24   1   2   19
24   1   3   27
24   1   4   31
24   1   5   35
24   1   6   7
24   2   1   12
24   2   2   29
24   2   3   34
24   2   4   33
24   2   5   28
24   3   1   6
24   3   2   12
24   3   3   21
24   3   4   26
24   3   5   28
24   3   6   26
24   3   7   17
24   4   1   8
24   4   2   18
24   4   3   20
24   4   4   21
24   4   5   23
24   4   6   21
24   4   7   17
24   4   8   8
25   1   1   21
25   1   2   24
25   1   3   24
25   1   4   15
25   1   5   5
25   2   1   12
25   2   2   13
25   2   3   20
25   2   4   17
25   2   5   16
25   2   6   11
25   3   1   18
25   3   2   24
25   3   3   29
25   3   4   18
25   4   1   8
25   4   2   15
25   4   3   19
25   4   4   23
25   4   5   19
25   4   6   5
26   1   1   17
26   1   2   17
26   1   3   16
26   1   4   14
26   2   1   13
26   2   2   21
26   2   3   17
26   2   4   13
26   3   1   12
26   3   2   21
26   3   3   17
26   3   4   14
26   4   1   14
26   4   2   18
26   4   3   18
26   4   4   14
27   1   1   7
27   1   2   11
27   1   3   14
27   1   4   5
27   2   1   5
27   2   2   12
27   2   3   15
27   2   4   5
27   3   1   5
27   3   2   14
27   3   3   13
27   3   4   5
27   4   1   9
27   4   2   9
27   4   3   11
27   4   4   8
28   1   1   10
28   1   2   21
28   1   3   25
28   1   4   28
28   1   5   18
28   1   6   10
28   2   1   8
28   2   2   18
28   2   3   30
28   2   4   29
28   2   5   19
28   2   6   8
28   3   1   12
28   3   2   22
28   3   3   23
28   3   4   22
28   3   5   21
28   3   6   12
28   4   1   12
28   4   2   21
28   4   3   24
28   4   4   27
28   4   5   28
29   1   1   15
29   1   2   22
29   1   3   26
29   1   4   20
29   1   5   23
29   1   6   15
29   2   1   14
29   2   2   23
29   2   3   23
29   2   4   28
29   2   5   19
29   2   6   14
29   3   1   14
29   3   2   17
29   3   3   31
29   3   4   27
29   3   5   20
29   3   6   12
29   4   1   6
29   4   2   19
29   4   3   36
29   4   4   34
29   4   5   19
29   4   6   7
30   1   1   14
30   1   2   20
30   1   3   39
30   1   4   46
30   1   5   45
30   1   6   39
30   1   7   24
30   1   8   12
30   2   1   11
30   2   2   25
30   2   3   40
30   2   4   44
30   2   5   42
30   2   6   41
30   2   7   27
30   2   8   9
30   3   1   6
30   3   2   19
30   3   3   41
30   3   4   57
30   3   5   51
30   3   6   38
30   3   7   20
30   3   8   7
30   4   1   14
30   4   2   28
30   4   3   41
30   4   4   43
30   4   5   37
30   4   6   30
30   4   7   23
30   4   8   17
30   4   9   6
31   1   1   13
31   1   2   18
31   1   3   33
31   1   4   34
31   1   5   40
31   1   6   30
31   1   7   19
31   1   8   12
31   2   1   5
31   2   2   18
31   2   3   35
31   2   4   46
31   2   5   38
31   2   6   30
31   2   7   21
31   2   8   6
31   3   1   12
31   3   2   26
31   3   3   31
31   3   4   37
31   3   5   36
31   3   6   26
31   3   7   22
31   3   8   9
31   4   1   29
31   4   2   30
31   4   3   41
31   4   4   40
31   4   5   31
31   4   6   21
31   4   7   7
32   1   1   12
32   1   2   32
32   1   3   36
32   1   4   44
32   1   5   39
32   1   6   37
32   1   7   25
32   1   8   17
32   2   1   16
32   2   2   23
32   2   3   35
32   2   4   45
32   2   5   44
32   2   6   38
32   2   7   29
32   2   8   12
32   3   1   10
32   3   2   26
32   3   3   33
32   3   4   47
32   3   5   52
32   3   6   44
32   3   7   23
32   3   8   7
32   4   1   11
32   4   2   22
32   4   3   39
32   4   4   48
32   4   5   46
32   4   6   41
32   4   7   28
32   4   8   7
33   1   1   9
33   1   2   16
33   1   3   25
33   1   4   22
33   1   5   16
33   1   6   10
33   2   1   7
33   2   2   17
33   2   3   23
33   2   4   26
33   2   5   20
33   2   6   5
33   3   1   5
33   3   2   15
33   3   3   30
33   3   4   27
33   3   5   13
33   3   6   8
33   4   1   9
33   4   2   16
33   4   3   26
33   4   4   21
33   4   5   17
33   4   6   9
34   1   1   18
34   1   2   22
34   1   3   24
34   1   4   21
34   2   1   10
34   2   2   16
34   2   3   15
34   2   4   21
34   2   5   12
34   2   6   11
34   3   1   13
34   3   2   12
34   3   3   16
34   3   4   17
34   3   5   15
34   3   6   12
34   4   1   15
34   4   2   32
34   4   3   24
34   4   4   14
35   1   1   10
35   1   2   23
35   1   3   18
35   1   4   20
35   1   5   24
35   1   6   23
35   1   7   20
35   1   8   10
35   2   1   12
35   2   2   26
35   2   3   43
35   2   4   32
35   2   5   18
35   2   6   10
35   2   7   7
35   3   1   4
35   3   2   16
35   3   3   22
35   3   4   28
35   3   5   34
35   3   6   24
35   3   7   20
35   4   1   10
35   4   2   23
35   4   3   39
35   4   4   41
35   4   5   25
35   4   6   10
36   1   1   24
36   1   2   36
36   1   3   32
36   1   4   24
36   2   1   5
36   2   2   11
36   2   3   19
36   2   4   23
36   2   5   22
36   2   6   19
36   2   7   12
36   2   8   5
36   3   1   11
36   3   2   19
36   3   3   26
36   3   4   27
36   3   5   22
36   3   6   11
36   4   1   11
36   4   2   21
36   4   3   27
36   4   4   26
36   4   5   21
36   4   6   10
37   1   1   16
37   1   2   21
37   1   3   20
37   1   4   15
37   2   1   16
37   2   2   19
37   2   3   22
37   2   4   15
37   3   1   8
37   3   2   13
37   3   3   13
37   3   4   17
37   3   5   16
37   3   6   5
37   4   1   6
37   4   2   11
37   4   3   19
37   4   4   17
37   4   5   19
38   1   1   11
38   1   2   27
38   1   3   27
38   1   4   28
38   1   5   19
38   1   6   13
38   2   1   32
38   2   2   30
38   2   3   34
38   2   4   22
38   2   5   7
38   3   1   5
38   3   2   12
38   3   3   20
38   3   4   23
38   3   5   28
38   3   6   23
38   3   7   14
38   4   1   13
38   4   2   21
38   4   3   28
38   4   4   30
38   4   5   22
38   4   6   11
39   1   1   12
39   1   2   11
39   1   3   19
39   1   4   18
39   1   5   18
39   1   6   10
39   2   1   19
39   2   2   29
39   2   3   23
39   2   4   12
39   2   5   5
39   3   1   5
39   3   2   15
39   3   3   24
39   3   4   24
39   3   5   15
39   3   6   5
39   4   1   23
39   4   2   22
39   4   3   23
39   4   4   13
39   4   5   7
40   1   1   5
40   1   2   9
40   1   3   15
40   1   4   19
40   1   5   16
40   2   1   12
40   2   2   19
40   2   3   19
40   2   4   14
40   3   1   14
40   3   2   20
40   3   3   13
40   3   4   17
40   4   1   16
40   4   2   17
40   4   3   17
40   4   4   14
41   1   1   26
41   1   2   33
41   1   3   33
41   1   4   32
41   1   5   29
41   1   6   24
41   1   7   5
41   2   1   11
41   2   2   15
41   2   3   29
41   2   4   36
41   2   5   35
41   2   6   30
41   2   7   19
41   2   8   7
41   3   1   14
41   3   2   21
41   3   3   24
41   3   4   28
41   3   5   30
41   3   6   33
41   3   7   25
41   3   8   7
41   4   1   13
41   4   2   32
41   4   3   44
41   4   4   43
41   4   5   39
41   4   6   11
42   1   1   9
42   1   2   8
42   1   3   16
42   1   4   19
42   1   5   22
42   1   6   25
42   1   7   14
42   2   1   20
42   2   2   22
42   2   3   23
42   2   4   24
42   2   5   14
42   2   6   10
42   3   1   7
42   3   2   23
42   3   3   27
42   3   4   27
42   3   5   21
42   3   6   8
42   4   1   28
42   4   2   32
42   4   3   27
42   4   4   20
42   4   5   6
43   1   1   6
43   1   2   16
43   1   3   18
43   1   4   5
43   2   1   8
43   2   2   16
43   2   3   10
43   2   4   11
43   3   1   13
43   3   2   12
43   3   3   10
43   3   4   10
43   4   1   9
43   4   2   12
43   4   3   17
43   4   4   7
44   1   1   8
44   1   2   14
44   1   3   14
44   1   4   13
44   1   5   12
44   1   6   8
44   2   1   14
44   2   2   21
44   2   3   20
44   2   4   14
44   3   1   12
44   3   2   24
44   3   3   22
44   3   4   11
44   4   1   17
44   4   2   19
44   4   3   17
44   4   4   11
44   4   5   5
45   1   1   9
45   1   2   14
45   1   3   21
45   1   4   8
45   2   1   12
45   2   2   12
45   2   3   15
45   2   4   13
45   3   1   12
45   3   2   16
45   3   3   14
45   3   4   10
45   4   1   11
45   4   2   15
45   4   3   14
45   4   4   12
46   1   1   8
46   1   2   27
46   1   3   32
46   1   4   27
46   1   5   24
46   1   6   11
46   2   1   12
46   2   2   22
46   2   3   31
46   2   4   30
46   2   5   20
46   2   6   14
46   3   1   10
46   3   2   24
46   3   3   31
46   3   4   30
46   3   5   22
46   3   6   12
46   4   1   14
46   4   2   24
46   4   3   25
46   4   4   30
46   4   5   23
46   4   6   13
47   1   1   17
47   1   2   15
47   1   3   14
47   1   4   12
47   1   5   5
47   2   1   13
47   2   2   17
47   2   3   21
47   2   4   12
47   3   1   6
47   3   2   6
47   3   3   17
47   3   4   20
47   3   5   14
47   4   1   15
47   4   2   16
47   4   3   18
47   4   4   14
48   1   1   10
48   1   2   12
48   2   1   11
48   2   2   11
48   3   1   12
48   3   2   10
48   4   1   12
48   4   2   10
49   1   1   14
49   1   2   22
49   1   3   38
49   1   4   36
49   1   5   27
49   1   6   14
49   2   1   15
49   2   2   32
49   2   3   30
49   2   4   30
49   2   5   27
49   2   6   17
49   3   1   20
49   3   2   29
49   3   3   29
49   3   4   25
49   3   5   26
49   3   6   16
49   3   7   6
49   4   1   9
49   4   2   29
49   4   3   38
49   4   4   32
49   4   5   26
49   4   6   17
50   1   1   8
50   1   2   14
50   1   3   24
50   1   4   29
50   1   5   18
50   1   6   5
50   2   1   6
50   2   2   19
50   2   3   26
50   2   4   24
50   2   5   17
50   2   6   6
50   3   1   6
50   3   2   19
50   3   3   27
50   3   4   22
50   3   5   14
50   3   6   10
50   4   1   8
50   4   2   21
50   4   3   22
50   4   4   22
50   4   5   15
50   4   6   10
51   1   1   11
51   1   2   15
51   1   3   17
51   1   4   11
51   2   1   14
51   2   2   17
51   2   3   15
51   2   4   8
51   3   1   12
51   3   2   15
51   3   3   16
51   3   4   11
51   4   1   12
51   4   2   16
51   4   3   15
51   4   4   11
52   1   1   9
52   1   2   14
52   1   3   19
52   1   4   9
52   2   1   10
52   2   2   18
52   2   3   13
52   2   4   10
52   3   1   13
52   3   2   13
52   3   3   12
52   3   4   10
52   3   5   3
52   4   1   11
52   4   2   14
52   4   3   16
52   4   4   10
53   1   1   16
53   1   2   27
53   1   3   27
53   1   4   26
53   1   5   19
53   2   1   10
53   2   2   21
53   2   3   25
53   2   4   28
53   2   5   21
53   2   6   10
53   3   1   10
53   3   2   23
53   3   3   27
53   3   4   23
53   3   5   19
53   3   6   13
53   4   1   8
53   4   2   23
53   4   3   26
53   4   4   28
53   4   5   22
53   4   6   8
54   1   1   15
54   1   2   21
54   1   3   21
54   1   4   11
54   1   5   3
54   2   1   5
54   2   2   13
54   2   3   16
54   2   4   19
54   2   5   10
54   2   6   8
54   3   1   17
54   3   2   19
54   3   3   20
54   3   4   10
54   3   5   5
54   4   1   5
54   4   2   14
54   4   3   20
54   4   4   15
54   4   5   10
54   4   6   7
55   1   1   15
55   1   2   25
55   1   3   22
55   1   4   17
55   2   1   17
55   2   2   23
55   2   3   21
55   2   4   18
55   3   1   19
55   3   2   24
55   3   3   16
55   3   4   13
55   3   5   7
55   4   1   8
55   4   2   13
55   4   3   18
55   4   4   18
55   4   5   15
55   4   6   7
56   1   1   5
56   1   2   14
56   1   3   19
56   1   4   23
56   1   5   20
56   2   1   6
56   2   2   13
56   2   3   22
56   2   4   21
56   2   5   19
56   3   1   6
56   3   2   14
56   3   3   21
56   3   4   20
56   3   5   13
56   3   6   7
56   4   1   9
56   4   2   14
56   4   3   19
56   4   4   17
56   4   5   10
56   4   6   12
57   1   1   8
57   1   2   14
57   1   3   12
57   1   4   8
57   2   1   11
57   2   2   10
57   2   3   12
57   2   4   9
57   3   1   6
57   3   2   16
57   3   3   14
57   3   4   6
57   4   1   6
57   4   2   14
57   4   3   15
57   4   4   7
58   1   1   7
58   1   2   16
58   1   3   19
58   1   4   21
58   1   5   23
58   1   6   9
58   2   1   22
58   2   2   26
58   2   3   28
58   2   4   13
58   2   5   6
58   3   1   28
58   3   2   23
58   3   3   20
58   3   4   15
58   3   5   9
58   4   1   5
58   4   2   19
58   4   3   28
58   4   4   22
58   4   5   12
58   4   6   9
59   1   1   19
59   1   2   20
59   1   3   15
59   1   4   12
59   1   5   6
59   2   1   6
59   2   2   12
59   2   3   17
59   2   4   18
59   2   5   14
59   2   6   5
59   3   1   15
59   3   2   21
59   3   3   22
59   3   4   14
59   4   1   5
59   4   2   13
59   4   3   15
59   4   4   21
59   4   5   18
60   1   1   12
60   1   2   23
60   1   3   25
60   1   4   23
60   1   5   21
60   1   6   13
60   2   1   6
60   2   2   10
60   2   3   16
60   2   4   23
60   2   5   27
60   2   6   21
60   2   7   14
60   3   1   9
60   3   2   21
60   3   3   28
60   3   4   30
60   3   5   22
60   3   6   7
60   4   1   28
60   4   2   33
60   4   3   30
60   4   4   19
60   4   5   7
61   1   1   18
61   1   2   21
61   1   3   32
61   1   4   29
61   1   5   24
61   1   6   18
61   2   1   17
61   2   2   24
61   2   3   29
61   2   4   32
61   2   5   24
61   2   6   16
61   3   1   14
61   3   2   28
61   3   3   26
61   3   4   36
61   3   5   24
61   3   6   14
61   4   1   12
61   4   2   27
61   4   3   36
61   4   4   34
61   4   5   26
61   4   6   7
62   1   1   15
62   1   2   16
62   1   3   11
62   1   4   6
62   2   1   11
62   2   2   13
62   2   3   12
62   2   4   12
62   3   1   9
62   3   2   15
62   3   3   15
62   3   4   9
62   4   1   11
62   4   2   11
62   4   3   15
62   4   4   11
63   1   1   18
63   1   2   22
63   1   3   25
63   1   4   15
63   2   1   6
63   2   2   17
63   2   3   18
63   2   4   19
63   2   5   12
63   2   6   8
63   3   1   5
63   3   2   14
63   3   3   21
63   3   4   22
63   3   5   13
63   3   6   5
63   4   1   19
63   4   2   24
63   4   3   18
63   4   4   19
64   1   1   11
64   1   2   11
64   1   3   11
64   1   4   11
64   2   1   7
64   2   2   15
64   2   3   14
64   2   4   8
64   3   1   9
64   3   2   12
64   3   3   14
64   3   4   9
64   4   1   9
64   4   2   14
64   4   3   12
64   4   4   9
65   1   1   11
65   1   2   15
65   1   3   15
65   1   4   11
65   2   1   10
65   2   2   16
65   2   3   19
65   2   4   7
65   3   1   12
65   3   2   15
65   3   3   12
65   3   4   13
65   4   1   9
65   4   2   18
65   4   3   15
65   4   4   10
66   1   1   16
66   1   2   29
66   1   3   35
66   1   4   29
66   1   5   20
66   1   6   12
66   1   7   7
66   2   1   9
66   2   2   10
66   2   3   20
66   2   4   32
66   2   5   32
66   2   6   26
66   2   7   19
66   3   1   13
66   3   2   29
66   3   3   36
66   3   4   33
66   3   5   20
66   3   6   11
66   3   7   6
66   4   1   18
66   4   2   25
66   4   3   30
66   4   4   30
66   4   5   29
66   4   6   16
67   1   1   6
67   1   2   6
67   1   3   9
67   1   4   11
67   2   1   17
67   2   2   15
67   3   1   5
67   3   2   12
67   3   3   10
67   3   4   5
67   4   1   5
67   4   2   12
67   4   3   9
67   4   4   6
68   1   1   5
68   1   2   14
68   1   3   19
68   1   4   19
68   1   5   12
68   1   6   6
68   2   1   16
68   2   2   20
68   2   3   24
68   2   4   15
68   3   1   10
68   3   2   10
68   3   3   17
68   3   4   16
68   3   5   15
68   3   6   7
68   4   1   5
68   4   2   14
68   4   3   16
68   4   4   21
68   4   5   19
69   1   1   5
69   1   2   19
69   1   3   23
69   1   4   23
69   1   5   16
69   1   6   6
69   2   1   12
69   2   2   16
69   2   3   16
69   2   4   17
69   2   5   20
69   2   6   11
69   3   1   7
69   3   2   16
69   3   3   22
69   3   4   23
69   3   5   19
69   3   6   5
69   4   1   19
69   4   2   28
69   4   3   26
69   4   4   19
70   1   1   14
70   1   2   20
70   1   3   19
70   1   4   12
70   2   1   15
70   2   2   17
70   2   3   18
70   2   4   15
70   3   1   16
70   3   2   16
70   3   3   17
70   3   4   16
70   4   1   4
70   4   2   9
70   4   3   19
70   4   4   20
70   4   5   13
71   1   1   21
71   1   2   23
71   1   3   21
71   1   4   16
71   1   5   6
71   2   1   5
71   2   2   15
71   2   3   20
71   2   4   29
71   2   5   18
71   3   1   11
71   3   2   16
71   3   3   12
71   3   4   21
71   3   5   17
71   3   6   10
71   4   1   7
71   4   2   12
71   4   3   22
71   4   4   24
71   4   5   22
72   1   1   6
72   1   2   16
72   1   3   26
72   1   4   28
72   1   5   15
72   1   6   7
72   2   1   5
72   2   2   19
72   2   3   26
72   2   4   28
72   2   5   14
72   2   6   6
72   3   1   10
72   3   2   21
72   3   3   18
72   3   4   15
72   3   5   14
72   3   6   13
72   3   7   7
72   4   1   7
72   4   2   18
72   4   3   27
72   4   4   21
72   4   5   18
72   4   6   7
73   1   1   10
73   1   2   12
73   1   3   24
73   1   4   36
73   1   5   40
73   1   6   30
73   1   7   21
73   2   1   5
73   2   2   18
73   2   3   33
73   2   4   33
73   2   5   30
73   2   6   27
73   2   7   21
73   2   8   6
73   3   1   12
73   3   2   32
73   3   3   46
73   3   4   42
73   3   5   26
73   3   6   15
73   4   1   7
73   4   2   13
73   4   3   35
73   4   4   34
73   4   5   32
73   4   6   27
73   4   7   18
73   4   8   7
74   1   1   13
74   1   2   20
74   1   3   12
74   1   4   8
74   1   5   5
74   2   1   13
74   2   2   18
74   2   3   14
74   2   4   13
74   3   1   10
74   3   2   16
74   3   3   22
74   3   4   10
74   4   1   6
74   4   2   10
74   4   3   13
74   4   4   13
74   4   5   16
75   1   1   10
75   1   2   35
75   1   3   38
75   1   4   34
75   1   5   29
75   1   6   14
75   2   1   11
75   2   2   27
75   2   3   41
75   2   4   41
75   2   5   30
75   2   6   10
75   3   1   10
75   3   2   17
75   3   3   25
75   3   4   31
75   3   5   27
75   3   6   22
75   3   7   16
75   3   8   12
75   4   1   9
75   4   2   22
75   4   3   22
75   4   4   26
75   4   5   24
75   4   6   28
75   4   7   20
75   4   8   9
76   1   1   10
76   1   2   21
76   1   3   30
76   1   4   29
76   1   5   23
76   1   6   8
76   2   1   13
76   2   2   24
76   2   3   25
76   2   4   27
76   2   5   18
76   2   6   8
76   2   7   6
76   3   1   14
76   3   2   20
76   3   3   26
76   3   4   26
76   3   5   21
76   3   6   14
76   4   1   8
76   4   2   23
76   4   3   32
76   4   4   28
76   4   5   21
76   4   6   9
77   1   1   5
77   1   2   15
77   1   3   22
77   1   4   21
77   1   5   15
77   1   6   5
77   2   1   12
77   2   2   12
77   2   3   17
77   2   4   18
77   2   5   13
77   2   6   11
77   3   1   8
77   3   2   14
77   3   3   22
77   3   4   17
77   3   5   13
77   3   6   9
77   4   1   14
77   4   2   25
77   4   3   32
77   4   4   12
78   1   1   5
78   1   2   15
78   1   3   25
78   1   4   31
78   1   5   27
78   1   6   21
78   1   7   16
78   1   8   7
78   2   1   15
78   2   2   26
78   2   3   31
78   2   4   32
78   2   5   33
78   2   6   10
78   3   1   5
78   3   2   11
78   3   3   22
78   3   4   31
78   3   5   35
78   3   6   32
78   3   7   11
78   4   1   19
78   4   2   29
78   4   3   26
78   4   4   26
78   4   5   26
78   4   6   21
79   1   1   13
79   1   2   11
79   1   3   19
79   1   4   11
79   2   1   6
79   2   2   11
79   2   3   12
79   2   4   9
79   2   5   8
79   2   6   8
79   3   1   5
79   3   2   23
79   3   3   20
79   3   4   6
79   4   1   14
79   4   2   15
79   4   3   11
79   4   4   14
80   1   1   9
80   1   2   29
80   1   3   38
80   1   4   41
80   1   5   28
80   1   6   9
80   2   1   7
80   2   2   16
80   2   3   25
80   2   4   31
80   2   5   26
80   2   6   27
80   2   7   14
80   2   8   8
80   3   1   6
80   3   2   14
80   3   3   24
80   3   4   29
80   3   5   36
80   3   6   28
80   3   7   17
80   4   1   19
80   4   2   27
80   4   3   30
80   4   4   32
80   4   5   28
80   4   6   18
81   1   1   8
81   1   2   13
81   1   3   19
81   1   4   27
81   1   5   24
81   2   1   10
81   2   2   18
81   2   3   18
81   2   4   19
81   2   5   16
81   2   6   10
81   3   1   21
81   3   2   30
81   3   3   21
81   3   4   13
81   3   5   6
81   4   1   10
81   4   2   17
81   4   3   22
81   4   4   17
81   4   5   13
81   4   6   12
82   1   1   17
82   1   2   25
82   1   3   31
82   1   4   29
82   1   5   22
82   1   6   19
82   2   1   16
82   2   2   21
82   2   3   32
82   2   4   32
82   2   5   30
82   2   6   12
82   3   1   19
82   3   2   19
82   3   3   28
82   3   4   41
82   3   5   18
82   3   6   18
82   4   1   10
82   4   2   26
82   4   3   35
82   4   4   35
82   4   5   25
82   4   6   12
83   1   1   9
83   1   2   19
83   1   3   18
83   1   4   20
83   1   5   16
83   1   6   9
83   2   1   20
83   2   2   26
83   2   3   24
83   2   4   21
83   3   1   20
83   3   2   21
83   3   3   22
83   3   4   20
83   3   5   8
83   4   1   10
83   4   2   12
83   4   3   24
83   4   4   21
83   4   5   17
83   4   6   7
84   1   1   19
84   1   2   31
84   1   3   36
84   1   4   39
84   1   5   32
84   1   6   18
84   2   1   8
84   2   2   17
84   2   3   30
84   2   4   34
84   2   5   31
84   2   6   27
84   2   7   19
84   2   8   9
84   3   1   17
84   3   2   32
84   3   3   38
84   3   4   38
84   3   5   32
84   3   6   18
84   4   1   5
84   4   2   19
84   4   3   31
84   4   4   34
84   4   5   32
84   4   6   30
84   4   7   18
84   4   8   6
85   1   1   12
85   1   2   16
85   1   3   23
85   1   4   17
85   1   5   13
85   1   6   14
85   2   1   21
85   2   2   25
85   2   3   28
85   2   4   21
85   3   1   9
85   3   2   13
85   3   3   26
85   3   4   21
85   3   5   18
85   3   6   8
85   4   1   8
85   4   2   16
85   4   3   23
85   4   4   24
85   4   5   17
85   4   6   7
86   1   1   14
86   1   2   24
86   1   3   28
86   1   4   28
86   1   5   26
86   1   6   13
86   2   1   11
86   2   2   24
86   2   3   30
86   2   4   33
86   2   5   25
86   2   6   10
86   3   1   13
86   3   2   27
86   3   3   29
86   3   4   26
86   3   5   22
86   3   6   16
86   4   1   17
86   4   2   21
86   4   3   29
86   4   4   30
86   4   5   19
86   4   6   17
87   1   1   18
87   1   2   14
87   1   3   5
87   2   1   3
87   2   2   6
87   2   3   8
87   2   4   10
87   2   5   10
87   3   1   9
87   3   2   8
87   3   3   12
87   3   4   8
87   4   1   5
87   4   2   13
87   4   3   14
87   4   4   5
88   1   1   13
88   1   2   26
88   1   3   31
88   1   4   29
88   1   5   25
88   1   6   14
88   2   1   12
88   2   2   27
88   2   3   33
88   2   4   29
88   2   5   22
88   2   6   15
88   3   1   15
88   3   2   24
88   3   3   29
88   3   4   31
88   3   5   26
88   3   6   13
88   4   1   16
88   4   2   19
88   4   3   28
88   4   4   36
88   4   5   31
88   4   6   8
89   1   1   8
89   1   2   16
89   1   3   18
89   1   4   7
89   2   1   8
89   2   2   19
89   2   3   13
89   2   4   9
89   3   1   6
89   3   2   8
89   3   3   10
89   3   4   11
89   3   5   9
89   3   6   5
89   4   1   15
89   4   2   9
89   4   3   11
89   4   4   9
89   4   5   5
90   1   1   6
90   1   2   12
90   1   3   18
90   1   4   23
90   1   5   22
90   1   6   7
90   2   1   8
90   2   2   14
90   2   3   21
90   2   4   22
90   2   5   15
90   2   6   8
90   3   1   14
90   3   2   34
90   3   3   27
90   3   4   13
90   4   1   10
90   4   2   16
90   4   3   19
90   4   4   16
90   4   5   18
90   4   6   9
91   1   1   7
91   1   2   13
91   1   3   18
91   1   4   19
91   1   5   15
91   1   6   5
91   2   1   17
91   2   2   21
91   2   3   23
91   2   4   16
91   3   1   5
91   3   2   14
91   3   3   18
91   3   4   21
91   3   5   19
91   4   1   18
91   4   2   20
91   4   3   21
91   4   4   18
92   1   1   10
92   1   2   21
92   1   3   30
92   1   4   32
92   1   5   34
92   1   6   28
92   1   7   18
92   1   8   13
92   2   1   9
92   2   2   19
92   2   3   30
92   2   4   40
92   2   5   35
92   2   6   24
92   2   7   16
92   2   8   13
92   3   1   14
92   3   2   20
92   3   3   25
92   3   4   31
92   3   5   31
92   3   6   35
92   3   7   23
92   3   8   7
92   4   1   19
92   4   2   33
92   4   3   41
92   4   4   42
92   4   5   32
92   4   6   19
93   1   1   24
93   1   2   34
93   1   3   29
93   1   4   23
93   2   1   11
93   2   2   16
93   2   3   24
93   2   4   28
93   2   5   22
93   2   6   9
93   3   1   5
93   3   2   11
93   3   3   14
93   3   4   19
93   3   5   25
93   3   6   25
93   3   7   11
93   4   1   8
93   4   2   10
93   4   3   18
93   4   4   17
93   4   5   19
93   4   6   18
93   4   7   14
93   4   8   6
94   1   1   8
94   1   2   18
94   1   3   16
94   1   4   8
94   2   1   15
94   2   2   11
94   2   3   10
94   2   4   14
94   3   1   8
94   3   2   15
94   3   3   19
94   3   4   8
94   4   1   7
94   4   2   10
94   4   3   12
94   4   4   11
94   4   5   10
95   1   1   21
95   1   2   23
95   1   3   24
95   1   4   13
95   1   5   6
95   2   1   17
95   2   2   24
95   2   3   30
95   2   4   16
95   3   1   12
95   3   2   11
95   3   3   16
95   3   4   20
95   3   5   20
95   3   6   8
95   4   1   9
95   4   2   16
95   4   3   18
95   4   4   18
95   4   5   17
95   4   6   9
96   1   1   10
96   1   2   24
96   1   3   27
96   1   4   32
96   1   5   36
96   2   1   3
96   2   2   12
96   2   3   21
96   2   4   29
96   2   5   25
96   2   6   26
96   2   7   13
96   3   1   17
96   3   2   23
96   3   3   25
96   3   4   26
96   3   5   20
96   3   6   18
96   4   1   22
96   4   2   24
96   4   3   21
96   4   4   21
96   4   5   20
96   4   6   16
96   4   7   5
97   1   1   17
97   1   2   18
97   1   3   17
97   1   4   18
97   2   1   15
97   2   2   19
97   2   3   21
97   2   4   15
97   3   1   7
97   3   2   11
97   3   3   18
97   3   4   13
97   3   5   16
97   3   6   5
97   4   1   15
97   4   2   20
97   4   3   22
97   4   4   13
98   1   1   7
98   1   2   16
98   1   3   15
98   1   4   8
98   1   5   3
98   2   1   9
98   2   2   14
98   2   3   16
98   2   4   10
98   3   1   10
98   3   2   14
98   3   3   15
98   3   4   10
98   4   1   10
98   4   2   14
98   4   3   14
98   4   4   11
99   1   1   5
99   1   2   9
99   1   3   12
99   1   4   5
99   2   1   7
99   2   2   8
99   2   3   9
99   2   4   7
99   3   1   15
99   3   2   16
99   4   1   5
99   4   2   13
99   4   3   8
99   4   4   5
100   1   1   15
100   1   2   26
100   1   3   29
100   1   4   16
100   2   1   7
100   2   2   17
100   2   3   19
100   2   4   21
100   2   5   13
100   2   6   9
100   3   1   9
100   3   2   16
100   3   3   20
100   3   4   16
100   3   5   16
100   3   6   9
100   4   1   22
100   4   2   25
100   4   3   20
100   4   4   11
100   4   5   8
101   1   1   10
101   1   2   11
101   1   3   25
101   1   4   35
101   1   5   43
101   1   6   29
101   1   7   21
101   2   1   6
101   2   2   19
101   2   3   28
101   2   4   34
101   2   5   32
101   2   6   29
101   2   7   26
101   3   1   24
101   3   2   30
101   3   3   37
101   3   4   33
101   3   5   25
101   3   6   17
101   3   7   8
101   4   1   10
101   4   2   36
101   4   3   44
101   4   4   37
101   4   5   28
101   4   6   19
102   1   1   6
102   1   2   16
102   1   3   16
102   1   4   16
102   1   5   16
102   1   6   13
102   1   7   15
102   1   8   8
102   2   1   11
102   2   2   15
102   2   3   28
102   2   4   26
102   2   5   17
102   2   6   9
102   3   1   16
102   3   2   30
102   3   3   32
102   3   4   28
102   4   1   7
102   4   2   24
102   4   3   24
102   4   4   23
102   4   5   17
102   4   6   11
103   1   1   15
103   1   2   25
103   1   3   20
103   1   4   17
103   2   1   17
103   2   2   22
103   2   3   21
103   2   4   17
103   3   1   6
103   3   2   15
103   3   3   16
103   3   4   20
103   3   5   15
103   3   6   5
103   4   1   7
103   4   2   14
103   4   3   16
103   4   4   19
103   4   5   14
103   4   6   7
104   1   1   17
104   1   2   30
104   1   3   37
104   1   4   29
104   1   5   23
104   1   6   15
104   1   7   6
104   2   1   18
104   2   2   24
104   2   3   33
104   2   4   37
104   2   5   32
104   2   6   13
104   3   1   7
104   3   2   13
104   3   3   21
104   3   4   34
104   3   5   37
104   3   6   27
104   3   7   18
104   4   1   14
104   4   2   18
104   4   3   19
104   4   4   23
104   4   5   26
104   4   6   26
104   4   7   22
104   4   8   9
105   1   1   5
105   1   2   11
105   1   3   19
105   1   4   18
105   1   5   15
105   2   1   5
105   2   2   15
105   2   3   15
105   2   4   14
105   2   5   12
105   2   6   7
105   3   1   12
105   3   2   21
105   3   3   22
105   3   4   13
105   4   1   15
105   4   2   19
105   4   3   20
105   4   4   14
106   1   1   6
106   1   2   29
106   1   3   32
106   1   4   37
106   1   5   37
106   1   6   34
106   1   7   24
106   1   8   9
106   2   1   10
106   2   2   18
106   2   3   29
106   2   4   40
106   2   5   48
106   2   6   42
106   2   7   21
106   3   1   5
106   3   2   24
106   3   3   31
106   3   4   45
106   3   5   41
106   3   6   34
106   3   7   21
106   3   8   7
106   4   1   12
106   4   2   23
106   4   3   30
106   4   4   37
106   4   5   35
106   4   6   41
106   4   7   20
106   4   8   10
107   1   1   24
107   1   2   24
107   1   3   22
107   1   4   15
107   1   5   7
107   2   1   22
107   2   2   25
107   2   3   24
107   2   4   16
107   2   5   5
107   3   1   8
107   3   2   20
107   3   3   24
107   3   4   24
107   3   5   16
107   4   1   7
107   4   2   15
107   4   3   26
107   4   4   21
107   4   5   14
107   4   6   9
108   1   1   7
108   1   2   14
108   1   3   21
108   1   4   26
108   1   5   17
108   1   6   5
108   2   1   10
108   2   2   16
108   2   3   22
108   2   4   17
108   2   5   15
108   2   6   10
108   3   1   21
108   3   2   27
108   3   3   22
108   3   4   14
108   3   5   6
108   4   1   19
108   4   2   28
108   4   3   22
108   4   4   12
108   4   5   9
109   1   1   7
109   1   2   6
109   1   3   13
109   1   4   16
109   1   5   26
109   1   6   22
109   1   7   8
109   2   1   10
109   2   2   13
109   2   3   22
109   2   4   31
109   2   5   16
109   2   6   6
109   3   1   11
109   3   2   22
109   3   3   20
109   3   4   18
109   3   5   10
109   3   6   17
109   4   1   22
109   4   2   28
109   4   3   28
109   4   4   15
109   4   5   5
110   1   1   5
110   1   2   13
110   1   3   24
110   1   4   25
110   1   5   20
110   2   1   21
110   2   2   23
110   2   3   23
110   2   4   20
110   3   1   10
110   3   2   13
110   3   3   20
110   3   4   18
110   3   5   17
110   3   6   9
110   4   1   19
110   4   2   25
110   4   3   23
110   4   4   20
111   1   1   14
111   1   2   24
111   1   3   29
111   1   4   33
111   1   5   22
111   1   6   13
111   2   1   14
111   2   2   24
111   2   3   32
111   2   4   31
111   2   5   20
111   2   6   9
111   2   7   5
111   3   1   10
111   3   2   29
111   3   3   32
111   3   4   27
111   3   5   23
111   3   6   14
111   4   1   14
111   4   2   24
111   4   3   28
111   4   4   27
111   4   5   30
111   4   6   12
112   1   1   11
112   1   2   18
112   1   3   23
112   1   4   13
112   2   1   15
112   2   2   19
112   2   3   17
112   2   4   14
112   3   1   6
112   3   2   11
112   3   3   17
112   3   4   20
112   3   5   11
112   4   1   5
112   4   2   14
112   4   3   12
112   4   4   15
112   4   5   14
112   4   6   5
113   1   1   14
113   1   2   26
113   1   3   31
113   1   4   13
113   2   1   11
113   2   2   14
113   2   3   16
113   2   4   17
113   2   5   17
113   2   6   9
113   3   1   7
113   3   2   13
113   3   3   21
113   3   4   24
113   3   5   11
113   3   6   8
113   4   1   7
113   4   2   16
113   4   3   19
113   4   4   18
113   4   5   17
113   4   6   7
114   1   1   11
114   1   2   11
114   2   1   11
114   2   2   11
114   3   1   12
114   3   2   10
114   4   1   11
114   4   2   11
115   1   1   9
115   1   2   13
115   1   3   15
115   1   4   11
115   2   1   13
115   2   2   11
115   2   3   13
115   2   4   11
115   3   1   10
115   3   2   14
115   3   3   13
115   3   4   11
115   4   1   20
115   4   2   18
115   4   3   10
116   1   1   17
116   1   2   19
116   1   3   20
116   1   4   17
116   2   1   5
116   2   2   12
116   2   3   20
116   2   4   17
116   2   5   19
116   3   1   18
116   3   2   19
116   3   3   18
116   3   4   18
116   4   1   13
116   4   2   22
116   4   3   27
116   4   4   11
117   1   1   7
117   1   2   14
117   1   3   13
117   1   4   7
117   2   1   7
117   2   2   13
117   2   3   13
117   2   4   8
117   3   1   10
117   3   2   9
117   3   3   10
117   3   4   12
117   4   1   6
117   4   2   13
117   4   3   17
117   4   4   5
118   1   1   18
118   1   2   19
118   1   3   26
118   1   4   29
118   1   5   25
118   1   6   14
118   2   1   8
118   2   2   27
118   2   3   33
118   2   4   30
118   2   5   21
118   2   6   12
118   3   1   11
118   3   2   22
118   3   3   32
118   3   4   29
118   3   5   27
118   3   6   10
118   4   1   11
118   4   2   27
118   4   3   29
118   4   4   27
118   4   5   23
118   4   6   14
119   1   1   7
119   1   2   27
119   1   3   38
119   1   4   37
119   1   5   30
119   1   6   25
119   1   7   21
119   1   8   11
119   1   9   5
119   2   1   5
119   2   2   18
119   2   3   33
119   2   4   41
119   2   5   48
119   2   6   34
119   2   7   22
119   3   1   12
119   3   2   20
119   3   3   27
119   3   4   39
119   3   5   40
119   3   6   33
119   3   7   24
119   3   8   6
119   4   1   11
119   4   2   15
119   4   3   32
119   4   4   38
119   4   5   39
119   4   6   38
119   4   7   28
120   1   1   7
120   1   2   24
120   1   3   40
120   1   4   37
120   1   5   41
120   1   6   37
120   1   7   21
120   1   8   8
120   2   1   7
120   2   2   21
120   2   3   40
120   2   4   39
120   2   5   42
120   2   6   38
120   2   7   21
120   2   8   7
120   3   1   8
120   3   2   23
120   3   3   31
120   3   4   42
120   3   5   48
120   3   6   34
120   3   7   21
120   3   8   8
120   4   1   28
120   4   2   39
120   4   3   40
120   4   4   43
120   4   5   37
120   4   6   23
120   4   7   5
121   1   1   16
121   1   2   20
121   1   3   20
121   1   4   15
121   2   1   18
121   2   2   16
121   2   3   19
121   2   4   18
121   3   1   5
121   3   2   13
121   3   3   18
121   3   4   17
121   3   5   12
121   3   6   6
121   4   1   15
121   4   2   20
121   4   3   22
121   4   4   14
122   1   1   7
122   1   2   15
122   1   3   23
122   1   4   27
122   1   5   36
122   1   6   36
122   1   7   32
122   2   1   17
122   2   2   37
122   2   3   40
122   2   4   34
122   2   5   26
122   2   6   16
122   2   7   6
122   3   1   20
122   3   2   36
122   3   3   36
122   3   4   34
122   3   5   27
122   3   6   16
122   3   7   7
122   4   1   17
122   4   2   38
122   4   3   38
122   4   4   34
122   4   5   26
122   4   6   17
122   4   7   6
123   1   1   12
123   1   2   26
123   1   3   38
123   1   4   51
123   1   5   49
123   1   6   33
123   1   7   24
123   1   8   15
123   2   1   21
123   2   2   30
123   2   3   28
123   2   4   34
123   2   5   45
123   2   6   49
123   2   7   29
123   2   8   12
123   3   1   11
123   3   2   29
123   3   3   48
123   3   4   45
123   3   5   46
123   3   6   30
123   3   7   16
123   3   8   13
123   3   9   10
123   4   1   5
123   4   2   35
123   4   3   49
123   4   4   44
123   4   5   40
123   4   6   29
123   4   7   23
123   4   8   18
123   4   9   5
124   1   1   16
124   1   2   28
124   1   3   42
124   1   4   39
124   1   5   24
124   1   6   18
124   2   1   19
124   2   2   28
124   2   3   31
124   2   4   40
124   2   5   34
124   2   6   15
124   3   1   5
124   3   2   15
124   3   3   32
124   3   4   35
124   3   5   30
124   3   6   25
124   3   7   25
124   4   1   10
124   4   2   17
124   4   3   24
124   4   4   31
124   4   5   30
124   4   6   28
124   4   7   21
124   4   8   6
125   1   1   13
125   1   2   25
125   1   3   28
125   1   4   35
125   1   5   22
125   1   6   14
125   2   1   20
125   2   2   21
125   2   3   28
125   2   4   27
125   2   5   27
125   2   6   14
125   3   1   10
125   3   2   24
125   3   3   34
125   3   4   33
125   3   5   27
125   3   6   9
125   4   1   15
125   4   2   25
125   4   3   28
125   4   4   29
125   4   5   24
125   4   6   16
126   1   1   11
126   1   2   18
126   1   3   12
126   1   4   11
126   2   1   11
126   2   2   15
126   2   3   14
126   2   4   12
126   3   1   8
126   3   2   21
126   3   3   15
126   3   4   8
126   4   1   14
126   4   2   11
126   4   3   12
126   4   4   15
127   1   1   10
127   1   2   24
127   1   3   30
127   1   4   32
127   1   5   36
127   1   6   35
127   1   7   24
127   1   8   8
127   2   1   5
127   2   2   27
127   2   3   32
127   2   4   36
127   2   5   36
127   2   6   33
127   2   7   21
127   2   8   9
127   3   1   24
127   3   2   30
127   3   3   42
127   3   4   49
127   3   5   34
127   3   6   20
127   4   1   7
127   4   2   19
127   4   3   30
127   4   4   43
127   4   5   41
127   4   6   33
127   4   7   20
127   4   8   6
128   1   1   13
128   1   2   22
128   1   3   16
128   1   4   15
128   2   1   15
128   2   2   18
128   2   3   20
128   2   4   13
128   3   1   13
128   3   2   19
128   3   3   18
128   3   4   11
128   3   5   5
128   4   1   5
128   4   2   11
128   4   3   16
128   4   4   16
128   4   5   18
129   1   1   20
129   1   2   24
129   1   3   21
129   1   4   21
129   2   1   7
129   2   2   16
129   2   3   20
129   2   4   22
129   2   5   14
129   2   6   7
129   3   1   8
129   3   2   18
129   3   3   18
129   3   4   17
129   3   5   17
129   3   6   8
129   4   1   5
129   4   2   14
129   4   3   23
129   4   4   25
129   4   5   19
130   1   1   10
130   1   2   24
130   1   3   20
130   1   4   12
130   2   1   5
130   2   2   12
130   2   3   15
130   2   4   15
130   2   5   19
130   3   1   14
130   3   2   18
130   3   3   20
130   3   4   14
130   4   1   6
130   4   2   12
130   4   3   12
130   4   4   18
130   4   5   18
131   1   1   8
131   1   2   24
131   1   3   34
131   1   4   32
131   1   5   20
131   1   6   10
131   2   1   11
131   2   2   23
131   2   3   30
131   2   4   32
131   2   5   22
131   2   6   10
131   3   1   10
131   3   2   25
131   3   3   32
131   3   4   27
131   3   5   21
131   3   6   13
131   4   1   8
131   4   2   12
131   4   3   15
131   4   4   30
131   4   5   23
131   4   6   22
131   4   7   14
131   4   8   4
132   1   1   7
132   1   2   27
132   1   3   37
132   1   4   43
132   1   5   46
132   1   6   37
132   1   7   25
132   1   8   8
132   2   1   21
132   2   2   42
132   2   3   56
132   2   4   46
132   2   5   36
132   2   6   29
132   3   1   6
132   3   2   31
132   3   3   42
132   3   4   39
132   3   5   41
132   3   6   34
132   3   7   23
132   3   8   14
132   4   1   15
132   4   2   28
132   4   3   31
132   4   4   41
132   4   5   42
132   4   6   33
132   4   7   24
132   4   8   11
132   4   9   5
133   1   1   8
133   1   2   9
133   1   3   10
133   1   4   8
133   2   1   17
133   2   2   13
133   2   3   5
133   3   1   7
133   3   2   11
133   3   3   10
133   3   4   7
133   4   1   17
133   4   2   18
134   1   1   10
134   1   2   12
134   1   3   12
134   1   4   11
134   2   1   6
134   2   2   14
134   2   3   20
134   2   4   5
134   3   1   6
134   3   2   17
134   3   3   16
134   3   4   6
134   4   1   5
134   4   2   6
134   4   3   10
134   4   4   10
134   4   5   10
134   4   6   4
135   1   1   11
135   1   2   16
135   1   3   25
135   1   4   32
135   1   5   24
135   1   6   6
135   2   1   5
135   2   2   26
135   2   3   30
135   2   4   20
135   2   5   24
135   2   6   9
135   3   1   10
135   3   2   21
135   3   3   26
135   3   4   25
135   3   5   20
135   3   6   12
135   4   1   8
135   4   2   24
135   4   3   27
135   4   4   24
135   4   5   20
135   4   6   11
136   1   1   14
136   1   2   24
136   1   3   27
136   1   4   30
136   1   5   26
136   1   6   13
136   2   1   9
136   2   2   34
136   2   3   30
136   2   4   27
136   2   5   17
136   2   6   11
136   2   7   6
136   3   1   14
136   3   2   22
136   3   3   30
136   3   4   28
136   3   5   28
136   3   6   12
136   4   1   5
136   4   2   10
136   4   3   26
136   4   4   29
136   4   5   24
136   4   6   20
136   4   7   13
136   4   8   7
137   1   1   5
137   1   2   8
137   1   3   12
137   1   4   15
137   1   5   13
137   2   1   7
137   2   2   19
137   2   3   22
137   2   4   5
137   3   1   13
137   3   2   16
137   3   3   11
137   3   4   8
137   3   5   5
137   4   1   11
137   4   2   16
137   4   3   13
137   4   4   13
138   1   1   9
138   1   2   16
138   1   3   21
138   1   4   23
138   1   5   20
138   1   6   6
138   2   1   6
138   2   2   24
138   2   3   23
138   2   4   18
138   2   5   15
138   2   6   9
138   3   1   11
138   3   2   16
138   3   3   19
138   3   4   20
138   3   5   20
138   3   6   9
138   4   1   10
138   4   2   15
138   4   3   24
138   4   4   20
138   4   5   16
138   4   6   10
139   1   1   18
139   1   2   16
139   1   3   25
139   1   4   16
139   2   1   18
139   2   2   20
139   2   3   20
139   2   4   17
139   3   1   18
139   3   2   21
139   3   3   17
139   3   4   13
139   3   5   6
139   4   1   18
139   4   2   21
139   4   3   19
139   4   4   17
140   1   1   7
140   1   2   25
140   1   3   37
140   1   4   42
140   1   5   42
140   1   6   40
140   1   7   24
140   1   8   6
140   2   1   5
140   2   2   28
140   2   3   37
140   2   4   43
140   2   5   42
140   2   6   36
140   2   7   24
140   2   8   8
140   3   1   11
140   3   2   22
140   3   3   33
140   3   4   42
140   3   5   45
140   3   6   38
140   3   7   23
140   3   8   9
140   4   1   10
140   4   2   20
140   4   3   35
140   4   4   45
140   4   5   44
140   4   6   40
140   4   7   22
140   4   8   7
141   1   1   5
141   1   2   17
141   1   3   37
141   1   4   50
141   1   5   52
141   1   6   50
141   1   7   15
141   2   1   10
141   2   2   23
141   2   3   33
141   2   4   42
141   2   5   46
141   2   6   43
141   2   7   29
141   3   1   14
141   3   2   27
141   3   3   34
141   3   4   39
141   3   5   37
141   3   6   34
141   3   7   26
141   3   8   15
141   4   1   19
141   4   2   25
141   4   3   34
141   4   4   37
141   4   5   33
141   4   6   33
141   4   7   27
141   4   8   18
142   1   1   5
142   1   2   15
142   1   3   21
142   1   4   18
142   1   5   13
142   1   6   7
142   2   1   6
142   2   2   13
142   2   3   19
142   2   4   20
142   2   5   21
142   3   1   14
142   3   2   24
142   3   3   27
142   3   4   14
142   4   1   6
142   4   2   13
142   4   3   22
142   4   4   20
142   4   5   18
143   1   1   15
143   1   2   19
143   1   3   23
143   1   4   14
143   2   1   16
143   2   2   19
143   2   3   21
143   2   4   15
143   3   1   5
143   3   2   13
143   3   3   18
143   3   4   17
143   3   5   18
143   4   1   18
143   4   2   18
143   4   3   17
143   4   4   12
143   4   5   6
144   1   1   16
144   1   2   18
144   1   3   16
144   1   4   10
144   1   5   5
144   2   1   14
144   2   2   16
144   2   3   22
144   2   4   13
144   3   1   15
144   3   2   17
144   3   3   19
144   3   4   14
144   4   1   10
144   4   2   20
144   4   3   19
144   4   4   16
145   1   1   14
145   1   2   18
145   1   3   22
145   1   4   22
145   1   5   20
145   1   6   13
145   2   1   10
145   2   2   19
145   2   3   25
145   2   4   26
145   2   5   19
145   2   6   10
145   3   1   2
145   3   2   9
145   3   3   18
145   3   4   22
145   3   5   27
145   3   6   22
145   3   7   9
145   4   1   26
145   4   2   33
145   4   3   24
145   4   4   18
145   4   5   8
146   1   1   3
146   1   2   9
146   1   3   11
146   1   4   8
146   1   5   9
146   1   6   4
146   2   1   6
146   2   2   17
146   2   3   16
146   2   4   5
146   3   1   9
146   3   2   14
146   3   3   12
146   3   4   9
146   4   1   11
146   4   2   10
146   4   3   11
146   4   4   12
147   1   1   8
147   1   2   24
147   1   3   34
147   1   4   35
147   1   5   41
147   1   6   28
147   1   7   22
147   1   8   6
147   2   1   7
147   2   2   19
147   2   3   31
147   2   4   43
147   2   5   41
147   2   6   29
147   2   7   21
147   2   8   7
147   3   1   9
147   3   2   21
147   3   3   30
147   3   4   41
147   3   5   35
147   3   6   31
147   3   7   21
147   3   8   10
147   4   1   12
147   4   2   19
147   4   3   24
147   4   4   40
147   4   5   40
147   4   6   36
147   4   7   27
148   1   1   5
148   1   2   16
148   1   3   22
148   1   4   28
148   1   5   13
148   1   6   5
148   2   1   13
148   2   2   17
148   2   3   17
148   2   4   15
148   2   5   12
148   2   6   10
148   2   7   5
148   3   1   7
148   3   2   17
148   3   3   23
148   3   4   21
148   3   5   12
148   3   6   9
148   4   1   5
148   4   2   13
148   4   3   26
148   4   4   26
148   4   5   19
149   1   1   13
149   1   2   13
149   2   1   11
149   2   2   15
149   3   1   5
149   3   2   8
149   3   3   8
149   3   4   5
149   4   1   6
149   4   2   7
149   4   3   8
149   4   4   5
150   1   1   6
150   1   2   12
150   1   3   18
150   1   4   24
150   1   5   20
150   2   1   17
150   2   2   24
150   2   3   24
150   2   4   9
150   2   5   6
150   3   1   17
150   3   2   22
150   3   3   23
150   3   4   18
150   4   1   6
150   4   2   15
150   4   3   18
150   4   4   20
150   4   5   15
150   4   6   6
151   1   1   22
151   1   2   27
151   1   3   27
151   1   4   23
151   1   5   21
151   1   6   15
151   1   7   8
151   2   1   11
151   2   2   26
151   2   3   35
151   2   4   34
151   2   5   28
151   2   6   9
151   3   1   12
151   3   2   28
151   3   3   31
151   3   4   32
151   3   5   28
151   3   6   12
151   4   1   17
151   4   2   23
151   4   3   32
151   4   4   31
151   4   5   23
151   4   6   17
152   1   1   20
152   1   2   22
152   1   3   23
152   1   4   14
152   1   5   5
152   2   1   19
152   2   2   24
152   2   3   20
152   2   4   21
152   3   1   11
152   3   2   17
152   3   3   20
152   3   4   18
152   3   5   13
152   3   6   5
152   4   1   20
152   4   2   20
152   4   3   26
152   4   4   18
153   1   1   18
153   1   2   23
153   1   3   32
153   1   4   30
153   1   5   23
153   1   6   19
153   2   1   5
153   2   2   14
153   2   3   25
153   2   4   28
153   2   5   28
153   2   6   24
153   2   7   21
153   3   1   22
153   3   2   21
153   3   3   31
153   3   4   25
153   3   5   25
153   3   6   21
153   4   1   5
153   4   2   27
153   4   3   43
153   4   4   37
153   4   5   28
153   4   6   5
154   1   1   6
154   1   2   6
154   1   3   20
154   1   4   21
154   1   5   32
154   1   6   36
154   1   7   17
154   1   8   28
154   1   9   8
154   2   1   10
154   2   2   33
154   2   3   46
154   2   4   43
154   2   5   30
154   2   6   12
154   3   1   6
154   3   2   17
154   3   3   25
154   3   4   35
154   3   5   38
154   3   6   33
154   3   7   20
154   4   1   8
154   4   2   19
154   4   3   28
154   4   4   29
154   4   5   35
154   4   6   30
154   4   7   18
154   4   8   7
155   1   1   27
155   1   2   22
155   1   3   27
155   1   4   13
155   1   5   10
155   2   1   7
155   2   2   19
155   2   3   22
155   2   4   29
155   2   5   16
155   2   6   6
155   3   1   7
155   3   2   18
155   3   3   24
155   3   4   26
155   3   5   18
155   3   6   6
155   4   1   9
155   4   2   19
155   4   3   18
155   4   4   28
155   4   5   18
155   4   6   7
156   1   1   18
156   1   2   13
156   1   3   5
156   2   1   6
156   2   2   11
156   2   3   14
156   2   4   5
156   3   1   7
156   3   2   10
156   3   3   12
156   3   4   7
156   4   1   6
156   4   2   12
156   4   3   11
156   4   4   7
157   1   1   15
157   1   2   22
157   1   3   16
157   1   4   16
157   2   1   5
157   2   2   11
157   2   3   17
157   2   4   18
157   2   5   18
157   3   1   16
157   3   2   16
157   3   3   23
157   3   4   14
157   4   1   17
157   4   2   19
157   4   3   18
157   4   4   15
158   1   1   12
158   1   2   20
158   1   3   20
158   1   4   12
158   2   1   11
158   2   2   19
158   2   3   21
158   2   4   13
158   3   1   7
158   3   2   15
158   3   3   17
158   3   4   12
158   3   5   8
158   3   6   5
158   4   1   16
158   4   2   17
158   4   3   15
158   4   4   16
159   1   1   13
159   1   2   22
159   1   3   24
159   1   4   26
159   1   5   19
159   1   6   14
159   2   1   7
159   2   2   22
159   2   3   30
159   2   4   30
159   2   5   23
159   2   6   6
159   3   1   6
159   3   2   14
159   3   3   15
159   3   4   22
159   3   5   24
159   3   6   17
159   3   7   20
159   4   1   7
159   4   2   21
159   4   3   31
159   4   4   31
159   4   5   22
159   4   6   6
160   1   1   12
160   1   2   21
160   1   3   33
160   1   4   35
160   1   5   29
160   1   6   8
160   2   1   16
160   2   2   26
160   2   3   30
160   2   4   26
160   2   5   22
160   2   6   18
160   3   1   15
160   3   2   24
160   3   3   29
160   3   4   27
160   3   5   24
160   3   6   14
160   3   7   5
160   4   1   16
160   4   2   18
160   4   3   32
160   4   4   33
160   4   5   28
160   4   6   11
161   1   1   7
161   1   2   14
161   1   3   20
161   1   4   18
161   1   5   13
161   1   6   11
161   2   1   12
161   2   2   33
161   2   3   23
161   2   4   15
161   3   1   9
161   3   2   15
161   3   3   17
161   3   4   19
161   3   5   15
161   3   6   8
161   4   1   5
161   4   2   20
161   4   3   19
161   4   4   17
161   4   5   13
161   4   6   9
162   1   1   10
162   1   2   15
162   1   3   17
162   1   4   25
162   1   5   17
162   1   6   8
162   2   1   6
162   2   2   17
162   2   3   23
162   2   4   24
162   2   5   16
162   2   6   6
162   3   1   5
162   3   2   17
162   3   3   27
162   3   4   25
162   3   5   18
162   4   1   8
162   4   2   14
162   4   3   22
162   4   4   25
162   4   5   16
162   4   6   7
163   1   1   13
163   1   2   18
163   1   3   24
163   1   4   25
163   1   5   19
163   1   6   12
163   2   1   8
163   2   2   21
163   2   3   26
163   2   4   25
163   2   5   23
163   2   6   8
163   3   1   6
163   3   2   25
163   3   3   28
163   3   4   25
163   3   5   15
163   3   6   12
163   4   1   8
163   4   2   20
163   4   3   31
163   4   4   23
163   4   5   19
163   4   6   10
164   1   1   10
164   1   2   20
164   1   3   33
164   1   4   40
164   1   5   39
164   1   6   34
164   1   7   22
164   1   8   9
164   2   1   16
164   2   2   23
164   2   3   30
164   2   4   32
164   2   5   36
164   2   6   29
164   2   7   27
164   2   8   14
164   3   1   9
164   3   2   26
164   3   3   30
164   3   4   36
164   3   5   37
164   3   6   35
164   3   7   34
164   4   1   5
164   4   2   14
164   4   3   32
164   4   4   48
164   4   5   50
164   4   6   45
164   4   7   13
165   1   1   12
165   1   2   16
165   1   3   13
165   1   4   11
165   2   1   12
165   2   2   13
165   2   3   17
165   2   4   10
165   3   1   10
165   3   2   15
165   3   3   16
165   3   4   11
165   4   1   11
165   4   2   13
165   4   3   16
165   4   4   12
166   1   1   6
166   1   2   15
166   1   3   19
166   1   4   30
166   1   5   29
166   1   6   27
166   1   7   19
166   2   1   15
166   2   2   31
166   2   3   30
166   2   4   28
166   2   5   20
166   2   6   16
166   2   7   5
166   3   1   16
166   3   2   25
166   3   3   32
166   3   4   34
166   3   5   19
166   3   6   19
166   4   1   10
166   4   2   25
166   4   3   37
166   4   4   38
166   4   5   26
166   4   6   9
167   1   1   11
167   1   2   14
167   1   3   15
167   1   4   10
167   2   1   12
167   2   2   14
167   2   3   13
167   2   4   11
167   3   1   6
167   3   2   14
167   3   3   18
167   3   4   12
167   4   1   10
167   4   2   14
167   4   3   17
167   4   4   9
168   1   1   11
168   1   2   18
168   1   3   27
168   1   4   16
168   1   5   31
168   1   6   7
168   2   1   14
168   2   2   19
168   2   3   24
168   2   4   21
168   2   5   16
168   2   6   16
168   3   1   9
168   3   2   21
168   3   3   27
168   3   4   21
168   3   5   23
168   3   6   9
168   4   1   24
168   4   2   30
168   4   3   34
168   4   4   14
168   4   5   8
169   1   1   6
169   1   2   11
169   1   3   12
169   1   4   17
169   1   5   24
169   1   6   26
169   1   7   23
169   1   8   20
169   1   9   10
169   2   1   24
169   2   2   23
169   2   3   28
169   2   4   29
169   2   5   25
169   2   6   13
169   2   7   3
169   2   8   4
169   3   1   18
169   3   2   28
169   3   3   31
169   3   4   29
169   3   5   23
169   3   6   14
169   3   7   6
169   4   1   7
169   4   2   29
169   4   3   40
169   4   4   36
169   4   5   29
169   4   6   8
170   1   1   17
170   1   2   22
170   1   3   26
170   1   4   14
170   2   1   17
170   2   2   22
170   2   3   21
170   2   4   19
170   3   1   20
170   3   2   20
170   3   3   20
170   3   4   14
170   3   5   5
170   4   1   8
170   4   2   16
170   4   3   16
170   4   4   16
170   4   5   12
170   4   6   11
171   1   1   1
171   2   1   1
171   3   1   1
171   4   1   1
172   1   1   8
172   1   2   8
172   1   3   14
172   1   4   15
172   1   5   11
172   1   6   6
172   2   1   13
172   2   2   15
172   2   3   21
172   2   4   13
172   3   1   6
172   3   2   10
172   3   3   13
172   3   4   17
172   3   5   16
172   4   1   8
172   4   2   26
172   4   3   19
172   4   4   9
173   1   1   12
173   1   2   17
173   1   3   25
173   1   4   24
173   1   5   24
173   1   6   8
173   2   1   11
173   2   2   23
173   2   3   19
173   2   4   22
173   2   5   24
173   2   6   11
173   3   1   6
173   3   2   21
173   3   3   28
173   3   4   26
173   3   5   22
173   3   6   7
173   4   1   5
173   4   2   9
173   4   3   18
173   4   4   23
173   4   5   23
173   4   6   19
173   4   7   13
174   1   1   20
174   1   2   26
174   1   3   19
174   1   4   18
174   1   5   6
174   2   1   8
174   2   2   14
174   2   3   20
174   2   4   23
174   2   5   24
174   3   1   18
174   3   2   27
174   3   3   28
174   3   4   16
174   4   1   12
174   4   2   15
174   4   3   16
174   4   4   17
174   4   5   15
174   4   6   14
175   1   1   12
175   1   2   22
175   1   3   38
175   1   4   38
175   1   5   22
175   1   6   13
175   2   1   16
175   2   2   30
175   2   3   27
175   2   4   26
175   2   5   21
175   2   6   19
175   2   7   6
175   3   1   13
175   3   2   14
175   3   3   19
175   3   4   22
175   3   5   26
175   3   6   24
175   3   7   20
175   3   8   7
175   4   1   13
175   4   2   23
175   4   3   33
175   4   4   40
175   4   5   24
175   4   6   12
176   1   1   24
176   1   2   29
176   1   3   37
176   1   4   39
176   1   5   38
176   1   6   19
176   2   1   25
176   2   2   32
176   2   3   31
176   2   4   40
176   2   5   36
176   2   6   22
176   3   1   11
176   3   2   24
176   3   3   30
176   3   4   32
176   3   5   27
176   3   6   25
176   3   7   22
176   3   8   15
176   4   1   3
176   4   2   16
176   4   3   33
176   4   4   42
176   4   5   40
176   4   6   33
176   4   7   19
177   1   1   17
177   1   2   24
177   1   3   20
177   1   4   16
177   2   1   5
177   2   2   11
177   2   3   19
177   2   4   25
177   2   5   17
177   3   1   5
177   3   2   13
177   3   3   18
177   3   4   19
177   3   5   15
177   3   6   7
177   4   1   19
177   4   2   18
177   4   3   20
177   4   4   20
178   1   1   5
178   1   2   12
178   1   3   27
178   1   4   30
178   1   5   26
178   1   6   24
178   1   7   20
178   2   1   16
178   2   2   25
178   2   3   36
178   2   4   29
178   2   5   18
178   2   6   20
178   3   1   15
178   3   2   28
178   3   3   29
178   3   4   31
178   3   5   25
178   3   6   16
178   4   1   14
178   4   2   27
178   4   3   33
178   4   4   30
178   4   5   24
178   4   6   16
179   1   1   24
179   1   2   34
179   1   3   36
179   1   4   22
179   2   1   13
179   2   2   23
179   2   3   21
179   2   4   26
179   2   5   19
179   2   6   14
179   3   1   10
179   3   2   20
179   3   3   26
179   3   4   31
179   3   5   21
179   3   6   8
179   4   1   12
179   4   2   17
179   4   3   25
179   4   4   23
179   4   5   19
179   4   6   11
179   4   7   9
180   1   1   13
180   1   2   13
180   2   1   13
180   2   2   13
180   3   1   7
180   3   2   5
180   3   3   7
180   3   4   7
180   4   1   6
180   4   2   6
180   4   3   9
180   4   4   5
181   1   1   11
181   1   2   18
181   1   3   22
181   1   4   27
181   1   5   19
181   1   6   11
181   2   1   5
181   2   2   20
181   2   3   29
181   2   4   30
181   2   5   19
181   2   6   5
181   3   1   10
181   3   2   18
181   3   3   22
181   3   4   29
181   3   5   23
181   3   6   6
181   4   1   11
181   4   2   17
181   4   3   27
181   4   4   25
181   4   5   17
181   4   6   11
182   1   1   17
182   1   2   25
182   1   3   23
182   1   4   15
182   2   1   11
182   2   2   13
182   2   3   15
182   2   4   17
182   2   5   16
182   2   6   8
182   3   1   5
182   3   2   17
182   3   3   15
182   3   4   27
182   3   5   11
182   3   6   5
182   4   1   18
182   4   2   22
182   4   3   25
182   4   4   15
183   1   1   6
183   1   2   13
183   1   3   18
183   1   4   22
183   1   5   14
183   1   6   5
183   2   1   7
183   2   2   13
183   2   3   21
183   2   4   16
183   2   5   13
183   2   6   8
183   3   1   16
183   3   2   23
183   3   3   22
183   3   4   17
183   4   1   16
183   4   2   27
183   4   3   18
183   4   4   17
184   1   1   17
184   1   2   28
184   1   3   31
184   1   4   16
184   2   1   9
184   2   2   19
184   2   3   20
184   2   4   19
184   2   5   13
184   2   6   12
184   3   1   8
184   3   2   16
184   3   3   21
184   3   4   23
184   3   5   18
184   3   6   6
184   4   1   7
184   4   2   18
184   4   3   19
184   4   4   25
184   4   5   15
184   4   6   8
185   1   1   10
185   1   2   17
185   1   3   18
185   1   4   10
185   2   1   13
185   2   2   13
185   2   3   14
185   2   4   15
185   3   1   5
185   3   2   6
185   3   3   15
185   3   4   16
185   3   5   13
185   4   1   10
185   4   2   16
185   4   3   20
185   4   4   9
186   1   1   7
186   1   2   12
186   1   3   8
186   1   4   7
186   2   1   5
186   2   2   10
186   2   3   19
186   3   1   9
186   3   2   8
186   3   3   9
186   3   4   8
186   4   1   18
186   4   2   16
187   1   1   15
187   1   2   18
187   1   3   16
187   1   4   11
187   1   5   5
187   2   1   14
187   2   2   19
187   2   3   16
187   2   4   16
187   3   1   17
187   3   2   18
187   3   3   16
187   3   4   14
187   4   1   13
187   4   2   17
187   4   3   24
187   4   4   11
188   1   1   7
188   1   2   18
188   1   3   23
188   1   4   23
188   1   5   16
188   1   6   8
188   2   1   6
188   2   2   16
188   2   3   28
188   2   4   25
188   2   5   12
188   2   6   8
188   3   1   9
188   3   2   16
188   3   3   21
188   3   4   22
188   3   5   19
188   3   6   8
188   4   1   28
188   4   2   23
188   4   3   18
188   4   4   18
188   4   5   8
189   1   1   7
189   1   2   15
189   1   3   22
189   1   4   23
189   1   5   15
189   1   6   7
189   2   1   5
189   2   2   18
189   2   3   23
189   2   4   22
189   2   5   15
189   2   6   6
189   3   1   10
189   3   2   18
189   3   3   18
189   3   4   15
189   3   5   17
189   3   6   11
189   4   1   19
189   4   2   24
189   4   3   28
189   4   4   18
190   1   1   23
190   1   2   23
190   1   3   21
190   1   4   15
190   1   5   6
190   2   1   7
190   2   2   16
190   2   3   18
190   2   4   23
190   2   5   16
190   2   6   8
190   3   1   5
190   3   2   15
190   3   3   24
190   3   4   22
190   3   5   22
190   4   1   5
190   4   2   14
190   4   3   24
190   4   4   26
190   4   5   19
191   1   1   6
191   1   2   12
191   1   3   17
191   1   4   22
191   1   5   18
191   2   1   20
191   2   2   19
191   2   3   18
191   2   4   18
191   3   1   16
191   3   2   21
191   3   3   22
191   3   4   16
191   4   1   5
191   4   2   11
191   4   3   21
191   4   4   19
191   4   5   14
191   4   6   5
192   1   1   8
192   1   2   10
192   1   3   12
192   1   4   9
192   2   1   5
192   2   2   15
192   2   3   14
192   2   4   5
192   3   1   10
192   3   2   9
192   3   3   9
192   3   4   11
192   4   1   6
192   4   2   13
192   4   3   15
192   4   4   5
193   1   1   7
193   1   2   13
193   1   3   15
193   1   4   16
193   1   5   12
193   1   6   7
193   2   1   16
193   2   2   22
193   2   3   18
193   2   4   9
193   2   5   5
193   3   1   17
193   3   2   18
193   3   3   20
193   3   4   9
193   3   5   6
193   4   1   12
193   4   2   22
193   4   3   23
193   4   4   13
194   1   1   7
194   1   2   8
194   2   1   7
194   2   2   8
194   3   1   7
194   3   2   8
194   4   1   2
194   4   2   4
194   4   3   9
195   1   1   7
195   1   2   14
195   1   3   15
195   1   4   6
195   2   1   10
195   2   2   11
195   2   3   11
195   2   4   10
195   3   1   7
195   3   2   13
195   3   3   17
195   3   4   5
195   4   1   9
195   4   2   11
195   4   3   14
195   4   4   8
196   1   1   13
196   1   2   14
196   1   3   18
196   1   4   20
196   1   5   15
196   1   6   11
196   2   1   8
196   2   2   19
196   2   3   17
196   2   4   21
196   2   5   20
196   2   6   6
196   3   1   6
196   3   2   18
196   3   3   21
196   3   4   21
196   3   5   20
196   3   6   5
196   4   1   16
196   4   2   31
196   4   3   25
196   4   4   19
197   1   1   5
197   1   2   11
197   1   3   12
197   1   4   13
197   1   5   8
197   1   6   7
197   2   1   8
197   2   2   20
197   2   3   22
197   2   4   6
197   3   1   10
197   3   2   15
197   3   3   20
197   3   4   11
197   4   1   8
197   4   2   9
197   4   3   8
197   4   4   14
197   4   5   8
197   4   6   9
198   1   1   8
198   1   2   18
198   1   3   24
198   1   4   24
198   1   5   15
198   1   6   10
198   2   1   19
198   2   2   28
198   2   3   34
198   2   4   18
198   3   1   6
198   3   2   6
198   3   3   14
198   3   4   22
198   3   5   20
198   3   6   21
198   3   7   10
198   4   1   3
198   4   2   8
198   4   3   13
198   4   4   24
198   4   5   24
198   4   6   19
198   4   7   8
199   1   1   9
199   1   2   18
199   1   3   25
199   1   4   22
199   1   5   17
199   1   6   10
199   2   1   8
199   2   2   18
199   2   3   23
199   2   4   24
199   2   5   21
199   2   6   7
199   3   1   10
199   3   2   17
199   3   3   23
199   3   4   23
199   3   5   19
199   3   6   9
199   4   1   24
199   4   2   27
199   4   3   26
199   4   4   18
199   4   5   6
200   1   1   16
200   1   2   23
200   1   3   25
200   1   4   17
200   2   1   6
200   2   2   15
200   2   3   20
200   2   4   19
200   2   5   15
200   2   6   6
200   3   1   18
200   3   2   22
200   3   3   24
200   3   4   12
200   3   5   5
200   4   1   20
200   4   2   19
200   4   3   18
200   4   4   15
200   4   5   9
201   1   1   23
201   1   2   26
201   1   3   24
201   1   4   15
201   1   5   7
201   2   1   6
201   2   2   17
201   2   3   22
201   2   4   24
201   2   5   26
201   3   1   24
201   3   2   24
201   3   3   22
201   3   4   20
201   3   5   5
201   4   1   7
201   4   2   18
201   4   3   21
201   4   4   22
201   4   5   20
201   4   6   7
202   1   1   11
202   1   2   17
202   1   3   23
202   1   4   25
202   1   5   18
202   1   6   10
202   2   1   8
202   2   2   22
202   2   3   25
202   2   4   20
202   2   5   17
202   2   6   12
202   3   1   18
202   3   2   35
202   3   3   31
202   3   4   20
202   4   1   11
202   4   2   19
202   4   3   23
202   4   4   20
202   4   5   19
202   4   6   12
203   1   1   6
203   1   2   15
203   1   3   18
203   1   4   20
203   1   5   15
203   1   6   6
203   2   1   19
203   2   2   24
203   2   3   19
203   2   4   12
203   2   5   6
203   3   1   8
203   3   2   11
203   3   3   18
203   3   4   23
203   3   5   20
203   4   1   18
203   4   2   20
203   4   3   25
203   4   4   17
204   1   1   11
204   1   2   16
204   1   3   16
204   1   4   11
204   2   1   11
204   2   2   16
204   2   3   18
204   2   4   9
204   3   1   9
204   3   2   19
204   3   3   16
204   3   4   10
204   4   1   7
204   4   2   10
204   4   3   12
204   4   4   13
204   4   5   7
204   4   6   5
205   1   1   12
205   1   2   7
205   1   3   10
205   1   4   9
205   2   1   10
205   2   2   9
205   2   3   9
205   2   4   10
205   3   1   19
205   3   2   19
205   4   1   7
205   4   2   11
205   4   3   13
205   4   4   7
206   1   1   15
206   1   2   14
206   1   3   15
206   1   4   13
206   2   1   14
206   2   2   14
206   2   3   15
206   2   4   14
206   3   1   13
206   3   2   12
206   3   3   19
206   3   4   13
206   4   1   11
206   4   2   16
206   4   3   22
206   4   4   8
207   1   1   18
207   1   2   17
207   1   3   12
207   1   4   12
207   1   5   6
207   2   1   15
207   2   2   17
207   2   3   18
207   2   4   15
207   3   1   8
207   3   2   8
207   3   3   18
207   3   4   13
207   3   5   18
207   4   1   10
207   4   2   24
207   4   3   20
207   4   4   11
208   1   1   12
208   1   2   18
208   1   3   27
208   1   4   23
208   1   5   22
208   1   6   11
208   2   1   6
208   2   2   18
208   2   3   31
208   2   4   32
208   2   5   21
208   2   6   5
208   3   1   9
208   3   2   24
208   3   3   28
208   3   4   23
208   3   5   17
208   3   6   7
208   3   7   5
208   4   1   12
208   4   2   18
208   4   3   26
208   4   4   27
208   4   5   18
208   4   6   12
209   1   1   17
209   1   2   28
209   1   3   30
209   1   4   18
209   2   1   21
209   2   2   26
209   2   3   24
209   2   4   17
209   2   5   5
209   3   1   11
209   3   2   15
209   3   3   21
209   3   4   19
209   3   5   18
209   3   6   9
209   4   1   11
209   4   2   14
209   4   3   20
209   4   4   22
209   4   5   17
209   4   6   9
210   1   1   11
210   1   2   14
210   1   3   19
210   1   4   23
210   1   5   15
210   1   6   9
210   2   1   19
210   2   2   24
210   2   3   31
210   2   4   17
210   3   1   10
210   3   2   15
210   3   3   19
210   3   4   22
210   3   5   15
210   3   6   10
210   4   1   5
210   4   2   18
210   4   3   23
210   4   4   23
210   4   5   16
210   4   6   6
211   1   1   12
211   1   2   25
211   1   3   28
211   1   4   27
211   1   5   27
211   1   6   10
211   2   1   8
211   2   2   26
211   2   3   29
211   2   4   30
211   2   5   29
211   2   6   7
211   3   1   13
211   3   2   25
211   3   3   29
211   3   4   24
211   3   5   24
211   3   6   14
211   4   1   12
211   4   2   23
211   4   3   30
211   4   4   30
211   4   5   25
211   4   6   9
212   1   1   17
212   1   2   21
212   1   3   16
212   1   4   18
212   2   1   15
212   2   2   21
212   2   3   20
212   2   4   16
212   3   1   8
212   3   2   11
212   3   3   14
212   3   4   19
212   3   5   20
212   4   1   14
212   4   2   20
212   4   3   24
212   4   4   14
213   1   1   8
213   1   2   18
213   1   3   26
213   1   4   20
213   1   5   13
213   1   6   11
213   2   1   6
213   2   2   20
213   2   3   22
213   2   4   23
213   2   5   17
213   2   6   8
213   3   1   23
213   3   2   26
213   3   3   26
213   3   4   15
213   3   5   6
213   4   1   13
213   4   2   13
213   4   3   16
213   4   4   25
213   4   5   18
213   4   6   11
214   1   1   11
214   1   2   10
214   1   3   8
214   1   4   7
214   1   5   3
214   2   1   7
214   2   2   11
214   2   3   15
214   2   4   6
214   3   1   8
214   3   2   12
214   3   3   12
214   3   4   7
214   4   1   10
214   4   2   10
214   4   3   9
214   4   4   10
215   1   1   15
215   1   2   18
215   1   3   21
215   1   4   14
215   2   1   15
215   2   2   18
215   2   3   20
215   2   4   15
215   3   1   17
215   3   2   18
215   3   3   15
215   3   4   13
215   3   5   5
215   4   1   13
215   4   2   22
215   4   3   21
215   4   4   12
216   1   1   13
216   1   2   28
216   1   3   34
216   1   4   38
216   1   5   32
216   1   6   9
216   2   1   6
216   2   2   18
216   2   3   30
216   2   4   31
216   2   5   24
216   2   6   16
216   2   7   14
216   2   8   10
216   2   9   5
216   3   1   15
216   3   2   26
216   3   3   35
216   3   4   37
216   3   5   27
216   3   6   14
216   4   1   9
216   4   2   12
216   4   3   25
216   4   4   29
216   4   5   31
216   4   6   25
216   4   7   17
216   4   8   6
217   1   1   13
217   1   2   17
217   2   1   5
217   2   2   11
217   2   3   9
217   2   4   5
217   3   1   7
217   3   2   8
217   3   3   7
217   3   4   8
217   4   1   3
217   4   2   5
217   4   3   6
217   4   4   7
217   4   5   9
218   1   1   9
218   1   2   13
218   1   3   15
218   1   4   18
218   1   5   15
218   1   6   13
218   2   1   18
218   2   2   28
218   2   3   22
218   2   4   10
218   2   5   5
218   3   1   17
218   3   2   25
218   3   3   22
218   3   4   19
218   4   1   22
218   4   2   23
218   4   3   20
218   4   4   13
218   4   5   5
219   1   1   5
219   1   2   20
219   1   3   20
219   1   4   27
219   1   5   31
219   1   6   30
219   1   7   21
219   2   1   8
219   2   2   18
219   2   3   23
219   2   4   29
219   2   5   27
219   2   6   24
219   2   7   16
219   2   8   9
219   3   1   9
219   3   2   25
219   3   3   43
219   3   4   42
219   3   5   27
219   3   6   8
219   4   1   23
219   4   2   36
219   4   3   36
219   4   4   30
219   4   5   20
219   4   6   9
220   1   1   7
220   1   2   12
220   1   3   15
220   1   4   17
220   1   5   19
220   2   1   5
220   2   2   16
220   2   3   14
220   2   4   17
220   2   5   11
220   2   6   7
220   3   1   17
220   3   2   18
220   3   3   19
220   3   4   16
220   4   1   9
220   4   2   29
220   4   3   17
220   4   4   15
221   1   1   7
221   1   2   18
221   1   3   20
221   1   4   10
221   1   5   2
221   2   1   12
221   2   2   18
221   2   3   13
221   2   4   14
221   3   1   12
221   3   2   16
221   3   3   17
221   3   4   12
221   4   1   14
221   4   2   16
221   4   3   14
221   4   4   8
221   4   5   5
222   1   1   18
222   1   2   29
222   1   3   29
222   1   4   18
222   2   1   9
222   2   2   18
222   2   3   19
222   2   4   21
222   2   5   17
222   2   6   10
222   3   1   9
222   3   2   17
222   3   3   21
222   3   4   22
222   3   5   16
222   3   6   9
222   4   1   7
222   4   2   17
222   4   3   24
222   4   4   21
222   4   5   16
222   4   6   9
223   1   1   5
223   1   2   13
223   1   3   21
223   1   4   20
223   1   5   19
223   2   1   18
223   2   2   22
223   2   3   18
223   2   4   14
223   2   5   6
223   3   1   14
223   3   2   25
223   3   3   24
223   3   4   15
223   4   1   6
223   4   2   11
223   4   3   15
223   4   4   12
223   4   5   16
223   4   6   11
223   4   7   7
224   1   1   17
224   1   2   19
224   1   3   17
224   1   4   11
224   1   5   5
224   2   1   9
224   2   2   13
224   2   3   13
224   2   4   13
224   2   5   13
224   2   6   8
224   3   1   13
224   3   2   25
224   3   3   17
224   3   4   14
224   4   1   13
224   4   2   23
224   4   3   20
224   4   4   13
225   1   1   11
225   1   2   13
225   1   3   20
225   1   4   18
225   1   5   15
225   1   6   9
225   2   1   5
225   2   2   18
225   2   3   21
225   2   4   20
225   2   5   14
225   2   6   8
225   3   1   19
225   3   2   24
225   3   3   25
225   3   4   18
225   4   1   17
225   4   2   27
225   4   3   22
225   4   4   20
226   1   1   10
226   1   2   17
226   1   3   27
226   1   4   23
226   1   5   20
226   1   6   10
226   2   1   24
226   2   2   32
226   2   3   31
226   2   4   20
226   3   1   9
226   3   2   21
226   3   3   26
226   3   4   22
226   3   5   17
226   3   6   12
226   4   1   12
226   4   2   17
226   4   3   25
226   4   4   23
226   4   5   20
226   4   6   10
227   1   1   11
227   1   2   21
227   1   3   28
227   1   4   33
227   1   5   20
227   1   6   10
227   2   1   6
227   2   2   19
227   2   3   27
227   2   4   30
227   2   5   24
227   2   6   17
227   3   1   7
227   3   2   25
227   3   3   30
227   3   4   33
227   3   5   17
227   3   6   11
227   4   1   6
227   4   2   11
227   4   3   19
227   4   4   20
227   4   5   28
227   4   6   25
227   4   7   14
228   1   1   11
228   1   2   19
228   1   3   53
228   1   4   35
228   1   5   24
228   1   6   12
228   2   1   5
228   2   2   18
228   2   3   24
228   2   4   28
228   2   5   31
228   2   6   26
228   2   7   22
228   3   1   13
228   3   2   30
228   3   3   37
228   3   4   33
228   3   5   24
228   3   6   17
228   4   1   11
228   4   2   13
228   4   3   21
228   4   4   28
228   4   5   31
228   4   6   26
228   4   7   19
228   4   8   5
229   1   1   6
229   1   2   14
229   1   3   28
229   1   4   31
229   1   5   36
229   1   6   34
229   1   7   18
229   2   1   5
229   2   2   17
229   2   3   28
229   2   4   35
229   2   5   34
229   2   6   25
229   2   7   18
229   2   8   5
229   3   1   8
229   3   2   19
229   3   3   32
229   3   4   28
229   3   5   27
229   3   6   24
229   3   7   16
229   3   8   13
229   4   1   10
229   4   2   29
229   4   3   44
229   4   4   45
229   4   5   26
229   4   6   13
230   1   1   11
230   1   2   16
230   1   3   27
230   1   4   30
230   1   5   18
230   1   6   9
230   2   1   7
230   2   2   23
230   2   3   28
230   2   4   25
230   2   5   18
230   2   6   10
230   3   1   7
230   3   2   24
230   3   3   25
230   3   4   21
230   3   5   16
230   3   6   12
230   3   7   6
230   4   1   28
230   4   2   29
230   4   3   29
230   4   4   16
230   4   5   9
231   1   1   5
231   1   2   16
231   1   3   25
231   1   4   20
231   1   5   23
231   2   1   6
231   2   2   17
231   2   3   21
231   2   4   27
231   2   5   12
231   2   6   6
231   3   1   20
231   3   2   23
231   3   3   26
231   3   4   20
231   4   1   9
231   4   2   15
231   4   3   21
231   4   4   20
231   4   5   15
231   4   6   9
232   1   1   5
232   1   2   21
232   1   3   22
232   1   4   20
232   1   5   14
232   1   6   8
232   2   1   17
232   2   2   27
232   2   3   30
232   2   4   16
232   3   1   12
232   3   2   15
232   3   3   22
232   3   4   22
232   3   5   14
232   3   6   5
232   4   1   10
232   4   2   14
232   4   3   18
232   4   4   23
232   4   5   20
232   4   6   5
233   1   1   12
233   1   2   21
233   1   3   22
233   1   4   27
233   1   5   26
233   1   6   9
233   2   1   16
233   2   2   24
233   2   3   24
233   2   4   19
233   2   5   16
233   2   6   11
233   2   7   7
233   3   1   26
233   3   2   34
233   3   3   31
233   3   4   21
233   3   5   5
233   4   1   8
233   4   2   29
233   4   3   28
233   4   4   20
233   4   5   18
233   4   6   14
234   1   1   18
234   1   2   24
234   1   3   25
234   1   4   13
234   2   1   8
234   2   2   18
234   2   3   13
234   2   4   19
234   2   5   12
234   2   6   10
234   3   1   16
234   3   2   25
234   3   3   21
234   3   4   18
234   4   1   6
234   4   2   12
234   4   3   25
234   4   4   17
234   4   5   20
235   1   1   8
235   1   2   8
235   1   3   8
235   1   4   8
235   2   1   5
235   2   2   12
235   2   3   15
235   3   1   16
235   3   2   16
235   4   1   7
235   4   2   10
235   4   3   8
235   4   4   7
236   1   1   5
236   1   2   12
236   1   3   19
236   1   4   18
236   1   5   13
236   2   1   6
236   2   2   12
236   2   3   16
236   2   4   15
236   2   5   13
236   2   6   5
236   3   1   14
236   3   2   20
236   3   3   20
236   3   4   13
236   4   1   14
236   4   2   20
236   4   3   19
236   4   4   14
237   1   1   11
237   1   2   16
237   1   3   16
237   1   4   11
237   2   1   14
237   2   2   13
237   2   3   14
237   2   4   13
237   3   1   11
237   3   2   16
237   3   3   17
237   3   4   10
237   4   1   12
237   4   2   16
237   4   3   15
237   4   4   11
238   1   1   9
238   1   2   26
238   1   3   29
238   1   4   28
238   1   5   21
238   1   6   12
238   2   1   14
238   2   2   19
238   2   3   27
238   2   4   31
238   2   5   26
238   2   6   8
238   3   1   9
238   3   2   22
238   3   3   34
238   3   4   29
238   3   5   22
238   3   6   9
238   4   1   15
238   4   2   24
238   4   3   24
238   4   4   25
238   4   5   21
238   4   6   16
239   1   1   6
239   1   2   10
239   1   3   19
239   1   4   20
239   1   5   18
239   2   1   16
239   2   2   22
239   2   3   19
239   2   4   16
239   3   1   15
239   3   2   20
239   3   3   22
239   3   4   16
239   4   1   6
239   4   2   13
239   4   3   19
239   4   4   17
239   4   5   10
239   4   6   8
240   1   1   9
240   1   2   8
240   1   3   10
240   1   4   10
240   2   1   17
240   2   2   20
240   3   1   9
240   3   2   9
240   3   3   10
240   3   4   9
240   4   1   5
240   4   2   13
240   4   3   14
240   4   4   5
241   1   1   7
241   1   2   12
241   1   3   12
241   1   4   6
241   2   1   7
241   2   2   8
241   2   3   10
241   2   4   12
241   3   1   5
241   3   2   13
241   3   3   13
241   3   4   6
241   4   1   18
241   4   2   19
242   1   1   7
242   1   2   15
242   1   3   19
242   1   4   18
242   1   5   18
242   2   1   15
242   2   2   22
242   2   3   25
242   2   4   15
242   3   1   19
242   3   2   21
242   3   3   18
242   3   4   14
242   3   5   5
242   4   1   11
242   4   2   9
242   4   3   17
242   4   4   14
242   4   5   21
242   4   6   5
243   1   1   5
243   1   2   9
243   1   3   27
243   1   4   26
243   1   5   16
243   2   1   22
243   2   2   21
243   2   3   23
243   2   4   11
243   2   5   6
243   3   1   5
243   3   2   16
243   3   3   22
243   3   4   21
243   3   5   11
243   3   6   8
243   4   1   6
243   4   2   15
243   4   3   21
243   4   4   21
243   4   5   13
243   4   6   7
244   1   1   5
244   1   2   9
244   1   3   17
244   1   4   19
244   1   5   15
244   2   1   12
244   2   2   19
244   2   3   23
244   2   4   11
244   3   1   18
244   3   2   14
244   3   3   16
244   3   4   12
244   3   5   5
244   4   1   8
244   4   2   10
244   4   3   12
244   4   4   17
244   4   5   11
244   4   6   7
245   1   1   8
245   1   2   10
245   1   3   22
245   2   1   8
245   2   2   12
245   2   3   13
245   2   4   7
245   3   1   10
245   3   2   11
245   3   3   10
245   3   4   9
245   4   1   6
245   4   2   14
245   4   3   13
245   4   4   7
246   1   1   3
246   1   2   6
246   1   3   21
246   1   4   33
246   1   5   51
246   1   6   52
246   1   7   40
246   1   8   23
246   1   9   6
246   2   1   14
246   2   2   20
246   2   3   34
246   2   4   42
246   2   5   50
246   2   6   45
246   2   7   30
246   3   1   14
246   3   2   29
246   3   3   34
246   3   4   35
246   3   5   47
246   3   6   39
246   3   7   22
246   3   8   15
246   4   1   12
246   4   2   27
246   4   3   41
246   4   4   38
246   4   5   41
246   4   6   34
246   4   7   30
246   4   8   12
247   1   1   20
247   1   2   25
247   1   3   24
247   1   4   22
247   2   1   6
247   2   2   20
247   2   3   22
247   2   4   19
247   2   5   15
247   2   6   9
247   3   1   24
247   3   2   24
247   3   3   22
247   3   4   14
247   3   5   7
247   4   1   11
247   4   2   16
247   4   3   19
247   4   4   18
247   4   5   16
247   4   6   11
248   1   1   5
248   1   2   16
248   1   3   28
248   1   4   16
248   1   5   17
248   1   6   7
248   2   1   6
248   2   2   16
248   2   3   25
248   2   4   24
248   2   5   18
248   3   1   5
248   3   2   14
248   3   3   23
248   3   4   23
248   3   5   24
248   4   1   5
248   4   2   21
248   4   3   18
248   4   4   22
248   4   5   17
248   4   6   6
249   1   1   14
249   1   2   18
249   1   3   21
249   1   4   24
249   1   5   20
249   1   6   10
249   2   1   21
249   2   2   36
249   2   3   29
249   2   4   21
249   3   1   14
249   3   2   19
249   3   3   20
249   3   4   24
249   3   5   17
249   3   6   13
249   4   1   11
249   4   2   17
249   4   3   24
249   4   4   25
249   4   5   21
249   4   6   9
250   1   1   9
250   1   2   16
250   1   3   10
250   1   4   12
250   2   1   10
250   2   2   15
250   2   3   13
250   2   4   9
250   3   1   9
250   3   2   16
250   3   3   14
250   3   4   8
250   4   1   8
250   4   2   18
250   4   3   13
250   4   4   8
251   1   1   5
251   1   2   17
251   1   3   19
251   1   4   17
251   1   5   12
251   1   6   8
251   2   1   16
251   2   2   21
251   2   3   27
251   2   4   14
251   3   1   17
251   3   2   22
251   3   3   20
251   3   4   19
251   4   1   6
251   4   2   14
251   4   3   17
251   4   4   18
251   4   5   17
251   4   6   6
252   1   1   13
252   1   2   15
252   1   3   17
252   1   4   14
252   2   1   13
252   2   2   18
252   2   3   16
252   2   4   12
252   3   1   10
252   3   2   21
252   3   3   17
252   3   4   11
252   4   1   14
252   4   2   17
252   4   3   15
252   4   4   13
253   1   1   14
253   1   2   19
253   1   3   22
253   1   4   22
253   1   5   21
253   1   6   13
253   1   7   5
253   2   1   10
253   2   2   22
253   2   3   28
253   2   4   24
253   2   5   21
253   2   6   11
253   3   1   9
253   3   2   20
253   3   3   26
253   3   4   29
253   3   5   24
253   3   6   8
253   4   1   8
253   4   2   21
253   4   3   30
253   4   4   30
253   4   5   18
253   4   6   9
