1   1   1   18
1   1   2   19
1   2   1   7
1   2   2   12
1   2   3   11
1   2   4   7
1   3   1   10
1   3   2   7
1   3   3   9
1   3   4   11
1   4   1   7
1   4   2   8
1   4   3   16
1   4   4   6
2   1   1   11
2   1   2   17
2   1   3   14
2   1   4   12
2   2   1   11
2   2   2   16
2   2   3   16
2   2   4   11
2   3   1   11
2   3   2   16
2   3   3   17
2   3   4   10
2   4   1   5
2   4   2   10
2   4   3   12
2   4   4   12
2   4   5   10
2   4   6   5
3   1   1   23
3   1   2   22
3   1   3   22
3   1   4   14
3   1   5   7
3   2   1   5
3   2   2   18
3   2   3   22
3   2   4   22
3   2   5   14
3   2   6   7
3   3   1   5
3   3   2   18
3   3   3   21
3   3   4   21
3   3   5   15
3   3   6   8
3   4   1   21
3   4   2   22
3   4   3   25
3   4   4   20
4   1   1   24
4   1   2   29
4   1   3   17
4   1   4   10
4   1   5   5
4   1   6   5
4   2   1   9
4   2   2   14
4   2   3   17
4   2   4   23
4   2   5   27
4   3   1   7
4   3   2   13
4   3   3   24
4   3   4   25
4   3   5   18
4   3   6   3
4   4   1   6
4   4   2   17
4   4   3   18
4   4   4   25
4   4   5   24
5   1   1   14
5   1   2   21
5   1   3   17
5   1   4   15
5   2   1   14
5   2   2   22
5   2   3   18
5   2   4   13
5   3   1   13
5   3   2   21
5   3   3   17
5   3   4   16
5   4   1   16
5   4   2   18
5   4   3   17
5   4   4   16
6   1   1   9
6   1   2   20
6   1   3   20
6   1   4   15
6   2   1   8
6   2   2   10
6   2   3   15
6   2   4   12
6   2   5   12
6   2   6   5
6   2   7   2
6   3   1   5
6   3   2   11
6   3   3   15
6   3   4   17
6   3   5   16
6   4   1   16
6   4   2   18
6   4   3   14
6   4   4   11
6   4   5   5
7   1   1   9
7   1   2   21
7   1   3   31
7   1   4   30
7   1   5   20
7   1   6   10
7   2   1   6
7   2   2   29
7   2   3   29
7   2   4   26
7   2   5   19
7   2   6   12
7   3   1   20
7   3   2   21
7   3   3   20
7   3   4   23
7   3   5   17
7   3   6   13
7   3   7   7
7   4   1   8
7   4   2   21
7   4   3   30
7   4   4   34
7   4   5   23
7   4   6   5
8   1   1   13
8   1   2   15
8   1   3   15
8   1   4   13
8   2   1   12
8   2   2   16
8   2   3   15
8   2   4   13
8   3   1   15
8   3   2   14
8   3   3   13
8   3   4   9
8   3   5   5
8   4   1   10
8   4   2   19
8   4   3   16
8   4   4   11
9   1   1   5
9   1   2   15
9   1   3   14
9   1   4   10
9   1   5   8
9   1   6   9
9   2   1   10
9   2   2   16
9   2   3   24
9   2   4   11
9   3   1   11
9   3   2   17
9   3   3   20
9   3   4   13
9   4   1   13
9   4   2   17
9   4   3   19
9   4   4   12
10   1   1   14
10   1   2   15
10   1   3   17
10   1   4   14
10   2   1   12
10   2   2   20
10   2   3   17
10   2   4   11
10   3   1   15
10   3   2   16
10   3   3   15
10   3   4   14
10   4   1   4
10   4   2   7
10   4   3   18
10   4   4   16
10   4   5   15
11   1   1   9
11   1   2   20
11   1   3   27
11   1   4   28
11   1   5   27
11   1   6   6
11   2   1   10
11   2   2   18
11   2   3   28
11   2   4   32
11   2   5   22
11   2   6   7
11   3   1   5
11   3   2   9
11   3   3   16
11   3   4   26
11   3   5   26
11   3   6   23
11   3   7   12
11   4   1   11
11   4   2   23
11   4   3   25
11   4   4   26
11   4   5   19
11   4   6   13
12   1   1   10
12   1   2   15
12   1   3   21
12   1   4   15
12   1   5   14
12   1   6   11
12   2   1   22
12   2   2   22
12   2   3   21
12   2   4   16
12   2   5   5
12   3   1   11
12   3   2   15
12   3   3   19
12   3   4   17
12   3   5   13
12   3   6   11
12   4   1   17
12   4   2   25
12   4   3   28
12   4   4   16
13   1   1   19
13   1   2   39
13   1   3   42
13   1   4   42
13   1   5   31
13   1   6   23
13   2   1   7
13   2   2   19
13   2   3   31
13   2   4   39
13   2   5   41
13   2   6   37
13   2   7   15
13   2   8   7
13   3   1   10
13   3   2   25
13   3   3   30
13   3   4   34
13   3   5   33
13   3   6   29
13   3   7   22
13   3   8   13
13   4   1   8
13   4   2   18
13   4   3   26
13   4   4   44
13   4   5   46
13   4   6   31
13   4   7   18
13   4   8   5
14   1   1   7
14   1   2   7
14   1   3   9
14   1   4   8
14   2   1   8
14   2   2   8
14   2   3   8
14   2   4   7
14   3   1   14
14   3   2   17
14   4   1   17
14   4   2   14
15   1   1   5
15   1   2   10
15   1   3   17
15   1   4   23
15   1   5   17
15   2   1   18
15   2   2   18
15   2   3   20
15   2   4   10
15   2   5   6
15   3   1   20
15   3   2   16
15   3   3   21
15   3   4   9
15   3   5   6
15   4   1   15
15   4   2   21
15   4   3   20
15   4   4   16
16   1   1   9
16   1   2   7
16   2   1   8
16   2   2   8
16   3   1   9
16   3   2   7
16   4   1   8
16   4   2   8
17   1   1   6
17   1   2   12
17   1   3   14
17   1   4   6
17   2   1   9
17   2   2   9
17   2   3   11
17   2   4   9
17   3   1   17
17   3   2   21
17   4   1   9
17   4   2   11
17   4   3   8
17   4   4   10
18   1   1   5
18   1   2   17
18   1   3   21
18   1   4   27
18   1   5   30
18   1   6   34
18   1   7   13
18   2   1   25
18   2   2   25
18   2   3   25
18   2   4   24
18   2   5   24
18   2   6   16
18   2   7   8
18   3   1   13
18   3   2   27
18   3   3   32
18   3   4   33
18   3   5   28
18   3   6   14
18   4   1   10
18   4   2   29
18   4   3   36
18   4   4   34
18   4   5   25
18   4   6   13
19   1   1   23
19   1   2   25
19   1   3   21
19   1   4   14
19   1   5   8
19   2   1   7
19   2   2   17
19   2   3   19
19   2   4   24
19   2   5   18
19   2   6   6
19   3   1   10
19   3   2   16
19   3   3   17
19   3   4   23
19   3   5   18
19   3   6   7
19   4   1   5
19   4   2   11
19   4   3   11
19   4   4   16
19   4   5   18
19   4   6   17
19   4   7   13
20   1   1   20
20   1   2   22
20   1   3   24
20   1   4   21
20   2   1   6
20   2   2   21
20   2   3   20
20   2   4   18
20   2   5   11
20   2   6   11
20   3   1   6
20   3   2   14
20   3   3   25
20   3   4   18
20   3   5   24
20   4   1   18
20   4   2   26
20   4   3   26
20   4   4   17
21   1   1   5
21   1   2   18
21   1   3   27
21   1   4   28
21   1   5   23
21   2   1   8
21   2   2   16
21   2   3   25
21   2   4   27
21   2   5   25
21   3   1   6
21   3   2   20
21   3   3   25
21   3   4   26
21   3   5   17
21   3   6   7
21   4   1   12
21   4   2   21
21   4   3   19
21   4   4   15
21   4   5   22
21   4   6   12
22   1   1   15
22   1   2   23
22   1   3   22
22   1   4   24
22   1   5   16
22   1   6   12
22   1   7   4
22   2   1   5
22   2   2   22
22   2   3   32
22   2   4   27
22   2   5   24
22   2   6   6
22   3   1   8
22   3   2   21
22   3   3   28
22   3   4   28
22   3   5   26
22   3   6   5
22   4   1   12
22   4   2   26
22   4   3   23
22   4   4   20
22   4   5   21
22   4   6   14
23   1   1   14
23   1   2   22
23   1   3   32
23   1   4   23
23   1   5   22
23   1   6   16
23   2   1   5
23   2   2   11
23   2   3   17
23   2   4   27
23   2   5   29
23   2   6   27
23   2   7   13
23   3   1   11
23   3   2   21
23   3   3   30
23   3   4   31
23   3   5   29
23   3   6   7
23   4   1   11
23   4   2   21
23   4   3   31
23   4   4   33
23   4   5   25
23   4   6   8
24   1   1   14
24   1   2   17
24   1   3   14
24   1   4   8
24   2   1   11
24   2   2   17
24   2   3   16
24   2   4   9
24   3   1   11
24   3   2   14
24   3   3   17
24   3   4   11
24   4   1   11
24   4   2   18
24   4   3   12
24   4   4   12
25   1   1   14
25   1   2   17
25   1   3   14
25   1   4   12
25   2   1   11
25   2   2   15
25   2   3   19
25   2   4   12
25   3   1   6
25   3   2   8
25   3   3   12
25   3   4   14
25   3   5   17
25   4   1   12
25   4   2   15
25   4   3   16
25   4   4   14
26   1   1   11
26   1   2   16
26   1   3   26
26   1   4   24
26   1   5   15
26   1   6   11
26   2   1   12
26   2   2   17
26   2   3   24
26   2   4   22
26   2   5   17
26   2   6   11
26   3   1   5
26   3   2   17
26   3   3   30
26   3   4   29
26   3   5   22
26   4   1   8
26   4   2   17
26   4   3   29
26   4   4   23
26   4   5   16
26   4   6   10
27   1   1   12
27   1   2   19
27   1   3   25
27   1   4   12
27   2   1   15
27   2   2   20
27   2   3   18
27   2   4   15
27   3   1   14
27   3   2   20
27   3   3   18
27   3   4   16
27   4   1   9
27   4   2   12
27   4   3   12
27   4   4   14
27   4   5   11
27   4   6   10
28   1   1   10
28   1   2   17
28   1   3   26
28   1   4   22
28   1   5   18
28   1   6   10
28   2   1   7
28   2   2   17
28   2   3   24
28   2   4   29
28   2   5   26
28   3   1   13
28   3   2   20
28   3   3   19
28   3   4   21
28   3   5   22
28   3   6   8
28   4   1   5
28   4   2   19
28   4   3   28
28   4   4   28
28   4   5   16
28   4   6   7
29   1   1   18
29   1   2   22
29   1   3   37
29   1   4   38
29   1   5   32
29   1   6   9
29   2   1   19
29   2   2   24
29   2   3   37
29   2   4   27
29   2   5   32
29   2   6   17
29   3   1   8
29   3   2   16
29   3   3   23
29   3   4   30
29   3   5   30
29   3   6   26
29   3   7   18
29   3   8   5
29   4   1   13
29   4   2   30
29   4   3   37
29   4   4   33
29   4   5   29
29   4   6   14
30   1   1   14
30   1   2   19
30   1   3   19
30   1   4   14
30   2   1   5
30   2   2   9
30   2   3   17
30   2   4   20
30   2   5   15
30   3   1   16
30   3   2   17
30   3   3   16
30   3   4   17
30   4   1   17
30   4   2   13
30   4   3   19
30   4   4   17
31   1   1   5
31   1   2   18
31   1   3   27
31   1   4   42
31   1   5   49
31   1   6   52
31   1   7   48
31   1   8   31
31   1   9   18
31   2   1   18
31   2   2   29
31   2   3   47
31   2   4   55
31   2   5   52
31   2   6   41
31   2   7   28
31   2   8   11
31   2   9   9
31   3   1   21
31   3   2   24
31   3   3   35
31   3   4   53
31   3   5   66
31   3   6   53
31   3   7   31
31   3   8   7
31   4   1   8
31   4   2   20
31   4   3   28
31   4   4   33
31   4   5   51
31   4   6   48
31   4   7   52
31   4   8   30
31   4   9   20
32   1   1   8
32   1   2   15
32   1   3   25
32   1   4   30
32   1   5   23
32   2   1   3
32   2   2   21
32   2   3   30
32   2   4   26
32   2   5   14
32   2   6   7
32   3   1   10
32   3   2   17
32   3   3   18
32   3   4   31
32   3   5   19
32   3   6   6
32   4   1   12
32   4   2   19
32   4   3   20
32   4   4   24
32   4   5   15
32   4   6   11
33   1   1   12
33   1   2   25
33   1   3   34
33   1   4   38
33   1   5   36
33   1   6   5
33   2   1   6
33   2   2   13
33   2   3   21
33   2   4   34
33   2   5   33
33   2   6   26
33   2   7   17
33   3   1   8
33   3   2   13
33   3   3   29
33   3   4   25
33   3   5   28
33   3   6   21
33   3   7   17
33   3   8   9
33   4   1   18
33   4   2   27
33   4   3   31
33   4   4   32
33   4   5   24
33   4   6   18
34   1   1   17
34   1   2   13
34   1   3   12
34   1   4   9
34   1   5   7
34   2   1   5
34   2   2   7
34   2   3   16
34   2   4   17
34   2   5   8
34   2   6   5
34   3   1   11
34   3   2   20
34   3   3   21
34   3   4   6
34   4   1   12
34   4   2   18
34   4   3   16
34   4   4   12
35   1   1   12
35   1   2   11
35   1   3   11
35   1   4   10
35   2   1   5
35   2   2   16
35   2   3   14
35   2   4   9
35   3   1   8
35   3   2   13
35   3   3   16
35   3   4   7
35   4   1   7
35   4   2   14
35   4   3   16
35   4   4   7
36   1   1   14
36   1   2   19
36   1   3   31
36   1   4   24
36   1   5   20
36   1   6   18
36   1   7   21
36   1   8   19
36   2   1   6
36   2   2   21
36   2   3   28
36   2   4   25
36   2   5   30
36   2   6   31
36   2   7   19
36   2   8   6
36   3   1   13
36   3   2   26
36   3   3   41
36   3   4   45
36   3   5   34
36   3   6   7
36   4   1   21
36   4   2   31
36   4   3   37
36   4   4   31
36   4   5   20
36   4   6   15
36   4   7   11
37   1   1   17
37   1   2   10
37   1   3   5
37   2   1   7
37   2   2   10
37   2   3   9
37   2   4   6
37   3   1   8
37   3   2   8
37   3   3   6
37   3   4   10
37   4   1   5
37   4   2   11
37   4   3   16
38   1   1   10
38   1   2   28
38   1   3   27
38   1   4   27
38   1   5   22
38   1   6   14
38   2   1   6
38   2   2   10
38   2   3   20
38   2   4   26
38   2   5   27
38   2   6   24
38   2   7   15
38   3   1   11
38   3   2   25
38   3   3   30
38   3   4   25
38   3   5   24
38   3   6   13
38   4   1   7
38   4   2   25
38   4   3   33
38   4   4   32
38   4   5   22
38   4   6   9
39   1   1   32
39   1   2   41
39   1   3   42
39   1   4   44
39   1   5   34
39   1   6   19
39   1   7   12
39   2   1   6
39   2   2   26
39   2   3   39
39   2   4   40
39   2   5   40
39   2   6   40
39   2   7   33
39   3   1   15
39   3   2   25
39   3   3   32
39   3   4   38
39   3   5   41
39   3   6   37
39   3   7   23
39   3   8   13
39   4   1   7
39   4   2   23
39   4   3   39
39   4   4   42
39   4   5   44
39   4   6   40
39   4   7   23
39   4   8   6
40   1   1   15
40   1   2   27
40   1   3   21
40   1   4   16
40   2   1   7
40   2   2   10
40   2   3   21
40   2   4   21
40   2   5   15
40   2   6   5
40   3   1   7
40   3   2   11
40   3   3   24
40   3   4   15
40   3   5   22
40   4   1   9
40   4   2   12
40   4   3   18
40   4   4   19
40   4   5   14
40   4   6   7
41   1   1   9
41   1   2   22
41   1   3   24
41   1   4   34
41   1   5   15
41   1   6   11
41   2   1   15
41   2   2   22
41   2   3   21
41   2   4   22
41   2   5   20
41   2   6   15
41   3   1   11
41   3   2   19
41   3   3   27
41   3   4   27
41   3   5   21
41   3   6   10
41   4   1   28
41   4   2   32
41   4   3   30
41   4   4   17
41   4   5   8
42   1   1   6
42   1   2   13
42   1   3   13
42   1   4   12
42   1   5   14
42   1   6   6
42   2   1   11
42   2   2   22
42   2   3   20
42   2   4   11
42   3   1   16
42   3   2   16
42   3   3   15
42   3   4   12
42   3   5   5
42   4   1   12
42   4   2   21
42   4   3   19
42   4   4   12
43   1   1   10
43   1   2   24
43   1   3   40
43   1   4   37
43   1   5   27
43   1   6   8
43   2   1   20
43   2   2   25
43   2   3   24
43   2   4   30
43   2   5   30
43   2   6   17
43   3   1   9
43   3   2   14
43   3   3   15
43   3   4   27
43   3   5   37
43   3   6   27
43   3   7   17
43   4   1   23
43   4   2   25
43   4   3   26
43   4   4   29
43   4   5   21
43   4   6   15
43   4   7   7
44   1   1   12
44   1   2   18
44   1   3   17
44   1   4   12
44   2   1   8
44   2   2   8
44   2   3   11
44   2   4   15
44   2   5   17
44   3   1   8
44   3   2   19
44   3   3   18
44   3   4   14
44   4   1   13
44   4   2   19
44   4   3   16
44   4   4   11
45   1   1   8
45   1   2   12
45   1   3   19
45   1   4   21
45   1   5   20
45   2   1   10
45   2   2   12
45   2   3   19
45   2   4   17
45   2   5   13
45   2   6   9
45   3   1   19
45   3   2   21
45   3   3   20
45   3   4   20
45   4   1   17
45   4   2   22
45   4   3   23
45   4   4   18
46   1   1   11
46   1   2   17
46   1   3   32
46   1   4   35
46   1   5   40
46   1   6   39
46   1   7   27
46   2   1   7
46   2   2   23
46   2   3   33
46   2   4   40
46   2   5   34
46   2   6   31
46   2   7   26
46   2   8   7
46   3   1   5
46   3   2   21
46   3   3   41
46   3   4   42
46   3   5   41
46   3   6   26
46   3   7   14
46   3   8   11
46   4   1   26
46   4   2   43
46   4   3   38
46   4   4   36
46   4   5   23
46   4   6   20
46   4   7   15
47   1   1   10
47   1   2   14
47   1   3   22
47   1   4   27
47   1   5   24
47   1   6   6
47   2   1   13
47   2   2   19
47   2   3   19
47   2   4   21
47   2   5   17
47   2   6   14
47   3   1   8
47   3   2   17
47   3   3   28
47   3   4   24
47   3   5   18
47   3   6   8
47   4   1   7
47   4   2   15
47   4   3   27
47   4   4   30
47   4   5   24
48   1   1   15
48   1   2   17
48   1   3   22
48   1   4   23
48   1   5   17
48   1   6   15
48   2   1   9
48   2   2   19
48   2   3   26
48   2   4   27
48   2   5   22
48   2   6   6
48   3   1   6
48   3   2   19
48   3   3   30
48   3   4   29
48   3   5   18
48   3   6   7
48   4   1   9
48   4   2   17
48   4   3   25
48   4   4   32
48   4   5   19
48   4   6   7
49   1   1   6
49   1   2   18
49   1   3   23
49   1   4   26
49   1   5   22
49   2   1   6
49   2   2   17
49   2   3   24
49   2   4   24
49   2   5   18
49   2   6   6
49   3   1   8
49   3   2   17
49   3   3   22
49   3   4   24
49   3   5   17
49   3   6   7
49   4   1   7
49   4   2   17
49   4   3   23
49   4   4   24
49   4   5   17
49   4   6   7
50   1   1   21
50   1   2   15
50   1   3   6
50   2   1   7
50   2   2   13
50   2   3   15
50   2   4   7
50   3   1   4
50   3   2   6
50   3   3   10
50   3   4   9
50   3   5   13
50   4   1   8
50   4   2   12
50   4   3   12
50   4   4   10
51   1   1   6
51   1   2   12
51   1   3   16
51   1   4   6
51   2   1   7
51   2   2   12
51   2   3   13
51   2   4   8
51   3   1   9
51   3   2   11
51   3   3   12
51   3   4   8
51   4   1   5
51   4   2   15
51   4   3   14
51   4   4   6
52   1   1   9
52   1   2   16
52   1   3   11
52   1   4   10
52   2   1   6
52   2   2   17
52   2   3   17
52   2   4   6
52   3   1   14
52   3   2   9
52   3   3   12
52   3   4   11
52   4   1   10
52   4   2   12
52   4   3   13
52   4   4   11
53   1   1   11
53   1   2   21
53   1   3   34
53   1   4   36
53   1   5   23
53   1   6   9
53   2   1   16
53   2   2   27
53   2   3   25
53   2   4   23
53   2   5   27
53   2   6   16
53   3   1   9
53   3   2   24
53   3   3   30
53   3   4   30
53   3   5   26
53   3   6   15
53   4   1   17
53   4   2   20
53   4   3   30
53   4   4   29
53   4   5   25
53   4   6   10
53   4   7   3
54   1   1   9
54   1   2   24
54   1   3   25
54   1   4   9
54   2   1   15
54   2   2   20
54   2   3   19
54   2   4   7
54   2   5   6
54   3   1   8
54   3   2   11
54   3   3   15
54   3   4   13
54   3   5   14
54   3   6   6
54   4   1   14
54   4   2   22
54   4   3   16
54   4   4   15
55   1   1   5
55   1   2   18
55   1   3   20
55   1   4   17
55   1   5   20
55   1   6   19
55   1   7   16
55   1   8   5
55   2   1   6
55   2   2   14
55   2   3   16
55   2   4   24
55   2   5   19
55   2   6   20
55   2   7   21
55   3   1   7
55   3   2   21
55   3   3   32
55   3   4   32
55   3   5   22
55   3   6   6
55   4   1   24
55   4   2   38
55   4   3   33
55   4   4   25
56   1   1   5
56   1   2   19
56   1   3   20
56   1   4   22
56   1   5   21
56   1   6   23
56   1   7   14
56   1   8   5
56   2   1   27
56   2   2   40
56   2   3   36
56   2   4   20
56   2   5   6
56   3   1   11
56   3   2   24
56   3   3   29
56   3   4   31
56   3   5   23
56   3   6   11
56   4   1   9
56   4   2   14
56   4   3   17
56   4   4   21
56   4   5   25
56   4   6   21
56   4   7   17
56   4   8   5
57   1   1   8
57   1   2   11
57   1   3   11
57   1   4   8
57   2   1   9
57   2   2   9
57   2   3   12
57   2   4   8
57   3   1   7
57   3   2   12
57   3   3   12
57   3   4   7
57   4   1   5
57   4   2   15
57   4   3   11
57   4   4   7
58   1   1   5
58   1   2   8
58   1   3   12
58   1   4   19
58   1   5   27
58   1   6   27
58   1   7   20
58   1   8   15
58   1   9   9
58   2   1   16
58   2   2   25
58   2   3   32
58   2   4   27
58   2   5   26
58   2   6   16
58   3   1   8
58   3   2   34
58   3   3   34
58   3   4   32
58   3   5   21
58   3   6   13
58   4   1   10
58   4   2   25
58   4   3   39
58   4   4   31
58   4   5   25
58   4   6   12
59   1   1   11
59   1   2   26
59   1   3   23
59   1   4   9
59   2   1   8
59   2   2   15
59   2   3   11
59   2   4   15
59   2   5   12
59   2   6   8
59   3   1   15
59   3   2   20
59   3   3   19
59   3   4   15
59   4   1   7
59   4   2   11
59   4   3   17
59   4   4   16
59   4   5   11
59   4   6   7
60   1   1   3
60   1   2   6
60   1   3   7
60   2   1   10
60   2   2   4
60   2   3   2
60   3   1   1
60   3   2   6
60   3   3   9
60   4   1   9
60   4   2   7
61   1   1   7
61   1   2   9
61   1   3   13
61   1   4   6
61   2   1   20
61   2   2   10
61   2   3   5
61   3   1   8
61   3   2   10
61   3   3   11
61   3   4   6
61   4   1   6
61   4   2   12
61   4   3   10
61   4   4   7
62   1   1   14
62   1   2   21
62   1   3   21
62   1   4   18
62   1   5   15
62   1   6   12
62   1   7   5
62   2   1   15
62   2   2   17
62   2   3   22
62   2   4   20
62   2   5   17
62   2   6   15
62   3   1   10
62   3   2   18
62   3   3   26
62   3   4   24
62   3   5   16
62   3   6   12
62   4   1   19
62   4   2   34
62   4   3   36
62   4   4   17
63   1   1   9
63   1   2   20
63   1   3   24
63   1   4   25
63   1   5   20
63   1   6   10
63   2   1   7
63   2   2   17
63   2   3   23
63   2   4   20
63   2   5   20
63   2   6   16
63   2   7   5
63   3   1   5
63   3   2   20
63   3   3   28
63   3   4   30
63   3   5   19
63   3   6   6
63   4   1   8
63   4   2   17
63   4   3   26
63   4   4   31
63   4   5   26
64   1   1   13
64   1   2   18
64   1   3   21
64   1   4   20
64   1   5   18
64   1   6   12
64   2   1   9
64   2   2   21
64   2   3   21
64   2   4   23
64   2   5   20
64   2   6   8
64   3   1   6
64   3   2   21
64   3   3   25
64   3   4   26
64   3   5   16
64   3   6   8
64   4   1   22
64   4   2   30
64   4   3   29
64   4   4   21
65   1   1   16
65   1   2   26
65   1   3   23
65   1   4   16
65   2   1   20
65   2   2   22
65   2   3   19
65   2   4   15
65   2   5   5
65   3   1   21
65   3   2   21
65   3   3   18
65   3   4   15
65   3   5   6
65   4   1   8
65   4   2   15
65   4   3   18
65   4   4   17
65   4   5   14
65   4   6   9
66   1   1   6
66   1   2   11
66   1   3   25
66   1   4   27
66   1   5   17
66   2   1   5
66   2   2   15
66   2   3   25
66   2   4   21
66   2   5   15
66   2   6   5
66   3   1   7
66   3   2   12
66   3   3   21
66   3   4   20
66   3   5   18
66   3   6   8
66   4   1   5
66   4   2   17
66   4   3   22
66   4   4   22
66   4   5   13
66   4   6   7
67   1   1   15
67   1   2   18
67   1   3   31
67   1   4   35
67   1   5   19
67   1   6   15
67   2   1   15
67   2   2   21
67   2   3   28
67   2   4   29
67   2   5   30
67   2   6   10
67   3   1   10
67   3   2   10
67   3   3   16
67   3   4   24
67   3   5   26
67   3   6   30
67   3   7   17
67   4   1   16
67   4   2   22
67   4   3   27
67   4   4   31
67   4   5   19
67   4   6   18
68   1   1   5
68   1   2   17
68   1   3   11
68   1   4   7
68   2   1   9
68   2   2   12
68   2   3   12
68   2   4   4
68   2   5   3
68   3   1   23
68   3   2   11
68   3   3   6
68   4   1   3
68   4   2   4
68   4   3   14
68   4   4   10
68   4   5   9
69   1   1   9
69   1   2   9
69   1   3   12
69   1   4   8
69   2   1   19
69   2   2   14
69   2   3   5
69   3   1   7
69   3   2   11
69   3   3   10
69   3   4   10
69   4   1   6
69   4   2   13
69   4   3   13
69   4   4   6
70   1   1   17
70   1   2   16
70   1   3   15
70   1   4   10
70   1   5   5
70   2   1   12
70   2   2   19
70   2   3   21
70   2   4   11
70   3   1   17
70   3   2   16
70   3   3   14
70   3   4   16
70   4   1   14
70   4   2   18
70   4   3   19
70   4   4   12
71   1   1   6
71   1   2   10
71   1   3   17
71   1   4   18
71   1   5   22
71   1   6   18
71   1   7   16
71   2   1   6
71   2   2   25
71   2   3   26
71   2   4   22
71   2   5   18
71   2   6   10
71   3   1   20
71   3   2   36
71   3   3   30
71   3   4   21
71   4   1   15
71   4   2   19
71   4   3   20
71   4   4   21
71   4   5   18
71   4   6   14
72   1   1   18
72   1   2   28
72   1   3   17
72   1   4   14
72   1   5   6
72   2   1   8
72   2   2   11
72   2   3   18
72   2   4   23
72   2   5   23
72   3   1   17
72   3   2   24
72   3   3   25
72   3   4   17
72   4   1   7
72   4   2   14
72   4   3   20
72   4   4   20
72   4   5   17
72   4   6   5
73   1   1   10
73   1   2   13
73   1   3   20
73   1   4   21
73   1   5   21
73   1   6   7
73   2   1   10
73   2   2   15
73   2   3   20
73   2   4   19
73   2   5   19
73   2   6   9
73   3   1   18
73   3   2   30
73   3   3   26
73   3   4   18
73   4   1   9
73   4   2   9
73   4   3   33
73   4   4   17
73   4   5   19
73   4   6   5
74   1   1   13
74   1   2   24
74   1   3   32
74   1   4   27
74   1   5   22
74   1   6   15
74   2   1   8
74   2   2   27
74   2   3   33
74   2   4   33
74   2   5   21
74   2   6   11
74   3   1   16
74   3   2   28
74   3   3   25
74   3   4   24
74   3   5   19
74   3   6   13
74   3   7   8
74   4   1   10
74   4   2   23
74   4   3   33
74   4   4   33
74   4   5   26
74   4   6   8
75   1   1   7
75   1   2   9
75   1   3   10
75   1   4   7
75   2   1   16
75   2   2   12
75   2   3   5
75   3   1   17
75   3   2   10
75   3   3   6
75   4   1   5
75   4   2   12
75   4   3   16
76   1   1   12
76   1   2   22
76   1   3   23
76   1   4   30
76   1   5   23
76   1   6   10
76   2   1   9
76   2   2   20
76   2   3   31
76   2   4   31
76   2   5   20
76   2   6   9
76   3   1   5
76   3   2   23
76   3   3   32
76   3   4   32
76   3   5   23
76   3   6   5
76   4   1   9
76   4   2   10
76   4   3   18
76   4   4   19
76   4   5   23
76   4   6   22
76   4   7   19
77   1   1   5
77   1   2   13
77   1   3   20
77   1   4   18
77   1   5   19
77   2   1   8
77   2   2   12
77   2   3   17
77   2   4   19
77   2   5   12
77   2   6   7
77   3   1   19
77   3   2   16
77   3   3   25
77   3   4   15
77   4   1   16
77   4   2   21
77   4   3   23
77   4   4   15
78   1   1   15
78   1   2   18
78   2   1   6
78   2   2   11
78   2   3   10
78   2   4   6
78   3   1   9
78   3   2   8
78   3   3   8
78   3   4   8
78   4   1   5
78   4   2   13
78   4   3   8
78   4   4   7
79   1   1   15
79   1   2   18
79   1   3   25
79   1   4   25
79   1   5   23
79   1   6   14
79   2   1   6
79   2   2   25
79   2   3   30
79   2   4   28
79   2   5   24
79   2   6   7
79   3   1   12
79   3   2   22
79   3   3   26
79   3   4   26
79   3   5   22
79   3   6   12
79   4   1   9
79   4   2   21
79   4   3   30
79   4   4   29
79   4   5   24
79   4   6   7
80   1   1   8
80   1   2   15
80   1   3   11
80   1   4   10
80   2   1   10
80   2   2   12
80   2   3   12
80   2   4   10
80   3   1   7
80   3   2   14
80   3   3   17
80   3   4   6
80   4   1   8
80   4   2   15
80   4   3   13
80   4   4   8
81   1   1   12
81   1   2   16
81   1   3   20
81   1   4   12
81   2   1   6
81   2   2   11
81   2   3   11
81   2   4   15
81   2   5   17
81   3   1   12
81   3   2   16
81   3   3   19
81   3   4   13
81   4   1   5
81   4   2   10
81   4   3   13
81   4   4   17
81   4   5   15
82   1   1   9
82   1   2   10
82   1   3   14
82   1   4   17
82   1   5   12
82   1   6   7
82   2   1   6
82   2   2   11
82   2   3   16
82   2   4   18
82   2   5   13
82   2   6   5
82   3   1   10
82   3   2   24
82   3   3   22
82   3   4   13
82   4   1   12
82   4   2   23
82   4   3   21
82   4   4   13
83   1   1   5
83   1   2   17
83   1   3   20
83   1   4   21
83   1   5   15
83   1   6   6
83   2   1   22
83   2   2   19
83   2   3   23
83   2   4   20
83   3   1   17
83   3   2   22
83   3   3   30
83   3   4   15
83   4   1   6
83   4   2   7
83   4   3   12
83   4   4   15
83   4   5   15
83   4   6   14
83   4   7   9
83   4   8   6
84   1   1   11
84   1   2   16
84   1   3   24
84   1   4   21
84   1   5   21
84   1   6   9
84   2   1   5
84   2   2   22
84   2   3   25
84   2   4   21
84   2   5   17
84   2   6   12
84   3   1   6
84   3   2   18
84   3   3   29
84   3   4   26
84   3   5   15
84   3   6   8
84   4   1   22
84   4   2   30
84   4   3   29
84   4   4   16
84   4   5   5
85   1   1   20
85   1   2   36
85   1   3   39
85   1   4   40
85   1   5   30
85   1   6   25
85   2   1   6
85   2   2   15
85   2   3   35
85   2   4   44
85   2   5   36
85   2   6   29
85   2   7   20
85   2   8   5
85   3   1   25
85   3   2   33
85   3   3   36
85   3   4   37
85   3   5   35
85   3   6   18
85   3   7   6
85   4   1   8
85   4   2   20
85   4   3   28
85   4   4   37
85   4   5   37
85   4   6   33
85   4   7   18
85   4   8   9
86   1   1   9
86   1   2   19
86   1   3   15
86   1   4   15
86   2   1   6
86   2   2   11
86   2   3   12
86   2   4   13
86   2   5   9
86   2   6   7
86   3   1   6
86   3   2   8
86   3   3   13
86   3   4   15
86   3   5   16
86   4   1   11
86   4   2   19
86   4   3   17
86   4   4   11
87   1   1   5
87   1   2   16
87   1   3   18
87   1   4   20
87   1   5   16
87   1   6   5
87   2   1   5
87   2   2   14
87   2   3   19
87   2   4   24
87   2   5   18
87   3   1   5
87   3   2   15
87   3   3   17
87   3   4   22
87   3   5   21
87   4   1   18
87   4   2   23
87   4   3   22
87   4   4   17
88   1   1   10
88   1   2   22
88   1   3   23
88   1   4   27
88   1   5   23
88   1   6   8
88   2   1   6
88   2   2   22
88   2   3   31
88   2   4   32
88   2   5   17
88   2   6   5
88   3   1   8
88   3   2   22
88   3   3   28
88   3   4   26
88   3   5   17
88   3   6   12
88   4   1   8
88   4   2   24
88   4   3   26
88   4   4   25
88   4   5   19
88   4   6   11
89   1   1   6
89   1   2   19
89   1   3   21
89   1   4   19
89   1   5   12
89   1   6   9
89   2   1   14
89   2   2   23
89   2   3   34
89   2   4   15
89   3   1   11
89   3   2   13
89   3   3   18
89   3   4   20
89   3   5   13
89   3   6   11
89   4   1   4
89   4   2   17
89   4   3   22
89   4   4   21
89   4   5   15
89   4   6   7
90   1   1   7
90   1   2   13
90   1   3   19
90   1   4   18
90   1   5   15
90   1   6   5
90   2   1   20
90   2   2   21
90   2   3   18
90   2   4   13
90   2   5   5
90   3   1   6
90   3   2   15
90   3   3   17
90   3   4   19
90   3   5   20
90   4   1   17
90   4   2   25
90   4   3   17
90   4   4   12
90   4   5   6
91   1   1   8
91   1   2   13
91   1   3   24
91   1   4   20
91   1   5   12
91   1   6   9
91   2   1   7
91   2   2   16
91   2   3   19
91   2   4   21
91   2   5   23
91   3   1   10
91   3   2   23
91   3   3   28
91   3   4   25
91   4   1   11
91   4   2   15
91   4   3   16
91   4   4   16
91   4   5   19
91   4   6   9
92   1   1   22
92   1   2   27
92   1   3   31
92   1   4   14
92   1   5   6
92   2   1   9
92   2   2   13
92   2   3   28
92   2   4   25
92   2   5   17
92   2   6   8
92   3   1   11
92   3   2   13
92   3   3   23
92   3   4   26
92   3   5   20
92   3   6   7
92   4   1   9
92   4   2   15
92   4   3   26
92   4   4   25
92   4   5   14
92   4   6   11
93   1   1   15
93   1   2   9
93   1   3   4
93   2   1   7
93   2   2   7
93   2   3   9
93   2   4   3
93   2   5   2
93   3   1   14
93   3   2   14
93   4   1   6
93   4   2   4
93   4   3   1
93   4   4   6
93   4   5   11
94   1   1   15
94   1   2   16
94   1   3   15
94   1   4   15
94   2   1   18
94   2   2   12
94   2   3   12
94   2   4   19
94   3   1   11
94   3   2   19
94   3   3   20
94   3   4   11
94   4   1   5
94   4   2   11
94   4   3   14
94   4   4   16
94   4   5   10
94   4   6   5
95   1   1   7
95   1   2   18
95   1   3   18
95   1   4   21
95   1   5   25
95   2   1   5
95   2   2   15
95   2   3   25
95   2   4   24
95   2   5   13
95   2   6   7
95   3   1   9
95   3   2   19
95   3   3   16
95   3   4   20
95   3   5   18
95   3   6   7
95   4   1   19
95   4   2   24
95   4   3   25
95   4   4   21
96   1   1   8
96   1   2   26
96   1   3   30
96   1   4   8
96   2   1   6
96   2   2   14
96   2   3   15
96   2   4   17
96   2   5   15
96   2   6   5
96   3   1   10
96   3   2   11
96   3   3   12
96   3   4   15
96   3   5   14
96   3   6   10
96   4   1   22
96   4   2   17
96   4   3   16
96   4   4   10
96   4   5   7
97   1   1   6
97   1   2   20
97   1   3   36
97   1   4   55
97   1   5   50
97   1   6   40
97   1   7   25
97   2   1   16
97   2   2   22
97   2   3   35
97   2   4   44
97   2   5   42
97   2   6   34
97   2   7   27
97   2   8   12
97   3   1   7
97   3   2   24
97   3   3   43
97   3   4   49
97   3   5   38
97   3   6   33
97   3   7   25
97   3   8   13
97   4   1   11
97   4   2   24
97   4   3   42
97   4   4   40
97   4   5   42
97   4   6   36
97   4   7   24
97   4   8   13
98   1   1   14
98   1   2   15
98   1   3   16
98   1   4   22
98   1   5   15
98   1   6   14
98   2   1   10
98   2   2   21
98   2   3   19
98   2   4   18
98   2   5   16
98   2   6   12
98   3   1   6
98   3   2   17
98   3   3   26
98   3   4   25
98   3   5   15
98   3   6   7
98   4   1   16
98   4   2   32
98   4   3   30
98   4   4   18
99   1   1   13
99   1   2   24
99   1   3   24
99   1   4   25
99   1   5   21
99   1   6   14
99   2   1   10
99   2   2   21
99   2   3   29
99   2   4   30
99   2   5   21
99   2   6   10
99   3   1   9
99   3   2   23
99   3   3   31
99   3   4   26
99   3   5   20
99   3   6   12
99   4   1   12
99   4   2   23
99   4   3   26
99   4   4   26
99   4   5   22
99   4   6   12
100   1   1   11
100   1   2   24
100   1   3   28
100   1   4   25
100   1   5   17
100   1   6   9
100   1   7   5
100   2   1   13
100   2   2   22
100   2   3   26
100   2   4   23
100   2   5   20
100   2   6   15
100   3   1   23
100   3   2   35
100   3   3   38
100   3   4   23
100   4   1   9
100   4   2   11
100   4   3   17
100   4   4   20
100   4   5   22
100   4   6   20
100   4   7   20
101   1   1   5
101   1   2   15
101   1   3   24
101   1   4   20
101   1   5   15
101   1   6   6
101   2   1   10
101   2   2   15
101   2   3   17
101   2   4   20
101   2   5   12
101   2   6   11
101   3   1   7
101   3   2   17
101   3   3   19
101   3   4   18
101   3   5   16
101   3   6   8
101   4   1   13
101   4   2   29
101   4   3   29
101   4   4   14
102   1   1   23
102   1   2   37
102   1   3   42
102   1   4   20
102   2   1   13
102   2   2   21
102   2   3   26
102   2   4   27
102   2   5   23
102   2   6   12
102   3   1   7
102   3   2   12
102   3   3   17
102   3   4   24
102   3   5   21
102   3   6   21
102   3   7   20
102   4   1   6
102   4   2   12
102   4   3   18
102   4   4   23
102   4   5   23
102   4   6   24
102   4   7   16
103   1   1   5
103   1   2   12
103   1   3   17
103   1   4   19
103   1   5   13
103   1   6   6
103   2   1   17
103   2   2   20
103   2   3   18
103   2   4   17
103   3   1   16
103   3   2   18
103   3   3   23
103   3   4   15
103   4   1   13
103   4   2   22
103   4   3   24
103   4   4   13
104   1   1   7
104   1   2   12
104   1   3   20
104   1   4   18
104   1   5   14
104   1   6   6
104   2   1   5
104   2   2   14
104   2   3   19
104   2   4   20
104   2   5   13
104   2   6   6
104   3   1   16
104   3   2   23
104   3   3   22
104   3   4   16
104   4   1   17
104   4   2   21
104   4   3   24
104   4   4   15
105   1   1   10
105   1   2   19
105   1   3   26
105   1   4   28
105   1   5   22
105   1   6   7
105   2   1   15
105   2   2   19
105   2   3   22
105   2   4   23
105   2   5   19
105   2   6   14
105   3   1   9
105   3   2   20
105   3   3   27
105   3   4   30
105   3   5   26
105   4   1   8
105   4   2   21
105   4   3   29
105   4   4   24
105   4   5   23
105   4   6   7
106   1   1   5
106   1   2   12
106   1   3   17
106   1   4   24
106   1   5   29
106   1   6   22
106   1   7   14
106   2   1   12
106   2   2   19
106   2   3   29
106   2   4   31
106   2   5   24
106   2   6   8
106   3   1   5
106   3   2   26
106   3   3   30
106   3   4   33
106   3   5   22
106   3   6   7
106   4   1   13
106   4   2   21
106   4   3   27
106   4   4   30
106   4   5   19
106   4   6   13
107   1   1   10
107   1   2   23
107   1   3   33
107   1   4   27
107   1   5   21
107   1   6   13
107   2   1   12
107   2   2   23
107   2   3   29
107   2   4   29
107   2   5   22
107   2   6   12
107   3   1   16
107   3   2   22
107   3   3   28
107   3   4   25
107   3   5   18
107   3   6   12
107   3   7   6
107   4   1   11
107   4   2   26
107   4   3   29
107   4   4   31
107   4   5   21
107   4   6   9
108   1   1   15
108   1   2   41
108   1   3   49
108   1   4   42
108   1   5   28
108   1   6   17
108   1   7   5
108   2   1   13
108   2   2   18
108   2   3   26
108   2   4   36
108   2   5   40
108   2   6   34
108   2   7   30
108   3   1   14
108   3   2   21
108   3   3   28
108   3   4   32
108   3   5   34
108   3   6   39
108   3   7   29
108   4   1   9
108   4   2   16
108   4   3   27
108   4   4   39
108   4   5   41
108   4   6   41
108   4   7   24
109   1   1   10
109   1   2   12
109   1   3   17
109   1   4   19
109   1   5   14
109   1   6   9
109   2   1   6
109   2   2   17
109   2   3   18
109   2   4   19
109   2   5   14
109   2   6   7
109   3   1   20
109   3   2   23
109   3   3   20
109   3   4   12
109   3   5   6
109   4   1   16
109   4   2   26
109   4   3   23
109   4   4   16
110   1   1   7
110   1   2   11
110   1   3   12
110   1   4   19
110   1   5   21
110   1   6   20
110   1   7   16
110   2   1   15
110   2   2   18
110   2   3   21
110   2   4   21
110   2   5   17
110   2   6   14
110   3   1   18
110   3   2   35
110   3   3   34
110   3   4   19
110   4   1   7
110   4   2   21
110   4   3   24
110   4   4   25
110   4   5   22
110   4   6   7
111   1   1   6
111   1   2   20
111   1   3   28
111   1   4   25
111   1   5   21
111   1   6   6
111   2   1   6
111   2   2   20
111   2   3   26
111   2   4   31
111   2   5   17
111   2   6   6
111   3   1   7
111   3   2   17
111   3   3   27
111   3   4   29
111   3   5   22
111   3   6   4
111   4   1   13
111   4   2   18
111   4   3   22
111   4   4   21
111   4   5   19
111   4   6   13
112   1   1   7
112   1   2   15
112   1   3   17
112   1   4   6
112   2   1   12
112   2   2   11
112   2   3   12
112   2   4   10
112   3   1   5
112   3   2   7
112   3   3   10
112   3   4   11
112   3   5   12
112   4   1   7
112   4   2   15
112   4   3   15
112   4   4   8
113   1   1   13
113   1   2   28
113   1   3   37
113   1   4   32
113   1   5   22
113   1   6   16
113   2   1   6
113   2   2   12
113   2   3   23
113   2   4   31
113   2   5   30
113   2   6   28
113   2   7   18
113   3   1   18
113   3   2   24
113   3   3   28
113   3   4   34
113   3   5   32
113   3   6   12
113   4   1   7
113   4   2   17
113   4   3   21
113   4   4   25
113   4   5   28
113   4   6   30
113   4   7   20
114   1   1   11
114   1   2   12
114   1   3   11
114   1   4   14
114   2   1   13
114   2   2   11
114   2   3   13
114   2   4   11
114   3   1   7
114   3   2   19
114   3   3   13
114   3   4   9
114   4   1   5
114   4   2   19
114   4   3   17
114   4   4   7
115   1   1   15
115   1   2   23
115   1   3   19
115   1   4   16
115   2   1   5
115   2   2   12
115   2   3   19
115   2   4   19
115   2   5   18
115   3   1   18
115   3   2   20
115   3   3   17
115   3   4   12
115   3   5   6
115   4   1   16
115   4   2   20
115   4   3   21
115   4   4   16
116   1   1   10
116   1   2   13
116   1   3   12
116   1   4   12
116   2   1   8
116   2   2   16
116   2   3   14
116   2   4   9
116   3   1   6
116   3   2   18
116   3   3   17
116   3   4   6
116   4   1   9
116   4   2   15
116   4   3   15
116   4   4   8
117   1   1   15
117   1   2   26
117   1   3   31
117   1   4   37
117   1   5   21
117   1   6   16
117   2   1   9
117   2   2   16
117   2   3   24
117   2   4   25
117   2   5   22
117   2   6   23
117   2   7   20
117   2   8   7
117   3   1   14
117   3   2   24
117   3   3   36
117   3   4   32
117   3   5   26
117   3   6   14
117   4   1   13
117   4   2   25
117   4   3   39
117   4   4   32
117   4   5   24
117   4   6   13
118   1   1   14
118   1   2   17
118   1   3   22
118   1   4   25
118   1   5   21
118   1   6   13
118   2   1   6
118   2   2   23
118   2   3   29
118   2   4   27
118   2   5   19
118   2   6   8
118   3   1   8
118   3   2   19
118   3   3   30
118   3   4   28
118   3   5   19
118   3   6   8
118   4   1   9
118   4   2   20
118   4   3   27
118   4   4   27
118   4   5   19
118   4   6   10
119   1   1   12
119   1   2   22
119   1   3   43
119   1   4   39
119   1   5   25
119   1   6   12
119   2   1   19
119   2   2   25
119   2   3   30
119   2   4   33
119   2   5   27
119   2   6   14
119   2   7   5
119   3   1   19
119   3   2   29
119   3   3   34
119   3   4   27
119   3   5   23
119   3   6   14
119   3   7   7
119   4   1   17
119   4   2   29
119   4   3   37
119   4   4   26
119   4   5   22
119   4   6   22
120   1   1   6
120   1   2   15
120   1   3   14
120   1   4   7
120   2   1   7
120   2   2   13
120   2   3   14
120   2   4   8
120   3   1   6
120   3   2   14
120   3   3   16
120   3   4   6
120   4   1   10
120   4   2   12
120   4   3   10
120   4   4   10
121   1   1   10
121   1   2   9
121   2   1   10
121   2   2   9
121   3   1   11
121   3   2   8
121   4   1   8
121   4   2   11
122   1   1   35
122   1   2   40
122   1   3   40
122   1   4   35
122   1   5   22
122   2   1   17
122   2   2   38
122   2   3   36
122   2   4   32
122   2   5   28
122   2   6   21
122   3   1   13
122   3   2   20
122   3   3   28
122   3   4   27
122   3   5   28
122   3   6   20
122   3   7   21
122   3   8   15
122   4   1   8
122   4   2   17
122   4   3   29
122   4   4   33
122   4   5   31
122   4   6   28
122   4   7   19
122   4   8   7
123   1   1   8
123   1   2   20
123   1   3   23
123   1   4   29
123   1   5   18
123   1   6   8
123   2   1   6
123   2   2   18
123   2   3   30
123   2   4   30
123   2   5   13
123   2   6   9
123   3   1   8
123   3   2   20
123   3   3   25
123   3   4   26
123   3   5   17
123   3   6   10
123   4   1   9
123   4   2   22
123   4   3   26
123   4   4   21
123   4   5   15
123   4   6   13
124   1   1   5
124   1   2   12
124   1   3   14
124   1   4   5
124   2   1   6
124   2   2   11
124   2   3   13
124   2   4   6
124   3   1   7
124   3   2   9
124   3   3   14
124   3   4   6
124   4   1   2
124   4   2   6
124   4   3   11
124   4   4   11
124   4   5   6
125   1   1   11
125   1   2   19
125   1   3   20
125   1   4   18
125   1   5   17
125   1   6   12
125   2   1   5
125   2   2   18
125   2   3   29
125   2   4   22
125   2   5   13
125   2   6   10
125   3   1   22
125   3   2   30
125   3   3   23
125   3   4   16
125   3   5   6
125   4   1   8
125   4   2   15
125   4   3   27
125   4   4   23
125   4   5   17
125   4   6   7
126   1   1   13
126   1   2   17
126   1   3   16
126   1   4   13
126   2   1   5
126   2   2   10
126   2   3   17
126   2   4   15
126   2   5   12
126   3   1   5
126   3   2   10
126   3   3   14
126   3   4   15
126   3   5   15
126   4   1   6
126   4   2   8
126   4   3   13
126   4   4   16
126   4   5   16
127   1   1   17
127   1   2   32
127   1   3   37
127   1   4   44
127   1   5   39
127   1   6   15
127   2   1   6
127   2   2   24
127   2   3   30
127   2   4   32
127   2   5   35
127   2   6   31
127   2   7   16
127   2   8   10
127   3   1   8
127   3   2   24
127   3   3   30
127   3   4   30
127   3   5   35
127   3   6   26
127   3   7   20
127   3   8   11
127   4   1   16
127   4   2   35
127   4   3   41
127   4   4   40
127   4   5   34
127   4   6   18
128   1   1   9
128   1   2   15
128   1   3   18
128   1   4   18
128   1   5   13
128   1   6   11
128   2   1   17
128   2   2   26
128   2   3   22
128   2   4   19
128   3   1   5
128   3   2   13
128   3   3   24
128   3   4   21
128   3   5   21
128   4   1   6
128   4   2   12
128   4   3   22
128   4   4   24
128   4   5   20
129   1   1   9
129   1   2   11
129   1   3   15
129   1   4   18
129   1   5   14
129   1   6   17
129   1   7   12
129   1   8   8
129   2   1   7
129   2   2   19
129   2   3   25
129   2   4   27
129   2   5   20
129   2   6   6
129   3   1   24
129   3   2   30
129   3   3   27
129   3   4   23
129   4   1   11
129   4   2   21
129   4   3   24
129   4   4   18
129   4   5   18
129   4   6   6
129   4   7   6
130   1   1   12
130   1   2   17
130   1   3   25
130   1   4   25
130   1   5   16
130   1   6   12
130   2   1   5
130   2   2   18
130   2   3   27
130   2   4   36
130   2   5   21
130   3   1   12
130   3   2   19
130   3   3   22
130   3   4   22
130   3   5   22
130   3   6   10
130   4   1   5
130   4   2   10
130   4   3   17
130   4   4   21
130   4   5   20
130   4   6   17
130   4   7   12
130   4   8   5
131   1   1   10
131   1   2   14
131   1   3   11
131   1   4   10
131   2   1   9
131   2   2   14
131   2   3   13
131   2   4   9
131   3   1   9
131   3   2   13
131   3   3   14
131   3   4   9
131   4   1   8
131   4   2   13
131   4   3   17
131   4   4   7
132   1   1   13
132   1   2   31
132   1   3   46
132   1   4   48
132   1   5   44
132   1   6   40
132   1   7   27
132   1   8   17
132   2   1   11
132   2   2   31
132   2   3   39
132   2   4   50
132   2   5   52
132   2   6   46
132   2   7   27
132   2   8   10
132   3   1   14
132   3   2   26
132   3   3   46
132   3   4   49
132   3   5   49
132   3   6   40
132   3   7   30
132   3   8   12
132   4   1   12
132   4   2   31
132   4   3   46
132   4   4   47
132   4   5   45
132   4   6   41
132   4   7   27
132   4   8   17
133   1   1   8
133   1   2   10
133   1   3   12
133   1   4   10
133   1   5   14
133   1   6   7
133   2   1   10
133   2   2   21
133   2   3   19
133   2   4   11
133   3   1   10
133   3   2   10
133   3   3   11
133   3   4   10
133   3   5   11
133   3   6   9
133   4   1   14
133   4   2   14
133   4   3   23
133   4   4   10
134   1   1   5
134   1   2   16
134   1   3   23
134   1   4   23
134   1   5   16
134   1   6   5
134   2   1   7
134   2   2   17
134   2   3   20
134   2   4   20
134   2   5   18
134   2   6   6
134   3   1   8
134   3   2   16
134   3   3   20
134   3   4   23
134   3   5   14
134   3   6   7
134   4   1   18
134   4   2   28
134   4   3   24
134   4   4   18
135   1   1   23
135   1   2   29
135   1   3   32
135   1   4   31
135   1   5   29
135   1   6   22
135   2   1   11
135   2   2   12
135   2   3   22
135   2   4   31
135   2   5   35
135   2   6   38
135   2   7   17
135   3   1   17
135   3   2   28
135   3   3   39
135   3   4   38
135   3   5   25
135   3   6   14
135   3   7   5
135   4   1   8
135   4   2   14
135   4   3   30
135   4   4   28
135   4   5   33
135   4   6   31
135   4   7   16
135   4   8   6
136   1   1   12
136   1   2   27
136   1   3   33
136   1   4   30
136   1   5   23
136   1   6   15
136   2   1   14
136   2   2   25
136   2   3   34
136   2   4   28
136   2   5   22
136   2   6   17
136   3   1   21
136   3   2   24
136   3   3   23
136   3   4   26
136   3   5   21
136   3   6   18
136   3   7   7
136   4   1   6
136   4   2   29
136   4   3   37
136   4   4   35
136   4   5   23
136   4   6   10
137   1   1   5
137   1   2   11
137   1   3   22
137   1   4   24
137   1   5   11
137   1   6   5
137   2   1   19
137   2   2   21
137   2   3   21
137   2   4   17
137   3   1   18
137   3   2   25
137   3   3   18
137   3   4   11
137   3   5   6
137   4   1   5
137   4   2   13
137   4   3   21
137   4   4   19
137   4   5   15
137   4   6   5
138   1   1   8
138   1   2   14
138   1   3   20
138   1   4   22
138   1   5   24
138   2   1   7
138   2   2   16
138   2   3   22
138   2   4   21
138   2   5   16
138   2   6   6
138   3   1   20
138   3   2   24
138   3   3   24
138   3   4   20
138   4   1   7
138   4   2   15
138   4   3   23
138   4   4   22
138   4   5   15
138   4   6   6
139   1   1   17
139   1   2   24
139   1   3   17
139   1   4   8
139   1   5   8
139   2   1   8
139   2   2   14
139   2   3   17
139   2   4   15
139   2   5   14
139   2   6   6
139   3   1   7
139   3   2   12
139   3   3   15
139   3   4   22
139   3   5   15
139   3   6   3
139   4   1   15
139   4   2   25
139   4   3   18
139   4   4   16
140   1   1   11
140   1   2   25
140   1   3   28
140   1   4   26
140   1   5   21
140   1   6   12
140   2   1   6
140   2   2   24
140   2   3   32
140   2   4   30
140   2   5   22
140   2   6   9
140   3   1   11
140   3   2   21
140   3   3   29
140   3   4   29
140   3   5   25
140   3   6   8
140   4   1   15
140   4   2   21
140   4   3   22
140   4   4   29
140   4   5   22
140   4   6   14
141   1   1   5
141   1   2   15
141   1   3   16
141   1   4   19
141   1   5   23
141   2   1   23
141   2   2   19
141   2   3   16
141   2   4   14
141   2   5   6
141   3   1   5
141   3   2   15
141   3   3   19
141   3   4   20
141   3   5   14
141   3   6   5
141   4   1   15
141   4   2   26
141   4   3   21
141   4   4   13
141   4   5   3
142   1   1   18
142   1   2   24
142   1   3   25
142   1   4   18
142   2   1   9
142   2   2   14
142   2   3   19
142   2   4   18
142   2   5   16
142   2   6   9
142   3   1   20
142   3   2   22
142   3   3   22
142   3   4   21
142   4   1   8
142   4   2   15
142   4   3   17
142   4   4   22
142   4   5   16
142   4   6   7
143   1   1   9
143   1   2   24
143   1   3   24
143   1   4   10
143   2   1   15
143   2   2   16
143   2   3   20
143   2   4   16
143   3   1   5
143   3   2   14
143   3   3   16
143   3   4   14
143   3   5   13
143   3   6   5
143   4   1   5
143   4   2   14
143   4   3   15
143   4   4   14
143   4   5   12
143   4   6   7
144   1   1   5
144   1   2   14
144   1   3   24
144   1   4   26
144   1   5   18
144   2   1   5
144   2   2   16
144   2   3   25
144   2   4   18
144   2   5   16
144   2   6   7
144   3   1   8
144   3   2   12
144   3   3   22
144   3   4   23
144   3   5   17
144   3   6   5
144   4   1   12
144   4   2   16
144   4   3   17
144   4   4   17
144   4   5   13
144   4   6   12
145   1   1   6
145   1   2   10
145   1   3   15
145   1   4   16
145   1   5   9
145   1   6   6
145   2   1   8
145   2   2   24
145   2   3   20
145   2   4   10
145   3   1   14
145   3   2   17
145   3   3   16
145   3   4   10
145   3   5   5
145   4   1   8
145   4   2   8
145   4   3   13
145   4   4   16
145   4   5   11
145   4   6   6
146   1   1   7
146   1   2   28
146   1   3   32
146   1   4   42
146   1   5   27
146   1   6   28
146   1   7   25
146   1   8   12
146   2   1   11
146   2   2   27
146   2   3   30
146   2   4   34
146   2   5   29
146   2   6   35
146   2   7   24
146   2   8   11
146   3   1   10
146   3   2   38
146   3   3   51
146   3   4   54
146   3   5   43
146   3   6   5
146   4   1   14
146   4   2   23
146   4   3   30
146   4   4   37
146   4   5   32
146   4   6   28
146   4   7   22
146   4   8   15
147   1   1   5
147   1   2   7
147   1   3   19
147   1   4   30
147   1   5   35
147   1   6   23
147   1   7   12
147   2   1   7
147   2   2   24
147   2   3   39
147   2   4   30
147   2   5   21
147   2   6   10
147   3   1   7
147   3   2   33
147   3   3   29
147   3   4   25
147   3   5   23
147   3   6   14
147   4   1   4
147   4   2   14
147   4   3   23
147   4   4   25
147   4   5   25
147   4   6   20
147   4   7   14
147   4   8   6
148   1   1   9
148   1   2   18
148   1   3   14
148   1   4   10
148   2   1   11
148   2   2   14
148   2   3   12
148   2   4   14
148   3   1   9
148   3   2   17
148   3   3   16
148   3   4   9
148   4   1   9
148   4   2   17
148   4   3   16
148   4   4   9
149   1   1   12
149   1   2   10
149   2   1   11
149   2   2   11
149   3   1   10
149   3   2   12
149   4   1   11
149   4   2   11
150   1   1   8
150   1   2   16
150   1   3   22
150   1   4   35
150   1   5   41
150   1   6   30
150   1   7   20
150   2   1   10
150   2   2   18
150   2   3   28
150   2   4   30
150   2   5   31
150   2   6   27
150   2   7   23
150   2   8   5
150   3   1   26
150   3   2   29
150   3   3   33
150   3   4   32
150   3   5   25
150   3   6   18
150   3   7   9
150   4   1   19
150   4   2   35
150   4   3   37
150   4   4   31
150   4   5   25
150   4   6   25
151   1   1   19
151   1   2   36
151   1   3   38
151   1   4   19
151   2   1   14
151   2   2   19
151   2   3   19
151   2   4   24
151   2   5   24
151   2   6   12
151   3   1   11
151   3   2   20
151   3   3   24
151   3   4   27
151   3   5   21
151   3   6   9
151   4   1   14
151   4   2   20
151   4   3   22
151   4   4   22
151   4   5   18
151   4   6   16
152   1   1   19
152   1   2   30
152   1   3   31
152   1   4   36
152   1   5   22
152   1   6   23
152   2   1   20
152   2   2   26
152   2   3   35
152   2   4   35
152   2   5   26
152   2   6   14
152   2   7   5
152   3   1   15
152   3   2   28
152   3   3   35
152   3   4   39
152   3   5   29
152   3   6   15
152   4   1   5
152   4   2   15
152   4   3   26
152   4   4   32
152   4   5   39
152   4   6   26
152   4   7   18
153   1   1   15
153   1   2   24
153   1   3   23
153   1   4   14
153   2   1   8
153   2   2   9
153   2   3   23
153   2   4   13
153   2   5   18
153   2   6   5
153   3   1   19
153   3   2   18
153   3   3   20
153   3   4   14
153   3   5   5
153   4   1   5
153   4   2   15
153   4   3   16
153   4   4   19
153   4   5   21
154   1   1   8
154   1   2   14
154   1   3   14
154   1   4   6
154   2   1   9
154   2   2   12
154   2   3   14
154   2   4   7
154   3   1   7
154   3   2   13
154   3   3   13
154   3   4   9
154   4   1   6
154   4   2   11
154   4   3   25
155   1   1   7
155   1   2   12
155   1   3   19
155   1   4   25
155   1   5   14
155   1   6   5
155   2   1   17
155   2   2   21
155   2   3   28
155   2   4   16
155   3   1   7
155   3   2   13
155   3   3   21
155   3   4   20
155   3   5   15
155   3   6   6
155   4   1   6
155   4   2   17
155   4   3   18
155   4   4   18
155   4   5   16
155   4   6   7
156   1   1   5
156   1   2   19
156   1   3   20
156   1   4   30
156   1   5   36
156   1   6   30
156   1   7   19
156   2   1   13
156   2   2   30
156   2   3   38
156   2   4   33
156   2   5   32
156   2   6   13
156   3   1   7
156   3   2   16
156   3   3   27
156   3   4   31
156   3   5   29
156   3   6   23
156   3   7   18
156   3   8   8
156   4   1   19
156   4   2   26
156   4   3   32
156   4   4   35
156   4   5   32
156   4   6   15
157   1   1   5
157   1   2   12
157   1   3   13
157   1   4   15
157   1   5   19
157   2   1   14
157   2   2   19
157   2   3   16
157   2   4   15
157   3   1   12
157   3   2   21
157   3   3   18
157   3   4   13
157   4   1   12
157   4   2   23
157   4   3   16
157   4   4   8
157   4   5   5
158   1   1   6
158   1   2   23
158   1   3   31
158   1   4   46
158   1   5   53
158   1   6   39
158   1   7   24
158   2   1   11
158   2   2   19
158   2   3   27
158   2   4   42
158   2   5   64
158   2   6   36
158   2   7   23
158   3   1   7
158   3   2   19
158   3   3   27
158   3   4   30
158   3   5   29
158   3   6   27
158   3   7   31
158   3   8   26
158   3   9   19
158   3   10   7
158   4   1   7
158   4   2   20
158   4   3   26
158   4   4   26
158   4   5   30
158   4   6   32
158   4   7   29
158   4   8   26
158   4   9   26
159   1   1   18
159   1   2   21
159   1   3   29
159   1   4   32
159   1   5   25
159   1   6   16
159   2   1   12
159   2   2   28
159   2   3   30
159   2   4   31
159   2   5   27
159   2   6   13
159   3   1   18
159   3   2   20
159   3   3   28
159   3   4   32
159   3   5   30
159   3   6   13
159   4   1   6
159   4   2   13
159   4   3   21
159   4   4   26
159   4   5   32
159   4   6   25
159   4   7   18
160   1   1   5
160   1   2   9
160   1   3   25
160   1   4   24
160   1   5   16
160   2   1   6
160   2   2   12
160   2   3   19
160   2   4   23
160   2   5   19
160   3   1   6
160   3   2   14
160   3   3   18
160   3   4   19
160   3   5   17
160   3   6   5
160   4   1   7
160   4   2   14
160   4   3   15
160   4   4   24
160   4   5   14
160   4   6   5
161   1   1   14
161   1   2   21
161   1   3   32
161   1   4   42
161   1   5   53
161   1   6   48
161   1   7   24
161   1   8   5
161   2   1   11
161   2   2   25
161   2   3   40
161   2   4   42
161   2   5   47
161   2   6   39
161   2   7   24
161   2   8   11
161   3   1   5
161   3   2   14
161   3   3   19
161   3   4   34
161   3   5   36
161   3   6   50
161   3   7   48
161   3   8   23
161   3   9   10
161   4   1   18
161   4   2   24
161   4   3   36
161   4   4   38
161   4   5   43
161   4   6   39
161   4   7   27
161   4   8   14
162   1   1   16
162   1   2   26
162   1   3   30
162   1   4   27
162   1   5   18
162   1   6   12
162   1   7   8
162   2   1   12
162   2   2   24
162   2   3   29
162   2   4   34
162   2   5   30
162   2   6   8
162   3   1   11
162   3   2   21
162   3   3   29
162   3   4   44
162   3   5   32
162   4   1   7
162   4   2   11
162   4   3   21
162   4   4   28
162   4   5   28
162   4   6   21
162   4   7   21
163   1   1   5
163   1   2   8
163   1   3   12
163   1   4   16
163   1   5   13
163   2   1   10
163   2   2   19
163   2   3   15
163   2   4   10
163   3   1   13
163   3   2   13
163   3   3   14
163   3   4   9
163   3   5   5
163   4   1   9
163   4   2   20
163   4   3   15
163   4   4   10
164   1   1   18
164   1   2   17
164   1   3   18
164   1   4   18
164   2   1   14
164   2   2   23
164   2   3   22
164   2   4   12
164   3   1   8
164   3   2   8
164   3   3   7
164   3   4   11
164   3   5   10
164   3   6   13
164   3   7   10
164   3   8   4
164   4   1   16
164   4   2   19
164   4   3   22
164   4   4   14
165   1   1   11
165   1   2   16
165   1   3   27
165   1   4   37
165   1   5   44
165   1   6   37
165   1   7   23
165   2   1   7
165   2   2   16
165   2   3   30
165   2   4   43
165   2   5   44
165   2   6   29
165   2   7   20
165   2   8   6
165   3   1   5
165   3   2   23
165   3   3   34
165   3   4   36
165   3   5   38
165   3   6   29
165   3   7   21
165   3   8   9
165   4   1   22
165   4   2   37
165   4   3   43
165   4   4   38
165   4   5   31
165   4   6   15
165   4   7   9
166   1   1   3
166   1   2   2
166   1   3   1
166   1   4   4
166   1   5   7
166   2   1   9
166   2   2   8
166   3   1   8
166   3   2   9
166   4   1   4
166   4   2   1
166   4   3   1
166   4   4   4
166   4   5   7
167   1   1   14
167   1   2   27
167   1   3   34
167   1   4   34
167   1   5   23
167   1   6   17
167   2   1   19
167   2   2   29
167   2   3   31
167   2   4   28
167   2   5   20
167   2   6   13
167   2   7   9
167   3   1   18
167   3   2   22
167   3   3   34
167   3   4   34
167   3   5   26
167   3   6   15
167   4   1   14
167   4   2   25
167   4   3   37
167   4   4   35
167   4   5   25
167   4   6   13
168   1   1   12
168   1   2   17
168   1   3   23
168   1   4   25
168   1   5   19
168   1   6   10
168   2   1   11
168   2   2   15
168   2   3   28
168   2   4   25
168   2   5   15
168   2   6   12
168   3   1   10
168   3   2   18
168   3   3   23
168   3   4   27
168   3   5   19
168   3   6   9
168   4   1   6
168   4   2   29
168   4   3   29
168   4   4   21
168   4   5   15
168   4   6   6
169   1   1   13
169   1   2   27
169   1   3   25
169   1   4   16
169   2   1   14
169   2   2   25
169   2   3   25
169   2   4   17
169   3   1   7
169   3   2   14
169   3   3   23
169   3   4   16
169   3   5   10
169   3   6   11
169   4   1   6
169   4   2   17
169   4   3   19
169   4   4   17
169   4   5   13
169   4   6   9
170   1   1   13
170   1   2   21
170   1   3   34
170   1   4   28
170   1   5   16
170   1   6   9
170   1   7   6
170   2   1   5
170   2   2   11
170   2   3   21
170   2   4   29
170   2   5   20
170   2   6   25
170   2   7   16
170   3   1   11
170   3   2   25
170   3   3   27
170   3   4   32
170   3   5   23
170   3   6   9
170   4   1   9
170   4   2   26
170   4   3   27
170   4   4   32
170   4   5   24
170   4   6   9
171   1   1   10
171   1   2   28
171   1   3   33
171   1   4   33
171   1   5   28
171   1   6   10
171   2   1   8
171   2   2   32
171   2   3   34
171   2   4   33
171   2   5   22
171   2   6   13
171   3   1   23
171   3   2   25
171   3   3   23
171   3   4   25
171   3   5   21
171   3   6   15
171   3   7   10
171   4   1   14
171   4   2   29
171   4   3   33
171   4   4   31
171   4   5   17
171   4   6   11
171   4   7   7
172   1   1   10
172   1   2   15
172   1   3   15
172   1   4   11
172   2   1   10
172   2   2   16
172   2   3   16
172   2   4   9
172   3   1   10
172   3   2   16
172   3   3   15
172   3   4   10
172   4   1   10
172   4   2   19
172   4   3   11
172   4   4   11
173   1   1   7
173   1   2   24
173   1   3   23
173   1   4   24
173   1   5   22
173   1   6   8
173   2   1   9
173   2   2   17
173   2   3   25
173   2   4   29
173   2   5   21
173   2   6   7
173   3   1   16
173   3   2   19
173   3   3   18
173   3   4   20
173   3   5   19
173   3   6   16
173   4   1   6
173   4   2   20
173   4   3   25
173   4   4   33
173   4   5   18
173   4   6   6
174   1   1   12
174   1   2   28
174   1   3   35
174   1   4   39
174   1   5   25
174   1   6   12
174   2   1   13
174   2   2   34
174   2   3   35
174   2   4   27
174   2   5   21
174   2   6   16
174   2   7   5
174   3   1   17
174   3   2   24
174   3   3   36
174   3   4   34
174   3   5   26
174   3   6   14
174   4   1   12
174   4   2   16
174   4   3   19
174   4   4   27
174   4   5   27
174   4   6   23
174   4   7   18
174   4   8   9
175   1   1   8
175   1   2   23
175   1   3   22
175   1   4   27
175   1   5   23
175   1   6   7
175   2   1   13
175   2   2   19
175   2   3   22
175   2   4   24
175   2   5   19
175   2   6   13
175   3   1   5
175   3   2   21
175   3   3   28
175   3   4   31
175   3   5   25
175   4   1   10
175   4   2   20
175   4   3   26
175   4   4   25
175   4   5   19
175   4   6   10
176   1   1   12
176   1   2   20
176   1   3   18
176   1   4   14
176   2   1   7
176   2   2   10
176   2   3   14
176   2   4   15
176   2   5   13
176   2   6   5
176   3   1   12
176   3   2   20
176   3   3   19
176   3   4   13
176   4   1   14
176   4   2   16
176   4   3   19
176   4   4   15
177   1   1   17
177   1   2   20
177   1   3   28
177   1   4   31
177   1   5   24
177   1   6   13
177   2   1   7
177   2   2   15
177   2   3   20
177   2   4   26
177   2   5   22
177   2   6   21
177   2   7   14
177   2   8   8
177   3   1   9
177   3   2   17
177   3   3   43
177   3   4   30
177   3   5   28
177   3   6   6
177   4   1   12
177   4   2   21
177   4   3   30
177   4   4   37
177   4   5   23
177   4   6   10
178   1   1   17
178   1   2   19
178   1   3   19
178   1   4   10
178   1   5   5
178   2   1   12
178   2   2   22
178   2   3   24
178   2   4   12
178   3   1   5
178   3   2   16
178   3   3   16
178   3   4   13
178   3   5   13
178   3   6   7
178   4   1   11
178   4   2   14
178   4   3   11
178   4   4   9
178   4   5   14
178   4   6   11
179   1   1   15
179   1   2   23
179   1   3   22
179   1   4   15
179   2   1   14
179   2   2   25
179   2   3   23
179   2   4   8
179   2   5   5
179   3   1   17
179   3   2   20
179   3   3   21
179   3   4   12
179   3   5   5
179   4   1   7
179   4   2   12
179   4   3   20
179   4   4   17
179   4   5   12
179   4   6   7
180   1   1   8
180   1   2   19
180   1   3   31
180   1   4   31
180   1   5   30
180   2   1   14
180   2   2   22
180   2   3   26
180   2   4   23
180   2   5   18
180   2   6   10
180   2   7   6
180   3   1   6
180   3   2   14
180   3   3   16
180   3   4   23
180   3   5   23
180   3   6   18
180   3   7   13
180   3   8   6
180   4   1   8
180   4   2   19
180   4   3   30
180   4   4   33
180   4   5   24
180   4   6   5
181   1   1   10
181   1   2   12
181   1   3   15
181   1   4   9
181   2   1   5
181   2   2   21
181   2   3   10
181   2   4   10
181   3   1   12
181   3   2   11
181   3   3   11
181   3   4   12
181   4   1   5
181   4   2   18
181   4   3   18
181   4   4   5
182   1   1   15
182   1   2   25
182   1   3   35
182   1   4   30
182   1   5   23
182   1   6   14
182   1   7   3
182   2   1   9
182   2   2   16
182   2   3   22
182   2   4   23
182   2   5   28
182   2   6   23
182   2   7   17
182   2   8   7
182   3   1   8
182   3   2   24
182   3   3   40
182   3   4   39
182   3   5   34
182   4   1   16
182   4   2   25
182   4   3   27
182   4   4   35
182   4   5   26
182   4   6   16
183   1   1   8
183   1   2   23
183   1   3   29
183   1   4   60
183   1   5   37
183   1   6   35
183   1   7   24
183   1   8   7
183   2   1   31
183   2   2   37
183   2   3   45
183   2   4   44
183   2   5   30
183   2   6   30
183   2   7   6
183   3   1   14
183   3   2   28
183   3   3   32
183   3   4   38
183   3   5   35
183   3   6   34
183   3   7   27
183   3   8   15
183   4   1   12
183   4   2   22
183   4   3   31
183   4   4   44
183   4   5   43
183   4   6   38
183   4   7   26
183   4   8   7
184   1   1   5
184   1   2   9
184   1   3   14
184   1   4   13
184   1   5   17
184   2   1   9
184   2   2   19
184   2   3   20
184   2   4   10
184   3   1   12
184   3   2   16
184   3   3   19
184   3   4   11
184   4   1   16
184   4   2   16
184   4   3   9
184   4   4   13
184   4   5   4
185   1   1   16
185   1   2   18
185   1   3   13
185   1   4   10
185   1   5   6
185   2   1   5
185   2   2   11
185   2   3   13
185   2   4   19
185   2   5   15
185   3   1   10
185   3   2   22
185   3   3   20
185   3   4   11
185   4   1   5
185   4   2   9
185   4   3   19
185   4   4   14
185   4   5   16
186   1   1   8
186   1   2   25
186   1   3   36
186   1   4   33
186   1   5   22
186   1   6   11
186   2   1   8
186   2   2   27
186   2   3   36
186   2   4   30
186   2   5   23
186   2   6   11
186   3   1   15
186   3   2   26
186   3   3   28
186   3   4   26
186   3   5   23
186   3   6   17
186   4   1   14
186   4   2   14
186   4   3   16
186   4   4   21
186   4   5   21
186   4   6   22
186   4   7   16
186   4   8   11
187   1   1   17
187   1   2   22
187   1   3   22
187   1   4   15
187   2   1   17
187   2   2   22
187   2   3   22
187   2   4   15
187   3   1   8
187   3   2   15
187   3   3   17
187   3   4   14
187   3   5   12
187   3   6   10
187   4   1   5
187   4   2   12
187   4   3   21
187   4   4   19
187   4   5   19
188   1   1   17
188   1   2   23
188   1   3   21
188   1   4   21
188   1   5   19
188   1   6   19
188   2   1   8
188   2   2   26
188   2   3   29
188   2   4   25
188   2   5   19
188   2   6   13
188   3   1   8
188   3   2   25
188   3   3   28
188   3   4   26
188   3   5   22
188   3   6   11
188   4   1   7
188   4   2   22
188   4   3   32
188   4   4   29
188   4   5   21
188   4   6   9
189   1   1   18
189   1   2   27
189   1   3   30
189   1   4   16
189   2   1   15
189   2   2   16
189   2   3   17
189   2   4   14
189   2   5   13
189   2   6   8
189   2   7   8
189   3   1   7
189   3   2   19
189   3   3   19
189   3   4   22
189   3   5   16
189   3   6   8
189   4   1   21
189   4   2   25
189   4   3   26
189   4   4   14
189   4   5   5
190   1   1   8
190   1   2   16
190   1   3   28
190   1   4   36
190   1   5   33
190   1   6   22
190   1   7   17
190   1   8   11
190   2   1   15
190   2   2   25
190   2   3   42
190   2   4   45
190   2   5   32
190   2   6   12
190   3   1   9
190   3   2   16
190   3   3   25
190   3   4   36
190   3   5   29
190   3   6   31
190   3   7   17
190   3   8   8
190   4   1   5
190   4   2   14
190   4   3   31
190   4   4   42
190   4   5   33
190   4   6   20
190   4   7   16
190   4   8   10
191   1   1   21
191   1   2   29
191   1   3   26
191   1   4   22
191   2   1   9
191   2   2   18
191   2   3   23
191   2   4   21
191   2   5   17
191   2   6   10
191   3   1   22
191   3   2   29
191   3   3   25
191   3   4   22
191   4   1   9
191   4   2   19
191   4   3   22
191   4   4   19
191   4   5   17
191   4   6   12
192   1   1   18
192   1   2   21
192   1   3   19
192   1   4   16
192   2   1   7
192   2   2   13
192   2   3   18
192   2   4   15
192   2   5   13
192   2   6   8
192   3   1   13
192   3   2   22
192   3   3   26
192   3   4   13
192   4   1   5
192   4   2   12
192   4   3   17
192   4   4   22
192   4   5   18
193   1   1   22
193   1   2   26
193   1   3   25
193   1   4   15
193   1   5   5
193   2   1   21
193   2   2   26
193   2   3   27
193   2   4   19
193   3   1   11
193   3   2   14
193   3   3   20
193   3   4   22
193   3   5   18
193   3   6   8
193   4   1   9
193   4   2   14
193   4   3   22
193   4   4   23
193   4   5   20
193   4   6   5
194   1   1   15
194   1   2   17
194   1   3   18
194   1   4   15
194   2   1   13
194   2   2   21
194   2   3   18
194   2   4   13
194   3   1   13
194   3   2   20
194   3   3   17
194   3   4   15
194   4   1   18
194   4   2   13
194   4   3   23
194   4   4   7
194   4   5   4
195   1   1   5
195   1   2   17
195   1   3   22
195   1   4   27
195   1   5   26
195   1   6   16
195   1   7   12
195   1   8   7
195   2   1   11
195   2   2   20
195   2   3   31
195   2   4   34
195   2   5   28
195   2   6   8
195   3   1   10
195   3   2   26
195   3   3   30
195   3   4   31
195   3   5   24
195   3   6   11
195   4   1   4
195   4   2   11
195   4   3   21
195   4   4   25
195   4   5   29
195   4   6   32
195   4   7   10
196   1   1   6
196   1   2   16
196   1   3   15
196   1   4   15
196   1   5   13
196   1   6   8
196   2   1   15
196   2   2   23
196   2   3   20
196   2   4   15
196   3   1   6
196   3   2   13
196   3   3   17
196   3   4   16
196   3   5   15
196   3   6   6
196   4   1   11
196   4   2   26
196   4   3   25
196   4   4   11
197   1   1   12
197   1   2   18
197   1   3   29
197   1   4   35
197   1   5   34
197   2   1   14
197   2   2   20
197   2   3   31
197   2   4   28
197   2   5   21
197   2   6   14
197   3   1   11
197   3   2   22
197   3   3   30
197   3   4   28
197   3   5   27
197   3   6   10
197   4   1   19
197   4   2   22
197   4   3   23
197   4   4   23
197   4   5   22
197   4   6   19
198   1   1   5
198   1   2   17
198   1   3   26
198   1   4   44
198   1   5   43
198   1   6   29
198   1   7   13
198   1   8   6
198   2   1   10
198   2   2   22
198   2   3   31
198   2   4   32
198   2   5   32
198   2   6   24
198   2   7   17
198   2   8   9
198   2   9   6
198   3   1   27
198   3   2   31
198   3   3   29
198   3   4   37
198   3   5   35
198   3   6   19
198   3   7   5
198   4   1   5
198   4   2   22
198   4   3   31
198   4   4   34
198   4   5   32
198   4   6   35
198   4   7   19
198   4   8   5
199   1   1   11
199   1   2   18
199   1   3   21
199   1   4   16
199   1   5   17
199   1   6   12
199   2   1   5
199   2   2   16
199   2   3   25
199   2   4   29
199   2   5   20
199   3   1   6
199   3   2   18
199   3   3   25
199   3   4   22
199   3   5   18
199   3   6   6
199   4   1   24
199   4   2   25
199   4   3   23
199   4   4   16
199   4   5   7
200   1   1   10
200   1   2   22
200   1   3   31
200   1   4   28
200   1   5   22
200   1   6   11
200   2   1   9
200   2   2   21
200   2   3   31
200   2   4   35
200   2   5   22
200   2   6   6
200   3   1   13
200   3   2   21
200   3   3   24
200   3   4   27
200   3   5   30
200   3   6   9
200   4   1   9
200   4   2   11
200   4   3   20
200   4   4   22
200   4   5   24
200   4   6   20
200   4   7   18
201   1   1   10
201   1   2   21
201   1   3   22
201   1   4   11
201   2   1   14
201   2   2   15
201   2   3   22
201   2   4   13
201   3   1   14
201   3   2   17
201   3   3   16
201   3   4   12
201   3   5   5
201   4   1   6
201   4   2   8
201   4   3   17
201   4   4   17
201   4   5   16
202   1   1   9
202   1   2   20
202   1   3   23
202   1   4   20
202   1   5   21
202   1   6   10
202   2   1   9
202   2   2   20
202   2   3   22
202   2   4   23
202   2   5   19
202   2   6   10
202   3   1   10
202   3   2   20
202   3   3   21
202   3   4   21
202   3   5   22
202   3   6   9
202   4   1   20
202   4   2   32
202   4   3   33
202   4   4   18
203   1   1   6
203   1   2   14
203   1   3   14
203   1   4   6
203   2   1   5
203   2   2   15
203   2   3   14
203   2   4   6
203   3   1   10
203   3   2   10
203   3   3   12
203   3   4   8
203   4   1   6
203   4   2   16
203   4   3   11
203   4   4   7
204   1   1   13
204   1   2   24
204   1   3   33
204   1   4   32
204   1   5   21
204   1   6   14
204   2   1   16
204   2   2   23
204   2   3   29
204   2   4   31
204   2   5   24
204   2   6   14
204   3   1   6
204   3   2   28
204   3   3   37
204   3   4   32
204   3   5   23
204   3   6   11
204   4   1   18
204   4   2   26
204   4   3   26
204   4   4   28
204   4   5   22
204   4   6   11
204   4   7   6
205   1   1   9
205   1   2   10
205   1   3   12
205   1   4   9
205   2   1   6
205   2   2   14
205   2   3   11
205   2   4   9
205   3   1   7
205   3   2   11
205   3   3   15
205   3   4   7
205   4   1   8
205   4   2   11
205   4   3   15
205   4   4   6
206   1   1   16
206   1   2   22
206   1   3   27
206   1   4   27
206   1   5   29
206   1   6   27
206   1   7   22
206   1   8   15
206   2   1   6
206   2   2   18
206   2   3   27
206   2   4   36
206   2   5   47
206   2   6   33
206   2   7   12
206   2   8   6
206   3   1   17
206   3   2   30
206   3   3   42
206   3   4   51
206   3   5   32
206   3   6   8
206   3   7   5
206   4   1   10
206   4   2   18
206   4   3   24
206   4   4   35
206   4   5   38
206   4   6   35
206   4   7   25
207   1   1   13
207   1   2   12
207   1   3   19
207   1   4   20
207   1   5   20
207   1   6   10
207   2   1   9
207   2   2   19
207   2   3   22
207   2   4   19
207   2   5   14
207   2   6   11
207   3   1   6
207   3   2   15
207   3   3   24
207   3   4   24
207   3   5   20
207   3   6   5
207   4   1   23
207   4   2   26
207   4   3   23
207   4   4   17
207   4   5   5
208   1   1   20
208   1   2   20
208   1   3   18
208   1   4   19
208   2   1   8
208   2   2   12
208   2   3   15
208   2   4   23
208   2   5   13
208   2   6   6
208   3   1   20
208   3   2   13
208   3   3   30
208   3   4   10
208   3   5   4
208   4   1   5
208   4   2   13
208   4   3   20
208   4   4   21
208   4   5   18
209   1   1   8
209   1   2   17
209   1   3   24
209   1   4   21
209   1   5   15
209   1   6   11
209   2   1   10
209   2   2   20
209   2   3   21
209   2   4   18
209   2   5   12
209   2   6   15
209   3   1   16
209   3   2   35
209   3   3   27
209   3   4   13
209   3   5   5
209   4   1   8
209   4   2   19
209   4   3   23
209   4   4   21
209   4   5   14
209   4   6   8
209   4   7   3
210   1   1   28
210   1   2   25
210   1   3   22
210   1   4   16
210   1   5   10
210   2   1   6
210   2   2   16
210   2   3   29
210   2   4   28
210   2   5   17
210   2   6   5
210   3   1   14
210   3   2   18
210   3   3   15
210   3   4   19
210   3   5   25
210   3   6   10
210   4   1   4
210   4   2   7
210   4   3   19
210   4   4   21
210   4   5   22
210   4   6   15
210   4   7   13
211   1   1   9
211   1   2   15
211   1   3   13
211   1   4   9
211   2   1   11
211   2   2   12
211   2   3   14
211   2   4   9
211   3   1   8
211   3   2   16
211   3   3   15
211   3   4   7
211   4   1   9
211   4   2   13
211   4   3   13
211   4   4   11
212   1   1   6
212   1   2   13
212   1   3   15
212   1   4   17
212   1   5   14
212   1   6   5
212   2   1   17
212   2   2   16
212   2   3   20
212   2   4   17
212   3   1   16
212   3   2   17
212   3   3   24
212   3   4   13
212   4   1   5
212   4   2   17
212   4   3   17
212   4   4   13
212   4   5   9
212   4   6   9
213   1   1   8
213   1   2   18
213   1   3   31
213   1   4   32
213   1   5   33
213   1   6   28
213   1   7   21
213   1   8   7
213   2   1   8
213   2   2   41
213   2   3   41
213   2   4   44
213   2   5   31
213   2   6   13
213   3   1   6
213   3   2   25
213   3   3   31
213   3   4   30
213   3   5   30
213   3   6   23
213   3   7   23
213   3   8   10
213   4   1   5
213   4   2   21
213   4   3   27
213   4   4   33
213   4   5   36
213   4   6   30
213   4   7   26
214   1   1   15
214   1   2   25
214   1   3   35
214   1   4   42
214   1   5   43
214   1   6   44
214   1   7   31
214   1   8   7
214   2   1   8
214   2   2   23
214   2   3   43
214   2   4   46
214   2   5   49
214   2   6   43
214   2   7   24
214   2   8   6
214   3   1   16
214   3   2   23
214   3   3   36
214   3   4   48
214   3   5   42
214   3   6   37
214   3   7   25
214   3   8   15
214   4   1   10
214   4   2   26
214   4   3   42
214   4   4   44
214   4   5   42
214   4   6   40
214   4   7   27
214   4   8   11
215   1   1   7
215   1   2   20
215   1   3   25
215   1   4   24
215   1   5   19
215   1   6   8
215   2   1   8
215   2   2   22
215   2   3   26
215   2   4   21
215   2   5   15
215   2   6   11
215   3   1   6
215   3   2   16
215   3   3   28
215   3   4   29
215   3   5   19
215   3   6   5
215   4   1   8
215   4   2   17
215   4   3   29
215   4   4   22
215   4   5   18
215   4   6   9
216   1   1   5
216   1   2   11
216   1   3   14
216   1   4   7
216   2   1   8
216   2   2   12
216   2   3   9
216   2   4   8
216   3   1   6
216   3   2   13
216   3   3   12
216   3   4   6
216   4   1   7
216   4   2   12
216   4   3   12
216   4   4   6
217   1   1   18
217   1   2   21
217   1   3   28
217   1   4   23
217   1   5   19
217   1   6   13
217   1   7   6
217   2   1   10
217   2   2   24
217   2   3   30
217   2   4   31
217   2   5   24
217   2   6   9
217   3   1   17
217   3   2   22
217   3   3   24
217   3   4   22
217   3   5   25
217   3   6   18
217   4   1   11
217   4   2   23
217   4   3   30
217   4   4   30
217   4   5   24
217   4   6   10
218   1   1   12
218   1   2   16
218   1   3   19
218   1   4   23
218   1   5   14
218   1   6   13
218   2   1   7
218   2   2   13
218   2   3   26
218   2   4   30
218   2   5   13
218   2   6   8
218   3   1   9
218   3   2   18
218   3   3   17
218   3   4   28
218   3   5   20
218   3   6   5
218   4   1   7
218   4   2   17
218   4   3   23
218   4   4   25
218   4   5   25
219   1   1   5
219   1   2   4
219   2   1   3
219   2   2   6
219   3   1   4
219   3   2   4
219   3   3   1
219   4   1   1
219   4   2   3
219   4   3   5
220   1   1   21
220   1   2   22
220   1   3   35
220   1   4   34
220   1   5   30
220   1   6   16
220   2   1   11
220   2   2   35
220   2   3   33
220   2   4   37
220   2   5   27
220   2   6   15
220   3   1   7
220   3   2   22
220   3   3   26
220   3   4   26
220   3   5   26
220   3   6   24
220   3   7   17
220   3   8   10
220   4   1   16
220   4   2   31
220   4   3   35
220   4   4   32
220   4   5   24
220   4   6   20
221   1   1   16
221   1   2   20
221   1   3   19
221   1   4   16
221   2   1   9
221   2   2   11
221   2   3   16
221   2   4   15
221   2   5   12
221   2   6   8
221   3   1   9
221   3   2   15
221   3   3   14
221   3   4   10
221   3   5   12
221   3   6   11
221   4   1   15
221   4   2   22
221   4   3   21
221   4   4   13
222   1   1   11
222   1   2   24
222   1   3   31
222   1   4   25
222   1   5   20
222   1   6   14
222   2   1   13
222   2   2   24
222   2   3   27
222   2   4   26
222   2   5   20
222   2   6   15
222   3   1   7
222   3   2   25
222   3   3   32
222   3   4   29
222   3   5   21
222   3   6   11
222   4   1   9
222   4   2   27
222   4   3   29
222   4   4   27
222   4   5   20
222   4   6   13
223   1   1   20
223   1   2   25
223   1   3   24
223   1   4   18
223   1   5   20
223   1   6   15
223   1   7   7
223   2   1   8
223   2   2   11
223   2   3   20
223   2   4   24
223   2   5   24
223   2   6   23
223   2   7   19
223   3   1   36
223   3   2   33
223   3   3   28
223   3   4   20
223   3   5   12
223   4   1   7
223   4   2   23
223   4   3   36
223   4   4   33
223   4   5   22
223   4   6   8
224   1   1   5
224   1   2   8
224   1   3   12
224   2   1   12
224   2   2   13
224   3   1   13
224   3   2   12
224   4   1   5
224   4   2   7
224   4   3   13
225   1   1   5
225   1   2   16
225   1   3   23
225   1   4   26
225   1   5   17
225   1   6   5
225   2   1   23
225   2   2   22
225   2   3   24
225   2   4   18
225   2   5   5
225   3   1   6
225   3   2   18
225   3   3   24
225   3   4   20
225   3   5   17
225   3   6   7
225   4   1   21
225   4   2   26
225   4   3   24
225   4   4   15
225   4   5   6
226   1   1   5
226   1   2   12
226   1   3   11
226   1   4   5
226   2   1   16
226   2   2   17
226   3   1   7
226   3   2   10
226   3   3   9
226   3   4   7
226   4   1   6
226   4   2   11
226   4   3   9
226   4   4   7
227   1   1   7
227   1   2   8
227   1   3   7
227   1   4   7
227   2   1   7
227   2   2   8
227   2   3   7
227   2   4   7
227   3   1   10
227   3   2   17
227   3   3   2
227   4   1   7
227   4   2   7
227   4   3   7
227   4   4   8
228   1   1   6
228   1   2   17
228   1   3   23
228   1   4   20
228   1   5   16
228   1   6   6
228   2   1   7
228   2   2   19
228   2   3   22
228   2   4   16
228   2   5   15
228   2   6   9
228   3   1   7
228   3   2   16
228   3   3   20
228   3   4   24
228   3   5   15
228   3   6   6
228   4   1   19
228   4   2   28
228   4   3   24
228   4   4   11
228   4   5   6
229   1   1   12
229   1   2   32
229   1   3   24
229   1   4   12
229   2   1   8
229   2   2   13
229   2   3   17
229   2   4   20
229   2   5   17
229   2   6   5
229   3   1   7
229   3   2   16
229   3   3   15
229   3   4   22
229   3   5   13
229   3   6   7
229   4   1   6
229   4   2   5
229   4   3   11
229   4   4   13
229   4   5   19
229   4   6   18
229   4   7   8
230   1   1   5
230   1   2   10
230   1   3   13
230   1   4   16
230   1   5   15
230   2   1   9
230   2   2   16
230   2   3   19
230   2   4   15
230   3   1   11
230   3   2   17
230   3   3   19
230   3   4   12
230   4   1   5
230   4   2   7
230   4   3   15
230   4   4   20
230   4   5   12
231   1   1   6
231   1   2   9
231   1   3   22
231   1   4   25
231   1   5   17
231   2   1   10
231   2   2   16
231   2   3   16
231   2   4   17
231   2   5   13
231   2   6   7
231   3   1   9
231   3   2   15
231   3   3   14
231   3   4   17
231   3   5   15
231   3   6   9
231   4   1   5
231   4   2   13
231   4   3   20
231   4   4   22
231   4   5   19
232   1   1   5
232   1   2   15
232   1   3   19
232   1   4   22
232   1   5   12
232   1   6   6
232   2   1   8
232   2   2   10
232   2   3   17
232   2   4   23
232   2   5   16
232   2   6   5
232   3   1   7
232   3   2   9
232   3   3   20
232   3   4   25
232   3   5   18
232   4   1   6
232   4   2   13
232   4   3   20
232   4   4   19
232   4   5   15
232   4   6   6
233   1   1   14
233   1   2   16
233   1   3   15
233   1   4   14
233   2   1   12
233   2   2   17
233   2   3   18
233   2   4   12
233   3   1   15
233   3   2   16
233   3   3   19
233   3   4   9
233   4   1   13
233   4   2   17
233   4   3   16
233   4   4   13
234   1   1   6
234   1   2   10
234   1   3   12
234   1   4   11
234   1   5   7
234   1   6   7
234   2   1   8
234   2   2   17
234   2   3   21
234   2   4   7
234   3   1   11
234   3   2   13
234   3   3   18
234   3   4   11
234   4   1   11
234   4   2   14
234   4   3   17
234   4   4   11
235   1   1   21
235   1   2   27
235   1   3   37
235   1   4   37
235   1   5   30
235   1   6   19
235   2   1   6
235   2   2   15
235   2   3   28
235   2   4   36
235   2   5   39
235   2   6   24
235   2   7   18
235   2   8   5
235   3   1   16
235   3   2   33
235   3   3   38
235   3   4   35
235   3   5   30
235   3   6   19
235   4   1   21
235   4   2   30
235   4   3   32
235   4   4   37
235   4   5   31
235   4   6   20
236   1   1   22
236   1   2   24
236   1   3   21
236   1   4   14
236   1   5   6
236   2   1   17
236   2   2   26
236   2   3   29
236   2   4   15
236   3   1   9
236   3   2   15
236   3   3   20
236   3   4   19
236   3   5   15
236   3   6   9
236   4   1   7
236   4   2   14
236   4   3   22
236   4   4   24
236   4   5   15
236   4   6   5
237   1   1   10
237   1   2   20
237   1   3   29
237   1   4   26
237   1   5   21
237   1   6   10
237   2   1   5
237   2   2   24
237   2   3   31
237   2   4   26
237   2   5   20
237   2   6   10
237   3   1   9
237   3   2   23
237   3   3   29
237   3   4   25
237   3   5   17
237   3   6   13
237   4   1   8
237   4   2   25
237   4   3   27
237   4   4   26
237   4   5   20
237   4   6   10
238   1   1   16
238   1   2   14
238   2   1   5
238   2   2   10
238   2   3   10
238   2   4   5
238   3   1   15
238   3   2   15
238   4   1   8
238   4   2   7
238   4   3   7
238   4   4   8
239   1   1   9
239   1   2   28
239   1   3   21
239   1   4   20
239   1   5   14
239   1   6   10
239   1   7   5
239   2   1   7
239   2   2   6
239   2   3   13
239   2   4   22
239   2   5   25
239   2   6   25
239   2   7   9
239   3   1   7
239   3   2   19
239   3   3   28
239   3   4   28
239   3   5   18
239   3   6   7
239   4   1   7
239   4   2   18
239   4   3   26
239   4   4   29
239   4   5   27
240   1   1   16
240   1   2   17
240   1   3   18
240   1   4   13
240   1   5   6
240   2   1   6
240   2   2   12
240   2   3   15
240   2   4   19
240   2   5   13
240   2   6   5
240   3   1   16
240   3   2   18
240   3   3   21
240   3   4   15
240   4   1   15
240   4   2   21
240   4   3   20
240   4   4   14
241   1   1   10
241   1   2   25
241   1   3   42
241   1   4   52
241   1   5   53
241   1   6   45
241   1   7   28
241   1   8   7
241   2   1   16
241   2   2   28
241   2   3   40
241   2   4   50
241   2   5   47
241   2   6   40
241   2   7   22
241   2   8   19
241   3   1   12
241   3   2   28
241   3   3   43
241   3   4   50
241   3   5   47
241   3   6   40
241   3   7   29
241   3   8   13
241   4   1   18
241   4   2   30
241   4   3   40
241   4   4   42
241   4   5   40
241   4   6   41
241   4   7   34
241   4   8   17
242   1   1   18
242   1   2   20
242   1   3   20
242   1   4   17
242   2   1   17
242   2   2   21
242   2   3   21
242   2   4   11
242   2   5   5
242   3   1   19
242   3   2   23
242   3   3   14
242   3   4   13
242   3   5   6
242   4   1   7
242   4   2   13
242   4   3   18
242   4   4   17
242   4   5   15
242   4   6   5
243   1   1   20
243   1   2   32
243   1   3   38
243   1   4   37
243   1   5   29
243   1   6   16
243   1   7   5
243   2   1   6
243   2   2   19
243   2   3   27
243   2   4   35
243   2   5   38
243   2   6   29
243   2   7   18
243   2   8   5
243   3   1   18
243   3   2   30
243   3   3   36
243   3   4   50
243   3   5   29
243   3   6   14
243   4   1   5
243   4   2   21
243   4   3   30
243   4   4   35
243   4   5   32
243   4   6   26
243   4   7   19
243   4   8   9
244   1   1   6
244   1   2   22
244   1   3   29
244   1   4   25
244   1   5   17
244   1   6   10
244   2   1   6
244   2   2   23
244   2   3   28
244   2   4   22
244   2   5   23
244   2   6   7
244   3   1   15
244   3   2   15
244   3   3   22
244   3   4   26
244   3   5   21
244   3   6   10
244   4   1   11
244   4   2   18
244   4   3   24
244   4   4   26
244   4   5   23
244   4   6   7
245   1   1   21
245   1   2   18
245   1   3   14
245   1   4   15
245   2   1   7
245   2   2   12
245   2   3   13
245   2   4   17
245   2   5   19
245   3   1   17
245   3   2   15
245   3   3   22
245   3   4   14
245   4   1   5
245   4   2   8
245   4   3   20
245   4   4   21
245   4   5   14
246   1   1   9
246   1   2   18
246   1   3   29
246   1   4   33
246   1   5   36
246   1   6   38
246   1   7   24
246   2   1   5
246   2   2   23
246   2   3   38
246   2   4   37
246   2   5   30
246   2   6   21
246   2   7   16
246   2   8   17
246   3   1   7
246   3   2   25
246   3   3   34
246   3   4   33
246   3   5   30
246   3   6   25
246   3   7   18
246   3   8   10
246   3   9   5
246   4   1   7
246   4   2   48
246   4   3   46
246   4   4   40
246   4   5   31
246   4   6   15
247   1   1   9
247   1   2   23
247   1   3   16
247   1   4   10
247   2   1   16
247   2   2   14
247   2   3   13
247   2   4   9
247   2   5   6
247   3   1   14
247   3   2   16
247   3   3   15
247   3   4   13
247   4   1   9
247   4   2   25
247   4   3   10
247   4   4   14
248   1   1   26
248   1   2   22
248   1   3   17
248   1   4   17
248   1   5   6
248   2   1   7
248   2   2   15
248   2   3   18
248   2   4   24
248   2   5   19
248   2   6   5
248   3   1   10
248   3   2   13
248   3   3   21
248   3   4   20
248   3   5   15
248   3   6   7
248   3   7   2
248   4   1   6
248   4   2   14
248   4   3   24
248   4   4   24
248   4   5   15
248   4   6   5
