1   1   1   21
1   1   2   19
1   1   3   17
1   1   4   13
1   1   5   7
1   2   1   10
1   2   2   10
1   2   3   15
1   2   4   19
1   2   5   17
1   2   6   6
1   3   1   7
1   3   2   15
1   3   3   15
1   3   4   17
1   3   5   17
1   3   6   6
1   4   1   13
1   4   2   26
1   4   3   26
1   4   4   12
2   1   1   5
2   1   2   16
2   1   3   17
2   1   4   14
2   1   5   13
2   1   6   8
2   2   1   7
2   2   2   12
2   2   3   16
2   2   4   16
2   2   5   15
2   2   6   7
2   3   1   19
2   3   2   19
2   3   3   16
2   3   4   13
2   3   5   6
2   4   1   8
2   4   2   30
2   4   3   25
2   4   4   10
3   1   1   18
3   1   2   19
3   1   3   25
3   1   4   27
3   1   5   23
3   1   6   16
3   2   1   22
3   2   2   19
3   2   3   24
3   2   4   22
3   2   5   19
3   2   6   22
3   3   1   26
3   3   2   36
3   3   3   40
3   3   4   26
3   4   1   15
3   4   2   23
3   4   3   29
3   4   4   25
3   4   5   18
3   4   6   18
4   1   1   20
4   1   2   24
4   1   3   26
4   1   4   32
4   1   5   25
4   1   6   19
4   2   1   17
4   2   2   25
4   2   3   35
4   2   4   30
4   2   5   21
4   2   6   13
4   2   7   5
4   3   1   15
4   3   2   28
4   3   3   32
4   3   4   31
4   3   5   22
4   3   6   18
4   4   1   10
4   4   2   30
4   4   3   33
4   4   4   35
4   4   5   26
4   4   6   12
5   1   1   8
5   1   2   14
5   1   3   20
5   1   4   22
5   1   5   16
5   1   6   6
5   2   1   6
5   2   2   13
5   2   3   21
5   2   4   28
5   2   5   18
5   3   1   8
5   3   2   12
5   3   3   22
5   3   4   22
5   3   5   15
5   3   6   7
5   4   1   6
5   4   2   16
5   4   3   23
5   4   4   19
5   4   5   17
5   4   6   5
6   1   1   11
6   1   2   19
6   1   3   19
6   1   4   25
6   1   5   21
6   1   6   16
6   2   1   5
6   2   2   22
6   2   3   31
6   2   4   25
6   2   5   20
6   2   6   8
6   3   1   8
6   3   2   23
6   3   3   27
6   3   4   24
6   3   5   18
6   3   6   11
6   4   1   12
6   4   2   20
6   4   3   26
6   4   4   22
6   4   5   17
6   4   6   14
7   1   1   22
7   1   2   17
7   1   3   25
7   1   4   13
7   1   5   5
7   2   1   18
7   2   2   22
7   2   3   26
7   2   4   16
7   3   1   19
7   3   2   25
7   3   3   19
7   3   4   14
7   3   5   5
7   4   1   8
7   4   2   15
7   4   3   18
7   4   4   18
7   4   5   15
7   4   6   8
8   1   1   8
8   1   2   18
8   1   3   31
8   1   4   29
8   1   5   27
8   1   6   24
8   1   7   20
8   1   8   10
8   2   1   16
8   2   2   29
8   2   3   33
8   2   4   41
8   2   5   34
8   2   6   14
8   3   1   6
8   3   2   19
8   3   3   27
8   3   4   30
8   3   5   33
8   3   6   28
8   3   7   18
8   3   8   6
8   4   1   18
8   4   2   26
8   4   3   36
8   4   4   38
8   4   5   38
8   4   6   11
9   1   1   8
9   1   2   8
9   1   3   8
9   1   4   7
9   2   1   8
9   2   2   7
9   2   3   8
9   2   4   8
9   3   1   5
9   3   2   9
9   3   3   17
9   4   1   6
9   4   2   11
9   4   3   9
9   4   4   5
10   1   1   11
10   1   2   14
10   1   3   20
10   1   4   23
10   1   5   19
10   1   6   10
10   2   1   7
10   2   2   18
10   2   3   23
10   2   4   23
10   2   5   19
10   2   6   7
10   3   1   14
10   3   2   36
10   3   3   30
10   3   4   17
10   4   1   6
10   4   2   12
10   4   3   13
10   4   4   18
10   4   5   16
10   4   6   16
10   4   7   11
10   4   8   5
11   1   1   1
11   2   1   1
11   3   1   1
11   4   1   1
12   1   1   10
12   1   2   24
12   1   3   36
12   1   4   38
12   1   5   37
12   1   6   32
12   1   7   21
12   1   8   14
12   2   1   10
12   2   2   22
12   2   3   38
12   2   4   38
12   2   5   39
12   2   6   34
12   2   7   21
12   2   8   10
12   3   1   13
12   3   2   22
12   3   3   34
12   3   4   34
12   3   5   36
12   3   6   38
12   3   7   28
12   3   8   7
12   4   1   17
12   4   2   40
12   4   3   47
12   4   4   49
12   4   5   39
12   4   6   20
13   1   1   18
13   1   2   18
13   1   3   22
13   1   4   16
13   2   1   6
13   2   2   14
13   2   3   13
13   2   4   22
13   2   5   19
13   3   1   16
13   3   2   20
13   3   3   21
13   3   4   17
13   4   1   6
13   4   2   10
13   4   3   19
13   4   4   22
13   4   5   17
14   1   1   1
14   2   1   1
14   3   1   1
14   4   1   1
15   1   1   14
15   1   2   22
15   1   3   22
15   1   4   16
15   2   1   19
15   2   2   14
15   2   3   25
15   2   4   16
15   3   1   19
15   3   2   18
15   3   3   20
15   3   4   12
15   3   5   5
15   4   1   7
15   4   2   13
15   4   3   16
15   4   4   20
15   4   5   10
15   4   6   8
16   1   1   12
16   1   2   11
16   2   1   12
16   2   2   6
16   2   3   5
16   3   1   12
16   3   2   11
16   4   1   12
16   4   2   11
17   1   1   7
17   1   2   22
17   1   3   31
17   1   4   25
17   1   5   18
17   1   6   9
17   2   1   12
17   2   2   11
17   2   3   14
17   2   4   21
17   2   5   17
17   2   6   13
17   2   7   12
17   2   8   12
17   3   1   8
17   3   2   14
17   3   3   28
17   3   4   39
17   3   5   23
17   4   1   5
17   4   2   16
17   4   3   16
17   4   4   19
17   4   5   17
17   4   6   20
17   4   7   14
17   4   8   5
18   1   1   9
18   1   2   20
18   1   3   19
18   1   4   10
18   2   1   8
18   2   2   21
18   2   3   21
18   2   4   8
18   3   1   6
18   3   2   8
18   3   3   12
18   3   4   16
18   3   5   16
18   4   1   5
18   4   2   9
18   4   3   14
18   4   4   13
18   4   5   10
18   4   6   7
19   1   1   9
19   1   2   11
19   1   3   15
19   1   4   23
19   1   5   23
19   2   1   21
19   2   2   21
19   2   3   17
19   2   4   16
19   2   5   6
19   3   1   23
19   3   2   21
19   3   3   16
19   3   4   14
19   3   5   7
19   4   1   20
19   4   2   20
19   4   3   22
19   4   4   19
20   1   1   11
20   1   2   13
20   1   3   12
20   1   4   12
20   2   1   11
20   2   2   12
20   2   3   16
20   2   4   9
20   3   1   9
20   3   2   16
20   3   3   13
20   3   4   10
20   4   1   9
20   4   2   13
20   4   3   16
20   4   4   10
21   1   1   6
21   1   2   15
21   1   3   15
21   1   4   19
21   1   5   12
21   1   6   7
21   2   1   7
21   2   2   13
21   2   3   16
21   2   4   18
21   2   5   15
21   2   6   5
21   3   1   6
21   3   2   29
21   3   3   31
21   3   4   8
21   4   1   9
21   4   2   14
21   4   3   15
21   4   4   15
21   4   5   12
21   4   6   6
21   4   7   3
22   1   1   13
22   1   2   31
22   1   3   40
22   1   4   40
22   1   5   30
22   1   6   11
22   2   1   16
22   2   2   31
22   2   3   35
22   2   4   39
22   2   5   30
22   2   6   14
22   3   1   7
22   3   2   18
22   3   3   21
22   3   4   34
22   3   5   33
22   3   6   29
22   3   7   18
22   3   8   5
22   4   1   9
22   4   2   19
22   4   3   22
22   4   4   30
22   4   5   31
22   4   6   29
22   4   7   17
22   4   8   8
23   1   1   13
23   1   2   17
23   1   3   24
23   1   4   31
23   1   5   32
23   1   6   31
23   1   7   22
23   1   8   7
23   2   1   11
23   2   2   16
23   2   3   24
23   2   4   35
23   2   5   37
23   2   6   28
23   2   7   21
23   2   8   5
23   3   1   19
23   3   2   33
23   3   3   38
23   3   4   41
23   3   5   26
23   3   6   15
23   3   7   5
23   4   1   15
23   4   2   43
23   4   3   39
23   4   4   31
23   4   5   23
23   4   6   18
23   4   7   8
24   1   1   14
24   1   2   22
24   1   3   30
24   1   4   37
24   1   5   45
24   1   6   54
24   1   7   60
24   1   8   48
24   2   1   9
24   2   2   37
24   2   3   57
24   2   4   59
24   2   5   56
24   2   6   45
24   2   7   26
24   2   8   16
24   2   9   5
24   3   1   24
24   3   2   41
24   3   3   47
24   3   4   52
24   3   5   45
24   3   6   39
24   3   7   28
24   3   8   22
24   3   9   12
24   4   1   14
24   4   2   37
24   4   3   53
24   4   4   64
24   4   5   53
24   4   6   36
24   4   7   25
24   4   8   17
24   4   9   11
25   1   1   20
25   1   2   17
25   1   3   16
25   1   4   15
25   2   1   19
25   2   2   19
25   2   3   15
25   2   4   9
25   2   5   6
25   3   1   16
25   3   2   17
25   3   3   19
25   3   4   16
25   4   1   8
25   4   2   11
25   4   3   15
25   4   4   15
25   4   5   10
25   4   6   9
26   1   1   10
26   1   2   15
26   1   3   17
26   1   4   10
26   2   1   12
26   2   2   12
26   2   3   16
26   2   4   12
26   3   1   10
26   3   2   16
26   3   3   16
26   3   4   10
26   4   1   14
26   4   2   14
26   4   3   9
26   4   4   10
26   4   5   5
27   1   1   12
27   1   2   14
27   1   3   12
27   1   4   12
27   2   1   11
27   2   2   16
27   2   3   11
27   2   4   12
27   3   1   6
27   3   2   5
27   3   3   11
27   3   4   15
27   3   5   13
27   4   1   12
27   4   2   18
27   4   3   13
27   4   4   3
27   4   5   4
28   1   1   11
28   1   2   11
28   1   3   16
28   1   4   16
28   1   5   11
28   1   6   9
28   2   1   23
28   2   2   18
28   2   3   11
28   2   4   14
28   2   5   8
28   3   1   17
28   3   2   18
28   3   3   24
28   3   4   15
28   4   1   23
28   4   2   18
28   4   3   12
28   4   4   13
28   4   5   8
29   1   1   12
29   1   2   17
29   1   3   19
29   1   4   14
29   2   1   14
29   2   2   19
29   2   3   16
29   2   4   13
29   3   1   15
29   3   2   16
29   3   3   18
29   3   4   13
29   4   1   14
29   4   2   19
29   4   3   15
29   4   4   14
30   1   1   12
30   1   2   9
30   2   1   9
30   2   2   6
30   2   3   6
30   3   1   10
30   3   2   11
30   4   1   9
30   4   2   12
31   1   1   1
31   2   1   1
31   3   1   1
31   4   1   1
32   1   1   5
32   1   2   34
32   1   3   39
32   1   4   39
32   1   5   30
32   1   6   7
32   2   1   20
32   2   2   24
32   2   3   33
32   2   4   31
32   2   5   26
32   2   6   20
32   3   1   8
32   3   2   15
32   3   3   23
32   3   4   29
32   3   5   30
32   3   6   25
32   3   7   19
32   3   8   5
32   4   1   8
32   4   2   18
32   4   3   24
32   4   4   26
32   4   5   29
32   4   6   23
32   4   7   20
32   4   8   6
33   1   1   11
33   1   2   13
33   1   3   13
33   1   4   15
33   1   5   11
33   1   6   12
33   2   1   19
33   2   2   16
33   2   3   29
33   2   4   11
33   3   1   15
33   3   2   24
33   3   3   22
33   3   4   14
33   4   1   7
33   4   2   11
33   4   3   19
33   4   4   18
33   4   5   14
33   4   6   6
34   1   1   13
34   1   2   22
34   1   3   26
34   1   4   29
34   1   5   20
34   1   6   12
34   2   1   15
34   2   2   21
34   2   3   24
34   2   4   25
34   2   5   23
34   2   6   14
34   3   1   5
34   3   2   26
34   3   3   30
34   3   4   28
34   3   5   27
34   3   6   6
34   4   1   12
34   4   2   21
34   4   3   25
34   4   4   31
34   4   5   24
34   4   6   9
35   1   1   27
35   1   2   29
35   1   3   32
35   1   4   30
35   1   5   28
35   1   6   18
35   1   7   8
35   2   1   24
35   2   2   26
35   2   3   39
35   2   4   35
35   2   5   26
35   2   6   16
35   2   7   6
35   3   1   9
35   3   2   19
35   3   3   25
35   3   4   32
35   3   5   36
35   3   6   23
35   3   7   15
35   3   8   13
35   4   1   10
35   4   2   19
35   4   3   64
35   4   4   36
35   4   5   43
36   1   1   22
36   1   2   26
36   1   3   30
36   1   4   32
36   1   5   28
36   1   6   28
36   1   7   26
36   1   8   15
36   1   9   8
36   2   1   22
36   2   2   38
36   2   3   50
36   2   4   47
36   2   5   35
36   2   6   17
36   2   7   6
36   3   1   8
36   3   2   18
36   3   3   37
36   3   4   44
36   3   5   46
36   3   6   36
36   3   7   21
36   3   8   5
36   4   1   34
36   4   2   40
36   4   3   41
36   4   4   39
36   4   5   26
36   4   6   18
36   4   7   12
36   4   8   5
37   1   1   11
37   1   2   16
37   1   3   17
37   1   4   11
37   2   1   8
37   2   2   19
37   2   3   18
37   2   4   10
37   3   1   6
37   3   2   12
37   3   3   8
37   3   4   13
37   3   5   9
37   3   6   7
37   4   1   16
37   4   2   12
37   4   3   12
37   4   4   10
37   4   5   5
38   1   1   10
38   1   2   11
38   1   3   12
38   1   4   11
38   1   5   9
38   1   6   7
38   1   7   5
38   2   1   10
38   2   2   24
38   2   3   21
38   2   4   10
38   3   1   13
38   3   2   17
38   3   3   23
38   3   4   12
38   4   1   16
38   4   2   17
38   4   3   17
38   4   4   15
39   1   1   7
39   1   2   22
39   1   3   31
39   1   4   27
39   1   5   20
39   1   6   8
39   2   1   12
39   2   2   23
39   2   3   22
39   2   4   25
39   2   5   20
39   2   6   13
39   3   1   12
39   3   2   20
39   3   3   26
39   3   4   26
39   3   5   20
39   3   6   11
39   4   1   9
39   4   2   22
39   4   3   25
39   4   4   29
39   4   5   22
39   4   6   8
40   1   1   6
40   1   2   18
40   1   3   25
40   1   4   35
40   1   5   25
40   1   6   23
40   1   7   21
40   1   8   6
40   2   1   13
40   2   2   28
40   2   3   42
40   2   4   36
40   2   5   24
40   2   6   16
40   3   1   7
40   3   2   20
40   3   3   29
40   3   4   28
40   3   5   22
40   3   6   25
40   3   7   17
40   3   8   11
40   4   1   14
40   4   2   29
40   4   3   38
40   4   4   37
40   4   5   26
40   4   6   15
41   1   1   15
41   1   2   21
41   1   3   22
41   1   4   18
41   2   1   8
41   2   2   14
41   2   3   16
41   2   4   16
41   2   5   12
41   2   6   10
41   3   1   6
41   3   2   6
41   3   3   10
41   3   4   15
41   3   5   13
41   3   6   14
41   3   7   12
41   4   1   14
41   4   2   25
41   4   3   23
41   4   4   14
42   1   1   6
42   1   2   9
42   1   3   12
42   1   4   6
42   2   1   5
42   2   2   11
42   2   3   11
42   2   4   6
42   3   1   17
42   3   2   11
42   3   3   5
42   4   1   7
42   4   2   11
42   4   3   8
42   4   4   7
43   1   1   14
43   1   2   19
43   1   3   17
43   1   4   13
43   2   1   17
43   2   2   15
43   2   3   14
43   2   4   17
43   3   1   10
43   3   2   22
43   3   3   20
43   3   4   11
43   4   1   4
43   4   2   12
43   4   3   15
43   4   4   14
43   4   5   18
44   1   1   15
44   1   2   22
44   1   3   23
44   1   4   13
44   2   1   5
44   2   2   17
44   2   3   13
44   2   4   22
44   2   5   8
44   2   6   8
44   3   1   5
44   3   2   8
44   3   3   9
44   3   4   13
44   3   5   12
44   3   6   13
44   3   7   13
44   4   1   11
44   4   2   27
44   4   3   23
44   4   4   12
45   1   1   7
45   1   2   15
45   1   3   26
45   1   4   25
45   1   5   17
45   1   6   6
45   2   1   9
45   2   2   18
45   2   3   20
45   2   4   21
45   2   5   20
45   2   6   8
45   3   1   18
45   3   2   31
45   3   3   27
45   3   4   20
45   4   1   11
45   4   2   19
45   4   3   18
45   4   4   18
45   4   5   18
45   4   6   12
46   1   1   9
46   1   2   23
46   1   3   23
46   1   4   24
46   1   5   20
46   1   6   10
46   2   1   10
46   2   2   16
46   2   3   30
46   2   4   25
46   2   5   18
46   2   6   10
46   3   1   10
46   3   2   17
46   3   3   27
46   3   4   27
46   3   5   19
46   3   6   9
46   4   1   8
46   4   2   19
46   4   3   27
46   4   4   27
46   4   5   22
46   4   6   6
47   1   1   10
47   1   2   22
47   1   3   23
47   1   4   10
47   2   1   6
47   2   2   14
47   2   3   14
47   2   4   13
47   2   5   11
47   2   6   7
47   3   1   15
47   3   2   17
47   3   3   21
47   3   4   12
47   4   1   7
47   4   2   10
47   4   3   15
47   4   4   16
47   4   5   11
47   4   6   6
48   1   1   5
48   1   2   10
48   1   3   10
48   1   4   14
48   1   5   10
48   1   6   6
48   2   1   6
48   2   2   18
48   2   3   21
48   2   4   10
48   3   1   13
48   3   2   15
48   3   3   16
48   3   4   11
48   4   1   15
48   4   2   15
48   4   3   11
48   4   4   9
48   4   5   5
49   1   1   21
49   1   2   32
49   1   3   42
49   1   4   40
49   1   5   31
49   1   6   16
49   1   7   6
49   2   1   22
49   2   2   29
49   2   3   43
49   2   4   42
49   2   5   32
49   2   6   20
49   3   1   5
49   3   2   14
49   3   3   25
49   3   4   26
49   3   5   29
49   3   6   28
49   3   7   29
49   3   8   20
49   3   9   12
49   4   1   16
49   4   2   35
49   4   3   43
49   4   4   43
49   4   5   31
49   4   6   20
50   1   1   14
50   1   2   32
50   1   3   39
50   1   4   34
50   1   5   34
50   1   6   15
50   2   1   9
50   2   2   16
50   2   3   26
50   2   4   30
50   2   5   35
50   2   6   29
50   2   7   16
50   2   8   7
50   3   1   18
50   3   2   29
50   3   3   36
50   3   4   36
50   3   5   32
50   3   6   17
50   4   1   5
50   4   2   18
50   4   3   26
50   4   4   34
50   4   5   34
50   4   6   31
50   4   7   14
50   4   8   6
51   1   1   7
51   1   2   28
51   1   3   20
51   1   4   22
51   1   5   17
51   1   6   12
51   2   1   9
51   2   2   20
51   2   3   24
51   2   4   22
51   2   5   18
51   2   6   13
51   3   1   9
51   3   2   16
51   3   3   25
51   3   4   30
51   3   5   20
51   3   6   6
51   4   1   6
51   4   2   17
51   4   3   29
51   4   4   29
51   4   5   25
52   1   1   8
52   1   2   15
52   1   3   12
52   1   4   9
52   2   1   10
52   2   2   10
52   2   3   14
52   2   4   10
52   3   1   9
52   3   2   11
52   3   3   17
52   3   4   7
52   4   1   6
52   4   2   9
52   4   3   10
52   4   4   9
52   4   5   5
52   4   6   5
53   1   1   9
53   1   2   6
53   1   3   12
53   1   4   6
53   2   1   7
53   2   2   9
53   2   3   11
53   2   4   6
53   3   1   16
53   3   2   17
53   4   1   6
53   4   2   4
53   4   3   7
53   4   4   5
53   4   5   6
53   4   6   5
54   1   1   17
54   1   2   25
54   1   3   34
54   1   4   31
54   1   5   26
54   1   6   17
54   2   1   8
54   2   2   18
54   2   3   23
54   2   4   22
54   2   5   29
54   2   6   23
54   2   7   22
54   2   8   5
54   3   1   9
54   3   2   15
54   3   3   24
54   3   4   28
54   3   5   30
54   3   6   20
54   3   7   15
54   3   8   9
54   4   1   6
54   4   2   27
54   4   3   43
54   4   4   42
54   4   5   25
54   4   6   7
55   1   1   16
55   1   2   16
55   1   3   20
55   1   4   23
55   1   5   24
55   1   6   12
55   2   1   16
55   2   2   20
55   2   3   16
55   2   4   28
55   2   5   15
55   2   6   16
55   3   1   24
55   3   2   35
55   3   3   28
55   3   4   24
55   4   1   8
55   4   2   20
55   4   3   27
55   4   4   27
55   4   5   24
55   4   6   5
56   1   1   6
56   1   2   5
56   1   3   9
56   1   4   13
56   1   5   24
56   1   6   17
56   1   7   8
56   2   1   10
56   2   2   12
56   2   3   16
56   2   4   20
56   2   5   17
56   2   6   7
56   3   1   21
56   3   2   21
56   3   3   22
56   3   4   18
56   4   1   3
56   4   2   17
56   4   3   21
56   4   4   24
56   4   5   11
56   4   6   6
57   1   1   5
57   1   2   7
57   1   3   6
57   1   4   14
57   1   5   7
57   1   6   12
57   1   7   11
57   2   1   10
57   2   2   10
57   2   3   10
57   2   4   10
57   2   5   13
57   2   6   9
57   3   1   13
57   3   2   17
57   3   3   19
57   3   4   13
57   4   1   34
57   4   2   28
58   1   1   28
58   1   2   28
58   1   3   8
58   2   1   6
58   2   2   11
58   2   3   18
58   2   4   14
58   2   5   7
58   2   6   8
58   3   1   18
58   3   2   16
58   3   3   14
58   3   4   9
58   3   5   7
58   4   1   9
58   4   2   12
58   4   3   12
58   4   4   12
58   4   5   11
58   4   6   6
58   4   7   2
59   1   1   6
59   1   2   18
59   1   3   28
59   1   4   26
59   1   5   17
59   1   6   7
59   2   1   7
59   2   2   8
59   2   3   13
59   2   4   16
59   2   5   26
59   2   6   23
59   2   7   9
59   3   1   8
59   3   2   16
59   3   3   23
59   3   4   28
59   3   5   22
59   3   6   5
59   4   1   6
59   4   2   20
59   4   3   27
59   4   4   25
59   4   5   17
59   4   6   7
60   1   1   8
60   1   2   28
60   1   3   25
60   1   4   28
60   1   5   21
60   1   6   11
60   2   1   14
60   2   2   20
60   2   3   25
60   2   4   29
60   2   5   19
60   2   6   14
60   3   1   15
60   3   2   15
60   3   3   28
60   3   4   30
60   3   5   22
60   3   6   11
60   4   1   6
60   4   2   24
60   4   3   31
60   4   4   28
60   4   5   26
60   4   6   6
61   1   1   9
61   1   2   17
61   1   3   27
61   1   4   33
61   1   5   28
61   2   1   7
61   2   2   28
61   2   3   28
61   2   4   22
61   2   5   16
61   2   6   8
61   2   7   5
61   3   1   30
61   3   2   31
61   3   3   24
61   3   4   20
61   3   5   9
61   4   1   14
61   4   2   22
61   4   3   23
61   4   4   22
61   4   5   18
61   4   6   9
61   4   7   6
62   1   1   8
62   1   2   22
62   1   3   31
62   1   4   28
62   1   5   31
62   1   6   30
62   1   7   19
62   1   8   10
62   2   1   10
62   2   2   21
62   2   3   27
62   2   4   33
62   2   5   28
62   2   6   29
62   2   7   18
62   2   8   13
62   3   1   20
62   3   2   35
62   3   3   38
62   3   4   33
62   3   5   29
62   3   6   24
62   4   1   12
62   4   2   34
62   4   3   43
62   4   4   45
62   4   5   33
62   4   6   12
63   1   1   8
63   1   2   7
63   1   3   8
63   1   4   3
63   1   5   4
63   2   1   3
63   2   2   14
63   2   3   13
63   3   1   6
63   3   2   10
63   3   3   7
63   3   4   7
63   4   1   13
63   4   2   17
64   1   1   6
64   1   2   26
64   1   3   39
64   1   4   47
64   1   5   30
64   1   6   38
64   1   7   23
64   1   8   11
64   2   1   22
64   2   2   39
64   2   3   53
64   2   4   46
64   2   5   36
64   2   6   19
64   2   7   5
64   3   1   9
64   3   2   24
64   3   3   29
64   3   4   27
64   3   5   25
64   3   6   24
64   3   7   22
64   3   8   23
64   3   9   22
64   3   10   15
64   4   1   12
64   4   2   25
64   4   3   37
64   4   4   38
64   4   5   41
64   4   6   32
64   4   7   21
64   4   8   8
64   4   9   6
65   1   1   11
65   1   2   17
65   1   3   17
65   1   4   14
65   2   1   6
65   2   2   11
65   2   3   15
65   2   4   10
65   2   5   8
65   2   6   9
65   3   1   6
65   3   2   28
65   3   3   20
65   3   4   5
65   4   1   5
65   4   2   9
65   4   3   16
65   4   4   15
65   4   5   8
65   4   6   6
66   1   1   16
66   1   2   29
66   1   3   37
66   1   4   36
66   1   5   28
66   1   6   15
66   2   1   22
66   2   2   31
66   2   3   32
66   2   4   28
66   2   5   23
66   2   6   15
66   2   7   10
66   3   1   3
66   3   2   22
66   3   3   27
66   3   4   30
66   3   5   29
66   3   6   26
66   3   7   17
66   3   8   7
66   4   1   12
66   4   2   31
66   4   3   41
66   4   4   35
66   4   5   26
66   4   6   16
67   1   1   12
67   1   2   28
67   1   3   33
67   1   4   38
67   1   5   26
67   1   6   12
67   2   1   7
67   2   2   16
67   2   3   22
67   2   4   29
67   2   5   27
67   2   6   24
67   2   7   18
67   2   8   6
67   3   1   9
67   3   2   29
67   3   3   37
67   3   4   36
67   3   5   28
67   3   6   10
67   4   1   6
67   4   2   13
67   4   3   25
67   4   4   27
67   4   5   30
67   4   6   30
67   4   7   18
68   1   1   10
68   1   2   16
68   1   3   15
68   1   4   10
68   2   1   13
68   2   2   16
68   2   3   10
68   2   4   7
68   2   5   5
68   3   1   9
68   3   2   16
68   3   3   15
68   3   4   11
68   4   1   14
68   4   2   13
68   4   3   12
68   4   4   9
68   4   5   3
69   1   1   7
69   1   2   12
69   1   3   12
69   1   4   7
69   1   5   10
69   1   6   9
69   2   1   9
69   2   2   15
69   2   3   7
69   2   4   7
69   2   5   7
69   2   6   12
69   3   1   10
69   3   2   21
69   3   3   18
69   3   4   8
69   4   1   8
69   4   2   22
69   4   3   19
69   4   4   8
70   1   1   16
70   1   2   30
70   1   3   37
70   1   4   31
70   1   5   25
70   1   6   20
70   2   1   6
70   2   2   19
70   2   3   29
70   2   4   27
70   2   5   28
70   2   6   25
70   2   7   16
70   2   8   9
70   3   1   14
70   3   2   26
70   3   3   44
70   3   4   34
70   3   5   28
70   3   6   13
70   4   1   19
70   4   2   26
70   4   3   38
70   4   4   33
70   4   5   23
70   4   6   13
70   4   7   7
71   1   1   6
71   1   2   15
71   1   3   23
71   1   4   30
71   1   5   28
71   1   6   19
71   1   7   15
71   1   8   8
71   2   1   10
71   2   2   17
71   2   3   22
71   2   4   22
71   2   5   24
71   2   6   22
71   2   7   15
71   2   8   12
71   3   1   8
71   3   2   29
71   3   3   36
71   3   4   38
71   3   5   22
71   3   6   11
71   4   1   5
71   4   2   29
71   4   3   39
71   4   4   39
71   4   5   23
71   4   6   9
72   1   1   6
72   1   2   10
72   1   3   10
72   1   4   7
72   2   1   19
72   2   2   9
72   2   3   5
72   3   1   6
72   3   2   11
72   3   3   10
72   3   4   6
72   4   1   7
72   4   2   8
72   4   3   13
72   4   4   5
73   1   1   9
73   1   2   20
73   1   3   27
73   1   4   28
73   1   5   27
73   1   6   8
73   2   1   6
73   2   2   25
73   2   3   31
73   2   4   29
73   2   5   18
73   2   6   10
73   3   1   7
73   3   2   23
73   3   3   31
73   3   4   28
73   3   5   21
73   3   6   9
73   4   1   15
73   4   2   22
73   4   3   25
73   4   4   21
73   4   5   19
73   4   6   17
74   1   1   12
74   1   2   19
74   1   3   26
74   1   4   9
74   2   1   18
74   2   2   17
74   2   3   16
74   2   4   10
74   2   5   5
74   3   1   16
74   3   2   17
74   3   3   17
74   3   4   16
74   4   1   16
74   4   2   17
74   4   3   21
74   4   4   12
75   1   1   8
75   1   2   16
75   1   3   23
75   1   4   25
75   1   5   17
75   1   6   5
75   2   1   7
75   2   2   19
75   2   3   24
75   2   4   18
75   2   5   17
75   2   6   9
75   3   1   5
75   3   2   16
75   3   3   26
75   3   4   26
75   3   5   16
75   3   6   5
75   4   1   11
75   4   2   15
75   4   3   21
75   4   4   20
75   4   5   17
75   4   6   10
76   1   1   5
76   1   2   21
76   1   3   44
76   1   4   48
76   1   5   46
76   1   6   45
76   1   7   19
76   1   8   6
76   2   1   12
76   2   2   30
76   2   3   38
76   2   4   39
76   2   5   39
76   2   6   35
76   2   7   25
76   2   8   16
76   3   1   5
76   3   2   11
76   3   3   22
76   3   4   35
76   3   5   42
76   3   6   44
76   3   7   37
76   3   8   25
76   3   9   13
76   4   1   18
76   4   2   25
76   4   3   31
76   4   4   37
76   4   5   44
76   4   6   42
76   4   7   27
76   4   8   10
77   1   1   16
77   1   2   38
77   1   3   44
77   1   4   46
77   1   5   46
77   1   6   41
77   1   7   27
77   1   8   19
77   1   9   5
77   2   1   6
77   2   2   16
77   2   3   29
77   2   4   36
77   2   5   48
77   2   6   50
77   2   7   50
77   2   8   34
77   2   9   13
77   3   1   14
77   3   2   31
77   3   3   43
77   3   4   48
77   3   5   54
77   3   6   54
77   3   7   31
77   3   8   7
77   4   1   23
77   4   2   31
77   4   3   39
77   4   4   44
77   4   5   49
77   4   6   47
77   4   7   30
77   4   8   19
78   1   1   12
78   1   2   26
78   1   3   33
78   1   4   32
78   1   5   27
78   1   6   12
78   2   1   9
78   2   2   30
78   2   3   31
78   2   4   34
78   2   5   29
78   2   6   9
78   3   1   21
78   3   2   28
78   3   3   23
78   3   4   22
78   3   5   26
78   3   6   15
78   3   7   7
78   4   1   12
78   4   2   17
78   4   3   24
78   4   4   19
78   4   5   21
78   4   6   21
78   4   7   15
78   4   8   13
79   1   1   14
79   1   2   41
79   1   3   47
79   1   4   45
79   1   5   18
79   1   6   7
79   2   1   5
79   2   2   16
79   2   3   20
79   2   4   21
79   2   5   21
79   2   6   22
79   2   7   26
79   2   8   24
79   2   9   17
79   3   1   14
79   3   2   35
79   3   3   38
79   3   4   41
79   3   5   28
79   3   6   16
79   4   1   11
79   4   2   17
79   4   3   27
79   4   4   31
79   4   5   32
79   4   6   27
79   4   7   20
79   4   8   7
80   1   1   19
80   1   2   27
80   1   3   34
80   1   4   20
80   2   1   12
80   2   2   16
80   2   3   20
80   2   4   23
80   2   5   15
80   2   6   14
80   3   1   7
80   3   2   22
80   3   3   25
80   3   4   19
80   3   5   15
80   3   6   12
80   4   1   9
80   4   2   17
80   4   3   24
80   4   4   23
80   4   5   19
80   4   6   8
81   1   1   5
81   1   2   16
81   1   3   17
81   1   4   21
81   1   5   13
81   1   6   6
81   2   1   20
81   2   2   19
81   2   3   19
81   2   4   14
81   2   5   6
81   3   1   16
81   3   2   24
81   3   3   21
81   3   4   17
81   4   1   6
81   4   2   15
81   4   3   20
81   4   4   17
81   4   5   13
81   4   6   7
82   1   1   9
82   1   2   27
82   1   3   25
82   1   4   30
82   1   5   30
82   1   6   7
82   2   1   13
82   2   2   30
82   2   3   29
82   2   4   23
82   2   5   14
82   2   6   10
82   2   7   4
82   2   8   5
82   3   1   9
82   3   2   23
82   3   3   33
82   3   4   32
82   3   5   21
82   3   6   10
82   4   1   16
82   4   2   22
82   4   3   26
82   4   4   26
82   4   5   22
82   4   6   16
83   1   1   9
83   1   2   21
83   1   3   28
83   1   4   33
83   1   5   21
83   1   6   8
83   2   1   13
83   2   2   20
83   2   3   26
83   2   4   29
83   2   5   20
83   2   6   12
83   3   1   12
83   3   2   18
83   3   3   28
83   3   4   33
83   3   5   22
83   3   6   7
83   4   1   12
83   4   2   20
83   4   3   29
83   4   4   27
83   4   5   19
83   4   6   13
84   1   1   19
84   1   2   20
84   1   3   19
84   1   4   12
84   1   5   5
84   2   1   14
84   2   2   21
84   2   3   27
84   2   4   13
84   3   1   5
84   3   2   12
84   3   3   18
84   3   4   21
84   3   5   19
84   4   1   9
84   4   2   12
84   4   3   14
84   4   4   18
84   4   5   15
84   4   6   7
85   1   1   3
85   1   2   4
85   1   3   8
85   2   1   7
85   2   2   8
85   3   1   4
85   3   2   3
85   3   3   4
85   3   4   4
85   4   1   7
85   4   2   8
86   1   1   8
86   1   2   20
86   1   3   26
86   1   4   31
86   1   5   30
86   1   6   23
86   1   7   17
86   1   8   12
86   2   1   6
86   2   2   15
86   2   3   26
86   2   4   31
86   2   5   39
86   2   6   32
86   2   7   18
86   3   1   16
86   3   2   27
86   3   3   37
86   3   4   40
86   3   5   31
86   3   6   16
86   4   1   6
86   4   2   15
86   4   3   26
86   4   4   35
86   4   5   35
86   4   6   33
86   4   7   17
87   1   1   9
87   1   2   15
87   1   3   15
87   1   4   10
87   2   1   7
87   2   2   18
87   2   3   18
87   2   4   6
87   3   1   9
87   3   2   15
87   3   3   14
87   3   4   11
87   4   1   12
87   4   2   12
87   4   3   12
87   4   4   13
88   1   1   7
88   1   2   21
88   1   3   27
88   1   4   24
88   1   5   20
88   1   6   9
88   2   1   18
88   2   2   17
88   2   3   18
88   2   4   18
88   2   5   22
88   2   6   15
88   3   1   5
88   3   2   20
88   3   3   28
88   3   4   27
88   3   5   28
88   4   1   8
88   4   2   21
88   4   3   25
88   4   4   25
88   4   5   21
88   4   6   8
89   1   1   9
89   1   2   18
89   1   3   19
89   1   4   28
89   1   5   22
89   1   6   5
89   2   1   13
89   2   2   18
89   2   3   21
89   2   4   20
89   2   5   13
89   2   6   16
89   3   1   20
89   3   2   32
89   3   3   30
89   3   4   19
89   4   1   6
89   4   2   21
89   4   3   24
89   4   4   22
89   4   5   18
89   4   6   10
90   1   1   1
90   2   1   1
90   3   1   1
90   4   1   1
91   1   1   10
91   1   2   19
91   1   3   20
91   1   4   19
91   1   5   15
91   1   6   13
91   2   1   22
91   2   2   25
91   2   3   26
91   2   4   23
91   3   1   8
91   3   2   15
91   3   3   21
91   3   4   28
91   3   5   24
91   4   1   9
91   4   2   18
91   4   3   21
91   4   4   21
91   4   5   19
91   4   6   8
92   1   1   10
92   1   2   16
92   1   3   16
92   1   4   17
92   1   5   15
92   1   6   10
92   2   1   10
92   2   2   13
92   2   3   20
92   2   4   23
92   2   5   12
92   2   6   6
92   3   1   5
92   3   2   12
92   3   3   21
92   3   4   30
92   3   5   16
92   4   1   19
92   4   2   24
92   4   3   24
92   4   4   12
92   4   5   5
93   1   1   10
93   1   2   19
93   1   3   27
93   1   4   28
93   1   5   23
93   1   6   7
93   2   1   9
93   2   2   20
93   2   3   28
93   2   4   27
93   2   5   20
93   2   6   10
93   3   1   5
93   3   2   14
93   3   3   21
93   3   4   21
93   3   5   19
93   3   6   15
93   3   7   9
93   3   8   10
93   4   1   11
93   4   2   21
93   4   3   26
93   4   4   26
93   4   5   15
93   4   6   15
94   1   1   20
94   1   2   28
94   1   3   33
94   1   4   38
94   1   5   44
94   1   6   43
94   1   7   30
94   1   8   13
94   2   1   5
94   2   2   28
94   2   3   38
94   2   4   48
94   2   5   51
94   2   6   57
94   2   7   22
94   3   1   14
94   3   2   19
94   3   3   26
94   3   4   28
94   3   5   35
94   3   6   37
94   3   7   34
94   3   8   25
94   3   9   16
94   3   10   15
94   4   1   32
94   4   2   42
94   4   3   53
94   4   4   53
94   4   5   39
94   4   6   21
94   4   7   9
95   1   1   14
95   1   2   24
95   1   3   24
95   1   4   30
95   1   5   24
95   1   6   13
95   2   1   15
95   2   2   20
95   2   3   27
95   2   4   31
95   2   5   23
95   2   6   13
95   3   1   12
95   3   2   27
95   3   3   29
95   3   4   25
95   3   5   21
95   3   6   9
95   3   7   6
95   4   1   17
95   4   2   22
95   4   3   25
95   4   4   26
95   4   5   23
95   4   6   16
96   1   1   22
96   1   2   32
96   1   3   24
96   1   4   24
96   2   1   6
96   2   2   21
96   2   3   25
96   2   4   23
96   2   5   21
96   2   6   6
96   3   1   5
96   3   2   9
96   3   3   18
96   3   4   20
96   3   5   18
96   3   6   16
96   3   7   11
96   3   8   5
96   4   1   10
96   4   2   17
96   4   3   23
96   4   4   24
96   4   5   20
96   4   6   8
97   1   1   7
97   1   2   16
97   1   3   21
97   2   1   10
97   2   2   11
97   2   3   15
97   2   4   8
97   3   1   9
97   3   2   12
97   3   3   14
97   3   4   9
97   4   1   7
97   4   2   15
97   4   3   13
97   4   4   9
98   1   1   6
98   1   2   18
98   1   3   22
98   1   4   20
98   1   5   20
98   1   6   6
98   2   1   13
98   2   2   16
98   2   3   20
98   2   4   18
98   2   5   11
98   2   6   8
98   2   7   6
98   3   1   19
98   3   2   30
98   3   3   24
98   3   4   19
98   4   1   9
98   4   2   9
98   4   3   15
98   4   4   11
98   4   5   12
98   4   6   17
98   4   7   19
99   1   1   10
99   1   2   27
99   1   3   30
99   1   4   33
99   1   5   21
99   1   6   13
99   2   1   12
99   2   2   29
99   2   3   29
99   2   4   28
99   2   5   20
99   2   6   16
99   3   1   17
99   3   2   24
99   3   3   30
99   3   4   23
99   3   5   20
99   3   6   14
99   3   7   6
99   4   1   15
99   4   2   25
99   4   3   28
99   4   4   30
99   4   5   24
99   4   6   12
100   1   1   7
100   1   2   11
100   1   3   13
100   1   4   11
100   1   5   9
100   1   6   9
100   2   1   7
100   2   2   22
100   2   3   31
100   3   1   13
100   3   2   18
100   3   3   16
100   3   4   13
100   4   1   7
100   4   2   11
100   4   3   9
100   4   4   14
100   4   5   13
100   4   6   6
101   1   1   6
101   1   2   10
101   1   3   15
101   1   4   19
101   1   5   9
101   1   6   6
101   2   1   14
101   2   2   17
101   2   3   20
101   2   4   14
101   3   1   14
101   3   2   19
101   3   3   21
101   3   4   11
101   4   1   15
101   4   2   18
101   4   3   18
101   4   4   9
101   4   5   5
102   1   1   34
102   1   2   41
102   1   3   45
102   1   4   43
102   1   5   43
102   1   6   26
102   1   7   6
102   2   1   5
102   2   2   20
102   2   3   43
102   2   4   52
102   2   5   52
102   2   6   37
102   2   7   22
102   2   8   7
102   3   1   15
102   3   2   32
102   3   3   33
102   3   4   39
102   3   5   38
102   3   6   35
102   3   7   30
102   3   8   16
102   4   1   9
102   4   2   13
102   4   3   25
102   4   4   36
102   4   5   37
102   4   6   35
102   4   7   35
102   4   8   27
102   4   9   16
102   4   10   5
103   1   1   5
103   1   2   19
103   1   3   24
103   1   4   25
103   1   5   25
103   1   6   24
103   1   7   15
103   1   8   8
103   2   1   8
103   2   2   17
103   2   3   22
103   2   4   22
103   2   5   28
103   2   6   24
103   2   7   18
103   2   8   6
103   3   1   16
103   3   2   27
103   3   3   32
103   3   4   30
103   3   5   21
103   3   6   12
103   3   7   7
103   4   1   11
103   4   2   25
103   4   3   34
103   4   4   36
103   4   5   31
103   4   6   8
104   1   1   9
104   1   2   10
104   1   3   9
104   1   4   9
104   2   1   10
104   2   2   9
104   2   3   9
104   2   4   4
104   2   5   5
104   3   1   5
104   3   2   14
104   3   3   12
104   3   4   6
104   4   1   6
104   4   2   13
104   4   3   12
104   4   4   6
105   1   1   8
105   1   2   13
105   1   3   21
105   1   4   6
105   2   1   8
105   2   2   15
105   2   3   17
105   2   4   8
105   3   1   12
105   3   2   13
105   3   3   10
105   3   4   13
105   4   1   13
105   4   2   10
105   4   3   12
105   4   4   13
106   1   1   20
106   1   2   33
106   1   3   34
106   1   4   28
106   1   5   25
106   1   6   16
106   1   7   7
106   2   1   2
106   2   2   12
106   2   3   32
106   2   4   36
106   2   5   38
106   2   6   26
106   2   7   17
106   3   1   7
106   3   2   16
106   3   3   26
106   3   4   34
106   3   5   30
106   3   6   25
106   3   7   19
106   3   8   6
106   4   1   5
106   4   2   8
106   4   3   14
106   4   4   21
106   4   5   27
106   4   6   31
106   4   7   29
106   4   8   23
106   4   9   5
107   1   1   12
107   1   2   27
107   1   3   36
107   1   4   34
107   1   5   24
107   1   6   13
107   2   1   20
107   2   2   25
107   2   3   29
107   2   4   27
107   2   5   23
107   2   6   16
107   2   7   6
107   3   1   12
107   3   2   33
107   3   3   34
107   3   4   26
107   3   5   22
107   3   6   14
107   3   7   5
107   4   1   17
107   4   2   27
107   4   3   27
107   4   4   35
107   4   5   21
107   4   6   19
108   1   1   9
108   1   2   13
108   1   3   30
108   1   4   35
108   1   5   32
108   1   6   26
108   1   7   19
108   1   8   8
108   2   1   7
108   2   2   25
108   2   3   24
108   2   4   24
108   2   5   30
108   2   6   38
108   2   7   24
108   3   1   13
108   3   2   35
108   3   3   40
108   3   4   39
108   3   5   25
108   3   6   20
108   4   1   6
108   4   2   19
108   4   3   28
108   4   4   36
108   4   5   31
108   4   6   25
108   4   7   20
108   4   8   7
109   1   1   8
109   1   2   20
109   1   3   12
109   1   4   9
109   2   1   8
109   2   2   16
109   2   3   16
109   2   4   9
109   3   1   12
109   3   2   13
109   3   3   9
109   3   4   15
109   4   1   5
109   4   2   7
109   4   3   11
109   4   4   13
109   4   5   13
110   1   1   7
110   1   2   7
110   2   1   7
110   2   2   7
110   3   1   6
110   3   2   8
110   4   1   7
110   4   2   7
111   1   1   3
111   1   2   8
111   1   3   13
111   1   4   9
111   1   5   8
111   1   6   4
111   2   1   23
111   2   2   22
111   3   1   8
111   3   2   17
111   3   3   8
111   3   4   10
111   3   5   2
111   4   1   11
111   4   2   10
111   4   3   13
111   4   4   11
112   1   1   8
112   1   2   16
112   1   3   23
112   1   4   23
112   1   5   20
112   1   6   6
112   2   1   7
112   2   2   17
112   2   3   23
112   2   4   28
112   2   5   21
112   3   1   8
112   3   2   17
112   3   3   25
112   3   4   22
112   3   5   17
112   3   6   7
112   4   1   9
112   4   2   17
112   4   3   21
112   4   4   22
112   4   5   20
112   4   6   7
113   1   1   23
113   1   2   34
113   1   3   34
113   1   4   38
113   1   5   28
113   1   6   25
113   2   1   22
113   2   2   30
113   2   3   39
113   2   4   40
113   2   5   32
113   2   6   19
113   3   1   5
113   3   2   24
113   3   3   32
113   3   4   34
113   3   5   31
113   3   6   27
113   3   7   17
113   3   8   12
113   4   1   10
113   4   2   18
113   4   3   28
113   4   4   37
113   4   5   33
113   4   6   26
113   4   7   22
113   4   8   8
114   1   1   14
114   1   2   22
114   1   3   20
114   1   4   19
114   1   5   11
114   1   6   12
114   1   7   7
114   2   1   22
114   2   2   31
114   2   3   31
114   2   4   21
114   3   1   10
114   3   2   20
114   3   3   23
114   3   4   24
114   3   5   20
114   3   6   8
114   4   1   15
114   4   2   13
114   4   3   23
114   4   4   20
114   4   5   22
114   4   6   12
115   1   1   25
115   1   2   49
115   1   3   51
115   1   4   36
115   1   5   26
115   1   6   18
115   1   7   17
115   2   1   18
115   2   2   22
115   2   3   30
115   2   4   37
115   2   5   39
115   2   6   37
115   2   7   27
115   2   8   12
115   3   1   5
115   3   2   11
115   3   3   17
115   3   4   31
115   3   5   43
115   3   6   43
115   3   7   40
115   3   8   21
115   3   9   11
115   4   1   13
115   4   2   17
115   4   3   29
115   4   4   46
115   4   5   47
115   4   6   45
115   4   7   25
116   1   1   15
116   1   2   24
116   1   3   42
116   1   4   34
116   1   5   34
116   1   6   14
116   2   1   7
116   2   2   20
116   2   3   27
116   2   4   28
116   2   5   29
116   2   6   24
116   2   7   19
116   2   8   9
116   3   1   10
116   3   2   31
116   3   3   42
116   3   4   38
116   3   5   30
116   3   6   12
116   4   1   7
116   4   2   8
116   4   3   15
116   4   4   20
116   4   5   29
116   4   6   29
116   4   7   27
116   4   8   18
116   4   9   10
117   1   1   5
117   1   2   13
117   1   3   10
117   1   4   18
117   1   5   17
117   2   1   11
117   2   2   20
117   2   3   21
117   2   4   11
117   3   1   12
117   3   2   21
117   3   3   16
117   3   4   14
117   4   1   6
117   4   2   9
117   4   3   18
117   4   4   11
117   4   5   14
117   4   6   5
118   1   1   14
118   1   2   17
118   1   3   17
118   1   4   10
118   2   1   14
118   2   2   17
118   2   3   16
118   2   4   11
118   3   1   13
118   3   2   15
118   3   3   19
118   3   4   11
118   4   1   11
118   4   2   18
118   4   3   17
118   4   4   12
119   1   1   1
119   2   1   1
119   3   1   1
119   4   1   1
120   1   1   8
120   1   2   10
120   1   3   16
120   1   4   22
120   1   5   24
120   1   6   20
120   1   7   13
120   1   8   4
120   2   1   31
120   2   2   30
120   2   3   29
120   2   4   20
120   2   5   7
120   3   1   5
120   3   2   15
120   3   3   18
120   3   4   18
120   3   5   22
120   3   6   24
120   3   7   15
120   4   1   14
120   4   2   14
120   4   3   27
120   4   4   34
120   4   5   14
120   4   6   14
121   1   1   13
121   1   2   11
121   1   3   12
121   1   4   12
121   2   1   12
121   2   2   10
121   2   3   14
121   2   4   12
121   3   1   8
121   3   2   16
121   3   3   16
121   3   4   8
121   4   1   10
121   4   2   12
121   4   3   15
121   4   4   11
122   1   1   7
122   1   2   14
122   1   3   15
122   1   4   12
122   1   5   11
122   1   6   9
122   2   1   17
122   2   2   18
122   2   3   19
122   2   4   14
122   3   1   12
122   3   2   23
122   3   3   21
122   3   4   12
122   4   1   5
122   4   2   14
122   4   3   15
122   4   4   16
122   4   5   12
122   4   6   6
123   1   1   16
123   1   2   13
123   1   3   32
123   1   4   10
123   2   1   15
123   2   2   23
123   2   3   17
123   2   4   11
123   2   5   5
123   3   1   8
123   3   2   12
123   3   3   14
123   3   4   16
123   3   5   15
123   3   6   6
123   4   1   6
123   4   2   15
123   4   3   14
123   4   4   17
123   4   5   13
123   4   6   6
124   1   1   5
124   1   2   13
124   1   3   21
124   1   4   20
124   1   5   12
124   1   6   6
124   2   1   8
124   2   2   11
124   2   3   15
124   2   4   14
124   2   5   14
124   2   6   15
124   3   1   12
124   3   2   26
124   3   3   28
124   3   4   11
124   4   1   18
124   4   2   18
124   4   3   26
124   4   4   15
125   1   1   8
125   1   2   21
125   1   3   16
125   1   4   9
125   2   1   11
125   2   2   16
125   2   3   17
125   2   4   10
125   3   1   11
125   3   2   16
125   3   3   15
125   3   4   12
125   4   1   11
125   4   2   15
125   4   3   16
125   4   4   12
126   1   1   15
126   1   2   19
126   1   3   14
126   1   4   9
126   1   5   5
126   2   1   8
126   2   2   9
126   2   3   14
126   2   4   13
126   2   5   11
126   2   6   7
126   3   1   8
126   3   2   29
126   3   3   17
126   3   4   8
126   4   1   14
126   4   2   17
126   4   3   17
126   4   4   14
127   1   1   5
127   1   2   17
127   1   3   20
127   1   4   22
127   1   5   19
127   1   6   5
127   2   1   20
127   2   2   28
127   2   3   21
127   2   4   13
127   2   5   6
127   3   1   5
127   3   2   15
127   3   3   21
127   3   4   26
127   3   5   21
127   4   1   6
127   4   2   10
127   4   3   12
127   4   4   17
127   4   5   13
127   4   6   15
127   4   7   9
127   4   8   6
128   1   1   18
128   1   2   20
128   1   3   14
128   1   4   7
128   1   5   5
128   2   1   13
128   2   2   19
128   2   3   18
128   2   4   14
128   3   1   5
128   3   2   9
128   3   3   16
128   3   4   19
128   3   5   15
128   4   1   4
128   4   2   3
128   4   3   6
128   4   4   11
128   4   5   25
128   4   6   15
129   1   1   7
129   1   2   14
129   1   3   17
129   1   4   17
129   1   5   17
129   1   6   6
129   2   1   20
129   2   2   17
129   2   3   22
129   2   4   19
129   3   1   17
129   3   2   23
129   3   3   21
129   3   4   13
129   3   5   4
129   4   1   19
129   4   2   21
129   4   3   22
129   4   4   10
129   4   5   6
130   1   1   6
130   1   2   16
130   1   3   25
130   1   4   27
130   1   5   22
130   2   1   9
130   2   2   21
130   2   3   23
130   2   4   17
130   2   5   14
130   2   6   12
130   3   1   9
130   3   2   19
130   3   3   20
130   3   4   21
130   3   5   18
130   3   6   9
130   4   1   24
130   4   2   25
130   4   3   27
130   4   4   12
130   4   5   8
131   1   1   8
131   1   2   17
131   1   3   22
131   1   4   27
131   1   5   27
131   2   1   5
131   2   2   19
131   2   3   26
131   2   4   25
131   2   5   20
131   2   6   6
131   3   1   11
131   3   2   18
131   3   3   15
131   3   4   32
131   3   5   15
131   3   6   10
131   4   1   9
131   4   2   21
131   4   3   20
131   4   4   22
131   4   5   18
131   4   6   11
132   1   1   5
132   1   2   5
132   1   3   8
132   1   4   13
132   1   5   10
132   2   1   21
132   2   2   20
132   3   1   7
132   3   2   14
132   3   3   14
132   3   4   6
132   4   1   3
132   4   2   6
132   4   3   10
132   4   4   14
132   4   5   8
133   1   1   6
133   1   2   12
133   1   3   19
133   1   4   20
133   1   5   13
133   1   6   6
133   2   1   18
133   2   2   24
133   2   3   16
133   2   4   12
133   2   5   6
133   3   1   19
133   3   2   20
133   3   3   18
133   3   4   14
133   3   5   5
133   4   1   5
133   4   2   12
133   4   3   23
133   4   4   19
133   4   5   12
133   4   6   5
134   1   1   5
134   1   2   9
134   1   3   18
134   1   4   19
134   1   5   20
134   1   6   20
134   1   7   14
134   2   1   21
134   2   2   33
134   2   3   27
134   2   4   24
134   3   1   25
134   3   2   32
134   3   3   27
134   3   4   16
134   3   5   5
134   4   1   15
134   4   2   15
134   4   3   25
134   4   4   20
134   4   5   16
134   4   6   10
134   4   7   4
135   1   1   19
135   1   2   28
135   1   3   25
135   1   4   29
135   1   5   19
135   1   6   14
135   1   7   7
135   2   1   12
135   2   2   29
135   2   3   29
135   2   4   32
135   2   5   25
135   2   6   14
135   3   1   8
135   3   2   24
135   3   3   36
135   3   4   41
135   3   5   32
135   4   1   6
135   4   2   12
135   4   3   21
135   4   4   29
135   4   5   30
135   4   6   27
135   4   7   16
136   1   1   17
136   1   2   38
136   1   3   47
136   1   4   35
136   1   5   24
136   1   6   15
136   1   7   9
136   2   1   4
136   2   2   11
136   2   3   15
136   2   4   24
136   2   5   30
136   2   6   37
136   2   7   37
136   2   8   21
136   2   9   6
136   3   1   6
136   3   2   17
136   3   3   28
136   3   4   36
136   3   5   47
136   3   6   37
136   3   7   14
136   4   1   12
136   4   2   19
136   4   3   27
136   4   4   33
136   4   5   34
136   4   6   30
136   4   7   19
136   4   8   11
137   1   1   8
137   1   2   11
137   1   3   14
137   1   4   7
137   2   1   8
137   2   2   13
137   2   3   10
137   2   4   9
137   3   1   8
137   3   2   12
137   3   3   11
137   3   4   9
137   4   1   8
137   4   2   9
137   4   3   13
137   4   4   10
138   1   1   15
138   1   2   8
138   1   3   14
138   1   4   21
138   1   5   16
138   1   6   10
138   2   1   14
138   2   2   28
138   2   3   28
138   2   4   14
138   3   1   18
138   3   2   25
138   3   3   23
138   3   4   18
138   4   1   23
138   4   2   23
138   4   3   19
138   4   4   11
138   4   5   4
138   4   6   4
139   1   1   1
139   1   2   4
139   1   3   6
139   2   1   4
139   2   2   2
139   2   3   3
139   2   4   2
139   3   1   2
139   3   2   3
139   3   3   6
139   4   1   2
139   4   2   2
139   4   3   7
140   1   1   7
140   1   2   7
140   1   3   14
140   1   4   13
140   1   5   9
140   1   6   5
140   2   1   12
140   2   2   18
140   2   3   14
140   2   4   7
140   2   5   4
140   3   1   14
140   3   2   15
140   3   3   14
140   3   4   9
140   3   5   3
140   4   1   8
140   4   2   18
140   4   3   21
140   4   4   8
141   1   1   5
141   1   2   26
141   1   3   31
141   1   4   30
141   1   5   29
141   2   1   19
141   2   2   20
141   2   3   22
141   2   4   23
141   2   5   14
141   2   6   23
141   3   1   4
141   3   2   11
141   3   3   23
141   3   4   22
141   3   5   23
141   3   6   22
141   3   7   16
141   4   1   8
141   4   2   21
141   4   3   31
141   4   4   31
141   4   5   24
141   4   6   6
142   1   1   5
142   1   2   18
142   1   3   26
142   1   4   27
142   1   5   24
142   1   6   28
142   1   7   27
142   1   8   28
142   1   9   22
142   2   1   13
142   2   2   44
142   2   3   51
142   2   4   43
142   2   5   31
142   2   6   23
142   3   1   9
142   3   2   23
142   3   3   34
142   3   4   38
142   3   5   38
142   3   6   30
142   3   7   19
142   3   8   14
142   4   1   18
142   4   2   43
142   4   3   43
142   4   4   48
142   4   5   32
142   4   6   15
142   4   7   6
143   1   1   10
143   1   2   13
143   1   3   24
143   1   4   8
143   2   1   13
143   2   2   17
143   2   3   11
143   2   4   14
143   3   1   10
143   3   2   18
143   3   3   16
143   3   4   11
143   4   1   11
143   4   2   18
143   4   3   13
143   4   4   8
143   4   5   5
144   1   1   14
144   1   2   14
144   1   3   11
144   1   4   8
144   1   5   6
144   2   1   11
144   2   2   16
144   2   3   14
144   2   4   12
144   3   1   7
144   3   2   19
144   3   3   20
144   3   4   7
144   4   1   11
144   4   2   19
144   4   3   13
144   4   4   10
145   1   1   8
145   1   2   12
145   1   3   20
145   1   4   22
145   1   5   27
145   1   6   24
145   1   7   13
145   1   8   5
145   2   1   9
145   2   2   24
145   2   3   33
145   2   4   30
145   2   5   27
145   2   6   8
145   3   1   5
145   3   2   22
145   3   3   38
145   3   4   35
145   3   5   31
145   4   1   8
145   4   2   16
145   4   3   21
145   4   4   21
145   4   5   19
145   4   6   21
145   4   7   18
145   4   8   7
146   1   1   17
146   1   2   17
146   1   3   18
146   1   4   17
146   2   1   16
146   2   2   20
146   2   3   18
146   2   4   10
146   2   5   5
146   3   1   6
146   3   2   11
146   3   3   16
146   3   4   18
146   3   5   18
146   4   1   15
146   4   2   22
146   4   3   20
146   4   4   12
147   1   1   24
147   1   2   42
147   1   3   41
147   1   4   21
147   1   5   5
147   2   1   19
147   2   2   20
147   2   3   27
147   2   4   27
147   2   5   24
147   2   6   16
147   3   1   17
147   3   2   24
147   3   3   28
147   3   4   24
147   3   5   21
147   3   6   19
147   4   1   19
147   4   2   24
147   4   3   29
147   4   4   22
147   4   5   18
147   4   6   15
147   4   7   6
148   1   1   18
148   1   2   26
148   1   3   23
148   1   4   19
148   2   1   11
148   2   2   16
148   2   3   17
148   2   4   15
148   2   5   16
148   2   6   11
148   3   1   17
148   3   2   26
148   3   3   27
148   3   4   16
148   4   1   8
148   4   2   18
148   4   3   17
148   4   4   18
148   4   5   16
148   4   6   9
149   1   1   11
149   1   2   18
149   1   3   22
149   1   4   28
149   1   5   22
149   1   6   8
149   2   1   11
149   2   2   17
149   2   3   28
149   2   4   22
149   2   5   17
149   2   6   14
149   3   1   25
149   3   2   27
149   3   3   30
149   3   4   27
149   4   1   14
149   4   2   19
149   4   3   20
149   4   4   21
149   4   5   22
149   4   6   13
150   1   1   9
150   1   2   30
150   1   3   36
150   1   4   39
150   1   5   43
150   1   6   35
150   1   7   23
150   1   8   13
150   2   1   32
150   2   2   46
150   2   3   45
150   2   4   34
150   2   5   33
150   2   6   24
150   2   7   14
150   3   1   8
150   3   2   29
150   3   3   36
150   3   4   42
150   3   5   42
150   3   6   36
150   3   7   25
150   3   8   10
150   4   1   29
150   4   2   43
150   4   3   46
150   4   4   42
150   4   5   38
150   4   6   23
150   4   7   7
151   1   1   19
151   1   2   25
151   2   1   5
151   2   2   6
151   2   3   9
151   2   4   11
151   2   5   13
151   3   1   12
151   3   2   10
151   3   3   11
151   3   4   11
151   4   1   10
151   4   2   11
151   4   3   13
151   4   4   10
152   1   1   2
152   1   2   3
152   1   3   5
152   1   4   3
152   1   5   6
152   2   1   9
152   2   2   10
152   3   1   5
152   3   2   5
152   3   3   4
152   3   4   5
152   4   1   9
152   4   2   10
153   1   1   15
153   1   2   18
153   1   3   16
153   1   4   16
153   2   1   7
153   2   2   26
153   2   3   24
153   2   4   8
153   3   1   5
153   3   2   11
153   3   3   16
153   3   4   17
153   3   5   11
153   3   6   5
153   4   1   11
153   4   2   12
153   4   3   13
153   4   4   12
153   4   5   9
153   4   6   8
154   1   1   11
154   1   2   18
154   1   3   13
154   1   4   14
154   2   1   12
154   2   2   19
154   2   3   14
154   2   4   11
154   3   1   9
154   3   2   20
154   3   3   19
154   3   4   8
154   4   1   5
154   4   2   6
154   4   3   16
154   4   4   15
154   4   5   14
155   1   1   9
155   1   2   15
155   1   3   13
155   1   4   11
155   2   1   23
155   2   2   15
155   2   3   10
155   3   1   15
155   3   2   12
155   3   3   9
155   3   4   12
155   4   1   11
155   4   2   15
155   4   3   11
155   4   4   11
156   1   1   6
156   1   2   12
156   1   3   15
156   1   4   20
156   1   5   28
156   1   6   30
156   1   7   11
156   2   1   10
156   2   2   29
156   2   3   30
156   2   4   20
156   2   5   16
156   2   6   12
156   2   7   5
156   3   1   32
156   3   2   35
156   3   3   28
156   3   4   16
156   3   5   11
156   4   1   11
156   4   2   23
156   4   3   32
156   4   4   26
156   4   5   15
156   4   6   11
156   4   7   4
157   1   1   13
157   1   2   21
157   1   3   23
157   1   4   29
157   1   5   23
157   1   6   24
157   1   7   18
157   1   8   16
157   2   1   9
157   2   2   32
157   2   3   42
157   2   4   44
157   2   5   25
157   2   6   15
157   3   1   5
157   3   2   26
157   3   3   25
157   3   4   30
157   3   5   25
157   3   6   25
157   3   7   22
157   3   8   9
157   4   1   16
157   4   2   30
157   4   3   34
157   4   4   40
157   4   5   34
157   4   6   13
158   1   1   19
158   1   2   21
158   1   3   27
158   1   4   28
158   1   5   33
158   1   6   32
158   1   7   23
158   1   8   15
158   2   1   25
158   2   2   33
158   2   3   42
158   2   4   41
158   2   5   31
158   2   6   26
158   3   1   6
158   3   2   14
158   3   3   35
158   3   4   43
158   3   5   46
158   3   6   31
158   3   7   18
158   3   8   5
158   4   1   18
158   4   2   44
158   4   3   46
158   4   4   38
158   4   5   25
158   4   6   19
158   4   7   8
159   1   1   3
159   1   2   2
159   2   1   2
159   2   2   1
159   2   3   2
159   3   1   2
159   3   2   2
159   3   3   1
159   4   1   3
159   4   2   1
159   4   3   1
160   1   1   10
160   1   2   26
160   1   3   23
160   1   4   29
160   1   5   21
160   1   6   11
160   2   1   10
160   2   2   21
160   2   3   30
160   2   4   24
160   2   5   28
160   2   6   7
160   3   1   8
160   3   2   21
160   3   3   34
160   3   4   28
160   3   5   19
160   3   6   10
160   4   1   11
160   4   2   24
160   4   3   29
160   4   4   26
160   4   5   15
160   4   6   15
161   1   1   1
161   2   1   1
161   3   1   1
161   4   1   1
162   1   1   6
162   1   2   17
162   1   3   12
162   1   4   8
162   2   1   22
162   2   2   21
162   3   1   5
162   3   2   5
162   3   3   5
162   3   4   5
162   3   5   5
162   3   6   4
162   3   7   6
162   3   8   8
162   4   1   10
162   4   2   11
162   4   3   11
162   4   4   11
163   1   1   17
163   1   2   20
163   1   3   18
163   1   4   9
163   1   5   6
163   2   1   14
163   2   2   24
163   2   3   17
163   2   4   15
163   3   1   13
163   3   2   18
163   3   3   27
163   3   4   12
163   4   1   9
163   4   2   10
163   4   3   14
163   4   4   15
163   4   5   13
163   4   6   9
164   1   1   10
164   1   2   19
164   1   3   15
164   1   4   11
164   2   1   14
164   2   2   13
164   2   3   18
164   2   4   10
164   3   1   14
164   3   2   11
164   3   3   11
164   3   4   12
164   3   5   7
164   4   1   7
164   4   2   20
164   4   3   19
164   4   4   9
165   1   1   16
165   1   2   32
165   1   3   31
165   1   4   37
165   1   5   28
165   1   6   16
165   2   1   22
165   2   2   27
165   2   3   31
165   2   4   29
165   2   5   28
165   2   6   23
165   3   1   7
165   3   2   15
165   3   3   31
165   3   4   27
165   3   5   30
165   3   6   25
165   3   7   19
165   3   8   6
165   4   1   12
165   4   2   31
165   4   3   35
165   4   4   40
165   4   5   32
165   4   6   10
166   1   1   6
166   1   2   14
166   1   3   24
166   1   4   21
166   1   5   15
166   1   6   6
166   2   1   21
166   2   2   23
166   2   3   22
166   2   4   20
166   3   1   5
166   3   2   18
166   3   3   20
166   3   4   21
166   3   5   16
166   3   6   6
166   4   1   22
166   4   2   23
166   4   3   23
166   4   4   11
166   4   5   7
167   1   1   12
167   1   2   16
167   1   3   22
167   1   4   25
167   1   5   32
167   1   6   29
167   1   7   21
167   1   8   5
167   2   1   32
167   2   2   23
167   2   3   25
167   2   4   37
167   2   5   16
167   2   6   22
167   2   7   7
167   3   1   20
167   3   2   37
167   3   3   34
167   3   4   27
167   3   5   18
167   3   6   11
167   3   7   10
167   3   8   5
167   4   1   38
167   4   2   50
167   4   3   39
167   4   4   22
167   4   5   13
168   1   1   6
168   1   2   14
168   1   3   23
168   1   4   26
168   1   5   14
168   1   6   5
168   2   1   8
168   2   2   16
168   2   3   22
168   2   4   17
168   2   5   16
168   2   6   9
168   3   1   5
168   3   2   14
168   3   3   29
168   3   4   17
168   3   5   18
168   3   6   5
168   4   1   19
168   4   2   23
168   4   3   27
168   4   4   19
169   1   1   13
169   1   2   11
169   2   1   7
169   2   2   4
169   2   3   6
169   2   4   7
169   3   1   6
169   3   2   6
169   3   3   6
169   3   4   6
169   4   1   7
169   4   2   6
169   4   3   6
169   4   4   5
170   1   1   14
170   1   2   21
170   1   3   22
170   1   4   21
170   1   5   17
170   1   6   16
170   2   1   13
170   2   2   19
170   2   3   22
170   2   4   25
170   2   5   20
170   2   6   12
170   3   1   9
170   3   2   19
170   3   3   27
170   3   4   28
170   3   5   21
170   3   6   7
170   4   1   11
170   4   2   16
170   4   3   24
170   4   4   29
170   4   5   26
170   4   6   5
171   1   1   8
171   1   2   8
171   1   3   8
171   1   4   8
171   2   1   7
171   2   2   11
171   2   3   14
171   3   1   6
171   3   2   9
171   3   3   17
171   4   1   7
171   4   2   6
171   4   3   13
171   4   4   6
172   1   1   6
172   1   2   12
172   1   3   25
172   1   4   32
172   1   5   37
172   1   6   25
172   1   7   19
172   2   1   16
172   2   2   27
172   2   3   37
172   2   4   34
172   2   5   29
172   2   6   13
172   3   1   19
172   3   2   30
172   3   3   32
172   3   4   31
172   3   5   24
172   3   6   14
172   3   7   6
172   4   1   21
172   4   2   27
172   4   3   31
172   4   4   28
172   4   5   27
172   4   6   22
173   1   1   7
173   1   2   22
173   1   3   23
173   1   4   26
173   1   5   22
173   1   6   8
173   2   1   5
173   2   2   19
173   2   3   31
173   2   4   28
173   2   5   19
173   2   6   6
173   3   1   11
173   3   2   17
173   3   3   25
173   3   4   25
173   3   5   20
173   3   6   10
173   4   1   11
173   4   2   22
173   4   3   20
173   4   4   22
173   4   5   22
173   4   6   11
174   1   1   13
174   1   2   31
174   1   3   31
174   1   4   44
174   1   5   51
174   1   6   41
174   1   7   31
174   1   8   5
174   2   1   13
174   2   2   33
174   2   3   35
174   2   4   38
174   2   5   39
174   2   6   49
174   2   7   34
174   2   8   6
174   3   1   10
174   3   2   32
174   3   3   39
174   3   4   48
174   3   5   42
174   3   6   33
174   3   7   26
174   3   8   17
174   4   1   8
174   4   2   15
174   4   3   24
174   4   4   32
174   4   5   38
174   4   6   40
174   4   7   43
174   4   8   34
174   4   9   13
175   1   1   15
175   1   2   15
175   1   3   22
175   1   4   29
175   1   5   27
175   1   6   8
175   2   1   12
175   2   2   19
175   2   3   28
175   2   4   26
175   2   5   17
175   2   6   14
175   3   1   13
175   3   2   19
175   3   3   27
175   3   4   26
175   3   5   16
175   3   6   10
175   3   7   5
175   4   1   10
175   4   2   25
175   4   3   27
175   4   4   23
175   4   5   17
175   4   6   14
176   1   1   6
176   1   2   12
176   1   3   11
176   1   4   6
176   2   1   6
176   2   2   12
176   2   3   11
176   2   4   6
176   3   1   6
176   3   2   11
176   3   3   12
176   3   4   6
176   4   1   12
176   4   2   6
176   4   3   8
176   4   4   6
176   4   5   1
176   4   6   2
177   1   1   11
177   1   2   18
177   1   3   27
177   1   4   27
177   1   5   20
177   1   6   10
177   2   1   9
177   2   2   15
177   2   3   31
177   2   4   30
177   2   5   21
177   2   6   7
177   3   1   15
177   3   2   14
177   3   3   28
177   3   4   26
177   3   5   15
177   3   6   15
177   4   1   10
177   4   2   19
177   4   3   28
177   4   4   26
177   4   5   21
177   4   6   9
178   1   1   10
178   1   2   21
178   1   3   28
178   1   4   29
178   1   5   26
178   1   6   7
178   2   1   10
178   2   2   21
178   2   3   30
178   2   4   28
178   2   5   23
178   2   6   9
178   3   1   21
178   3   2   20
178   3   3   18
178   3   4   22
178   3   5   19
178   3   6   21
178   4   1   14
178   4   2   17
178   4   3   30
178   4   4   30
178   4   5   15
178   4   6   15
179   1   1   14
179   1   2   19
179   1   3   23
179   1   4   14
179   2   1   8
179   2   2   9
179   2   3   16
179   2   4   17
179   2   5   15
179   2   6   5
179   3   1   6
179   3   2   12
179   3   3   17
179   3   4   17
179   3   5   12
179   3   6   6
179   4   1   12
179   4   2   23
179   4   3   22
179   4   4   13
180   1   1   4
180   1   2   5
180   2   1   4
180   2   2   5
180   3   1   5
180   3   2   4
180   4   1   4
180   4   2   5
181   1   1   12
181   1   2   18
181   1   3   24
181   1   4   21
181   1   5   14
181   1   6   14
181   2   1   12
181   2   2   15
181   2   3   21
181   2   4   25
181   2   5   22
181   2   6   8
181   3   1   9
181   3   2   17
181   3   3   24
181   3   4   25
181   3   5   19
181   3   6   9
181   4   1   12
181   4   2   13
181   4   3   21
181   4   4   32
181   4   5   18
181   4   6   7
182   1   1   9
182   1   2   15
182   1   3   16
182   1   4   12
182   1   5   9
182   1   6   5
182   1   7   6
182   2   1   15
182   2   2   22
182   2   3   19
182   2   4   16
182   3   1   13
182   3   2   24
182   3   3   23
182   3   4   12
182   4   1   6
182   4   2   12
182   4   3   20
182   4   4   16
182   4   5   9
182   4   6   9
183   1   1   14
183   1   2   12
183   1   3   8
183   1   4   8
183   1   5   6
183   2   1   11
183   2   2   16
183   2   3   9
183   2   4   12
183   3   1   7
183   3   2   7
183   3   3   9
183   3   4   9
183   3   5   11
183   3   6   5
183   4   1   7
183   4   2   9
183   4   3   5
183   4   4   10
183   4   5   11
183   4   6   6
184   1   1   9
184   1   2   20
184   1   3   17
184   1   4   11
184   2   1   6
184   2   2   7
184   2   3   14
184   2   4   16
184   2   5   14
184   3   1   2
184   3   2   5
184   3   3   10
184   3   4   10
184   3   5   13
184   3   6   17
184   4   1   10
184   4   2   18
184   4   3   17
184   4   4   12
185   1   1   9
185   1   2   25
185   1   3   35
185   1   4   38
185   1   5   36
185   1   6   31
185   1   7   26
185   1   8   11
185   2   1   32
185   2   2   39
185   2   3   40
185   2   4   38
185   2   5   29
185   2   6   20
185   2   7   13
185   3   1   8
185   3   2   20
185   3   3   33
185   3   4   43
185   3   5   44
185   3   6   33
185   3   7   23
185   3   8   7
185   4   1   9
185   4   2   18
185   4   3   32
185   4   4   44
185   4   5   46
185   4   6   35
185   4   7   22
185   4   8   5
186   1   1   6
186   1   2   17
186   1   3   24
186   1   4   25
186   1   5   19
186   1   6   5
186   2   1   13
186   2   2   8
186   2   3   10
186   2   4   13
186   2   5   16
186   2   6   12
186   2   7   18
186   2   8   6
186   3   1   7
186   3   2   15
186   3   3   27
186   3   4   26
186   3   5   17
186   3   6   4
186   4   1   7
186   4   2   16
186   4   3   24
186   4   4   26
186   4   5   18
186   4   6   5
187   1   1   5
187   1   2   13
187   1   3   15
187   1   4   15
187   1   5   18
187   2   1   5
187   2   2   10
187   2   3   19
187   2   4   16
187   2   5   10
187   2   6   6
187   3   1   15
187   3   2   22
187   3   3   14
187   3   4   15
187   4   1   11
187   4   2   20
187   4   3   9
187   4   4   1
187   4   5   5
187   4   6   12
187   4   7   8
188   1   1   17
188   1   2   23
188   1   3   22
188   1   4   16
188   1   5   19
188   1   6   11
188   1   7   5
188   2   1   8
188   2   2   22
188   2   3   25
188   2   4   27
188   2   5   23
188   2   6   8
188   3   1   7
188   3   2   20
188   3   3   26
188   3   4   31
188   3   5   29
188   4   1   11
188   4   2   20
188   4   3   26
188   4   4   22
188   4   5   20
188   4   6   14
189   1   1   9
189   1   2   10
189   1   3   10
189   1   4   7
189   2   1   7
189   2   2   12
189   2   3   12
189   2   4   5
189   3   1   18
189   3   2   13
189   3   3   5
189   4   1   6
189   4   2   14
189   4   3   9
189   4   4   7
190   1   1   7
190   1   2   15
190   1   3   18
190   1   4   16
190   1   5   11
190   1   6   9
190   2   1   6
190   2   2   13
190   2   3   16
190   2   4   22
190   2   5   19
190   3   1   5
190   3   2   15
190   3   3   17
190   3   4   19
190   3   5   20
190   4   1   17
190   4   2   20
190   4   3   24
190   4   4   15
191   1   1   16
191   1   2   23
191   1   3   24
191   1   4   16
191   2   1   16
191   2   2   25
191   2   3   22
191   2   4   16
191   3   1   9
191   3   2   16
191   3   3   20
191   3   4   15
191   3   5   11
191   3   6   8
191   4   1   6
191   4   2   15
191   4   3   19
191   4   4   18
191   4   5   13
191   4   6   8
192   1   1   14
192   1   2   23
192   1   3   27
192   1   4   23
192   1   5   20
192   1   6   16
192   2   1   7
192   2   2   24
192   2   3   30
192   2   4   31
192   2   5   24
192   2   6   7
192   3   1   17
192   3   2   20
192   3   3   23
192   3   4   26
192   3   5   21
192   3   6   16
192   4   1   7
192   4   2   23
192   4   3   32
192   4   4   31
192   4   5   21
192   4   6   9
193   1   1   22
193   1   2   33
193   1   3   31
193   1   4   30
193   1   5   22
193   1   6   13
193   1   7   10
193   2   1   4
193   2   2   12
193   2   3   23
193   2   4   38
193   2   5   40
193   2   6   32
193   2   7   12
193   3   1   21
193   3   2   29
193   3   3   30
193   3   4   31
193   3   5   28
193   3   6   22
193   4   1   7
193   4   2   14
193   4   3   23
193   4   4   33
193   4   5   36
193   4   6   29
193   4   7   19
194   1   1   17
194   1   2   27
194   1   3   30
194   1   4   32
194   1   5   29
194   1   6   18
194   2   1   19
194   2   2   26
194   2   3   33
194   2   4   29
194   2   5   26
194   2   6   20
194   3   1   9
194   3   2   29
194   3   3   37
194   3   4   41
194   3   5   28
194   3   6   9
194   4   1   22
194   4   2   24
194   4   3   31
194   4   4   32
194   4   5   25
194   4   6   14
194   4   7   5
195   1   1   17
195   1   2   15
195   1   3   19
195   1   4   22
195   1   5   21
195   1   6   13
195   2   1   23
195   2   2   32
195   2   3   29
195   2   4   23
195   3   1   19
195   3   2   19
195   3   3   19
195   3   4   16
195   3   5   14
195   3   6   10
195   3   7   10
195   4   1   7
195   4   2   19
195   4   3   25
195   4   4   30
195   4   5   21
195   4   6   5
196   1   1   17
196   1   2   27
196   1   3   36
196   1   4   35
196   1   5   27
196   1   6   16
196   2   1   5
196   2   2   18
196   2   3   26
196   2   4   27
196   2   5   35
196   2   6   27
196   2   7   20
196   3   1   14
196   3   2   17
196   3   3   23
196   3   4   26
196   3   5   22
196   3   6   22
196   3   7   21
196   3   8   13
196   4   1   14
196   4   2   29
196   4   3   35
196   4   4   38
196   4   5   34
196   4   6   8
197   1   1   8
197   1   2   15
197   1   3   19
197   1   4   17
197   1   5   16
197   1   6   7
197   2   1   15
197   2   2   27
197   2   3   27
197   2   4   13
197   3   1   6
197   3   2   17
197   3   3   17
197   3   4   20
197   3   5   16
197   3   6   6
197   4   1   24
197   4   2   19
197   4   3   18
197   4   4   13
197   4   5   8
198   1   1   9
198   1   2   12
198   1   3   15
198   1   4   19
198   1   5   11
198   1   6   8
198   2   1   5
198   2   2   12
198   2   3   18
198   2   4   22
198   2   5   17
198   3   1   17
198   3   2   20
198   3   3   19
198   3   4   18
198   4   1   6
198   4   2   9
198   4   3   15
198   4   4   21
198   4   5   17
198   4   6   6
199   1   1   7
199   1   2   11
199   1   3   7
199   1   4   8
199   2   1   7
199   2   2   11
199   2   3   7
199   2   4   8
199   3   1   8
199   3   2   12
199   3   3   6
199   3   4   7
199   4   1   5
199   4   2   14
199   4   3   8
199   4   4   6
200   1   1   16
200   1   2   17
200   1   3   17
200   1   4   16
200   2   1   10
200   2   2   18
200   2   3   19
200   2   4   19
200   3   1   6
200   3   2   11
200   3   3   14
200   3   4   18
200   3   5   17
200   4   1   18
200   4   2   19
200   4   3   14
200   4   4   10
200   4   5   5
201   1   1   5
201   1   2   13
201   1   3   21
201   1   4   24
201   1   5   27
201   1   6   24
201   1   7   18
201   2   1   13
201   2   2   26
201   2   3   30
201   2   4   25
201   2   5   26
201   2   6   7
201   2   7   5
201   3   1   13
201   3   2   19
201   3   3   32
201   3   4   33
201   3   5   25
201   3   6   10
201   4   1   10
201   4   2   20
201   4   3   36
201   4   4   33
201   4   5   25
201   4   6   8
202   1   1   7
202   1   2   16
202   1   3   21
202   1   4   26
202   1   5   29
202   1   6   25
202   1   7   21
202   2   1   7
202   2   2   15
202   2   3   25
202   2   4   21
202   2   5   27
202   2   6   31
202   2   7   19
202   3   1   14
202   3   2   29
202   3   3   30
202   3   4   33
202   3   5   24
202   3   6   10
202   3   7   5
202   4   1   11
202   4   2   26
202   4   3   33
202   4   4   34
202   4   5   31
202   4   6   10
203   1   1   10
203   1   2   25
203   1   3   34
203   1   4   30
203   1   5   18
203   1   6   14
203   2   1   12
203   2   2   23
203   2   3   31
203   2   4   32
203   2   5   20
203   2   6   13
203   3   1   16
203   3   2   26
203   3   3   30
203   3   4   22
203   3   5   18
203   3   6   12
203   3   7   7
203   4   1   6
203   4   2   12
203   4   3   19
203   4   4   26
203   4   5   27
203   4   6   25
203   4   7   16
204   1   1   9
204   1   2   21
204   1   3   23
204   1   4   29
204   1   5   31
204   1   6   27
204   1   7   15
204   1   8   10
204   2   1   5
204   2   2   17
204   2   3   30
204   2   4   35
204   2   5   28
204   2   6   24
204   2   7   19
204   2   8   7
204   3   1   13
204   3   2   31
204   3   3   40
204   3   4   41
204   3   5   23
204   3   6   17
204   4   1   20
204   4   2   32
204   4   3   40
204   4   4   30
204   4   5   19
204   4   6   13
204   4   7   7
204   4   8   4
205   1   1   12
205   1   2   20
205   1   3   23
205   1   4   13
205   2   1   17
205   2   2   16
205   2   3   18
205   2   4   17
205   3   1   17
205   3   2   21
205   3   3   14
205   3   4   10
205   3   5   6
205   4   1   6
205   4   2   8
205   4   3   21
205   4   4   17
205   4   5   16
206   1   1   18
206   1   2   35
206   1   3   18
206   1   4   4
206   1   5   4
206   2   1   14
206   2   2   12
206   2   3   13
206   2   4   12
206   2   5   14
206   2   6   14
206   3   1   5
206   3   2   10
206   3   3   16
206   3   4   8
206   3   5   13
206   3   6   12
206   3   7   9
206   3   8   6
206   4   1   6
206   4   2   15
206   4   3   18
206   4   4   18
206   4   5   15
206   4   6   7
207   1   1   5
207   1   2   12
207   1   3   29
207   1   4   29
207   1   5   19
207   2   1   6
207   2   2   18
207   2   3   21
207   2   4   23
207   2   5   19
207   2   6   7
207   3   1   9
207   3   2   16
207   3   3   19
207   3   4   24
207   3   5   19
207   3   6   7
207   4   1   6
207   4   2   16
207   4   3   25
207   4   4   24
207   4   5   23
208   1   1   19
208   1   2   22
208   1   3   20
208   1   4   12
208   1   5   6
208   2   1   8
208   2   2   13
208   2   3   18
208   2   4   19
208   2   5   14
208   2   6   7
208   3   1   8
208   3   2   13
208   3   3   24
208   3   4   13
208   3   5   11
208   3   6   10
208   4   1   5
208   4   2   10
208   4   3   22
208   4   4   26
208   4   5   16
209   1   1   1
209   2   1   1
209   3   1   1
209   4   1   1
210   1   1   15
210   1   2   17
210   1   3   23
210   1   4   13
210   2   1   16
210   2   2   19
210   2   3   18
210   2   4   10
210   2   5   5
210   3   1   13
210   3   2   18
210   3   3   26
210   3   4   11
210   4   1   8
210   4   2   16
210   4   3   15
210   4   4   14
210   4   5   9
210   4   6   6
211   1   1   17
211   1   2   35
211   1   3   44
211   1   4   44
211   1   5   47
211   1   6   40
211   1   7   33
211   1   8   20
211   2   1   5
211   2   2   20
211   2   3   33
211   2   4   39
211   2   5   41
211   2   6   44
211   2   7   41
211   2   8   33
211   2   9   19
211   2   10   5
211   3   1   12
211   3   2   26
211   3   3   35
211   3   4   57
211   3   5   62
211   3   6   61
211   3   7   27
211   4   1   16
211   4   2   37
211   4   3   41
211   4   4   50
211   4   5   48
211   4   6   40
211   4   7   26
211   4   8   15
211   4   9   7
212   1   1   12
212   1   2   17
212   1   3   22
212   1   4   28
212   1   5   26
212   1   6   19
212   1   7   14
212   1   8   5
212   2   1   19
212   2   2   21
212   2   3   29
212   2   4   32
212   2   5   27
212   2   6   15
212   3   1   11
212   3   2   24
212   3   3   37
212   3   4   34
212   3   5   27
212   3   6   10
212   4   1   7
212   4   2   32
212   4   3   39
212   4   4   27
212   4   5   22
212   4   6   16
213   1   1   7
213   1   2   28
213   1   3   23
213   1   4   9
213   2   1   18
213   2   2   19
213   2   3   13
213   2   4   11
213   2   5   6
213   3   1   5
213   3   2   12
213   3   3   16
213   3   4   18
213   3   5   10
213   3   6   6
213   4   1   5
213   4   2   12
213   4   3   16
213   4   4   16
213   4   5   18
214   1   1   12
214   1   2   35
214   1   3   36
214   1   4   34
214   1   5   27
214   1   6   17
214   2   1   16
214   2   2   27
214   2   3   36
214   2   4   37
214   2   5   29
214   2   6   16
214   3   1   17
214   3   2   28
214   3   3   34
214   3   4   38
214   3   5   27
214   3   6   17
214   4   1   10
214   4   2   15
214   4   3   25
214   4   4   27
214   4   5   29
214   4   6   28
214   4   7   27
215   1   1   10
215   1   2   15
215   1   3   25
215   1   4   19
215   1   5   24
215   1   6   6
215   2   1   6
215   2   2   19
215   2   3   24
215   2   4   26
215   2   5   18
215   2   6   6
215   3   1   23
215   3   2   30
215   3   3   24
215   3   4   16
215   3   5   6
215   4   1   10
215   4   2   10
215   4   3   14
215   4   4   16
215   4   5   19
215   4   6   15
215   4   7   15
216   1   1   13
216   1   2   10
216   2   1   10
216   2   2   13
216   3   1   13
216   3   2   5
216   3   3   5
216   4   1   11
216   4   2   12
217   1   1   14
217   1   2   13
217   1   3   43
217   1   4   31
217   1   5   33
217   1   6   49
217   1   7   12
217   1   8   8
217   1   9   3
217   2   1   10
217   2   2   23
217   2   3   33
217   2   4   40
217   2   5   37
217   2   6   29
217   2   7   22
217   2   8   12
217   3   1   11
217   3   2   26
217   3   3   33
217   3   4   32
217   3   5   35
217   3   6   34
217   3   7   24
217   3   8   11
217   4   1   16
217   4   2   48
217   4   3   48
217   4   4   36
217   4   5   29
217   4   6   22
217   4   7   7
218   1   1   13
218   1   2   11
218   1   3   14
218   1   4   15
218   1   5   15
218   1   6   11
218   2   1   13
218   2   2   14
218   2   3   15
218   2   4   13
218   2   5   14
218   2   6   10
218   3   1   16
218   3   2   24
218   3   3   22
218   3   4   17
218   4   1   15
218   4   2   24
218   4   3   23
218   4   4   17
219   1   1   7
219   1   2   17
219   1   3   20
219   1   4   17
219   1   5   19
219   1   6   11
219   1   7   11
219   1   8   14
219   2   1   16
219   2   2   17
219   2   3   27
219   2   4   20
219   2   5   21
219   2   6   15
219   3   1   9
219   3   2   21
219   3   3   31
219   3   4   26
219   3   5   17
219   3   6   12
219   4   1   27
219   4   2   32
219   4   3   30
219   4   4   19
219   4   5   8
220   1   1   10
220   1   2   20
220   1   3   26
220   1   4   22
220   1   5   23
220   1   6   9
220   2   1   18
220   2   2   21
220   2   3   18
220   2   4   18
220   2   5   15
220   2   6   14
220   2   7   6
220   3   1   20
220   3   2   36
220   3   3   33
220   3   4   21
220   4   1   8
220   4   2   22
220   4   3   27
220   4   4   26
220   4   5   20
220   4   6   7
221   1   1   11
221   1   2   18
221   1   3   19
221   1   4   12
221   2   1   12
221   2   2   18
221   2   3   19
221   2   4   11
221   3   1   7
221   3   2   14
221   3   3   10
221   3   4   11
221   3   5   7
221   3   6   11
221   4   1   10
221   4   2   22
221   4   3   18
221   4   4   10
222   1   1   9
222   1   2   16
222   1   3   21
222   1   4   21
222   1   5   16
222   1   6   8
222   2   1   6
222   2   2   18
222   2   3   25
222   2   4   20
222   2   5   12
222   2   6   10
222   3   1   6
222   3   2   18
222   3   3   23
222   3   4   20
222   3   5   17
222   3   6   7
222   4   1   18
222   4   2   29
222   4   3   25
222   4   4   19
223   1   1   13
223   1   2   11
223   1   3   13
223   1   4   12
223   2   1   7
223   2   2   18
223   2   3   17
223   2   4   7
223   3   1   6
223   3   2   20
223   3   3   16
223   3   4   7
223   4   1   14
223   4   2   11
223   4   3   12
223   4   4   7
223   4   5   5
224   1   1   1
224   2   1   1
224   3   1   1
224   4   1   1
225   1   1   11
225   1   2   17
225   1   3   21
225   1   4   27
225   1   5   21
225   1   6   9
225   2   1   26
225   2   2   29
225   2   3   28
225   2   4   17
225   2   5   6
225   3   1   8
225   3   2   20
225   3   3   24
225   3   4   28
225   3   5   18
225   3   6   8
225   4   1   7
225   4   2   24
225   4   3   24
225   4   4   22
225   4   5   19
225   4   6   10
226   1   1   12
226   1   2   9
226   1   3   11
226   1   4   7
226   1   5   5
226   2   1   23
226   2   2   21
226   3   1   9
226   3   2   13
226   3   3   13
226   3   4   9
226   4   1   13
226   4   2   9
226   4   3   10
226   4   4   12
227   1   1   7
227   1   2   5
227   2   1   8
227   2   2   3
227   2   3   1
227   3   1   6
227   3   2   5
227   3   3   1
227   4   1   8
227   4   2   4
228   1   1   5
228   1   2   12
228   1   3   9
228   1   4   5
228   2   1   9
228   2   2   8
228   2   3   6
228   2   4   8
228   3   1   8
228   3   2   8
228   3   3   8
228   3   4   7
228   4   1   9
228   4   2   8
228   4   3   8
228   4   4   6
229   1   1   10
229   1   2   32
229   1   3   51
229   1   4   55
229   1   5   46
229   1   6   38
229   1   7   36
229   1   8   15
229   2   1   10
229   2   2   31
229   2   3   45
229   2   4   50
229   2   5   60
229   2   6   49
229   2   7   38
229   3   1   6
229   3   2   19
229   3   3   36
229   3   4   39
229   3   5   40
229   3   6   45
229   3   7   37
229   3   8   34
229   3   9   27
229   4   1   18
229   4   2   31
229   4   3   41
229   4   4   51
229   4   5   49
229   4   6   46
229   4   7   28
229   4   8   19
230   1   1   6
230   1   2   9
230   1   3   7
230   1   4   7
230   2   1   15
230   2   2   9
230   2   3   5
230   3   1   5
230   3   2   10
230   3   3   9
230   3   4   5
230   4   1   6
230   4   2   8
230   4   3   9
230   4   4   6
231   1   1   11
231   1   2   24
231   1   3   32
231   1   4   43
231   1   5   45
231   1   6   37
231   1   7   25
231   1   8   9
231   2   1   15
231   2   2   28
231   2   3   33
231   2   4   36
231   2   5   39
231   2   6   34
231   2   7   24
231   2   8   17
231   3   1   19
231   3   2   30
231   3   3   37
231   3   4   32
231   3   5   33
231   3   6   25
231   3   7   25
231   3   8   15
231   3   9   10
231   4   1   16
231   4   2   49
231   4   3   54
231   4   4   47
231   4   5   37
231   4   6   23
232   1   1   5
232   1   2   12
232   1   3   16
232   1   4   21
232   1   5   16
232   2   1   16
232   2   2   20
232   2   3   18
232   2   4   16
232   3   1   10
232   3   2   25
232   3   3   24
232   3   4   11
232   4   1   9
232   4   2   10
232   4   3   15
232   4   4   14
232   4   5   14
232   4   6   8
233   1   1   14
233   1   2   16
233   1   3   19
233   1   4   13
233   2   1   10
233   2   2   23
233   2   3   18
233   2   4   11
233   3   1   16
233   3   2   17
233   3   3   14
233   3   4   15
233   4   1   15
233   4   2   17
233   4   3   14
233   4   4   16
234   1   1   5
234   1   2   15
234   1   3   23
234   1   4   22
234   1   5   22
234   2   1   17
234   2   2   28
234   2   3   24
234   2   4   18
234   3   1   10
234   3   2   18
234   3   3   17
234   3   4   20
234   3   5   10
234   3   6   12
234   4   1   6
234   4   2   15
234   4   3   25
234   4   4   19
234   4   5   13
234   4   6   9
235   1   1   8
235   1   2   13
235   1   3   11
235   1   4   17
235   1   5   13
235   1   6   8
235   2   1   10
235   2   2   24
235   2   3   25
235   2   4   11
235   3   1   7
235   3   2   12
235   3   3   16
235   3   4   14
235   3   5   15
235   3   6   6
235   4   1   21
235   4   2   16
235   4   3   15
235   4   4   12
235   4   5   6
236   1   1   15
236   1   2   38
236   1   3   40
236   1   4   37
236   1   5   26
236   1   6   14
236   1   7   5
236   2   1   21
236   2   2   31
236   2   3   38
236   2   4   38
236   2   5   23
236   2   6   17
236   2   7   7
236   3   1   24
236   3   2   31
236   3   3   35
236   3   4   31
236   3   5   31
236   3   6   18
236   3   7   5
236   4   1   15
236   4   2   19
236   4   3   23
236   4   4   26
236   4   5   39
236   4   6   20
236   4   7   18
236   4   8   15
237   1   1   11
237   1   2   14
237   1   3   16
237   1   4   18
237   1   5   15
237   1   6   10
237   2   1   6
237   2   2   15
237   2   3   20
237   2   4   22
237   2   5   11
237   2   6   10
237   3   1   16
237   3   2   28
237   3   3   24
237   3   4   16
237   4   1   3
237   4   2   17
237   4   3   23
237   4   4   22
237   4   5   14
237   4   6   5
238   1   1   15
238   1   2   17
238   1   3   15
238   1   4   15
238   2   1   6
238   2   2   11
238   2   3   14
238   2   4   15
238   2   5   9
238   2   6   7
238   3   1   6
238   3   2   10
238   3   3   15
238   3   4   13
238   3   5   10
238   3   6   8
238   4   1   7
238   4   2   21
238   4   3   27
238   4   4   7
239   1   1   4
239   1   2   9
239   1   3   8
239   1   4   7
239   2   1   7
239   2   2   6
239   2   3   10
239   2   4   5
239   3   1   14
239   3   2   14
239   4   1   9
239   4   2   5
239   4   3   4
239   4   4   10
240   1   1   7
240   1   2   28
240   1   3   40
240   1   4   30
240   1   5   23
240   1   6   11
240   2   1   11
240   2   2   32
240   2   3   29
240   2   4   28
240   2   5   25
240   2   6   14
240   3   1   7
240   3   2   19
240   3   3   19
240   3   4   21
240   3   5   24
240   3   6   26
240   3   7   23
240   4   1   20
240   4   2   24
240   4   3   31
240   4   4   25
240   4   5   21
240   4   6   11
240   4   7   7
241   1   1   5
241   1   2   30
241   1   3   39
241   1   4   32
241   1   5   19
241   1   6   12
241   2   1   12
241   2   2   23
241   2   3   32
241   2   4   32
241   2   5   27
241   2   6   11
241   3   1   14
241   3   2   16
241   3   3   17
241   3   4   22
241   3   5   21
241   3   6   17
241   3   7   16
241   3   8   14
241   4   1   19
241   4   2   26
241   4   3   29
241   4   4   25
241   4   5   17
241   4   6   10
241   4   7   11
242   1   1   6
242   1   2   19
242   1   3   28
242   1   4   40
242   1   5   44
242   1   6   46
242   1   7   33
242   1   8   28
242   1   9   20
242   1   10   9
242   2   1   16
242   2   2   32
242   2   3   43
242   2   4   46
242   2   5   46
242   2   6   41
242   2   7   32
242   2   8   17
242   3   1   11
242   3   2   21
242   3   3   47
242   3   4   61
242   3   5   51
242   3   6   47
242   3   7   23
242   3   8   12
242   4   1   11
242   4   2   29
242   4   3   43
242   4   4   51
242   4   5   55
242   4   6   44
242   4   7   31
242   4   8   9
243   1   1   22
243   1   2   27
243   1   3   24
243   1   4   22
243   2   1   6
243   2   2   19
243   2   3   23
243   2   4   23
243   2   5   17
243   2   6   7
243   3   1   14
243   3   2   19
243   3   3   18
243   3   4   14
243   3   5   13
243   3   6   17
243   4   1   7
243   4   2   16
243   4   3   25
243   4   4   23
243   4   5   18
243   4   6   6
244   1   1   6
244   1   2   10
244   1   3   11
244   1   4   6
244   2   1   7
244   2   2   10
244   2   3   8
244   2   4   8
244   3   1   6
244   3   2   11
244   3   3   9
244   3   4   7
244   4   1   6
244   4   2   11
244   4   3   10
244   4   4   6
245   1   1   15
245   1   2   15
245   1   3   12
245   1   4   13
245   2   1   14
245   2   2   15
245   2   3   12
245   2   4   14
245   3   1   4
245   3   2   4
245   3   3   7
245   3   4   8
245   3   5   15
245   3   6   12
245   3   7   5
245   4   1   7
245   4   2   23
245   4   3   18
245   4   4   7
246   1   1   3
246   1   2   12
246   1   3   23
246   1   4   33
246   1   5   45
246   1   6   36
246   1   7   6
246   2   1   18
246   2   2   28
246   2   3   35
246   2   4   33
246   2   5   25
246   2   6   19
246   3   1   6
246   3   2   14
246   3   3   23
246   3   4   32
246   3   5   39
246   3   6   27
246   3   7   13
246   3   8   4
246   4   1   5
246   4   2   10
246   4   3   15
246   4   4   20
246   4   5   25
246   4   6   28
246   4   7   25
246   4   8   20
246   4   9   10
247   1   1   14
247   1   2   24
247   1   3   22
247   1   4   14
247   2   1   5
247   2   2   12
247   2   3   20
247   2   4   19
247   2   5   18
247   3   1   10
247   3   2   12
247   3   3   12
247   3   4   17
247   3   5   23
247   4   1   18
247   4   2   17
247   4   3   21
247   4   4   18
