1   1   1   17
1   1   2   23
1   1   3   23
1   1   4   24
1   1   5   24
1   1   6   17
1   2   1   7
1   2   2   25
1   2   3   31
1   2   4   35
1   2   5   25
1   2   6   5
1   3   1   12
1   3   2   20
1   3   3   32
1   3   4   33
1   3   5   20
1   3   6   11
1   4   1   12
1   4   2   22
1   4   3   33
1   4   4   23
1   4   5   24
1   4   6   14
2   1   1   13
2   1   2   27
2   1   3   33
2   1   4   27
2   1   5   23
2   1   6   16
2   2   1   13
2   2   2   28
2   2   3   33
2   2   4   26
2   2   5   23
2   2   6   16
2   3   1   6
2   3   2   13
2   3   3   22
2   3   4   26
2   3   5   28
2   3   6   27
2   3   7   17
2   4   1   13
2   4   2   22
2   4   3   35
2   4   4   33
2   4   5   25
2   4   6   11
3   1   1   11
3   1   2   24
3   1   3   22
3   1   4   12
3   2   1   17
3   2   2   18
3   2   3   19
3   2   4   10
3   2   5   5
3   3   1   13
3   3   2   21
3   3   3   22
3   3   4   13
3   4   1   6
3   4   2   14
3   4   3   11
3   4   4   19
3   4   5   19
4   1   1   18
4   1   2   23
4   1   3   18
4   1   4   14
4   1   5   5
4   2   1   2
4   2   2   6
4   2   3   11
4   2   4   18
4   2   5   19
4   2   6   16
4   2   7   6
4   3   1   17
4   3   2   25
4   3   3   18
4   3   4   13
4   3   5   5
4   4   1   8
4   4   2   9
4   4   3   20
4   4   4   22
4   4   5   19
5   1   1   14
5   1   2   18
5   1   3   17
5   1   4   13
5   2   1   10
5   2   2   20
5   2   3   22
5   2   4   10
5   3   1   15
5   3   2   15
5   3   3   17
5   3   4   15
5   4   1   12
5   4   2   21
5   4   3   14
5   4   4   15
6   1   1   13
6   1   2   18
6   1   3   13
6   1   4   12
6   2   1   15
6   2   2   14
6   2   3   14
6   2   4   13
6   3   1   13
6   3   2   16
6   3   3   15
6   3   4   12
6   4   1   11
6   4   2   21
6   4   3   16
6   4   4   8
7   1   1   19
7   1   2   11
7   1   3   6
7   2   1   5
7   2   2   11
7   2   3   20
7   3   1   8
7   3   2   9
7   3   3   10
7   3   4   9
7   4   1   8
7   4   2   10
7   4   3   12
7   4   4   6
8   1   1   15
8   1   2   20
8   1   3   22
8   1   4   24
8   1   5   19
8   1   6   15
8   2   1   21
8   2   2   39
8   2   3   32
8   2   4   23
8   3   1   7
8   3   2   24
8   3   3   30
8   3   4   25
8   3   5   18
8   3   6   11
8   4   1   15
8   4   2   22
8   4   3   25
8   4   4   19
8   4   5   16
8   4   6   11
8   4   7   7
9   1   1   8
9   1   2   16
9   1   3   15
9   1   4   8
9   2   1   9
9   2   2   15
9   2   3   16
9   2   4   7
9   3   1   8
9   3   2   13
9   3   3   16
9   3   4   10
9   4   1   11
9   4   2   14
9   4   3   11
9   4   4   11
10   1   1   16
10   1   2   25
10   1   3   29
10   1   4   17
10   2   1   8
10   2   2   14
10   2   3   19
10   2   4   23
10   2   5   18
10   2   6   5
10   3   1   7
10   3   2   17
10   3   3   21
10   3   4   18
10   3   5   15
10   3   6   9
10   4   1   6
10   4   2   17
10   4   3   19
10   4   4   22
10   4   5   17
10   4   6   6
11   1   1   5
11   1   2   21
11   1   3   32
11   1   4   32
11   1   5   26
11   2   1   17
11   2   2   17
11   2   3   20
11   2   4   25
11   2   5   24
11   2   6   13
11   3   1   4
11   3   2   6
11   3   3   11
11   3   4   17
11   3   5   19
11   3   6   18
11   3   7   18
11   3   8   16
11   3   9   7
11   4   1   24
11   4   2   37
11   4   3   30
11   4   4   20
11   4   5   5
12   1   1   10
12   1   2   24
12   1   3   19
12   1   4   26
12   1   5   15
12   1   6   14
12   2   1   7
12   2   2   19
12   2   3   27
12   2   4   29
12   2   5   20
12   2   6   6
12   3   1   8
12   3   2   19
12   3   3   24
12   3   4   30
12   3   5   22
12   3   6   5
12   4   1   10
12   4   2   19
12   4   3   27
12   4   4   24
12   4   5   15
12   4   6   13
13   1   1   12
13   1   2   18
13   1   3   24
13   1   4   22
13   1   5   20
13   1   6   11
13   2   1   13
13   2   2   20
13   2   3   23
13   2   4   19
13   2   5   17
13   2   6   15
13   3   1   16
13   3   2   16
13   3   3   21
13   3   4   22
13   3   5   17
13   3   6   10
13   3   7   5
13   4   1   21
13   4   2   31
13   4   3   35
13   4   4   20
14   1   1   6
14   1   2   16
14   1   3   16
14   1   4   14
14   1   5   13
14   1   6   8
14   2   1   17
14   2   2   21
14   2   3   16
14   2   4   19
14   3   1   6
14   3   2   22
14   3   3   23
14   3   4   22
14   4   1   18
14   4   2   18
14   4   3   20
14   4   4   17
15   1   1   9
15   1   2   13
15   1   3   11
15   1   4   8
15   2   1   7
15   2   2   11
15   2   3   17
15   2   4   6
15   3   1   7
15   3   2   12
15   3   3   13
15   3   4   9
15   4   1   5
15   4   2   17
15   4   3   13
15   4   4   6
16   1   1   20
16   1   2   17
16   1   3   19
16   1   4   15
16   1   5   5
16   2   1   16
16   2   2   22
16   2   3   23
16   2   4   15
16   3   1   5
16   3   2   13
16   3   3   19
16   3   4   22
16   3   5   17
16   4   1   5
16   4   2   13
16   4   3   17
16   4   4   23
16   4   5   18
17   1   1   8
17   1   2   14
17   1   3   14
17   1   4   19
17   1   5   16
17   1   6   7
17   2   1   17
17   2   2   24
17   2   3   19
17   2   4   18
17   3   1   19
17   3   2   21
17   3   3   20
17   3   4   12
17   3   5   6
17   4   1   6
17   4   2   13
17   4   3   20
17   4   4   20
17   4   5   13
17   4   6   6
18   1   1   20
18   1   2   16
18   1   3   17
18   1   4   20
18   2   1   5
18   2   2   11
18   2   3   19
18   2   4   21
18   2   5   17
18   3   1   14
18   3   2   21
18   3   3   22
18   3   4   16
18   4   1   15
18   4   2   22
18   4   3   20
18   4   4   12
18   4   5   4
19   1   1   18
19   1   2   19
19   1   3   21
19   1   4   17
19   2   1   5
19   2   2   16
19   2   3   18
19   2   4   18
19   2   5   12
19   2   6   6
19   3   1   20
19   3   2   19
19   3   3   17
19   3   4   19
19   4   1   17
19   4   2   20
19   4   3   22
19   4   4   11
19   4   5   5
20   1   1   5
20   1   2   11
20   1   3   21
20   1   4   24
20   1   5   17
20   2   1   5
20   2   2   12
20   2   3   19
20   2   4   24
20   2   5   18
20   3   1   6
20   3   2   16
20   3   3   16
20   3   4   18
20   3   5   16
20   3   6   6
20   4   1   8
20   4   2   13
20   4   3   15
20   4   4   20
20   4   5   17
20   4   6   5
21   1   1   5
21   1   2   14
21   1   3   24
21   1   4   25
21   1   5   20
21   2   1   7
21   2   2   19
21   2   3   21
21   2   4   19
21   2   5   12
21   2   6   6
21   2   7   4
21   3   1   5
21   3   2   16
21   3   3   23
21   3   4   23
21   3   5   13
21   3   6   8
21   4   1   20
21   4   2   29
21   4   3   22
21   4   4   11
21   4   5   6
22   1   1   5
22   1   2   13
22   1   3   11
22   1   4   6
22   2   1   7
22   2   2   11
22   2   3   11
22   2   4   6
22   3   1   8
22   3   2   8
22   3   3   14
22   3   4   5
22   4   1   6
22   4   2   11
22   4   3   12
22   4   4   6
23   1   1   15
23   1   2   18
23   1   3   25
23   1   4   27
23   1   5   28
23   1   6   9
23   2   1   11
23   2   2   23
23   2   3   30
23   2   4   26
23   2   5   18
23   2   6   14
23   3   1   6
23   3   2   24
23   3   3   34
23   3   4   29
23   3   5   20
23   3   6   9
23   4   1   3
23   4   2   12
23   4   3   19
23   4   4   27
23   4   5   27
23   4   6   22
23   4   7   12
24   1   1   9
24   1   2   14
24   1   3   12
24   1   4   9
24   2   1   8
24   2   2   12
24   2   3   13
24   2   4   11
24   3   1   11
24   3   2   12
24   3   3   9
24   3   4   12
24   4   1   23
24   4   2   16
24   4   3   5
25   1   1   15
25   1   2   24
25   1   3   17
25   1   4   10
25   1   5   5
25   2   1   14
25   2   2   20
25   2   3   22
25   2   4   15
25   3   1   15
25   3   2   21
25   3   3   21
25   3   4   14
25   4   1   7
25   4   2   9
25   4   3   20
25   4   4   16
25   4   5   14
25   4   6   5
26   1   1   11
26   1   2   14
26   1   3   17
26   1   4   10
26   2   1   11
26   2   2   14
26   2   3   15
26   2   4   12
26   3   1   11
26   3   2   14
26   3   3   16
26   3   4   11
26   4   1   4
26   4   2   6
26   4   3   11
26   4   4   22
26   4   5   9
27   1   1   7
27   1   2   12
27   1   3   24
27   1   4   28
27   1   5   35
27   1   6   33
27   1   7   17
27   2   1   18
27   2   2   27
27   2   3   34
27   2   4   36
27   2   5   23
27   2   6   12
27   2   7   6
27   3   1   20
27   3   2   33
27   3   3   28
27   3   4   27
27   3   5   24
27   3   6   16
27   3   7   8
27   4   1   14
27   4   2   30
27   4   3   37
27   4   4   30
27   4   5   30
27   4   6   15
28   1   1   10
28   1   2   28
28   1   3   35
28   1   4   32
28   1   5   22
28   1   6   15
28   2   1   16
28   2   2   26
28   2   3   33
28   2   4   28
28   2   5   20
28   2   6   19
28   3   1   16
28   3   2   22
28   3   3   30
28   3   4   36
28   3   5   25
28   3   6   13
28   4   1   15
28   4   2   17
28   4   3   44
28   4   4   22
28   4   5   34
28   4   6   10
29   1   1   10
29   1   2   14
29   1   3   12
29   1   4   13
29   2   1   7
29   2   2   17
29   2   3   18
29   2   4   7
29   3   1   10
29   3   2   15
29   3   3   11
29   3   4   8
29   3   5   5
29   4   1   12
29   4   2   15
29   4   3   11
29   4   4   11
30   1   1   18
30   1   2   17
30   1   3   14
30   1   4   13
30   1   5   5
30   2   1   8
30   2   2   12
30   2   3   17
30   2   4   14
30   2   5   16
30   3   1   12
30   3   2   18
30   3   3   26
30   3   4   11
30   4   1   14
30   4   2   19
30   4   3   21
30   4   4   13
31   1   1   7
31   1   2   24
31   1   3   20
31   1   4   8
31   2   1   9
31   2   2   8
31   2   3   10
31   2   4   14
31   2   5   10
31   2   6   8
31   3   1   11
31   3   2   21
31   3   3   12
31   3   4   15
31   4   1   4
31   4   2   9
31   4   3   15
31   4   4   18
31   4   5   13
32   1   1   13
32   1   2   19
32   1   3   26
32   1   4   23
32   1   5   23
32   1   6   25
32   1   7   22
32   1   8   12
32   2   1   5
32   2   2   33
32   2   3   45
32   2   4   38
32   2   5   31
32   2   6   11
32   3   1   20
32   3   2   30
32   3   3   36
32   3   4   30
32   3   5   23
32   3   6   17
32   3   7   7
32   4   1   18
32   4   2   32
32   4   3   32
32   4   4   30
32   4   5   34
32   4   6   17
33   1   1   20
33   1   2   24
33   1   3   23
33   1   4   18
33   2   1   20
33   2   2   23
33   2   3   23
33   2   4   19
33   3   1   7
33   3   2   18
33   3   3   20
33   3   4   16
33   3   5   14
33   3   6   10
33   4   1   24
33   4   2   21
33   4   3   18
33   4   4   14
33   4   5   8
34   1   1   6
34   1   2   19
34   1   3   28
34   1   4   25
34   1   5   20
34   1   6   6
34   2   1   10
34   2   2   17
34   2   3   23
34   2   4   27
34   2   5   18
34   2   6   9
34   3   1   23
34   3   2   29
34   3   3   29
34   3   4   18
34   3   5   5
34   4   1   12
34   4   2   16
34   4   3   24
34   4   4   21
34   4   5   19
34   4   6   12
35   1   1   12
35   1   2   15
35   1   3   17
35   1   4   11
35   2   1   5
35   2   2   9
35   2   3   13
35   2   4   13
35   2   5   10
35   2   6   5
35   3   1   10
35   3   2   14
35   3   3   22
35   3   4   9
35   4   1   11
35   4   2   16
35   4   3   17
35   4   4   11
36   1   1   12
36   1   2   15
36   1   3   18
36   1   4   15
36   2   1   14
36   2   2   17
36   2   3   15
36   2   4   14
36   3   1   7
36   3   2   25
36   3   3   20
36   3   4   8
36   4   1   15
36   4   2   15
36   4   3   16
36   4   4   14
37   1   1   10
37   1   2   11
37   2   1   10
37   2   2   11
37   3   1   11
37   3   2   10
37   4   1   11
37   4   2   10
38   1   1   22
38   1   2   23
38   1   3   20
38   1   4   13
38   1   5   8
38   2   1   22
38   2   2   22
38   2   3   20
38   2   4   22
38   3   1   8
38   3   2   12
38   3   3   21
38   3   4   23
38   3   5   16
38   3   6   6
38   4   1   9
38   4   2   13
38   4   3   20
38   4   4   20
38   4   5   17
38   4   6   7
39   1   1   13
39   1   2   7
39   1   3   4
39   2   1   12
39   2   2   8
39   2   3   4
39   3   1   14
39   3   2   5
39   3   3   5
39   4   1   4
39   4   2   6
39   4   3   14
40   1   1   7
40   1   2   17
40   1   3   18
40   1   4   17
40   1   5   12
40   1   6   10
40   2   1   16
40   2   2   22
40   2   3   26
40   2   4   17
40   3   1   6
40   3   2   15
40   3   3   21
40   3   4   17
40   3   5   13
40   3   6   9
40   4   1   17
40   4   2   23
40   4   3   25
40   4   4   16
41   1   1   7
41   1   2   11
41   1   3   16
41   1   4   19
41   1   5   20
41   2   1   17
41   2   2   19
41   2   3   21
41   2   4   16
41   3   1   21
41   3   2   16
41   3   3   18
41   3   4   12
41   3   5   6
41   4   1   13
41   4   2   25
41   4   3   23
41   4   4   12
42   1   1   10
42   1   2   18
42   1   3   27
42   1   4   23
42   1   5   21
42   1   6   9
42   2   1   14
42   2   2   19
42   2   3   19
42   2   4   25
42   2   5   17
42   2   6   14
42   3   1   9
42   3   2   22
42   3   3   26
42   3   4   22
42   3   5   17
42   3   6   12
42   4   1   27
42   4   2   25
42   4   3   33
42   4   4   23
43   1   1   7
43   1   2   11
43   1   3   16
43   1   4   14
43   1   5   9
43   1   6   8
43   2   1   7
43   2   2   13
43   2   3   12
43   2   4   13
43   2   5   11
43   2   6   9
43   3   1   10
43   3   2   24
43   3   3   20
43   3   4   11
43   4   1   6
43   4   2   13
43   4   3   16
43   4   4   11
43   4   5   10
43   4   6   9
44   1   1   27
44   1   2   29
44   1   3   32
44   1   4   24
44   2   1   10
44   2   2   22
44   2   3   24
44   2   4   25
44   2   5   22
44   2   6   9
44   3   1   12
44   3   2   18
44   3   3   28
44   3   4   22
44   3   5   22
44   3   6   10
44   4   1   17
44   4   2   21
44   4   3   20
44   4   4   18
44   4   5   16
44   4   6   15
44   4   7   5
45   1   1   9
45   1   2   19
45   1   3   27
45   1   4   28
45   1   5   19
45   1   6   10
45   2   1   6
45   2   2   22
45   2   3   30
45   2   4   25
45   2   5   20
45   2   6   9
45   3   1   10
45   3   2   24
45   3   3   22
45   3   4   23
45   3   5   22
45   3   6   11
45   4   1   14
45   4   2   21
45   4   3   24
45   4   4   26
45   4   5   18
45   4   6   9
46   1   1   11
46   1   2   18
46   1   3   29
46   1   4   30
46   1   5   18
46   1   6   12
46   2   1   5
46   2   2   9
46   2   3   20
46   2   4   24
46   2   5   26
46   2   6   18
46   2   7   16
46   3   1   8
46   3   2   19
46   3   3   33
46   3   4   31
46   3   5   21
46   3   6   6
46   4   1   8
46   4   2   24
46   4   3   34
46   4   4   21
46   4   5   17
46   4   6   9
46   4   7   5
47   1   1   14
47   1   2   17
47   1   3   25
47   1   4   26
47   1   5   18
47   1   6   14
47   2   1   10
47   2   2   17
47   2   3   34
47   2   4   26
47   2   5   14
47   2   6   13
47   3   1   11
47   3   2   23
47   3   3   24
47   3   4   24
47   3   5   17
47   3   6   15
47   4   1   5
47   4   2   22
47   4   3   28
47   4   4   32
47   4   5   27
48   1   1   11
48   1   2   24
48   1   3   28
48   1   4   24
48   1   5   27
48   1   6   9
48   2   1   11
48   2   2   24
48   2   3   26
48   2   4   28
48   2   5   23
48   2   6   11
48   3   1   7
48   3   2   14
48   3   3   18
48   3   4   23
48   3   5   23
48   3   6   17
48   3   7   14
48   3   8   7
48   4   1   15
48   4   2   19
48   4   3   28
48   4   4   27
48   4   5   23
48   4   6   11
49   1   1   9
49   1   2   12
49   1   3   11
49   1   4   9
49   2   1   7
49   2   2   12
49   2   3   17
49   2   4   5
49   3   1   7
49   3   2   14
49   3   3   11
49   3   4   9
49   4   1   12
49   4   2   11
49   4   3   10
49   4   4   8
50   1   1   13
50   1   2   14
50   1   3   20
50   1   4   10
50   2   1   8
50   2   2   12
50   2   3   8
50   2   4   8
50   2   5   15
50   2   6   6
50   3   1   5
50   3   2   8
50   3   3   13
50   3   4   15
50   3   5   16
50   4   1   12
50   4   2   15
50   4   3   19
50   4   4   11
51   1   1   14
51   1   2   23
51   1   3   34
51   1   4   41
51   1   5   39
51   1   6   38
51   1   7   25
51   1   8   11
51   2   1   6
51   2   2   23
51   2   3   41
51   2   4   46
51   2   5   46
51   2   6   30
51   2   7   25
51   2   8   8
51   3   1   12
51   3   2   30
51   3   3   36
51   3   4   39
51   3   5   34
51   3   6   32
51   3   7   24
51   3   8   18
51   4   1   33
51   4   2   40
51   4   3   40
51   4   4   39
51   4   5   43
51   4   6   24
51   4   7   6
52   1   1   10
52   1   2   13
52   1   3   13
52   1   4   10
52   2   1   9
52   2   2   14
52   2   3   14
52   2   4   9
52   3   1   11
52   3   2   12
52   3   3   13
52   3   4   10
52   4   1   5
52   4   2   18
52   4   3   16
52   4   4   7
53   1   1   12
53   1   2   15
53   1   3   16
53   1   4   10
53   2   1   7
53   2   2   21
53   2   3   16
53   2   4   9
53   3   1   14
53   3   2   15
53   3   3   12
53   3   4   7
53   3   5   5
53   4   1   4
53   4   2   8
53   4   3   14
53   4   4   14
53   4   5   13
54   1   1   13
54   1   2   16
54   1   3   21
54   1   4   13
54   2   1   15
54   2   2   17
54   2   3   19
54   2   4   12
54   3   1   4
54   3   2   10
54   3   3   16
54   3   4   15
54   3   5   12
54   3   6   6
54   4   1   15
54   4   2   21
54   4   3   14
54   4   4   13
55   1   1   13
55   1   2   17
55   1   3   24
55   1   4   25
55   1   5   20
55   1   6   10
55   2   1   10
55   2   2   21
55   2   3   20
55   2   4   26
55   2   5   23
55   2   6   9
55   3   1   5
55   3   2   18
55   3   3   29
55   3   4   36
55   3   5   21
55   4   1   14
55   4   2   16
55   4   3   21
55   4   4   25
55   4   5   20
55   4   6   13
56   1   1   8
56   1   2   17
56   1   3   13
56   1   4   9
56   2   1   6
56   2   2   19
56   2   3   15
56   2   4   7
56   3   1   15
56   3   2   8
56   3   3   9
56   3   4   15
56   4   1   9
56   4   2   14
56   4   3   16
56   4   4   8
57   1   1   16
57   1   2   19
57   1   3   32
57   1   4   33
57   1   5   27
57   1   6   31
57   1   7   13
57   1   8   20
57   2   1   7
57   2   2   24
57   2   3   32
57   2   4   33
57   2   5   34
57   2   6   31
57   2   7   20
57   2   8   10
57   3   1   18
57   3   2   35
57   3   3   42
57   3   4   41
57   3   5   30
57   3   6   19
57   3   7   6
57   4   1   12
57   4   2   37
57   4   3   48
57   4   4   44
57   4   5   38
57   4   6   12
58   1   1   15
58   1   2   24
58   1   3   23
58   1   4   17
58   2   1   8
58   2   2   13
58   2   3   18
58   2   4   18
58   2   5   12
58   2   6   10
58   3   1   18
58   3   2   23
58   3   3   17
58   3   4   21
58   4   1   5
58   4   2   16
58   4   3   21
58   4   4   18
58   4   5   12
58   4   6   7
59   1   1   14
59   1   2   15
59   1   3   40
59   1   4   31
59   1   5   32
59   1   6   9
59   2   1   14
59   2   2   25
59   2   3   31
59   2   4   34
59   2   5   22
59   2   6   15
59   3   1   10
59   3   2   32
59   3   3   30
59   3   4   32
59   3   5   21
59   3   6   16
59   4   1   6
59   4   2   11
59   4   3   23
59   4   4   29
59   4   5   34
59   4   6   21
59   4   7   12
59   4   8   5
60   1   1   8
60   1   2   22
60   1   3   27
60   1   4   24
60   1   5   18
60   1   6   11
60   2   1   14
60   2   2   19
60   2   3   23
60   2   4   21
60   2   5   17
60   2   6   16
60   3   1   10
60   3   2   17
60   3   3   26
60   3   4   29
60   3   5   19
60   3   6   9
60   4   1   5
60   4   2   21
60   4   3   27
60   4   4   32
60   4   5   25
61   1   1   17
61   1   2   23
61   1   3   26
61   1   4   18
61   2   1   19
61   2   2   24
61   2   3   22
61   2   4   19
61   3   1   6
61   3   2   17
61   3   3   18
61   3   4   21
61   3   5   16
61   3   6   6
61   4   1   11
61   4   2   16
61   4   3   17
61   4   4   15
61   4   5   13
61   4   6   12
62   1   1   12
62   1   2   18
62   1   3   20
62   1   4   22
62   1   5   21
62   1   6   10
62   2   1   12
62   2   2   18
62   2   3   21
62   2   4   21
62   2   5   19
62   2   6   12
62   3   1   7
62   3   2   17
62   3   3   26
62   3   4   28
62   3   5   19
62   3   6   6
62   4   1   19
62   4   2   33
62   4   3   33
62   4   4   18
63   1   1   20
63   1   2   30
63   1   3   35
63   1   4   43
63   1   5   44
63   1   6   39
63   1   7   28
63   1   8   14
63   1   9   4
63   2   1   24
63   2   2   22
63   2   3   29
63   2   4   41
63   2   5   50
63   2   6   54
63   2   7   30
63   2   8   7
63   3   1   9
63   3   2   22
63   3   3   30
63   3   4   32
63   3   5   31
63   3   6   38
63   3   7   35
63   3   8   31
63   3   9   21
63   3   10   8
63   4   1   34
63   4   2   49
63   4   3   52
63   4   4   46
63   4   5   39
63   4   6   28
63   4   7   9
64   1   1   5
64   1   2   13
64   1   3   21
64   1   4   24
64   1   5   18
64   2   1   12
64   2   2   10
64   2   3   16
64   2   4   19
64   2   5   15
64   2   6   9
64   3   1   5
64   3   2   14
64   3   3   21
64   3   4   22
64   3   5   13
64   3   6   6
64   4   1   14
64   4   2   27
64   4   3   25
64   4   4   15
65   1   1   13
65   1   2   24
65   1   3   35
65   1   4   28
65   1   5   21
65   1   6   15
65   2   1   6
65   2   2   11
65   2   3   21
65   2   4   24
65   2   5   30
65   2   6   32
65   2   7   12
65   3   1   19
65   3   2   22
65   3   3   27
65   3   4   25
65   3   5   26
65   3   6   17
65   4   1   15
65   4   2   23
65   4   3   28
65   4   4   30
65   4   5   25
65   4   6   15
66   1   1   25
66   1   2   21
66   1   3   23
66   1   4   16
66   1   5   7
66   2   1   5
66   2   2   19
66   2   3   26
66   2   4   24
66   2   5   18
66   3   1   23
66   3   2   25
66   3   3   22
66   3   4   14
66   3   5   8
66   4   1   9
66   4   2   17
66   4   3   20
66   4   4   22
66   4   5   15
66   4   6   9
67   1   1   16
67   1   2   25
67   1   3   26
67   1   4   16
67   2   1   7
67   2   2   15
67   2   3   17
67   2   4   19
67   2   5   18
67   2   6   7
67   3   1   6
67   3   2   15
67   3   3   21
67   3   4   20
67   3   5   15
67   3   6   6
67   4   1   19
67   4   2   25
67   4   3   21
67   4   4   18
68   1   1   18
68   1   2   17
68   1   3   22
68   1   4   24
68   1   5   20
68   1   6   15
68   2   1   11
68   2   2   18
68   2   3   28
68   2   4   29
68   2   5   22
68   2   6   8
68   3   1   8
68   3   2   18
68   3   3   31
68   3   4   32
68   3   5   22
68   3   6   5
68   4   1   19
68   4   2   20
68   4   3   20
68   4   4   18
68   4   5   18
68   4   6   21
69   1   1   20
69   1   2   24
69   1   3   26
69   1   4   14
69   1   5   5
69   2   1   5
69   2   2   18
69   2   3   22
69   2   4   24
69   2   5   13
69   2   6   7
69   3   1   21
69   3   2   22
69   3   3   27
69   3   4   14
69   3   5   5
69   4   1   9
69   4   2   17
69   4   3   20
69   4   4   18
69   4   5   16
69   4   6   9
70   1   1   19
70   1   2   16
70   1   3   16
70   1   4   12
70   1   5   7
70   2   1   7
70   2   2   10
70   2   3   21
70   2   4   12
70   2   5   14
70   2   6   6
70   3   1   7
70   3   2   10
70   3   3   12
70   3   4   20
70   3   5   21
70   4   1   12
70   4   2   21
70   4   3   25
70   4   4   12
71   1   1   11
71   1   2   17
71   1   3   11
71   1   4   12
71   2   1   10
71   2   2   15
71   2   3   17
71   2   4   9
71   3   1   8
71   3   2   18
71   3   3   15
71   3   4   10
71   4   1   11
71   4   2   16
71   4   3   13
71   4   4   11
72   1   1   10
72   1   2   17
72   1   3   22
72   1   4   26
72   1   5   18
72   1   6   8
72   2   1   10
72   2   2   19
72   2   3   23
72   2   4   21
72   2   5   16
72   2   6   12
72   3   1   7
72   3   2   19
72   3   3   25
72   3   4   24
72   3   5   19
72   3   6   7
72   4   1   5
72   4   2   19
72   4   3   26
72   4   4   27
72   4   5   19
72   4   6   5
73   1   1   16
73   1   2   22
73   1   3   31
73   1   4   32
73   1   5   24
73   1   6   14
73   2   1   14
73   2   2   25
73   2   3   33
73   2   4   28
73   2   5   24
73   2   6   15
73   3   1   11
73   3   2   27
73   3   3   33
73   3   4   33
73   3   5   22
73   3   6   13
73   4   1   11
73   4   2   31
73   4   3   28
73   4   4   29
73   4   5   26
73   4   6   14
74   1   1   8
74   1   2   3
74   1   3   1
74   2   1   6
74   2   2   6
74   3   1   7
74   3   2   5
74   4   1   6
74   4   2   6
75   1   1   10
75   1   2   17
75   1   3   21
75   1   4   28
75   1   5   34
75   1   6   29
75   1   7   19
75   1   8   5
75   2   1   41
75   2   2   44
75   2   3   42
75   2   4   24
75   2   5   12
75   3   1   6
75   3   2   18
75   3   3   27
75   3   4   29
75   3   5   34
75   3   6   27
75   3   7   15
75   3   8   7
75   4   1   21
75   4   2   29
75   4   3   30
75   4   4   28
75   4   5   27
75   4   6   16
75   4   7   12
76   1   1   13
76   1   2   22
76   1   3   30
76   1   4   36
76   1   5   26
76   1   6   10
76   2   1   12
76   2   2   24
76   2   3   33
76   2   4   30
76   2   5   27
76   2   6   11
76   3   1   6
76   3   2   17
76   3   3   21
76   3   4   28
76   3   5   23
76   3   6   21
76   3   7   14
76   3   8   7
76   4   1   12
76   4   2   24
76   4   3   34
76   4   4   30
76   4   5   26
76   4   6   11
77   1   1   11
77   1   2   24
77   1   3   33
77   1   4   25
77   1   5   28
77   1   6   11
77   2   1   5
77   2   2   14
77   2   3   20
77   2   4   25
77   2   5   27
77   2   6   24
77   2   7   12
77   2   8   5
77   3   1   9
77   3   2   27
77   3   3   32
77   3   4   30
77   3   5   23
77   3   6   11
77   4   1   14
77   4   2   22
77   4   3   30
77   4   4   28
77   4   5   26
77   4   6   12
78   1   1   9
78   1   2   21
78   1   3   29
78   1   4   34
78   1   5   23
78   1   6   8
78   2   1   6
78   2   2   22
78   2   3   35
78   2   4   33
78   2   5   22
78   2   6   6
78   3   1   5
78   3   2   12
78   3   3   22
78   3   4   23
78   3   5   24
78   3   6   20
78   3   7   13
78   3   8   5
78   4   1   10
78   4   2   26
78   4   3   27
78   4   4   29
78   4   5   18
78   4   6   14
79   1   1   11
79   1   2   14
79   1   3   14
79   1   4   11
79   2   1   5
79   2   2   14
79   2   3   21
79   2   4   10
79   3   1   11
79   3   2   14
79   3   3   17
79   3   4   8
79   4   1   13
79   4   2   12
79   4   3   12
79   4   4   13
80   1   1   6
80   1   2   14
80   1   3   16
80   1   4   19
80   1   5   20
80   1   6   25
80   1   7   20
80   2   1   8
80   2   2   27
80   2   3   29
80   2   4   25
80   2   5   17
80   2   6   14
80   3   1   23
80   3   2   38
80   3   3   29
80   3   4   20
80   3   5   10
80   4   1   9
80   4   2   22
80   4   3   29
80   4   4   30
80   4   5   22
80   4   6   8
81   1   1   8
81   1   2   11
81   1   3   13
81   1   4   9
81   2   1   9
81   2   2   12
81   2   3   9
81   2   4   11
81   3   1   7
81   3   2   14
81   3   3   13
81   3   4   7
81   4   1   3
81   4   2   10
81   4   3   6
81   4   4   11
81   4   5   6
81   4   6   5
82   1   1   12
82   1   2   17
82   1   3   28
82   1   4   27
82   1   5   22
82   1   6   11
82   2   1   8
82   2   2   17
82   2   3   34
82   2   4   33
82   2   5   17
82   2   6   8
82   3   1   9
82   3   2   22
82   3   3   30
82   3   4   25
82   3   5   19
82   3   6   12
82   4   1   17
82   4   2   18
82   4   3   22
82   4   4   22
82   4   5   22
82   4   6   16
83   1   1   12
83   1   2   20
83   1   3   15
83   1   4   15
83   2   1   5
83   2   2   12
83   2   3   13
83   2   4   16
83   2   5   11
83   2   6   5
83   3   1   14
83   3   2   15
83   3   3   18
83   3   4   15
83   4   1   10
83   4   2   24
83   4   3   17
83   4   4   11
84   1   1   11
84   1   2   16
84   1   3   17
84   1   4   12
84   2   1   11
84   2   2   16
84   2   3   18
84   2   4   11
84   3   1   13
84   3   2   16
84   3   3   14
84   3   4   13
84   4   1   10
84   4   2   19
84   4   3   16
84   4   4   11
85   1   1   6
85   1   2   12
85   1   3   21
85   1   4   21
85   1   5   14
85   1   6   5
85   2   1   20
85   2   2   20
85   2   3   19
85   2   4   13
85   2   5   7
85   3   1   5
85   3   2   14
85   3   3   23
85   3   4   18
85   3   5   11
85   3   6   8
85   4   1   16
85   4   2   26
85   4   3   21
85   4   4   12
85   4   5   4
86   1   1   12
86   1   2   23
86   1   3   31
86   1   4   27
86   1   5   21
86   1   6   13
86   2   1   19
86   2   2   21
86   2   3   25
86   2   4   21
86   2   5   21
86   2   6   20
86   3   1   25
86   3   2   38
86   3   3   38
86   3   4   26
86   4   1   20
86   4   2   20
86   4   3   24
86   4   4   24
86   4   5   18
86   4   6   16
86   4   7   5
87   1   1   5
87   1   2   18
87   1   3   17
87   1   4   15
87   1   5   16
87   1   6   6
87   2   1   17
87   2   2   20
87   2   3   23
87   2   4   17
87   3   1   5
87   3   2   11
87   3   3   21
87   3   4   24
87   3   5   16
87   4   1   7
87   4   2   10
87   4   3   21
87   4   4   19
87   4   5   14
87   4   6   6
88   1   1   8
88   1   2   31
88   1   3   36
88   1   4   28
88   1   5   23
88   1   6   15
88   2   1   10
88   2   2   26
88   2   3   34
88   2   4   36
88   2   5   22
88   2   6   13
88   3   1   6
88   3   2   15
88   3   3   24
88   3   4   27
88   3   5   30
88   3   6   18
88   3   7   11
88   3   8   5
88   3   9   5
88   4   1   20
88   4   2   26
88   4   3   28
88   4   4   24
88   4   5   22
88   4   6   14
88   4   7   7
89   1   1   12
89   1   2   23
89   1   3   23
89   1   4   14
89   2   1   18
89   2   2   16
89   2   3   20
89   2   4   18
89   3   1   7
89   3   2   15
89   3   3   17
89   3   4   12
89   3   5   11
89   3   6   10
89   4   1   16
89   4   2   20
89   4   3   19
89   4   4   17
90   1   1   9
90   1   2   18
90   1   3   24
90   1   4   21
90   1   5   18
90   1   6   10
90   2   1   8
90   2   2   18
90   2   3   24
90   2   4   24
90   2   5   20
90   2   6   6
90   3   1   11
90   3   2   15
90   3   3   23
90   3   4   24
90   3   5   17
90   3   6   10
90   4   1   23
90   4   2   26
90   4   3   31
90   4   4   20
91   1   1   14
91   1   2   16
91   1   3   11
91   1   4   13
91   2   1   8
91   2   2   20
91   2   3   14
91   2   4   12
91   3   1   5
91   3   2   25
91   3   3   18
91   3   4   6
91   4   1   5
91   4   2   11
91   4   3   11
91   4   4   11
91   4   5   10
91   4   6   6
92   1   1   11
92   1   2   18
92   1   3   29
92   1   4   30
92   1   5   30
92   1   6   29
92   1   7   22
92   1   8   8
92   2   1   17
92   2   2   35
92   2   3   38
92   2   4   37
92   2   5   29
92   2   6   21
92   3   1   23
92   3   2   34
92   3   3   36
92   3   4   31
92   3   5   28
92   3   6   19
92   3   7   6
92   4   1   21
92   4   2   31
92   4   3   36
92   4   4   38
92   4   5   31
92   4   6   20
93   1   1   14
93   1   2   33
93   1   3   43
93   1   4   40
93   1   5   31
93   1   6   15
93   2   1   20
93   2   2   31
93   2   3   40
93   2   4   36
93   2   5   29
93   2   6   13
93   2   7   7
93   3   1   5
93   3   2   8
93   3   3   16
93   3   4   25
93   3   5   29
93   3   6   34
93   3   7   29
93   3   8   21
93   3   9   9
93   4   1   9
93   4   2   19
93   4   3   29
93   4   4   28
93   4   5   35
93   4   6   29
93   4   7   21
93   4   8   6
94   1   1   3
94   1   2   6
94   1   3   11
94   1   4   21
94   1   5   18
94   1   6   16
94   1   7   8
94   2   1   19
94   2   2   21
94   2   3   25
94   2   4   18
94   3   1   17
94   3   2   26
94   3   3   23
94   3   4   17
94   4   1   8
94   4   2   16
94   4   3   17
94   4   4   17
94   4   5   17
94   4   6   8
95   1   1   6
95   1   2   33
95   1   3   30
95   1   4   66
95   1   5   39
95   1   6   57
95   1   7   18
95   1   8   7
95   2   1   7
95   2   2   27
95   2   3   45
95   2   4   55
95   2   5   49
95   2   6   37
95   2   7   24
95   2   8   12
95   3   1   19
95   3   2   32
95   3   3   38
95   3   4   41
95   3   5   42
95   3   6   37
95   3   7   25
95   3   8   16
95   3   9   6
95   4   1   16
95   4   2   31
95   4   3   41
95   4   4   44
95   4   5   39
95   4   6   39
95   4   7   26
95   4   8   13
95   4   9   7
96   1   1   12
96   1   2   20
96   1   3   35
96   1   4   36
96   1   5   25
96   1   6   8
96   2   1   16
96   2   2   22
96   2   3   31
96   2   4   27
96   2   5   24
96   2   6   16
96   3   1   10
96   3   2   23
96   3   3   36
96   3   4   32
96   3   5   23
96   3   6   12
96   4   1   24
96   4   2   24
96   4   3   23
96   4   4   23
96   4   5   20
96   4   6   12
96   4   7   10
97   1   1   4
97   1   2   18
97   1   3   18
97   1   4   20
97   1   5   13
97   1   6   6
97   2   1   19
97   2   2   20
97   2   3   22
97   2   4   18
97   3   1   7
97   3   2   10
97   3   3   21
97   3   4   22
97   3   5   19
97   4   1   5
97   4   2   11
97   4   3   23
97   4   4   22
97   4   5   18
98   1   1   8
98   1   2   14
98   1   3   11
98   1   4   8
98   2   1   8
98   2   2   10
98   2   3   14
98   2   4   9
98   3   1   7
98   3   2   13
98   3   3   15
98   3   4   6
98   4   1   9
98   4   2   11
98   4   3   13
98   4   4   8
99   1   1   2
99   1   2   2
99   2   1   2
99   2   2   2
99   3   1   2
99   3   2   2
99   4   1   2
99   4   2   2
100   1   1   20
100   1   2   30
100   1   3   27
100   1   4   30
100   1   5   30
100   1   6   18
100   2   1   6
100   2   2   16
100   2   3   25
100   2   4   27
100   2   5   31
100   2   6   30
100   2   7   20
100   3   1   13
100   3   2   24
100   3   3   38
100   3   4   39
100   3   5   30
100   3   6   11
100   4   1   7
100   4   2   13
100   4   3   22
100   4   4   31
100   4   5   35
100   4   6   30
100   4   7   17
101   1   1   12
101   1   2   19
101   1   3   18
101   1   4   11
101   2   1   5
101   2   2   10
101   2   3   15
101   2   4   15
101   2   5   10
101   2   6   5
101   3   1   5
101   3   2   12
101   3   3   14
101   3   4   13
101   3   5   10
101   3   6   6
101   4   1   10
101   4   2   19
101   4   3   23
101   4   4   8
102   1   1   15
102   1   2   19
102   1   3   19
102   1   4   16
102   2   1   12
102   2   2   23
102   2   3   22
102   2   4   12
102   3   1   20
102   3   2   13
102   3   3   17
102   3   4   13
102   3   5   6
102   4   1   17
102   4   2   16
102   4   3   17
102   4   4   14
102   4   5   5
103   1   1   6
103   1   2   15
103   1   3   23
103   1   4   29
103   1   5   34
103   1   6   27
103   1   7   14
103   1   8   4
103   2   1   6
103   2   2   9
103   2   3   24
103   2   4   38
103   2   5   35
103   2   6   26
103   2   7   14
103   3   1   15
103   3   2   20
103   3   3   36
103   3   4   39
103   3   5   25
103   3   6   17
103   4   1   7
103   4   2   16
103   4   3   26
103   4   4   27
103   4   5   24
103   4   6   28
103   4   7   18
103   4   8   6
104   1   1   6
104   1   2   12
104   1   3   12
104   1   4   7
104   2   1   5
104   2   2   14
104   2   3   12
104   2   4   6
104   3   1   8
104   3   2   11
104   3   3   10
104   3   4   8
104   4   1   5
104   4   2   15
104   4   3   12
104   4   4   5
105   1   1   10
105   1   2   18
105   1   3   13
105   1   4   12
105   1   5   9
105   1   6   13
105   2   1   15
105   2   2   27
105   2   3   18
105   2   4   9
105   2   5   6
105   3   1   5
105   3   2   13
105   3   3   19
105   3   4   19
105   3   5   19
105   4   1   3
105   4   2   8
105   4   3   23
105   4   4   27
105   4   5   14
106   1   1   16
106   1   2   17
106   1   3   15
106   1   4   10
106   1   5   5
106   2   1   6
106   2   2   23
106   2   3   24
106   2   4   10
106   3   1   15
106   3   2   18
106   3   3   15
106   3   4   10
106   3   5   5
106   4   1   5
106   4   2   10
106   4   3   17
106   4   4   15
106   4   5   11
106   4   6   5
107   1   1   14
107   1   2   12
107   2   1   5
107   2   2   9
107   2   3   12
107   3   1   14
107   3   2   12
107   4   1   12
107   4   2   9
107   4   3   5
108   1   1   6
108   1   2   18
108   1   3   22
108   1   4   28
108   1   5   17
108   1   6   6
108   2   1   13
108   2   2   15
108   2   3   19
108   2   4   21
108   2   5   18
108   2   6   11
108   3   1   6
108   3   2   15
108   3   3   29
108   3   4   27
108   3   5   13
108   3   6   7
108   4   1   24
108   4   2   24
108   4   3   28
108   4   4   14
108   4   5   7
109   1   1   16
109   1   2   19
109   1   3   22
109   1   4   16
109   2   1   16
109   2   2   20
109   2   3   19
109   2   4   18
109   3   1   5
109   3   2   14
109   3   3   19
109   3   4   15
109   3   5   13
109   3   6   7
109   4   1   15
109   4   2   23
109   4   3   21
109   4   4   14
110   1   1   18
110   1   2   24
110   1   3   14
110   1   4   10
110   1   5   7
110   2   1   5
110   2   2   11
110   2   3   23
110   2   4   15
110   2   5   16
110   2   6   3
110   3   1   5
110   3   2   13
110   3   3   16
110   3   4   20
110   3   5   19
110   4   1   17
110   4   2   18
110   4   3   23
110   4   4   15
111   1   1   5
111   1   2   17
111   1   3   25
111   1   4   22
111   1   5   25
111   2   1   8
111   2   2   18
111   2   3   20
111   2   4   22
111   2   5   18
111   2   6   8
111   3   1   7
111   3   2   19
111   3   3   23
111   3   4   22
111   3   5   14
111   3   6   9
111   4   1   23
111   4   2   26
111   4   3   22
111   4   4   18
111   4   5   5
112   1   1   5
112   1   2   12
112   1   3   21
112   1   4   27
112   1   5   28
112   1   6   30
112   1   7   27
112   1   8   24
112   1   9   16
112   2   1   16
112   2   2   21
112   2   3   27
112   2   4   33
112   2   5   28
112   2   6   29
112   2   7   21
112   2   8   15
112   3   1   14
112   3   2   30
112   3   3   51
112   3   4   46
112   3   5   30
112   3   6   19
112   4   1   19
112   4   2   37
112   4   3   43
112   4   4   41
112   4   5   27
112   4   6   17
112   4   7   6
113   1   1   26
113   1   2   24
113   1   3   20
113   1   4   14
113   1   5   8
113   2   1   5
113   2   2   17
113   2   3   24
113   2   4   25
113   2   5   21
113   3   1   8
113   3   2   15
113   3   3   20
113   3   4   24
113   3   5   25
113   4   1   10
113   4   2   12
113   4   3   22
113   4   4   25
113   4   5   16
113   4   6   7
114   1   1   10
114   1   2   16
114   1   3   26
114   1   4   30
114   1   5   24
114   1   6   6
114   2   1   17
114   2   2   16
114   2   3   20
114   2   4   26
114   2   5   18
114   2   6   15
114   3   1   27
114   3   2   29
114   3   3   32
114   3   4   18
114   3   5   6
114   4   1   15
114   4   2   20
114   4   3   21
114   4   4   22
114   4   5   18
114   4   6   16
115   1   1   6
115   1   2   20
115   1   3   11
115   1   4   10
115   2   1   9
115   2   2   15
115   2   3   14
115   2   4   9
115   3   1   9
115   3   2   15
115   3   3   13
115   3   4   10
115   4   1   8
115   4   2   17
115   4   3   11
115   4   4   11
116   1   1   7
116   1   2   19
116   1   3   29
116   1   4   19
116   1   5   15
116   1   6   11
116   2   1   6
116   2   2   19
116   2   3   24
116   2   4   25
116   2   5   26
116   3   1   9
116   3   2   17
116   3   3   23
116   3   4   24
116   3   5   17
116   3   6   10
116   4   1   7
116   4   2   16
116   4   3   27
116   4   4   25
116   4   5   19
116   4   6   6
117   1   1   5
117   1   2   9
117   1   3   19
117   1   4   19
117   1   5   25
117   1   6   24
117   1   7   12
117   2   1   10
117   2   2   21
117   2   3   26
117   2   4   26
117   2   5   19
117   2   6   8
117   2   7   3
117   3   1   7
117   3   2   17
117   3   3   28
117   3   4   38
117   3   5   23
117   4   1   8
117   4   2   23
117   4   3   27
117   4   4   24
117   4   5   19
117   4   6   12
118   1   1   13
118   1   2   11
118   1   3   19
118   1   4   14
118   2   1   11
118   2   2   17
118   2   3   19
118   2   4   10
118   3   1   10
118   3   2   18
118   3   3   21
118   3   4   8
118   4   1   5
118   4   2   11
118   4   3   15
118   4   4   10
118   4   5   11
118   4   6   5
119   1   1   7
119   1   2   13
119   1   3   18
119   1   4   17
119   1   5   12
119   1   6   9
119   2   1   6
119   2   2   13
119   2   3   19
119   2   4   19
119   2   5   14
119   2   6   5
119   3   1   6
119   3   2   17
119   3   3   18
119   3   4   15
119   3   5   11
119   3   6   9
119   4   1   17
119   4   2   21
119   4   3   19
119   4   4   19
120   1   1   13
120   1   2   26
120   1   3   34
120   1   4   35
120   1   5   26
120   1   6   13
120   2   1   16
120   2   2   28
120   2   3   29
120   2   4   30
120   2   5   27
120   2   6   17
120   3   1   17
120   3   2   20
120   3   3   31
120   3   4   37
120   3   5   30
120   3   6   12
120   4   1   8
120   4   2   13
120   4   3   20
120   4   4   27
120   4   5   34
120   4   6   27
120   4   7   18
121   1   1   10
121   1   2   20
121   1   3   20
121   1   4   10
121   2   1   5
121   2   2   13
121   2   3   9
121   2   4   20
121   2   5   8
121   2   6   5
121   3   1   11
121   3   2   18
121   3   3   26
121   3   4   5
121   4   1   6
121   4   2   13
121   4   3   11
121   4   4   11
121   4   5   12
121   4   6   7
122   1   1   10
122   1   2   22
122   1   3   16
122   1   4   10
122   2   1   17
122   2   2   13
122   2   3   13
122   2   4   15
122   3   1   10
122   3   2   22
122   3   3   15
122   3   4   11
122   4   1   6
122   4   2   11
122   4   3   13
122   4   4   12
122   4   5   9
122   4   6   7
123   1   1   6
123   1   2   10
123   1   3   16
123   1   4   18
123   1   5   15
123   2   1   17
123   2   2   14
123   2   3   15
123   2   4   19
123   3   1   10
123   3   2   22
123   3   3   23
123   3   4   10
123   4   1   18
123   4   2   17
123   4   3   13
123   4   4   12
123   4   5   5
124   1   1   9
124   1   2   19
124   1   3   31
124   1   4   33
124   1   5   25
124   1   6   6
124   2   1   9
124   2   2   20
124   2   3   32
124   2   4   30
124   2   5   25
124   2   6   7
124   3   1   5
124   3   2   14
124   3   3   16
124   3   4   28
124   3   5   25
124   3   6   13
124   3   7   22
124   4   1   13
124   4   2   20
124   4   3   27
124   4   4   30
124   4   5   22
124   4   6   11
125   1   1   11
125   1   2   17
125   1   3   20
125   1   4   19
125   1   5   15
125   1   6   12
125   2   1   7
125   2   2   12
125   2   3   26
125   2   4   28
125   2   5   21
125   3   1   6
125   3   2   19
125   3   3   22
125   3   4   22
125   3   5   19
125   3   6   6
125   4   1   8
125   4   2   16
125   4   3   20
125   4   4   27
125   4   5   17
125   4   6   6
126   1   1   10
126   1   2   7
126   1   3   9
126   1   4   14
126   1   5   20
126   2   1   15
126   2   2   15
126   2   3   15
126   2   4   15
126   3   1   15
126   3   2   17
126   3   3   14
126   3   4   14
126   4   1   5
126   4   2   28
126   4   3   19
126   4   4   8
127   1   1   9
127   1   2   27
127   1   3   15
127   1   4   13
127   1   5   19
127   1   6   9
127   1   7   5
127   2   1   18
127   2   2   29
127   2   3   33
127   2   4   17
127   3   1   6
127   3   2   19
127   3   3   26
127   3   4   24
127   3   5   13
127   3   6   9
127   4   1   9
127   4   2   17
127   4   3   25
127   4   4   21
127   4   5   16
127   4   6   9
128   1   1   14
128   1   2   20
128   1   3   32
128   1   4   27
128   1   5   25
128   1   6   11
128   2   1   7
128   2   2   25
128   2   3   34
128   2   4   31
128   2   5   24
128   2   6   8
128   3   1   5
128   3   2   8
128   3   3   23
128   3   4   27
128   3   5   28
128   3   6   27
128   3   7   11
128   4   1   11
128   4   2   11
128   4   3   19
128   4   4   22
128   4   5   23
128   4   6   23
128   4   7   14
128   4   8   6
129   1   1   5
129   1   2   13
129   1   3   13
129   1   4   15
129   1   5   12
129   1   6   5
129   2   1   15
129   2   2   18
129   2   3   16
129   2   4   14
129   3   1   15
129   3   2   15
129   3   3   22
129   3   4   11
129   4   1   13
129   4   2   16
129   4   3   23
129   4   4   11
130   1   1   9
130   1   2   14
130   1   3   22
130   1   4   23
130   1   5   17
130   1   6   7
130   2   1   5
130   2   2   15
130   2   3   28
130   2   4   26
130   2   5   18
130   3   1   6
130   3   2   16
130   3   3   20
130   3   4   30
130   3   5   14
130   3   6   6
130   4   1   8
130   4   2   16
130   4   3   22
130   4   4   21
130   4   5   18
130   4   6   7
131   1   1   13
131   1   2   16
131   1   3   16
131   1   4   17
131   1   5   18
131   1   6   10
131   2   1   6
131   2   2   17
131   2   3   22
131   2   4   23
131   2   5   16
131   2   6   6
131   3   1   7
131   3   2   14
131   3   3   23
131   3   4   25
131   3   5   16
131   3   6   5
131   4   1   19
131   4   2   27
131   4   3   26
131   4   4   13
131   4   5   5
132   1   1   8
132   1   2   23
132   1   3   24
132   1   4   8
132   2   1   7
132   2   2   9
132   2   3   15
132   2   4   16
132   2   5   11
132   2   6   5
132   3   1   17
132   3   2   15
132   3   3   15
132   3   4   11
132   3   5   5
132   4   1   17
132   4   2   15
132   4   3   15
132   4   4   11
132   4   5   5
133   1   1   7
133   1   2   22
133   1   3   28
133   1   4   26
133   1   5   20
133   1   6   9
133   2   1   13
133   2   2   22
133   2   3   21
133   2   4   24
133   2   5   16
133   2   6   16
133   3   1   9
133   3   2   25
133   3   3   23
133   3   4   25
133   3   5   21
133   3   6   9
133   4   1   31
133   4   2   25
133   4   3   28
133   4   4   20
133   4   5   8
134   1   1   4
134   1   2   7
134   1   3   16
134   1   4   26
134   1   5   24
134   1   6   22
134   1   7   10
134   2   1   15
134   2   2   19
134   2   3   19
134   2   4   25
134   2   5   14
134   2   6   12
134   2   7   5
134   3   1   14
134   3   2   21
134   3   3   23
134   3   4   19
134   3   5   18
134   3   6   11
134   3   7   3
134   4   1   20
134   4   2   34
134   4   3   36
134   4   4   19
135   1   1   8
135   1   2   17
135   1   3   22
135   1   4   28
135   1   5   31
135   1   6   31
135   1   7   23
135   2   1   12
135   2   2   35
135   2   3   37
135   2   4   31
135   2   5   28
135   2   6   17
135   3   1   20
135   3   2   27
135   3   3   35
135   3   4   28
135   3   5   30
135   3   6   20
135   4   1   11
135   4   2   29
135   4   3   38
135   4   4   35
135   4   5   28
135   4   6   19
136   1   1   14
136   1   2   16
136   1   3   18
136   1   4   13
136   2   1   15
136   2   2   15
136   2   3   17
136   2   4   14
136   3   1   5
136   3   2   12
136   3   3   16
136   3   4   16
136   3   5   12
136   4   1   11
136   4   2   20
136   4   3   20
136   4   4   10
137   1   1   13
137   1   2   29
137   1   3   33
137   1   4   35
137   1   5   18
137   1   6   5
137   2   1   15
137   2   2   21
137   2   3   25
137   2   4   32
137   2   5   31
137   2   6   9
137   3   1   18
137   3   2   23
137   3   3   26
137   3   4   28
137   3   5   22
137   3   6   16
137   4   1   17
137   4   2   22
137   4   3   27
137   4   4   27
137   4   5   23
137   4   6   17
138   1   1   19
138   1   2   21
138   1   3   18
138   1   4   19
138   2   1   18
138   2   2   22
138   2   3   17
138   2   4   20
138   3   1   18
138   3   2   22
138   3   3   21
138   3   4   9
138   3   5   7
138   4   1   21
138   4   2   20
138   4   3   17
138   4   4   11
138   4   5   8
139   1   1   13
139   1   2   25
139   1   3   29
139   1   4   29
139   1   5   23
139   1   6   13
139   2   1   2
139   2   2   7
139   2   3   14
139   2   4   18
139   2   5   23
139   2   6   23
139   2   7   24
139   2   8   14
139   2   9   7
139   3   1   10
139   3   2   26
139   3   3   29
139   3   4   31
139   3   5   26
139   3   6   10
139   4   1   7
139   4   2   28
139   4   3   27
139   4   4   40
139   4   5   20
139   4   6   10
140   1   1   14
140   1   2   23
140   1   3   14
140   1   4   17
140   2   1   5
140   2   2   13
140   2   3   17
140   2   4   16
140   2   5   11
140   2   6   6
140   3   1   16
140   3   2   19
140   3   3   19
140   3   4   14
140   4   1   7
140   4   2   12
140   4   3   14
140   4   4   18
140   4   5   11
140   4   6   6
141   1   1   17
141   1   2   29
141   1   3   36
141   1   4   33
141   1   5   30
141   1   6   16
141   2   1   23
141   2   2   27
141   2   3   32
141   2   4   29
141   2   5   27
141   2   6   17
141   2   7   6
141   3   1   16
141   3   2   30
141   3   3   35
141   3   4   34
141   3   5   29
141   3   6   17
141   4   1   5
141   4   2   12
141   4   3   26
141   4   4   36
141   4   5   35
141   4   6   30
141   4   7   17
142   1   1   7
142   1   2   20
142   1   3   36
142   1   4   42
142   1   5   30
142   2   1   6
142   2   2   15
142   2   3   23
142   2   4   26
142   2   5   23
142   2   6   19
142   2   7   15
142   2   8   8
142   3   1   12
142   3   2   27
142   3   3   36
142   3   4   26
142   3   5   16
142   3   6   11
142   3   7   7
142   4   1   17
142   4   2   24
142   4   3   27
142   4   4   24
142   4   5   26
142   4   6   17
143   1   1   11
143   1   2   16
143   1   3   14
143   1   4   16
143   1   5   15
143   1   6   12
143   2   1   6
143   2   2   17
143   2   3   17
143   2   4   21
143   2   5   16
143   2   6   7
143   3   1   20
143   3   2   27
143   3   3   18
143   3   4   12
143   3   5   7
143   4   1   19
143   4   2   25
143   4   3   22
143   4   4   18
144   1   1   14
144   1   2   35
144   1   3   37
144   1   4   37
144   1   5   30
144   1   6   17
144   2   1   19
144   2   2   33
144   2   3   31
144   2   4   36
144   2   5   33
144   2   6   18
144   3   1   6
144   3   2   15
144   3   3   26
144   3   4   35
144   3   5   39
144   3   6   28
144   3   7   21
144   4   1   12
144   4   2   22
144   4   3   27
144   4   4   26
144   4   5   25
144   4   6   23
144   4   7   22
144   4   8   13
145   1   1   11
145   1   2   31
145   1   3   30
145   1   4   11
145   2   1   7
145   2   2   18
145   2   3   15
145   2   4   17
145   2   5   17
145   2   6   9
145   3   1   8
145   3   2   17
145   3   3   18
145   3   4   18
145   3   5   11
145   3   6   11
145   4   1   7
145   4   2   15
145   4   3   19
145   4   4   19
145   4   5   18
145   4   6   5
146   1   1   8
146   1   2   17
146   1   3   26
146   1   4   20
146   1   5   16
146   1   6   9
146   2   1   9
146   2   2   18
146   2   3   22
146   2   4   20
146   2   5   17
146   2   6   10
146   3   1   6
146   3   2   17
146   3   3   25
146   3   4   23
146   3   5   19
146   3   6   6
146   4   1   23
146   4   2   26
146   4   3   25
146   4   4   17
146   4   5   5
147   1   1   7
147   1   2   13
147   1   3   23
147   1   4   21
147   1   5   13
147   1   6   8
147   2   1   21
147   2   2   24
147   2   3   23
147   2   4   12
147   2   5   5
147   3   1   8
147   3   2   15
147   3   3   23
147   3   4   16
147   3   5   13
147   3   6   10
147   4   1   17
147   4   2   28
147   4   3   21
147   4   4   19
148   1   1   5
148   1   2   20
148   1   3   25
148   1   4   22
148   1   5   14
148   1   6   8
148   2   1   10
148   2   2   18
148   2   3   17
148   2   4   21
148   2   5   20
148   2   6   8
148   3   1   16
148   3   2   28
148   3   3   24
148   3   4   20
148   3   5   6
148   4   1   6
148   4   2   14
148   4   3   28
148   4   4   24
148   4   5   16
148   4   6   6
149   1   1   6
149   1   2   19
149   1   3   23
149   1   4   26
149   1   5   27
149   1   6   25
149   1   7   14
149   1   8   8
149   2   1   11
149   2   2   14
149   2   3   20
149   2   4   24
149   2   5   30
149   2   6   23
149   2   7   20
149   2   8   6
149   3   1   11
149   3   2   25
149   3   3   35
149   3   4   40
149   3   5   27
149   3   6   10
149   4   1   12
149   4   2   24
149   4   3   32
149   4   4   40
149   4   5   35
149   4   6   5
150   1   1   8
150   1   2   30
150   1   3   34
150   1   4   27
150   1   5   19
150   1   6   15
150   2   1   12
150   2   2   22
150   2   3   29
150   2   4   34
150   2   5   28
150   2   6   8
150   3   1   13
150   3   2   22
150   3   3   33
150   3   4   30
150   3   5   21
150   3   6   14
150   4   1   19
150   4   2   22
150   4   3   26
150   4   4   24
150   4   5   23
150   4   6   19
151   1   1   10
151   1   2   18
151   1   3   20
151   1   4   23
151   1   5   19
151   1   6   9
151   2   1   11
151   2   2   18
151   2   3   23
151   2   4   18
151   2   5   16
151   2   6   13
151   3   1   18
151   3   2   34
151   3   3   28
151   3   4   19
151   4   1   7
151   4   2   20
151   4   3   23
151   4   4   23
151   4   5   17
151   4   6   9
152   1   1   19
152   1   2   29
152   1   3   38
152   1   4   45
152   1   5   43
152   1   6   10
152   2   1   10
152   2   2   18
152   2   3   28
152   2   4   37
152   2   5   34
152   2   6   28
152   2   7   19
152   2   8   10
152   3   1   16
152   3   2   35
152   3   3   42
152   3   4   40
152   3   5   31
152   3   6   20
152   4   1   13
152   4   2   24
152   4   3   27
152   4   4   28
152   4   5   31
152   4   6   25
152   4   7   21
152   4   8   15
153   1   1   18
153   1   2   19
153   1   3   24
153   1   4   20
153   2   1   7
153   2   2   16
153   2   3   18
153   2   4   19
153   2   5   14
153   2   6   7
153   3   1   17
153   3   2   25
153   3   3   23
153   3   4   16
153   4   1   5
153   4   2   12
153   4   3   22
153   4   4   24
153   4   5   18
154   1   1   14
154   1   2   17
154   1   3   15
154   1   4   16
154   2   1   12
154   2   2   21
154   2   3   16
154   2   4   13
154   3   1   14
154   3   2   17
154   3   3   15
154   3   4   16
154   4   1   8
154   4   2   25
154   4   3   18
154   4   4   11
155   1   1   23
155   1   2   30
155   1   3   29
155   1   4   23
155   2   1   4
155   2   2   8
155   2   3   19
155   2   4   22
155   2   5   19
155   2   6   19
155   2   7   14
155   3   1   13
155   3   2   17
155   3   3   25
155   3   4   19
155   3   5   15
155   3   6   16
155   4   1   24
155   4   2   29
155   4   3   27
155   4   4   20
155   4   5   5
156   1   1   6
156   1   2   16
156   1   3   23
156   1   4   24
156   1   5   16
156   1   6   5
156   2   1   23
156   2   2   24
156   2   3   23
156   2   4   13
156   2   5   7
156   3   1   9
156   3   2   14
156   3   3   20
156   3   4   25
156   3   5   14
156   3   6   8
156   4   1   18
156   4   2   26
156   4   3   23
156   4   4   16
156   4   5   7
157   1   1   5
157   1   2   25
157   1   3   30
157   1   4   25
157   1   5   22
157   1   6   8
157   2   1   7
157   2   2   11
157   2   3   17
157   2   4   21
157   2   5   21
157   2   6   20
157   2   7   18
157   3   1   5
157   3   2   6
157   3   3   19
157   3   4   23
157   3   5   30
157   3   6   22
157   3   7   10
157   4   1   9
157   4   2   18
157   4   3   30
157   4   4   31
157   4   5   17
157   4   6   10
158   1   1   16
158   1   2   16
158   1   3   17
158   1   4   17
158   2   1   16
158   2   2   19
158   2   3   16
158   2   4   15
158   3   1   5
158   3   2   11
158   3   3   18
158   3   4   15
158   3   5   11
158   3   6   6
158   4   1   14
158   4   2   20
158   4   3   20
158   4   4   12
159   1   1   5
159   1   2   20
159   1   3   23
159   1   4   21
159   1   5   15
159   1   6   8
159   2   1   6
159   2   2   20
159   2   3   20
159   2   4   22
159   2   5   16
159   2   6   8
159   3   1   10
159   3   2   14
159   3   3   20
159   3   4   27
159   3   5   21
159   4   1   8
159   4   2   18
159   4   3   21
159   4   4   19
159   4   5   16
159   4   6   10
160   1   1   12
160   1   2   16
160   1   3   24
160   1   4   26
160   1   5   26
160   1   6   8
160   2   1   9
160   2   2   21
160   2   3   26
160   2   4   32
160   2   5   13
160   2   6   11
160   3   1   6
160   3   2   20
160   3   3   31
160   3   4   29
160   3   5   18
160   3   6   8
160   4   1   5
160   4   2   7
160   4   3   21
160   4   4   23
160   4   5   23
160   4   6   20
160   4   7   13
161   1   1   7
161   1   2   17
161   1   3   26
161   1   4   30
161   1   5   13
161   1   6   8
161   2   1   12
161   2   2   16
161   2   3   20
161   2   4   22
161   2   5   20
161   2   6   11
161   3   1   6
161   3   2   17
161   3   3   26
161   3   4   30
161   3   5   16
161   3   6   6
161   4   1   7
161   4   2   8
161   4   3   11
161   4   4   19
161   4   5   26
161   4   6   18
161   4   7   12
162   1   1   5
162   1   2   13
162   1   3   16
162   1   4   20
162   1   5   12
162   1   6   5
162   2   1   14
162   2   2   20
162   2   3   21
162   2   4   16
162   3   1   15
162   3   2   19
162   3   3   18
162   3   4   14
162   3   5   5
162   4   1   16
162   4   2   18
162   4   3   23
162   4   4   9
162   4   5   5
163   1   1   8
163   1   2   14
163   1   3   18
163   1   4   7
163   2   1   12
163   2   2   12
163   2   3   12
163   2   4   11
163   3   1   10
163   3   2   14
163   3   3   13
163   3   4   10
163   4   1   11
163   4   2   11
163   4   3   15
163   4   4   10
164   1   1   19
164   1   2   29
164   1   3   32
164   1   4   31
164   1   5   30
164   1   6   18
164   2   1   8
164   2   2   17
164   2   3   24
164   2   4   31
164   2   5   30
164   2   6   24
164   2   7   18
164   2   8   7
164   3   1   19
164   3   2   28
164   3   3   32
164   3   4   33
164   3   5   27
164   3   6   20
164   4   1   11
164   4   2   30
164   4   3   40
164   4   4   37
164   4   5   27
164   4   6   14
165   1   1   8
165   1   2   11
165   1   3   10
165   1   4   8
165   2   1   17
165   2   2   14
165   2   3   6
165   3   1   6
165   3   2   11
165   3   3   15
165   3   4   5
165   4   1   6
165   4   2   12
165   4   3   14
165   4   4   5
166   1   1   16
166   1   2   23
166   1   3   27
166   1   4   27
166   1   5   24
166   1   6   15
166   2   1   10
166   2   2   27
166   2   3   32
166   2   4   28
166   2   5   23
166   2   6   12
166   3   1   18
166   3   2   26
166   3   3   15
166   3   4   34
166   3   5   27
166   3   6   12
166   4   1   10
166   4   2   28
166   4   3   31
166   4   4   27
166   4   5   19
166   4   6   17
167   1   1   6
167   1   2   13
167   1   3   21
167   1   4   17
167   1   5   23
167   1   6   22
167   1   7   15
167   1   8   3
167   2   1   14
167   2   2   25
167   2   3   25
167   2   4   23
167   2   5   14
167   2   6   12
167   2   7   7
167   3   1   12
167   3   2   26
167   3   3   24
167   3   4   24
167   3   5   20
167   3   6   14
167   4   1   6
167   4   2   19
167   4   3   36
167   4   4   35
167   4   5   18
167   4   6   6
168   1   1   19
168   1   2   26
168   1   3   34
168   1   4   38
168   1   5   21
168   1   6   15
168   1   7   5
168   2   1   13
168   2   2   14
168   2   3   21
168   2   4   27
168   2   5   30
168   2   6   27
168   2   7   19
168   2   8   7
168   3   1   6
168   3   2   10
168   3   3   24
168   3   4   35
168   3   5   38
168   3   6   33
168   3   7   12
168   4   1   17
168   4   2   23
168   4   3   35
168   4   4   39
168   4   5   32
168   4   6   12
169   1   1   6
169   1   2   9
169   1   3   16
169   1   4   19
169   1   5   18
169   2   1   12
169   2   2   22
169   2   3   23
169   2   4   11
169   3   1   19
169   3   2   15
169   3   3   16
169   3   4   13
169   3   5   5
169   4   1   14
169   4   2   18
169   4   3   23
169   4   4   13
170   1   1   5
170   1   2   15
170   1   3   14
170   1   4   5
170   2   1   6
170   2   2   14
170   2   3   11
170   2   4   8
170   3   1   8
170   3   2   11
170   3   3   11
170   3   4   9
170   4   1   7
170   4   2   11
170   4   3   13
170   4   4   8
171   1   1   5
171   1   2   29
171   1   3   37
171   1   4   28
171   1   5   21
171   1   6   11
171   2   1   10
171   2   2   25
171   2   3   31
171   2   4   32
171   2   5   21
171   2   6   12
171   3   1   7
171   3   2   17
171   3   3   20
171   3   4   20
171   3   5   21
171   3   6   24
171   3   7   14
171   3   8   8
171   4   1   6
171   4   2   14
171   4   3   17
171   4   4   23
171   4   5   33
171   4   6   22
171   4   7   16
172   1   1   5
172   1   2   11
172   1   3   15
172   1   4   18
172   1   5   16
172   2   1   17
172   2   2   18
172   2   3   16
172   2   4   9
172   2   5   5
172   3   1   20
172   3   2   14
172   3   3   14
172   3   4   10
172   3   5   7
172   4   1   10
172   4   2   24
172   4   3   18
172   4   4   13
173   1   1   7
173   1   2   15
173   1   3   25
173   1   4   35
173   1   5   37
173   1   6   39
173   1   7   15
173   2   1   19
173   2   2   34
173   2   3   36
173   2   4   35
173   2   5   29
173   2   6   15
173   2   7   5
173   3   1   14
173   3   2   18
173   3   3   27
173   3   4   32
173   3   5   28
173   3   6   26
173   3   7   19
173   3   8   9
173   4   1   18
173   4   2   33
173   4   3   37
173   4   4   39
173   4   5   25
173   4   6   15
173   4   7   6
174   1   1   10
174   1   2   22
174   1   3   17
174   1   4   20
174   1   5   17
174   1   6   13
174   2   1   19
174   2   2   34
174   2   3   29
174   2   4   14
174   2   5   3
174   3   1   10
174   3   2   18
174   3   3   20
174   3   4   22
174   3   5   19
174   3   6   10
174   4   1   5
174   4   2   22
174   4   3   24
174   4   4   19
174   4   5   18
174   4   6   11
175   1   1   21
175   1   2   29
175   1   3   26
175   1   4   15
175   1   5   5
175   2   1   4
175   2   2   8
175   2   3   15
175   2   4   19
175   2   5   22
175   2   6   15
175   2   7   13
175   3   1   11
175   3   2   13
175   3   3   18
175   3   4   28
175   3   5   20
175   3   6   6
175   4   1   5
175   4   2   19
175   4   3   25
175   4   4   22
175   4   5   19
175   4   6   6
176   1   1   10
176   1   2   17
176   1   3   22
176   1   4   32
176   1   5   22
176   1   6   5
176   2   1   5
176   2   2   18
176   2   3   29
176   2   4   33
176   2   5   23
176   3   1   11
176   3   2   21
176   3   3   23
176   3   4   24
176   3   5   15
176   3   6   14
176   4   1   11
176   4   2   16
176   4   3   22
176   4   4   23
176   4   5   18
176   4   6   18
177   1   1   11
177   1   2   15
177   1   3   12
177   1   4   11
177   2   1   8
177   2   2   13
177   2   3   28
177   3   1   8
177   3   2   12
177   3   3   14
177   3   4   10
177   3   5   5
177   4   1   11
177   4   2   13
177   4   3   14
177   4   4   11
178   1   1   12
178   1   2   13
178   1   3   15
178   1   4   17
178   1   5   13
178   1   6   12
178   2   1   19
178   2   2   21
178   2   3   22
178   2   4   20
178   3   1   17
178   3   2   23
178   3   3   24
178   3   4   18
178   4   1   19
178   4   2   21
178   4   3   24
178   4   4   18
179   1   1   8
179   1   2   21
179   1   3   29
179   1   4   26
179   1   5   20
179   1   6   9
179   2   1   13
179   2   2   19
179   2   3   22
179   2   4   23
179   2   5   26
179   2   6   10
179   3   1   10
179   3   2   19
179   3   3   27
179   3   4   28
179   3   5   21
179   3   6   8
179   4   1   8
179   4   2   22
179   4   3   26
179   4   4   28
179   4   5   21
179   4   6   8
180   1   1   6
180   1   2   21
180   1   3   27
180   1   4   24
180   1   5   22
180   1   6   6
180   2   1   11
180   2   2   17
180   2   3   24
180   2   4   24
180   2   5   19
180   2   6   11
180   3   1   7
180   3   2   20
180   3   3   29
180   3   4   23
180   3   5   17
180   3   6   10
180   4   1   7
180   4   2   20
180   4   3   27
180   4   4   26
180   4   5   17
180   4   6   9
181   1   1   12
181   1   2   16
181   1   3   18
181   1   4   9
181   2   1   13
181   2   2   15
181   2   3   13
181   2   4   14
181   3   1   10
181   3   2   18
181   3   3   20
181   3   4   7
181   4   1   14
181   4   2   12
181   4   3   16
181   4   4   13
182   1   1   9
182   1   2   20
182   1   3   19
182   1   4   8
182   2   1   15
182   2   2   13
182   2   3   16
182   2   4   12
182   3   1   15
182   3   2   13
182   3   3   14
182   3   4   14
182   4   1   10
182   4   2   17
182   4   3   19
182   4   4   10
183   1   1   5
183   1   2   12
183   1   3   19
183   1   4   22
183   1   5   12
183   1   6   5
183   2   1   17
183   2   2   19
183   2   3   21
183   2   4   18
183   3   1   17
183   3   2   21
183   3   3   20
183   3   4   17
183   4   1   5
183   4   2   13
183   4   3   18
183   4   4   22
183   4   5   12
183   4   6   5
184   1   1   20
184   1   2   20
184   1   3   26
184   1   4   17
184   2   1   15
184   2   2   26
184   2   3   27
184   2   4   15
184   3   1   10
184   3   2   14
184   3   3   18
184   3   4   16
184   3   5   15
184   3   6   10
184   4   1   8
184   4   2   18
184   4   3   15
184   4   4   18
184   4   5   14
184   4   6   10
185   1   1   11
185   1   2   19
185   1   3   17
185   1   4   10
185   2   1   5
185   2   2   9
185   2   3   14
185   2   4   14
185   2   5   15
185   3   1   14
185   3   2   15
185   3   3   15
185   3   4   13
185   4   1   13
185   4   2   15
185   4   3   18
185   4   4   11
186   1   1   21
186   1   2   21
186   1   3   20
186   1   4   24
186   1   5   20
186   1   6   20
186   2   1   9
186   2   2   20
186   2   3   35
186   2   4   32
186   2   5   21
186   2   6   9
186   3   1   11
186   3   2   20
186   3   3   32
186   3   4   33
186   3   5   19
186   3   6   11
186   4   1   16
186   4   2   17
186   4   3   25
186   4   4   32
186   4   5   24
186   4   6   12
187   1   1   9
187   1   2   19
187   1   3   22
187   1   4   31
187   1   5   34
187   1   6   44
187   1   7   44
187   1   8   33
187   1   9   18
187   2   1   19
187   2   2   27
187   2   3   36
187   2   4   43
187   2   5   40
187   2   6   44
187   2   7   31
187   2   8   14
187   3   1   7
187   3   2   22
187   3   3   41
187   3   4   56
187   3   5   54
187   3   6   43
187   3   7   26
187   3   8   5
187   4   1   15
187   4   2   32
187   4   3   39
187   4   4   39
187   4   5   45
187   4   6   41
187   4   7   30
187   4   8   13
188   1   1   8
188   1   2   13
188   1   3   21
188   1   4   22
188   1   5   24
188   2   1   6
188   2   2   15
188   2   3   23
188   2   4   21
188   2   5   17
188   2   6   6
188   3   1   6
188   3   2   14
188   3   3   24
188   3   4   23
188   3   5   14
188   3   6   7
188   4   1   8
188   4   2   14
188   4   3   21
188   4   4   24
188   4   5   14
188   4   6   7
189   1   1   10
189   1   2   30
189   1   3   20
189   1   4   11
189   2   1   11
189   2   2   8
189   2   3   13
189   2   4   16
189   2   5   16
189   2   6   7
189   3   1   5
189   3   2   14
189   3   3   18
189   3   4   14
189   3   5   14
189   3   6   6
189   4   1   6
189   4   2   10
189   4   3   17
189   4   4   20
189   4   5   18
190   1   1   5
190   1   2   10
190   1   3   15
190   1   4   19
190   1   5   15
190   2   1   13
190   2   2   21
190   2   3   14
190   2   4   16
190   3   1   14
190   3   2   18
190   3   3   18
190   3   4   14
190   4   1   5
190   4   2   11
190   4   3   17
190   4   4   15
190   4   5   11
190   4   6   5
191   1   1   10
191   1   2   19
191   1   3   14
191   1   4   11
191   2   1   10
191   2   2   18
191   2   3   14
191   2   4   12
191   3   1   16
191   3   2   11
191   3   3   11
191   3   4   16
191   4   1   10
191   4   2   18
191   4   3   15
191   4   4   11
192   1   1   13
192   1   2   17
192   2   1   6
192   2   2   10
192   2   3   8
192   2   4   6
192   3   1   6
192   3   2   8
192   3   3   10
192   3   4   6
192   4   1   5
192   4   2   10
192   4   3   15
193   1   1   13
193   1   2   20
193   1   3   41
193   1   4   33
193   1   5   26
193   1   6   10
193   1   7   2
193   2   1   19
193   2   2   26
193   2   3   29
193   2   4   26
193   2   5   27
193   2   6   18
193   3   1   16
193   3   2   31
193   3   3   30
193   3   4   24
193   3   5   23
193   3   6   21
193   4   1   8
193   4   2   12
193   4   3   22
193   4   4   29
193   4   5   31
193   4   6   23
193   4   7   12
193   4   8   8
194   1   1   5
194   1   2   27
194   1   3   34
194   1   4   30
194   1   5   20
194   1   6   9
194   2   1   10
194   2   2   21
194   2   3   29
194   2   4   32
194   2   5   27
194   2   6   6
194   3   1   5
194   3   2   16
194   3   3   18
194   3   4   22
194   3   5   24
194   3   6   21
194   3   7   19
194   4   1   15
194   4   2   21
194   4   3   28
194   4   4   26
194   4   5   20
194   4   6   10
194   4   7   5
195   1   1   6
195   1   2   19
195   1   3   34
195   1   4   44
195   1   5   43
195   1   6   36
195   1   7   25
195   2   1   22
195   2   2   43
195   2   3   45
195   2   4   40
195   2   5   29
195   2   6   17
195   2   7   11
195   3   1   33
195   3   2   35
195   3   3   42
195   3   4   35
195   3   5   29
195   3   6   20
195   3   7   13
195   4   1   10
195   4   2   23
195   4   3   32
195   4   4   39
195   4   5   37
195   4   6   33
195   4   7   24
195   4   8   9
196   1   1   10
196   1   2   17
196   1   3   24
196   1   4   38
196   1   5   46
196   1   6   50
196   1   7   51
196   1   8   35
196   1   9   16
196   2   1   14
196   2   2   32
196   2   3   41
196   2   4   57
196   2   5   57
196   2   6   48
196   2   7   25
196   2   8   13
196   3   1   14
196   3   2   35
196   3   3   47
196   3   4   51
196   3   5   51
196   3   6   39
196   3   7   28
196   3   8   22
196   4   1   18
196   4   2   35
196   4   3   46
196   4   4   46
196   4   5   48
196   4   6   41
196   4   7   32
196   4   8   16
196   4   9   5
197   1   1   8
197   1   2   20
197   1   3   30
197   1   4   29
197   1   5   17
197   1   6   11
197   2   1   8
197   2   2   17
197   2   3   32
197   2   4   31
197   2   5   22
197   2   6   5
197   3   1   5
197   3   2   10
197   3   3   18
197   3   4   22
197   3   5   23
197   3   6   24
197   3   7   13
197   4   1   15
197   4   2   18
197   4   3   22
197   4   4   26
197   4   5   24
197   4   6   10
198   1   1   14
198   1   2   14
198   2   1   5
198   2   2   8
198   2   3   15
198   3   1   5
198   3   2   9
198   3   3   14
198   4   1   14
198   4   2   14
199   1   1   6
199   1   2   15
199   1   3   15
199   1   4   6
199   2   1   5
199   2   2   19
199   2   3   10
199   2   4   8
199   3   1   9
199   3   2   11
199   3   3   12
199   3   4   10
199   4   1   8
199   4   2   15
199   4   3   9
199   4   4   10
200   1   1   12
200   1   2   17
200   1   3   17
200   1   4   11
200   2   1   13
200   2   2   17
200   2   3   18
200   2   4   9
200   3   1   12
200   3   2   15
200   3   3   18
200   3   4   12
200   4   1   15
200   4   2   13
200   4   3   14
200   4   4   10
200   4   5   5
201   1   1   12
201   1   2   13
201   1   3   14
201   1   4   12
201   2   1   10
201   2   2   16
201   2   3   13
201   2   4   12
201   3   1   5
201   3   2   21
201   3   3   19
201   3   4   6
201   4   1   11
201   4   2   14
201   4   3   13
201   4   4   13
202   1   1   5
202   1   2   15
202   1   3   27
202   1   4   26
202   1   5   22
202   2   1   17
202   2   2   31
202   2   3   29
202   2   4   18
202   3   1   12
202   3   2   16
202   3   3   20
202   3   4   18
202   3   5   17
202   3   6   12
202   4   1   9
202   4   2   20
202   4   3   22
202   4   4   19
202   4   5   13
202   4   6   12
203   1   1   16
203   1   2   24
203   1   3   17
203   1   4   11
203   1   5   5
203   2   1   11
203   2   2   21
203   2   3   32
203   2   4   9
203   3   1   6
203   3   2   19
203   3   3   11
203   3   4   17
203   3   5   11
203   3   6   9
203   4   1   4
203   4   2   5
203   4   3   8
203   4   4   16
203   4   5   19
203   4   6   15
203   4   7   6
204   1   1   17
204   1   2   24
204   1   3   24
204   1   4   22
204   1   5   27
204   1   6   15
204   2   1   10
204   2   2   9
204   2   3   13
204   2   4   26
204   2   5   31
204   2   6   27
204   2   7   13
204   3   1   13
204   3   2   19
204   3   3   33
204   3   4   31
204   3   5   18
204   3   6   15
204   4   1   14
204   4   2   18
204   4   3   34
204   4   4   29
204   4   5   24
204   4   6   8
204   4   7   2
205   1   1   12
205   1   2   29
205   1   3   42
205   1   4   38
205   1   5   43
205   1   6   29
205   1   7   24
205   1   8   20
205   2   1   11
205   2   2   22
205   2   3   32
205   2   4   49
205   2   5   54
205   2   6   40
205   2   7   24
205   2   8   5
205   3   1   10
205   3   2   26
205   3   3   33
205   3   4   44
205   3   5   48
205   3   6   45
205   3   7   31
205   4   1   15
205   4   2   24
205   4   3   35
205   4   4   38
205   4   5   44
205   4   6   44
205   4   7   28
205   4   8   9
206   1   1   6
206   1   2   15
206   1   3   12
206   1   4   8
206   2   1   8
206   2   2   13
206   2   3   12
206   2   4   8
206   3   1   8
206   3   2   13
206   3   3   10
206   3   4   10
206   4   1   8
206   4   2   11
206   4   3   14
206   4   4   8
207   1   1   6
207   1   2   15
207   1   3   20
207   1   4   28
207   1   5   34
207   1   6   25
207   1   7   18
207   2   1   9
207   2   2   10
207   2   3   23
207   2   4   33
207   2   5   27
207   2   6   23
207   2   7   16
207   2   8   5
207   3   1   19
207   3   2   27
207   3   3   28
207   3   4   28
207   3   5   26
207   3   6   18
207   4   1   7
207   4   2   28
207   4   3   35
207   4   4   42
207   4   5   25
207   4   6   9
208   1   1   12
208   1   2   17
208   1   3   5
208   2   1   5
208   2   2   11
208   2   3   13
208   2   4   5
208   3   1   8
208   3   2   9
208   3   3   10
208   3   4   7
208   4   1   9
208   4   2   9
208   4   3   6
208   4   4   10
209   1   1   7
209   1   2   12
209   1   3   12
209   1   4   6
209   2   1   9
209   2   2   9
209   2   3   9
209   2   4   10
209   3   1   6
209   3   2   13
209   3   3   10
209   3   4   8
209   4   1   20
209   4   2   17
210   1   1   10
210   1   2   15
210   1   3   15
210   1   4   10
210   2   1   10
210   2   2   16
210   2   3   13
210   2   4   11
210   3   1   9
210   3   2   15
210   3   3   17
210   3   4   9
210   4   1   11
210   4   2   17
210   4   3   10
210   4   4   12
211   1   1   11
211   1   2   31
211   1   3   30
211   1   4   28
211   1   5   22
211   1   6   16
211   2   1   8
211   2   2   14
211   2   3   16
211   2   4   24
211   2   5   30
211   2   6   29
211   2   7   17
211   3   1   10
211   3   2   23
211   3   3   31
211   3   4   41
211   3   5   26
211   3   6   7
211   4   1   21
211   4   2   21
211   4   3   24
211   4   4   26
211   4   5   29
211   4   6   17
212   1   1   13
212   1   2   23
212   1   3   16
212   1   4   24
212   1   5   9
212   1   6   11
212   1   7   7
212   2   1   6
212   2   2   19
212   2   3   27
212   2   4   25
212   2   5   20
212   2   6   6
212   3   1   23
212   3   2   29
212   3   3   29
212   3   4   17
212   3   5   5
212   4   1   10
212   4   2   18
212   4   3   21
212   4   4   28
212   4   5   16
212   4   6   10
213   1   1   8
213   1   2   23
213   1   3   30
213   1   4   29
213   1   5   20
213   1   6   9
213   2   1   13
213   2   2   20
213   2   3   25
213   2   4   26
213   2   5   25
213   2   6   10
213   3   1   10
213   3   2   22
213   3   3   25
213   3   4   29
213   3   5   26
213   3   6   7
213   4   1   12
213   4   2   22
213   4   3   25
213   4   4   27
213   4   5   23
213   4   6   10
214   1   1   13
214   1   2   21
214   1   3   33
214   1   4   54
214   1   5   65
214   1   6   51
214   1   7   23
214   2   1   19
214   2   2   30
214   2   3   42
214   2   4   40
214   2   5   45
214   2   6   34
214   2   7   29
214   2   8   13
214   2   9   8
214   3   1   13
214   3   2   31
214   3   3   36
214   3   4   52
214   3   5   46
214   3   6   40
214   3   7   26
214   3   8   16
214   4   1   22
214   4   2   31
214   4   3   33
214   4   4   39
214   4   5   41
214   4   6   46
214   4   7   32
214   4   8   16
215   1   1   10
215   1   2   16
215   1   3   30
215   1   4   24
215   1   5   18
215   1   6   10
215   2   1   8
215   2   2   23
215   2   3   23
215   2   4   23
215   2   5   21
215   2   6   10
215   3   1   12
215   3   2   13
215   3   3   33
215   3   4   23
215   3   5   14
215   3   6   13
215   4   1   27
215   4   2   32
215   4   3   26
215   4   4   15
215   4   5   5
215   4   6   3
216   1   1   7
216   1   2   16
216   1   3   29
216   1   4   27
216   1   5   17
216   1   6   7
216   2   1   5
216   2   2   15
216   2   3   29
216   2   4   32
216   2   5   22
216   3   1   13
216   3   2   18
216   3   3   19
216   3   4   23
216   3   5   17
216   3   6   13
216   4   1   13
216   4   2   17
216   4   3   21
216   4   4   21
216   4   5   19
216   4   6   12
217   1   1   20
217   1   2   26
217   1   3   29
217   1   4   21
217   1   5   15
217   1   6   15
217   1   7   9
217   2   1   9
217   2   2   22
217   2   3   36
217   2   4   33
217   2   5   24
217   2   6   11
217   3   1   7
217   3   2   25
217   3   3   36
217   3   4   33
217   3   5   27
217   3   6   7
217   4   1   16
217   4   2   23
217   4   3   31
217   4   4   29
217   4   5   18
217   4   6   18
218   1   1   5
218   1   2   16
218   1   3   19
218   1   4   26
218   1   5   13
218   1   6   5
218   2   1   7
218   2   2   14
218   2   3   24
218   2   4   13
218   2   5   26
218   3   1   20
218   3   2   24
218   3   3   22
218   3   4   13
218   3   5   5
218   4   1   6
218   4   2   17
218   4   3   22
218   4   4   17
218   4   5   13
218   4   6   9
219   1   1   15
219   1   2   21
219   1   3   21
219   1   4   15
219   2   1   5
219   2   2   11
219   2   3   18
219   2   4   22
219   2   5   16
219   3   1   16
219   3   2   22
219   3   3   15
219   3   4   19
219   4   1   6
219   4   2   12
219   4   3   16
219   4   4   18
219   4   5   20
220   1   1   8
220   1   2   22
220   1   3   28
220   1   4   30
220   1   5   31
220   1   6   26
220   1   7   25
220   1   8   6
220   2   1   5
220   2   2   18
220   2   3   31
220   2   4   32
220   2   5   34
220   2   6   34
220   2   7   22
220   3   1   9
220   3   2   35
220   3   3   44
220   3   4   45
220   3   5   34
220   3   6   9
220   4   1   12
220   4   2   22
220   4   3   27
220   4   4   27
220   4   5   29
220   4   6   25
220   4   7   21
220   4   8   13
221   1   1   14
221   1   2   23
221   1   3   37
221   1   4   36
221   1   5   27
221   1   6   11
221   2   1   17
221   2   2   26
221   2   3   32
221   2   4   32
221   2   5   24
221   2   6   17
221   3   1   11
221   3   2   28
221   3   3   42
221   3   4   31
221   3   5   22
221   3   6   14
221   4   1   25
221   4   2   27
221   4   3   26
221   4   4   25
221   4   5   21
221   4   6   13
221   4   7   11
222   1   1   10
222   1   2   10
222   2   1   10
222   2   2   10
222   3   1   10
222   3   2   10
222   4   1   10
222   4   2   10
223   1   1   14
223   1   2   25
223   1   3   34
223   1   4   34
223   1   5   26
223   1   6   14
223   2   1   7
223   2   2   16
223   2   3   19
223   2   4   29
223   2   5   30
223   2   6   27
223   2   7   19
223   3   1   8
223   3   2   13
223   3   3   23
223   3   4   31
223   3   5   25
223   3   6   27
223   3   7   12
223   3   8   8
223   4   1   14
223   4   2   26
223   4   3   42
223   4   4   36
223   4   5   21
223   4   6   8
224   1   1   9
224   1   2   15
224   1   3   15
224   1   4   18
224   1   5   17
224   1   6   7
224   2   1   12
224   2   2   29
224   2   3   23
224   2   4   17
224   3   1   7
224   3   2   15
224   3   3   19
224   3   4   19
224   3   5   12
224   3   6   9
224   4   1   6
224   4   2   14
224   4   3   21
224   4   4   18
224   4   5   22
225   1   1   7
225   1   2   24
225   1   3   24
225   1   4   8
225   2   1   7
225   2   2   9
225   2   3   15
225   2   4   16
225   2   5   11
225   2   6   5
225   3   1   7
225   3   2   10
225   3   3   15
225   3   4   15
225   3   5   9
225   3   6   7
225   4   1   5
225   4   2   10
225   4   3   15
225   4   4   17
225   4   5   16
226   1   1   21
226   1   2   26
226   1   3   37
226   1   4   37
226   1   5   31
226   1   6   18
226   2   1   15
226   2   2   35
226   2   3   35
226   2   4   37
226   2   5   31
226   2   6   17
226   3   1   5
226   3   2   17
226   3   3   31
226   3   4   33
226   3   5   33
226   3   6   34
226   3   7   17
226   4   1   27
226   4   2   26
226   4   3   30
226   4   4   33
226   4   5   30
226   4   6   18
226   4   7   6
227   1   1   11
227   1   2   17
227   1   3   25
227   1   4   24
227   1   5   22
227   1   6   8
227   2   1   7
227   2   2   21
227   2   3   30
227   2   4   26
227   2   5   14
227   2   6   9
227   3   1   4
227   3   2   9
227   3   3   17
227   3   4   24
227   3   5   25
227   3   6   14
227   3   7   9
227   3   8   5
227   4   1   6
227   4   2   19
227   4   3   29
227   4   4   26
227   4   5   27
228   1   1   17
228   1   2   26
228   1   3   28
228   1   4   25
228   1   5   22
228   1   6   13
228   1   7   6
228   2   1   9
228   2   2   25
228   2   3   36
228   2   4   35
228   2   5   23
228   2   6   9
228   3   1   9
228   3   2   23
228   3   3   33
228   3   4   38
228   3   5   28
228   3   6   6
228   4   1   6
228   4   2   17
228   4   3   21
228   4   4   24
228   4   5   24
228   4   6   22
228   4   7   16
228   4   8   7
229   1   1   7
229   1   2   7
229   2   1   8
229   2   2   6
229   3   1   8
229   3   2   6
229   4   1   7
229   4   2   6
229   4   3   1
230   1   1   7
230   1   2   12
230   1   3   22
230   1   4   21
230   1   5   13
230   1   6   6
230   2   1   7
230   2   2   16
230   2   3   10
230   2   4   27
230   2   5   13
230   2   6   8
230   3   1   11
230   3   2   26
230   3   3   34
230   3   4   10
230   4   1   4
230   4   2   9
230   4   3   11
230   4   4   13
230   4   5   17
230   4   6   17
230   4   7   10
231   1   1   18
231   1   2   28
231   1   3   42
231   1   4   57
231   1   5   53
231   1   6   48
231   1   7   33
231   1   8   13
231   2   1   16
231   2   2   30
231   2   3   45
231   2   4   51
231   2   5   57
231   2   6   50
231   2   7   28
231   2   8   15
231   3   1   18
231   3   2   39
231   3   3   43
231   3   4   50
231   3   5   49
231   3   6   44
231   3   7   31
231   3   8   18
231   4   1   8
231   4   2   20
231   4   3   31
231   4   4   39
231   4   5   46
231   4   6   46
231   4   7   40
231   4   8   34
231   4   9   28
232   1   1   19
232   1   2   21
232   1   3   15
232   1   4   13
232   1   5   5
232   2   1   9
232   2   2   12
232   2   3   15
232   2   4   15
232   2   5   14
232   2   6   8
232   3   1   5
232   3   2   12
232   3   3   19
232   3   4   19
232   3   5   18
232   4   1   14
232   4   2   20
232   4   3   25
232   4   4   14
233   1   1   13
233   1   2   13
233   1   3   16
233   1   4   11
233   2   1   9
233   2   2   17
233   2   3   19
233   2   4   8
233   3   1   7
233   3   2   21
233   3   3   16
233   3   4   9
233   4   1   14
233   4   2   14
233   4   3   11
233   4   4   9
233   4   5   5
234   1   1   17
234   1   2   21
234   1   3   22
234   1   4   11
234   1   5   5
234   2   1   15
234   2   2   21
234   2   3   25
234   2   4   15
234   3   1   18
234   3   2   20
234   3   3   20
234   3   4   11
234   3   5   7
234   4   1   6
234   4   2   15
234   4   3   18
234   4   4   18
234   4   5   19
235   1   1   9
235   1   2   18
235   1   3   23
235   1   4   24
235   1   5   19
235   1   6   8
235   2   1   6
235   2   2   20
235   2   3   28
235   2   4   22
235   2   5   17
235   2   6   8
235   3   1   22
235   3   2   34
235   3   3   24
235   3   4   15
235   3   5   6
235   4   1   14
235   4   2   15
235   4   3   23
235   4   4   19
235   4   5   17
235   4   6   13
236   1   1   14
236   1   2   27
236   1   3   45
236   1   4   54
236   1   5   51
236   1   6   38
236   1   7   27
236   1   8   17
236   2   1   19
236   2   2   27
236   2   3   39
236   2   4   46
236   2   5   49
236   2   6   47
236   2   7   37
236   2   8   9
236   3   1   17
236   3   2   33
236   3   3   42
236   3   4   48
236   3   5   43
236   3   6   38
236   3   7   32
236   3   8   20
236   4   1   14
236   4   2   26
236   4   3   41
236   4   4   55
236   4   5   54
236   4   6   41
236   4   7   30
236   4   8   12
237   1   1   11
237   1   2   12
237   2   1   13
237   2   2   10
237   3   1   10
237   3   2   13
237   4   1   5
237   4   2   6
237   4   3   7
237   4   4   5
238   1   1   17
238   1   2   20
238   1   3   29
238   1   4   33
238   1   5   25
238   1   6   13
238   2   1   5
238   2   2   11
238   2   3   19
238   2   4   29
238   2   5   33
238   2   6   29
238   2   7   11
238   3   1   6
238   3   2   13
238   3   3   21
238   3   4   29
238   3   5   29
238   3   6   21
238   3   7   12
238   3   8   6
238   4   1   12
238   4   2   20
238   4   3   33
238   4   4   35
238   4   5   30
238   4   6   7
239   1   1   5
239   1   2   20
239   1   3   25
239   1   4   22
239   1   5   18
239   1   6   7
239   2   1   11
239   2   2   17
239   2   3   22
239   2   4   20
239   2   5   16
239   2   6   11
239   3   1   7
239   3   2   16
239   3   3   24
239   3   4   26
239   3   5   24
239   4   1   7
239   4   2   17
239   4   3   23
239   4   4   25
239   4   5   25
240   1   1   11
240   1   2   18
240   1   3   13
240   1   4   13
240   2   1   7
240   2   2   20
240   2   3   23
240   2   4   5
240   3   1   16
240   3   2   10
240   3   3   16
240   3   4   13
240   4   1   14
240   4   2   14
240   4   3   13
240   4   4   14
241   1   1   6
241   1   2   7
241   1   3   17
241   2   1   15
241   2   2   15
241   3   1   15
241   3   2   15
241   4   1   5
241   4   2   11
241   4   3   9
241   4   4   5
242   1   1   16
242   1   2   14
242   1   3   20
242   1   4   15
242   2   1   13
242   2   2   19
242   2   3   20
242   2   4   13
242   3   1   15
242   3   2   17
242   3   3   18
242   3   4   15
242   4   1   13
242   4   2   18
242   4   3   19
242   4   4   15
243   1   1   9
243   1   2   8
243   1   3   10
243   1   4   7
243   2   1   18
243   2   2   11
243   2   3   5
243   3   1   7
243   3   2   9
243   3   3   11
243   3   4   7
243   4   1   9
243   4   2   9
243   4   3   8
243   4   4   5
243   4   5   3
244   1   1   9
244   1   2   13
244   1   3   14
244   1   4   19
244   1   5   14
244   1   6   9
244   2   1   15
244   2   2   25
244   2   3   24
244   2   4   14
244   3   1   18
244   3   2   23
244   3   3   18
244   3   4   12
244   3   5   7
244   4   1   16
244   4   2   24
244   4   3   21
244   4   4   17
245   1   1   18
245   1   2   21
245   1   3   24
245   1   4   18
245   1   5   5
245   2   1   19
245   2   2   26
245   2   3   22
245   2   4   14
245   2   5   5
245   3   1   7
245   3   2   17
245   3   3   19
245   3   4   20
245   3   5   16
245   3   6   7
245   4   1   5
245   4   2   15
245   4   3   23
245   4   4   23
245   4   5   15
245   4   6   5
246   1   1   12
246   1   2   19
246   1   3   30
246   1   4   30
246   1   5   25
246   1   6   8
246   2   1   14
246   2   2   21
246   2   3   25
246   2   4   26
246   2   5   25
246   2   6   13
246   3   1   10
246   3   2   22
246   3   3   33
246   3   4   29
246   3   5   18
246   3   6   12
246   4   1   12
246   4   2   21
246   4   3   27
246   4   4   30
246   4   5   24
246   4   6   10
247   1   1   6
247   1   2   16
247   1   3   22
247   1   4   29
247   1   5   30
247   1   6   19
247   1   7   12
247   1   8   9
247   2   1   17
247   2   2   24
247   2   3   25
247   2   4   33
247   2   5   33
247   2   6   11
247   3   1   11
247   3   2   25
247   3   3   34
247   3   4   34
247   3   5   28
247   3   6   11
247   4   1   15
247   4   2   25
247   4   3   31
247   4   4   32
247   4   5   26
247   4   6   14
248   1   1   15
248   1   2   22
248   1   3   17
248   1   4   14
248   2   1   17
248   2   2   18
248   2   3   17
248   2   4   16
248   3   1   14
248   3   2   16
248   3   3   19
248   3   4   12
248   3   5   7
248   4   1   7
248   4   2   8
248   4   3   16
248   4   4   18
248   4   5   19
249   1   1   15
249   1   2   11
249   1   3   18
249   1   4   13
249   1   5   16
249   1   6   13
249   2   1   8
249   2   2   13
249   2   3   24
249   2   4   19
249   2   5   12
249   2   6   10
249   3   1   5
249   3   2   16
249   3   3   19
249   3   4   25
249   3   5   21
249   4   1   7
249   4   2   11
249   4   3   23
249   4   4   25
249   4   5   20
250   1   1   11
250   1   2   22
250   1   3   30
250   1   4   37
250   1   5   36
250   1   6   33
250   1   7   28
250   1   8   6
250   2   1   27
250   2   2   38
250   2   3   41
250   2   4   37
250   2   5   30
250   2   6   20
250   2   7   10
250   3   1   11
250   3   2   46
250   3   3   50
250   3   4   47
250   3   5   33
250   3   6   16
250   4   1   12
250   4   2   26
250   4   3   33
250   4   4   35
250   4   5   32
250   4   6   27
250   4   7   18
250   4   8   15
250   4   9   5
