1   1   1   14
1   1   2   25
1   1   3   29
1   1   4   31
1   1   5   21
1   1   6   16
1   2   1   5
1   2   2   16
1   2   3   18
1   2   4   28
1   2   5   28
1   2   6   25
1   2   7   16
1   3   1   21
1   3   2   25
1   3   3   24
1   3   4   23
1   3   5   20
1   3   6   17
1   3   7   6
1   4   1   35
1   4   2   35
1   4   3   32
1   4   4   26
1   4   5   8
2   1   1   5
2   1   2   17
2   1   3   26
2   1   4   24
2   1   5   27
2   1   6   21
2   1   7   17
2   1   8   7
2   2   1   5
2   2   2   24
2   2   3   42
2   2   4   39
2   2   5   29
2   2   6   5
2   3   1   6
2   3   2   16
2   3   3   20
2   3   4   30
2   3   5   27
2   3   6   24
2   3   7   16
2   3   8   5
2   4   1   12
2   4   2   28
2   4   3   30
2   4   4   33
2   4   5   29
2   4   6   12
3   1   1   17
3   1   2   20
3   1   3   16
3   1   4   15
3   2   1   17
3   2   2   16
3   2   3   16
3   2   4   19
3   3   1   12
3   3   2   23
3   3   3   20
3   3   4   13
3   4   1   7
3   4   2   12
3   4   3   15
3   4   4   15
3   4   5   13
3   4   6   6
4   1   1   10
4   1   2   21
4   1   3   25
4   1   4   27
4   1   5   23
4   1   6   7
4   2   1   8
4   2   2   20
4   2   3   32
4   2   4   25
4   2   5   15
4   2   6   13
4   3   1   5
4   3   2   13
4   3   3   20
4   3   4   16
4   3   5   24
4   3   6   20
4   3   7   10
4   3   8   5
4   4   1   7
4   4   2   20
4   4   3   30
4   4   4   27
4   4   5   29
5   1   1   13
5   1   2   15
5   1   3   15
5   1   4   13
5   2   1   11
5   2   2   17
5   2   3   17
5   2   4   11
5   3   1   7
5   3   2   8
5   3   3   11
5   3   4   13
5   3   5   12
5   3   6   5
5   4   1   7
5   4   2   23
5   4   3   17
5   4   4   9
6   1   1   18
6   1   2   23
6   1   3   26
6   1   4   26
6   1   5   29
6   1   6   15
6   2   1   10
6   2   2   24
6   2   3   37
6   2   4   31
6   2   5   25
6   2   6   10
6   3   1   10
6   3   2   24
6   3   3   34
6   3   4   33
6   3   5   27
6   3   6   9
6   4   1   5
6   4   2   14
6   4   3   22
6   4   4   29
6   4   5   28
6   4   6   20
6   4   7   13
6   4   8   6
7   1   1   7
7   1   2   26
7   1   3   32
7   1   4   32
7   1   5   20
7   1   6   9
7   2   1   13
7   2   2   23
7   2   3   27
7   2   4   30
7   2   5   19
7   2   6   14
7   3   1   13
7   3   2   22
7   3   3   28
7   3   4   25
7   3   5   26
7   3   6   12
7   4   1   15
7   4   2   20
7   4   3   25
7   4   4   24
7   4   5   19
7   4   6   16
7   4   7   7
8   1   1   12
8   1   2   22
8   1   3   25
8   1   4   18
8   1   5   22
8   1   6   13
8   2   1   9
8   2   2   20
8   2   3   29
8   2   4   25
8   2   5   17
8   2   6   12
8   3   1   6
8   3   2   22
8   3   3   28
8   3   4   25
8   3   5   25
8   3   6   6
8   4   1   6
8   4   2   24
8   4   3   27
8   4   4   25
8   4   5   23
8   4   6   7
9   1   1   16
9   1   2   19
9   1   3   15
9   1   4   14
9   2   1   4
9   2   2   7
9   2   3   18
9   2   4   22
9   2   5   13
9   3   1   13
9   3   2   17
9   3   3   20
9   3   4   14
9   4   1   15
9   4   2   15
9   4   3   19
9   4   4   15
10   1   1   18
10   1   2   24
10   1   3   27
10   1   4   18
10   2   1   8
10   2   2   17
10   2   3   20
10   2   4   20
10   2   5   13
10   2   6   9
10   3   1   18
10   3   2   25
10   3   3   24
10   3   4   20
10   4   1   7
10   4   2   18
10   4   3   19
10   4   4   20
10   4   5   15
10   4   6   8
11   1   1   5
11   1   2   18
11   1   3   25
11   1   4   20
11   1   5   19
11   1   6   6
11   2   1   15
11   2   2   32
11   2   3   30
11   2   4   16
11   3   1   7
11   3   2   16
11   3   3   23
11   3   4   23
11   3   5   17
11   3   6   7
11   4   1   10
11   4   2   16
11   4   3   19
11   4   4   21
11   4   5   15
11   4   6   12
12   1   1   11
12   1   2   18
12   1   3   17
12   1   4   12
12   2   1   13
12   2   2   17
12   2   3   15
12   2   4   13
12   3   1   14
12   3   2   17
12   3   3   13
12   3   4   14
12   4   1   8
12   4   2   22
12   4   3   18
12   4   4   10
13   1   1   9
13   1   2   15
13   1   3   13
13   1   4   19
13   1   5   18
13   1   6   7
13   2   1   14
13   2   2   27
13   2   3   23
13   2   4   17
13   3   1   10
13   3   2   15
13   3   3   16
13   3   4   16
13   3   5   12
13   3   6   12
13   4   1   15
13   4   2   24
13   4   3   26
13   4   4   16
14   1   1   12
14   1   2   29
14   1   3   29
14   1   4   27
14   1   5   19
14   1   6   13
14   1   7   5
14   2   1   11
14   2   2   15
14   2   3   14
14   2   4   23
14   2   5   27
14   2   6   22
14   2   7   14
14   2   8   8
14   3   1   17
14   3   2   24
14   3   3   26
14   3   4   26
14   3   5   24
14   3   6   17
14   4   1   12
14   4   2   27
14   4   3   27
14   4   4   28
14   4   5   29
14   4   6   11
15   1   1   5
15   1   2   12
15   1   3   21
15   1   4   15
15   1   5   11
15   1   6   6
15   2   1   12
15   2   2   10
15   2   3   15
15   2   4   12
15   2   5   9
15   2   6   12
15   3   1   13
15   3   2   21
15   3   3   25
15   3   4   11
15   4   1   7
15   4   2   9
15   4   3   15
15   4   4   19
15   4   5   15
15   4   6   5
16   1   1   13
16   1   2   22
16   1   3   31
16   1   4   35
16   1   5   24
16   1   6   11
16   2   1   7
16   2   2   16
16   2   3   22
16   2   4   28
16   2   5   24
16   2   6   22
16   2   7   17
16   3   1   14
16   3   2   23
16   3   3   31
16   3   4   30
16   3   5   24
16   3   6   14
16   4   1   8
16   4   2   31
16   4   3   32
16   4   4   32
16   4   5   18
16   4   6   15
17   1   1   18
17   1   2   20
17   1   3   22
17   1   4   16
17   2   1   8
17   2   2   15
17   2   3   15
17   2   4   16
17   2   5   13
17   2   6   9
17   3   1   5
17   3   2   12
17   3   3   19
17   3   4   22
17   3   5   18
17   4   1   16
17   4   2   25
17   4   3   19
17   4   4   11
17   4   5   5
18   1   1   9
18   1   2   12
18   1   3   14
18   1   4   16
18   1   5   15
18   1   6   6
18   2   1   15
18   2   2   21
18   2   3   18
18   2   4   18
18   3   1   13
18   3   2   22
18   3   3   23
18   3   4   14
18   4   1   17
18   4   2   21
18   4   3   19
18   4   4   8
18   4   5   7
19   1   1   10
19   1   2   10
19   2   1   11
19   2   2   6
19   2   3   3
19   3   1   10
19   3   2   10
19   4   1   10
19   4   2   10
20   1   1   23
20   1   2   34
20   1   3   28
20   1   4   24
20   2   1   12
20   2   2   14
20   2   3   24
20   2   4   32
20   2   5   19
20   2   6   8
20   3   1   11
20   3   2   11
20   3   3   14
20   3   4   16
20   3   5   18
20   3   6   17
20   3   7   14
20   3   8   8
20   4   1   10
20   4   2   19
20   4   3   24
20   4   4   26
20   4   5   22
20   4   6   8
21   1   1   19
21   1   2   20
21   1   3   19
21   1   4   18
21   2   1   7
21   2   2   9
21   2   3   19
21   2   4   25
21   2   5   11
21   2   6   5
21   3   1   9
21   3   2   13
21   3   3   18
21   3   4   14
21   3   5   12
21   3   6   10
21   4   1   14
21   4   2   20
21   4   3   29
21   4   4   13
22   1   1   11
22   1   2   22
22   1   3   26
22   1   4   20
22   1   5   19
22   1   6   13
22   2   1   7
22   2   2   12
22   2   3   16
22   2   4   18
22   2   5   20
22   2   6   19
22   2   7   14
22   2   8   5
22   3   1   6
22   3   2   19
22   3   3   29
22   3   4   31
22   3   5   26
22   4   1   6
22   4   2   20
22   4   3   29
22   4   4   30
22   4   5   21
22   4   6   5
23   1   1   10
23   1   2   18
23   1   3   21
23   1   4   24
23   1   5   24
23   1   6   24
23   1   7   17
23   1   8   10
23   2   1   16
23   2   2   17
23   2   3   42
23   2   4   31
23   2   5   30
23   2   6   12
23   3   1   13
23   3   2   28
23   3   3   36
23   3   4   29
23   3   5   25
23   3   6   17
23   4   1   9
23   4   2   31
23   4   3   36
23   4   4   34
23   4   5   25
23   4   6   13
24   1   1   6
24   1   2   18
24   1   3   21
24   1   4   20
24   1   5   18
24   1   6   7
24   2   1   5
24   2   2   15
24   2   3   23
24   2   4   26
24   2   5   21
24   3   1   8
24   3   2   13
24   3   3   23
24   3   4   22
24   3   5   24
24   4   1   7
24   4   2   7
24   4   3   17
24   4   4   15
24   4   5   13
24   4   6   15
24   4   7   9
24   4   8   7
25   1   1   10
25   1   2   19
25   1   3   25
25   1   4   30
25   1   5   25
25   1   6   7
25   2   1   5
25   2   2   14
25   2   3   20
25   2   4   21
25   2   5   20
25   2   6   17
25   2   7   11
25   2   8   8
25   3   1   12
25   3   2   19
25   3   3   24
25   3   4   28
25   3   5   24
25   3   6   9
25   4   1   8
25   4   2   18
25   4   3   33
25   4   4   30
25   4   5   19
25   4   6   8
26   1   1   11
26   1   2   15
26   1   3   15
26   1   4   12
26   2   1   14
26   2   2   12
26   2   3   15
26   2   4   12
26   3   1   13
26   3   2   13
26   3   3   14
26   3   4   13
26   4   1   9
26   4   2   17
26   4   3   18
26   4   4   9
27   1   1   7
27   1   2   14
27   1   3   11
27   1   4   7
27   2   1   8
27   2   2   9
27   2   3   15
27   2   4   7
27   3   1   8
27   3   2   14
27   3   3   8
27   3   4   9
27   4   1   6
27   4   2   14
27   4   3   12
27   4   4   7
28   1   1   2
28   1   2   1
28   1   3   7
28   1   4   19
28   1   5   31
28   1   6   27
28   1   7   21
28   1   8   11
28   2   1   15
28   2   2   23
28   2   3   22
28   2   4   24
28   2   5   19
28   2   6   16
28   3   1   12
28   3   2   20
28   3   3   27
28   3   4   27
28   3   5   22
28   3   6   11
28   4   1   7
28   4   2   21
28   4   3   31
28   4   4   35
28   4   5   18
28   4   6   7
29   1   1   12
29   1   2   22
29   1   3   30
29   1   4   33
29   1   5   21
29   1   6   12
29   2   1   32
29   2   2   35
29   2   3   33
29   2   4   22
29   2   5   8
29   3   1   20
29   3   2   21
29   3   3   23
29   3   4   24
29   3   5   23
29   3   6   14
29   3   7   5
29   4   1   5
29   4   2   15
29   4   3   23
29   4   4   26
29   4   5   25
29   4   6   21
29   4   7   15
30   1   1   20
30   1   2   39
30   1   3   46
30   1   4   30
30   1   5   35
30   1   6   25
30   2   1   8
30   2   2   17
30   2   3   19
30   2   4   23
30   2   5   28
30   2   6   29
30   2   7   27
30   2   8   24
30   2   9   14
30   2   10   6
30   3   1   9
30   3   2   20
30   3   3   28
30   3   4   36
30   3   5   42
30   3   6   36
30   3   7   18
30   3   8   6
30   4   1   22
30   4   2   33
30   4   3   43
30   4   4   42
30   4   5   30
30   4   6   25
31   1   1   9
31   1   2   26
31   1   3   26
31   1   4   29
31   1   5   23
31   1   6   11
31   2   1   12
31   2   2   20
31   2   3   32
31   2   4   28
31   2   5   19
31   2   6   13
31   3   1   9
31   3   2   20
31   3   3   33
31   3   4   34
31   3   5   17
31   3   6   11
31   4   1   13
31   4   2   21
31   4   3   24
31   4   4   23
31   4   5   22
31   4   6   21
32   1   1   10
32   1   2   21
32   1   3   29
32   1   4   32
32   1   5   21
32   1   6   10
32   2   1   17
32   2   2   22
32   2   3   25
32   2   4   24
32   2   5   20
32   2   6   15
32   3   1   11
32   3   2   21
32   3   3   27
32   3   4   30
32   3   5   27
32   3   6   7
32   4   1   3
32   4   2   15
32   4   3   18
32   4   4   23
32   4   5   26
32   4   6   23
32   4   7   15
33   1   1   12
33   1   2   29
33   1   3   41
33   1   4   33
33   1   5   20
33   1   6   18
33   2   1   18
33   2   2   28
33   2   3   32
33   2   4   32
33   2   5   24
33   2   6   12
33   2   7   7
33   3   1   7
33   3   2   17
33   3   3   21
33   3   4   29
33   3   5   30
33   3   6   27
33   3   7   16
33   3   8   6
33   4   1   5
33   4   2   11
33   4   3   28
33   4   4   33
33   4   5   30
33   4   6   29
33   4   7   17
34   1   1   8
34   1   2   23
34   1   3   27
34   1   4   23
34   1   5   18
34   1   6   12
34   2   1   8
34   2   2   20
34   2   3   28
34   2   4   28
34   2   5   19
34   2   6   8
34   3   1   6
34   3   2   23
34   3   3   27
34   3   4   27
34   3   5   21
34   3   6   7
34   4   1   13
34   4   2   18
34   4   3   26
34   4   4   25
34   4   5   18
34   4   6   11
35   1   1   12
35   1   2   14
35   1   3   15
35   1   4   11
35   2   1   12
35   2   2   12
35   2   3   16
35   2   4   12
35   3   1   9
35   3   2   16
35   3   3   19
35   3   4   8
35   4   1   10
35   4   2   17
35   4   3   15
35   4   4   10
36   1   1   11
36   1   2   24
36   1   3   30
36   1   4   29
36   1   5   29
36   1   6   10
36   2   1   10
36   2   2   29
36   2   3   31
36   2   4   28
36   2   5   21
36   2   6   14
36   3   1   11
36   3   2   28
36   3   3   31
36   3   4   29
36   3   5   19
36   3   6   15
36   4   1   17
36   4   2   24
36   4   3   30
36   4   4   25
36   4   5   18
36   4   6   13
36   4   7   6
37   1   1   12
37   1   2   22
37   1   3   27
37   1   4   12
37   2   1   15
37   2   2   19
37   2   3   22
37   2   4   17
37   3   1   8
37   3   2   13
37   3   3   16
37   3   4   14
37   3   5   14
37   3   6   8
37   4   1   5
37   4   2   18
37   4   3   14
37   4   4   15
37   4   5   14
37   4   6   7
38   1   1   9
38   1   2   21
38   1   3   18
38   1   4   9
38   2   1   5
38   2   2   11
38   2   3   13
38   2   4   12
38   2   5   9
38   2   6   7
38   3   1   13
38   3   2   17
38   3   3   12
38   3   4   15
38   4   1   12
38   4   2   18
38   4   3   18
38   4   4   9
39   1   1   6
39   1   2   11
39   1   3   11
39   1   4   7
39   2   1   6
39   2   2   15
39   2   3   6
39   2   4   8
39   3   1   6
39   3   2   11
39   3   3   12
39   3   4   6
39   4   1   19
39   4   2   16
40   1   1   9
40   1   2   25
40   1   3   30
40   1   4   27
40   1   5   26
40   1   6   9
40   2   1   27
40   2   2   36
40   2   3   35
40   2   4   28
40   3   1   17
40   3   2   19
40   3   3   23
40   3   4   32
40   3   5   21
40   3   6   14
40   4   1   18
40   4   2   23
40   4   3   24
40   4   4   23
40   4   5   19
40   4   6   12
40   4   7   7
41   1   1   5
41   1   2   11
41   1   3   14
41   1   4   16
41   1   5   14
41   1   6   18
41   1   7   7
41   1   8   6
41   2   1   10
41   2   2   17
41   2   3   20
41   2   4   19
41   2   5   13
41   2   6   12
41   3   1   12
41   3   2   14
41   3   3   22
41   3   4   19
41   3   5   12
41   3   6   12
41   4   1   20
41   4   2   28
41   4   3   24
41   4   4   19
42   1   1   17
42   1   2   25
42   1   3   26
42   1   4   29
42   1   5   26
42   1   6   16
42   2   1   11
42   2   2   28
42   2   3   30
42   2   4   29
42   2   5   30
42   2   6   11
42   3   1   5
42   3   2   11
42   3   3   17
42   3   4   40
42   3   5   22
42   3   6   32
42   3   7   12
42   4   1   18
42   4   2   23
42   4   3   30
42   4   4   25
42   4   5   26
42   4   6   17
43   1   1   10
43   1   2   15
43   1   3   15
43   1   4   14
43   2   1   12
43   2   2   19
43   2   3   9
43   2   4   14
43   3   1   13
43   3   2   14
43   3   3   14
43   3   4   13
43   4   1   5
43   4   2   13
43   4   3   12
43   4   4   8
43   4   5   9
43   4   6   7
44   1   1   16
44   1   2   18
44   1   3   16
44   1   4   11
44   1   5   5
44   2   1   16
44   2   2   17
44   2   3   17
44   2   4   16
44   3   1   6
44   3   2   11
44   3   3   15
44   3   4   16
44   3   5   12
44   3   6   6
44   4   1   10
44   4   2   24
44   4   3   22
44   4   4   10
45   1   1   15
45   1   2   21
45   1   3   17
45   1   4   16
45   2   1   11
45   2   2   21
45   2   3   22
45   2   4   15
45   3   1   6
45   3   2   14
45   3   3   14
45   3   4   15
45   3   5   15
45   3   6   5
45   4   1   6
45   4   2   12
45   4   3   18
45   4   4   20
45   4   5   13
46   1   1   22
46   1   2   28
46   1   3   18
46   1   4   15
46   1   5   7
46   2   1   7
46   2   2   12
46   2   3   23
46   2   4   27
46   2   5   21
46   3   1   10
46   3   2   15
46   3   3   20
46   3   4   18
46   3   5   17
46   3   6   10
46   4   1   5
46   4   2   16
46   4   3   24
46   4   4   25
46   4   5   15
46   4   6   5
47   1   1   8
47   1   2   13
47   1   3   18
47   1   4   25
47   1   5   24
47   2   1   20
47   2   2   25
47   2   3   23
47   2   4   14
47   2   5   6
47   3   1   12
47   3   2   11
47   3   3   26
47   3   4   13
47   3   5   15
47   3   6   11
47   4   1   5
47   4   2   14
47   4   3   22
47   4   4   28
47   4   5   19
48   1   1   20
48   1   2   27
48   1   3   38
48   1   4   33
48   1   5   31
48   1   6   19
48   2   1   14
48   2   2   33
48   2   3   41
48   2   4   37
48   2   5   24
48   2   6   19
48   3   1   19
48   3   2   27
48   3   3   36
48   3   4   37
48   3   5   32
48   3   6   17
48   4   1   12
48   4   2   17
48   4   3   25
48   4   4   31
48   4   5   28
48   4   6   24
48   4   7   19
48   4   8   12
49   1   1   15
49   1   2   18
49   1   3   19
49   1   4   18
49   1   5   17
49   1   6   11
49   1   7   4
49   2   1   24
49   2   2   24
49   2   3   35
49   2   4   19
49   3   1   30
49   3   2   24
49   3   3   23
49   3   4   15
49   3   5   10
49   4   1   8
49   4   2   18
49   4   3   25
49   4   4   24
49   4   5   18
49   4   6   9
50   1   1   22
50   1   2   30
50   1   3   25
50   1   4   18
50   1   5   5
50   2   1   10
50   2   2   15
50   2   3   25
50   2   4   24
50   2   5   15
50   2   6   11
50   3   1   11
50   3   2   14
50   3   3   23
50   3   4   23
50   3   5   19
50   3   6   10
50   4   1   12
50   4   2   20
50   4   3   26
50   4   4   24
50   4   5   18
51   1   1   13
51   1   2   12
51   1   3   16
51   1   4   11
51   2   1   11
51   2   2   11
51   2   3   13
51   2   4   9
51   2   5   8
51   3   1   10
51   3   2   15
51   3   3   16
51   3   4   11
51   4   1   7
51   4   2   20
51   4   3   17
51   4   4   8
52   1   1   19
52   1   2   32
52   1   3   41
52   1   4   40
52   1   5   35
52   1   6   18
52   2   1   6
52   2   2   12
52   2   3   15
52   2   4   28
52   2   5   29
52   2   6   32
52   2   7   28
52   2   8   22
52   2   9   13
52   3   1   7
52   3   2   18
52   3   3   27
52   3   4   39
52   3   5   39
52   3   6   31
52   3   7   24
52   4   1   19
52   4   2   31
52   4   3   43
52   4   4   41
52   4   5   32
52   4   6   19
53   1   1   24
53   1   2   24
53   1   3   27
53   1   4   17
53   1   5   5
53   2   1   24
53   2   2   26
53   2   3   23
53   2   4   18
53   2   5   6
53   3   1   14
53   3   2   13
53   3   3   20
53   3   4   18
53   3   5   20
53   3   6   12
53   4   1   7
53   4   2   17
53   4   3   23
53   4   4   26
53   4   5   17
53   4   6   7
54   1   1   22
54   1   2   36
54   1   3   42
54   1   4   34
54   1   5   22
54   1   6   15
54   1   7   11
54   2   1   7
54   2   2   16
54   2   3   23
54   2   4   38
54   2   5   39
54   2   6   43
54   2   7   16
54   3   1   10
54   3   2   24
54   3   3   26
54   3   4   30
54   3   5   32
54   3   6   31
54   3   7   20
54   3   8   9
54   4   1   10
54   4   2   16
54   4   3   25
54   4   4   37
54   4   5   39
54   4   6   31
54   4   7   19
54   4   8   5
55   1   1   24
55   1   2   28
55   1   3   23
55   1   4   14
55   1   5   8
55   2   1   8
55   2   2   16
55   2   3   22
55   2   4   27
55   2   5   17
55   2   6   7
55   3   1   5
55   3   2   16
55   3   3   22
55   3   4   27
55   3   5   20
55   3   6   7
55   4   1   9
55   4   2   13
55   4   3   22
55   4   4   27
55   4   5   19
55   4   6   7
56   1   1   17
56   1   2   22
56   1   3   32
56   1   4   32
56   1   5   29
56   1   6   12
56   2   1   6
56   2   2   13
56   2   3   23
56   2   4   33
56   2   5   26
56   2   6   22
56   2   7   15
56   2   8   6
56   3   1   13
56   3   2   25
56   3   3   37
56   3   4   31
56   3   5   25
56   3   6   13
56   4   1   15
56   4   2   29
56   4   3   30
56   4   4   29
56   4   5   21
56   4   6   20
57   1   1   11
57   1   2   20
57   1   3   29
57   1   4   33
57   1   5   24
57   1   6   9
57   2   1   9
57   2   2   28
57   2   3   29
57   2   4   28
57   2   5   19
57   2   6   13
57   3   1   20
57   3   2   20
57   3   3   22
57   3   4   23
57   3   5   23
57   3   6   18
57   4   1   10
57   4   2   22
57   4   3   30
57   4   4   32
57   4   5   21
57   4   6   11
58   1   1   10
58   1   2   21
58   1   3   26
58   1   4   32
58   1   5   31
58   1   6   33
58   1   7   22
58   1   8   7
58   2   1   8
58   2   2   19
58   2   3   31
58   2   4   34
58   2   5   34
58   2   6   27
58   2   7   20
58   2   8   9
58   3   1   16
58   3   2   33
58   3   3   41
58   3   4   45
58   3   5   32
58   3   6   15
58   4   1   20
58   4   2   32
58   4   3   35
58   4   4   41
58   4   5   38
58   4   6   16
59   1   1   7
59   1   2   13
59   1   3   20
59   1   4   19
59   1   5   14
59   1   6   6
59   2   1   19
59   2   2   22
59   2   3   20
59   2   4   13
59   2   5   5
59   3   1   20
59   3   2   20
59   3   3   20
59   3   4   14
59   3   5   5
59   4   1   17
59   4   2   23
59   4   3   20
59   4   4   11
59   4   5   8
60   1   1   10
60   1   2   11
60   1   3   22
60   1   4   20
60   1   5   20
60   1   6   5
60   2   1   6
60   2   2   14
60   2   3   23
60   2   4   23
60   2   5   16
60   2   6   6
60   3   1   20
60   3   2   25
60   3   3   24
60   3   4   19
60   4   1   10
60   4   2   14
60   4   3   19
60   4   4   20
60   4   5   17
60   4   6   8
61   1   1   8
61   1   2   15
61   1   3   22
61   1   4   24
61   1   5   18
61   1   6   5
61   2   1   7
61   2   2   18
61   2   3   20
61   2   4   22
61   2   5   17
61   2   6   8
61   3   1   19
61   3   2   22
61   3   3   27
61   3   4   24
61   4   1   5
61   4   2   5
61   4   3   11
61   4   4   20
61   4   5   26
61   4   6   18
61   4   7   7
62   1   1   12
62   1   2   15
62   1   3   17
62   1   4   20
62   1   5   18
62   1   6   10
62   2   1   8
62   2   2   15
62   2   3   21
62   2   4   26
62   2   5   16
62   2   6   6
62   3   1   9
62   3   2   18
62   3   3   19
62   3   4   19
62   3   5   17
62   3   6   10
62   4   1   18
62   4   2   29
62   4   3   29
62   4   4   16
63   1   1   9
63   1   2   18
63   1   3   24
63   1   4   29
63   1   5   22
63   1   6   5
63   2   1   12
63   2   2   18
63   2   3   22
63   2   4   24
63   2   5   22
63   2   6   9
63   3   1   14
63   3   2   18
63   3   3   22
63   3   4   22
63   3   5   17
63   3   6   14
63   4   1   6
63   4   2   15
63   4   3   29
63   4   4   34
63   4   5   23
64   1   1   22
64   1   2   33
64   1   3   54
64   1   4   59
64   1   5   45
64   1   6   15
64   2   1   12
64   2   2   32
64   2   3   36
64   2   4   37
64   2   5   35
64   2   6   31
64   2   7   28
64   2   8   17
64   3   1   6
64   3   2   16
64   3   3   20
64   3   4   29
64   3   5   37
64   3   6   41
64   3   7   36
64   3   8   26
64   3   9   17
64   4   1   15
64   4   2   32
64   4   3   33
64   4   4   37
64   4   5   33
64   4   6   33
64   4   7   26
64   4   8   19
65   1   1   8
65   1   2   13
65   1   3   16
65   1   4   21
65   1   5   13
65   1   6   7
65   2   1   20
65   2   2   24
65   2   3   20
65   2   4   14
65   3   1   21
65   3   2   22
65   3   3   16
65   3   4   11
65   3   5   8
65   4   1   15
65   4   2   26
65   4   3   22
65   4   4   15
66   1   1   15
66   1   2   19
66   1   3   19
66   1   4   14
66   2   1   17
66   2   2   18
66   2   3   16
66   2   4   16
66   3   1   15
66   3   2   18
66   3   3   19
66   3   4   15
66   4   1   12
66   4   2   23
66   4   3   18
66   4   4   14
67   1   1   8
67   1   2   13
67   1   3   17
67   1   4   16
67   1   5   13
67   1   6   8
67   2   1   17
67   2   2   20
67   2   3   20
67   2   4   14
67   2   5   4
67   3   1   10
67   3   2   28
67   3   3   28
67   3   4   9
67   4   1   9
67   4   2   11
67   4   3   15
67   4   4   20
67   4   5   13
67   4   6   7
68   1   1   5
68   1   2   22
68   1   3   34
68   1   4   35
68   1   5   27
68   2   1   8
68   2   2   16
68   2   3   20
68   2   4   18
68   2   5   19
68   2   6   19
68   2   7   12
68   2   8   11
68   3   1   6
68   3   2   20
68   3   3   35
68   3   4   37
68   3   5   20
68   3   6   5
68   4   1   18
68   4   2   22
68   4   3   23
68   4   4   24
68   4   5   18
68   4   6   10
68   4   7   8
69   1   1   5
69   1   2   12
69   1   3   7
69   1   4   6
69   2   1   15
69   2   2   15
69   3   1   5
69   3   2   8
69   3   3   9
69   3   4   8
69   4   1   5
69   4   2   10
69   4   3   15
70   1   1   16
70   1   2   25
70   1   3   36
70   1   4   42
70   1   5   21
70   1   6   18
70   2   1   6
70   2   2   14
70   2   3   30
70   2   4   33
70   2   5   27
70   2   6   24
70   2   7   16
70   2   8   8
70   3   1   18
70   3   2   26
70   3   3   34
70   3   4   36
70   3   5   26
70   3   6   18
70   4   1   18
70   4   2   27
70   4   3   32
70   4   4   34
70   4   5   32
70   4   6   15
71   1   1   5
71   1   2   17
71   1   3   19
71   1   4   27
71   1   5   20
71   2   1   13
71   2   2   32
71   2   3   28
71   2   4   15
71   3   1   11
71   3   2   13
71   3   3   17
71   3   4   20
71   3   5   17
71   3   6   10
71   4   1   8
71   4   2   7
71   4   3   11
71   4   4   15
71   4   5   18
71   4   6   15
71   4   7   9
71   4   8   5
72   1   1   10
72   1   2   11
72   1   3   14
72   1   4   12
72   2   1   10
72   2   2   16
72   2   3   11
72   2   4   10
72   3   1   14
72   3   2   13
72   3   3   10
72   3   4   10
72   4   1   27
72   4   2   20
73   1   1   9
73   1   2   9
73   2   1   9
73   2   2   4
73   2   3   5
73   3   1   9
73   3   2   9
73   4   1   9
73   4   2   5
73   4   3   4
74   1   1   6
74   1   2   20
74   1   3   38
74   1   4   41
74   1   5   40
74   1   6   33
74   1   7   18
74   1   8   7
74   2   1   5
74   2   2   20
74   2   3   33
74   2   4   40
74   2   5   46
74   2   6   36
74   2   7   23
74   3   1   10
74   3   2   25
74   3   3   30
74   3   4   37
74   3   5   37
74   3   6   31
74   3   7   18
74   3   8   15
74   4   1   13
74   4   2   19
74   4   3   25
74   4   4   37
74   4   5   47
74   4   6   34
74   4   7   23
74   4   8   5
75   1   1   7
75   1   2   20
75   1   3   15
75   1   4   8
75   2   1   8
75   2   2   16
75   2   3   18
75   2   4   8
75   3   1   9
75   3   2   17
75   3   3   13
75   3   4   11
75   4   1   5
75   4   2   8
75   4   3   12
75   4   4   12
75   4   5   13
76   1   1   9
76   1   2   15
76   1   3   23
76   1   4   22
76   1   5   21
76   1   6   28
76   1   7   22
76   1   8   26
76   1   9   14
76   1   10   8
76   2   1   7
76   2   2   21
76   2   3   31
76   2   4   41
76   2   5   33
76   2   6   25
76   2   7   19
76   2   8   11
76   3   1   21
76   3   2   37
76   3   3   39
76   3   4   36
76   3   5   31
76   3   6   18
76   3   7   6
76   4   1   13
76   4   2   34
76   4   3   45
76   4   4   49
76   4   5   37
76   4   6   10
77   1   1   6
77   1   2   11
77   1   3   15
77   1   4   6
77   2   1   8
77   2   2   12
77   2   3   10
77   2   4   8
77   3   1   5
77   3   2   14
77   3   3   14
77   3   4   5
77   4   1   7
77   4   2   9
77   4   3   17
77   4   4   5
78   1   1   7
78   1   2   19
78   1   3   20
78   1   4   23
78   1   5   24
78   1   6   27
78   1   7   23
78   2   1   12
78   2   2   26
78   2   3   38
78   2   4   27
78   2   5   29
78   2   6   11
78   3   1   14
78   3   2   23
78   3   3   36
78   3   4   34
78   3   5   23
78   3   6   13
78   4   1   14
78   4   2   28
78   4   3   30
78   4   4   30
78   4   5   26
78   4   6   15
79   1   1   24
79   1   2   32
79   1   3   33
79   1   4   22
79   2   1   9
79   2   2   21
79   2   3   25
79   2   4   26
79   2   5   20
79   2   6   10
79   3   1   13
79   3   2   18
79   3   3   23
79   3   4   26
79   3   5   20
79   3   6   11
79   4   1   17
79   4   2   17
79   4   3   20
79   4   4   22
79   4   5   20
79   4   6   15
80   1   1   13
80   1   2   18
80   1   3   32
80   1   4   28
80   1   5   19
80   1   6   14
80   2   1   14
80   2   2   19
80   2   3   28
80   2   4   28
80   2   5   23
80   2   6   12
80   3   1   9
80   3   2   24
80   3   3   30
80   3   4   30
80   3   5   20
80   3   6   11
80   4   1   9
80   4   2   19
80   4   3   35
80   4   4   31
80   4   5   20
80   4   6   10
81   1   1   14
81   1   2   12
81   1   3   20
81   1   4   22
81   1   5   22
81   1   6   9
81   2   1   24
81   2   2   27
81   2   3   24
81   2   4   15
81   2   5   9
81   3   1   5
81   3   2   19
81   3   3   25
81   3   4   25
81   3   5   20
81   3   6   5
81   4   1   8
81   4   2   20
81   4   3   24
81   4   4   21
81   4   5   16
81   4   6   10
82   1   1   10
82   1   2   18
82   1   3   21
82   1   4   11
82   2   1   8
82   2   2   11
82   2   3   13
82   2   4   11
82   2   5   8
82   2   6   9
82   3   1   8
82   3   2   23
82   3   3   19
82   3   4   10
82   4   1   12
82   4   2   19
82   4   3   17
82   4   4   12
83   1   1   16
83   1   2   26
83   1   3   27
83   1   4   30
83   1   5   29
83   1   6   13
83   2   1   15
83   2   2   27
83   2   3   31
83   2   4   27
83   2   5   24
83   2   6   17
83   3   1   15
83   3   2   27
83   3   3   34
83   3   4   26
83   3   5   24
83   3   6   15
83   4   1   11
83   4   2   24
83   4   3   37
83   4   4   31
83   4   5   28
83   4   6   10
84   1   1   7
84   1   2   10
84   1   3   21
84   1   4   26
84   1   5   18
84   2   1   19
84   2   2   26
84   2   3   19
84   2   4   11
84   2   5   7
84   3   1   8
84   3   2   18
84   3   3   17
84   3   4   16
84   3   5   11
84   3   6   12
84   4   1   22
84   4   2   18
84   4   3   23
84   4   4   19
85   1   1   7
85   1   2   16
85   1   3   30
85   1   4   30
85   1   5   29
85   1   6   24
85   1   7   17
85   1   8   8
85   2   1   10
85   2   2   31
85   2   3   36
85   2   4   41
85   2   5   33
85   2   6   10
85   3   1   17
85   3   2   28
85   3   3   36
85   3   4   33
85   3   5   30
85   3   6   17
85   4   1   6
85   4   2   16
85   4   3   22
85   4   4   37
85   4   5   32
85   4   6   26
85   4   7   15
85   4   8   7
86   1   1   5
86   1   2   14
86   1   3   13
86   1   4   6
86   2   1   4
86   2   2   6
86   2   3   9
86   2   4   9
86   2   5   10
86   3   1   8
86   3   2   12
86   3   3   10
86   3   4   8
86   4   1   7
86   4   2   12
86   4   3   13
86   4   4   6
87   1   1   12
87   1   2   16
87   1   3   15
87   1   4   19
87   1   5   13
87   1   6   12
87   2   1   9
87   2   2   11
87   2   3   19
87   2   4   26
87   2   5   22
87   3   1   9
87   3   2   14
87   3   3   22
87   3   4   19
87   3   5   13
87   3   6   10
87   4   1   15
87   4   2   25
87   4   3   33
87   4   4   14
88   1   1   10
88   1   2   16
88   1   3   16
88   1   4   12
88   2   1   7
88   2   2   18
88   2   3   14
88   2   4   15
88   3   1   15
88   3   2   14
88   3   3   12
88   3   4   7
88   3   5   6
88   4   1   12
88   4   2   18
88   4   3   12
88   4   4   12
89   1   1   14
89   1   2   14
89   1   3   16
89   1   4   23
89   1   5   20
89   1   6   12
89   2   1   9
89   2   2   16
89   2   3   27
89   2   4   21
89   2   5   17
89   2   6   9
89   3   1   7
89   3   2   18
89   3   3   26
89   3   4   22
89   3   5   17
89   3   6   9
89   4   1   6
89   4   2   18
89   4   3   26
89   4   4   25
89   4   5   17
89   4   6   7
90   1   1   6
90   1   2   18
90   1   3   25
90   1   4   21
90   1   5   19
90   1   6   7
90   2   1   7
90   2   2   17
90   2   3   23
90   2   4   25
90   2   5   17
90   2   6   7
90   3   1   9
90   3   2   18
90   3   3   20
90   3   4   24
90   3   5   16
90   3   6   9
90   4   1   7
90   4   2   16
90   4   3   24
90   4   4   23
90   4   5   20
90   4   6   6
91   1   1   12
91   1   2   18
91   1   3   20
91   1   4   20
91   1   5   18
91   1   6   11
91   2   1   5
91   2   2   16
91   2   3   27
91   2   4   30
91   2   5   21
91   3   1   7
91   3   2   18
91   3   3   26
91   3   4   22
91   3   5   20
91   3   6   6
91   4   1   6
91   4   2   16
91   4   3   29
91   4   4   22
91   4   5   26
92   1   1   9
92   1   2   21
92   1   3   23
92   1   4   23
92   1   5   18
92   1   6   11
92   2   1   10
92   2   2   18
92   2   3   20
92   2   4   30
92   2   5   19
92   2   6   8
92   3   1   11
92   3   2   16
92   3   3   22
92   3   4   27
92   3   5   22
92   3   6   7
92   4   1   26
92   4   2   26
92   4   3   27
92   4   4   26
93   1   1   2
93   1   2   9
93   1   3   13
93   1   4   19
93   1   5   23
93   1   6   20
93   1   7   8
93   2   1   25
93   2   2   25
93   2   3   21
93   2   4   16
93   2   5   7
93   3   1   23
93   3   2   26
93   3   3   27
93   3   4   18
93   4   1   7
93   4   2   20
93   4   3   24
93   4   4   18
93   4   5   14
93   4   6   11
94   1   1   20
94   1   2   27
94   1   3   29
94   1   4   20
94   2   1   16
94   2   2   15
94   2   3   18
94   2   4   15
94   2   5   17
94   2   6   15
94   3   1   8
94   3   2   19
94   3   3   23
94   3   4   19
94   3   5   17
94   3   6   10
94   4   1   6
94   4   2   18
94   4   3   24
94   4   4   23
94   4   5   25
95   1   1   12
95   1   2   19
95   1   3   31
95   1   4   32
95   1   5   25
95   1   6   8
95   2   1   6
95   2   2   22
95   2   3   40
95   2   4   30
95   2   5   21
95   2   6   8
95   3   1   18
95   3   2   23
95   3   3   27
95   3   4   21
95   3   5   17
95   3   6   14
95   3   7   7
95   4   1   12
95   4   2   24
95   4   3   29
95   4   4   30
95   4   5   16
95   4   6   16
96   1   1   13
96   1   2   16
96   1   3   16
96   1   4   12
96   2   1   11
96   2   2   14
96   2   3   21
96   2   4   11
96   3   1   10
96   3   2   22
96   3   3   12
96   3   4   13
96   4   1   14
96   4   2   15
96   4   3   14
96   4   4   14
97   1   1   12
97   1   2   18
97   1   3   21
97   1   4   22
97   1   5   19
97   1   6   10
97   2   1   26
97   2   2   25
97   2   3   28
97   2   4   23
97   3   1   7
97   3   2   21
97   3   3   24
97   3   4   22
97   3   5   18
97   3   6   10
97   4   1   6
97   4   2   20
97   4   3   25
97   4   4   27
97   4   5   18
97   4   6   6
98   1   1   29
98   1   2   34
98   1   3   31
98   1   4   23
98   1   5   5
98   2   1   8
98   2   2   24
98   2   3   30
98   2   4   29
98   2   5   21
98   2   6   10
98   3   1   5
98   3   2   11
98   3   3   20
98   3   4   23
98   3   5   27
98   3   6   22
98   3   7   14
98   4   1   13
98   4   2   22
98   4   3   28
98   4   4   24
98   4   5   21
98   4   6   14
99   1   1   11
99   1   2   32
99   1   3   31
99   1   4   13
99   2   1   13
99   2   2   15
99   2   3   14
99   2   4   18
99   2   5   15
99   2   6   10
99   2   7   2
99   3   1   5
99   3   2   5
99   3   3   15
99   3   4   16
99   3   5   19
99   3   6   16
99   3   7   11
99   4   1   5
99   4   2   17
99   4   3   24
99   4   4   19
99   4   5   15
99   4   6   7
100   1   1   8
100   1   2   12
100   1   3   11
100   1   4   7
100   2   1   5
100   2   2   15
100   2   3   12
100   2   4   6
100   3   1   7
100   3   2   12
100   3   3   12
100   3   4   7
100   4   1   7
100   4   2   13
100   4   3   10
100   4   4   8
101   1   1   1
101   2   1   1
101   3   1   1
101   4   1   1
102   1   1   20
102   1   2   21
102   1   3   30
102   1   4   40
102   1   5   42
102   1   6   33
102   1   7   20
102   1   8   9
102   1   9   8
102   2   1   6
102   2   2   24
102   2   3   32
102   2   4   43
102   2   5   51
102   2   6   46
102   2   7   21
102   3   1   11
102   3   2   24
102   3   3   33
102   3   4   41
102   3   5   41
102   3   6   38
102   3   7   27
102   3   8   8
102   4   1   14
102   4   2   20
102   4   3   35
102   4   4   44
102   4   5   43
102   4   6   32
102   4   7   22
102   4   8   13
103   1   1   5
103   1   2   11
103   1   3   19
103   1   4   22
103   1   5   12
103   1   6   6
103   2   1   15
103   2   2   26
103   2   3   18
103   2   4   10
103   2   5   6
103   3   1   16
103   3   2   25
103   3   3   19
103   3   4   10
103   3   5   5
103   4   1   17
103   4   2   24
103   4   3   17
103   4   4   12
103   4   5   5
104   1   1   7
104   1   2   14
104   1   3   14
104   1   4   16
104   1   5   12
104   1   6   7
104   2   1   18
104   2   2   18
104   2   3   15
104   2   4   19
104   3   1   14
104   3   2   21
104   3   3   21
104   3   4   14
104   4   1   14
104   4   2   20
104   4   3   22
104   4   4   14
105   1   1   11
105   1   2   17
105   1   3   18
105   1   4   10
105   2   1   14
105   2   2   15
105   2   3   13
105   2   4   14
105   3   1   5
105   3   2   10
105   3   3   12
105   3   4   12
105   3   5   9
105   3   6   8
105   4   1   12
105   4   2   16
105   4   3   16
105   4   4   12
106   1   1   5
106   1   2   13
106   1   3   14
106   1   4   11
106   1   5   11
106   1   6   6
106   2   1   14
106   2   2   15
106   2   3   17
106   2   4   14
106   3   1   5
106   3   2   11
106   3   3   14
106   3   4   16
106   3   5   10
106   3   6   4
106   4   1   9
106   4   2   16
106   4   3   25
106   4   4   10
107   1   1   1
107   2   1   1
107   3   1   1
107   4   1   1
108   1   1   22
108   1   2   26
108   1   3   27
108   1   4   22
108   2   1   5
108   2   2   21
108   2   3   23
108   2   4   25
108   2   5   17
108   2   6   6
108   3   1   5
108   3   2   19
108   3   3   26
108   3   4   23
108   3   5   16
108   3   6   8
108   4   1   11
108   4   2   21
108   4   3   23
108   4   4   21
108   4   5   12
108   4   6   9
109   1   1   14
109   1   2   17
109   1   3   14
109   1   4   14
109   2   1   12
109   2   2   16
109   2   3   20
109   2   4   11
109   3   1   11
109   3   2   17
109   3   3   14
109   3   4   12
109   3   5   5
109   4   1   13
109   4   2   19
109   4   3   15
109   4   4   7
109   4   5   5
110   1   1   8
110   1   2   17
110   1   3   29
110   1   4   31
110   1   5   26
110   1   6   29
110   1   7   19
110   1   8   7
110   2   1   7
110   2   2   15
110   2   3   26
110   2   4   35
110   2   5   31
110   2   6   29
110   2   7   17
110   2   8   6
110   3   1   13
110   3   2   32
110   3   3   38
110   3   4   39
110   3   5   31
110   3   6   13
110   4   1   9
110   4   2   15
110   4   3   22
110   4   4   34
110   4   5   34
110   4   6   30
110   4   7   22
111   1   1   17
111   1   2   28
111   1   3   25
111   1   4   17
111   2   1   10
111   2   2   18
111   2   3   17
111   2   4   17
111   2   5   12
111   2   6   13
111   3   1   19
111   3   2   27
111   3   3   23
111   3   4   13
111   3   5   5
111   4   1   7
111   4   2   14
111   4   3   17
111   4   4   33
111   4   5   11
111   4   6   5
112   1   1   11
112   1   2   18
112   1   3   16
112   1   4   10
112   2   1   5
112   2   2   12
112   2   3   12
112   2   4   8
112   2   5   13
112   2   6   5
112   3   1   9
112   3   2   18
112   3   3   21
112   3   4   7
112   4   1   6
112   4   2   11
112   4   3   12
112   4   4   11
112   4   5   8
112   4   6   7
113   1   1   8
113   1   2   15
113   1   3   17
113   1   4   16
113   1   5   16
113   1   6   7
113   2   1   6
113   2   2   13
113   2   3   23
113   2   4   17
113   2   5   13
113   2   6   7
113   3   1   13
113   3   2   24
113   3   3   28
113   3   4   14
113   4   1   11
113   4   2   12
113   4   3   16
113   4   4   19
113   4   5   9
113   4   6   12
114   1   1   1
114   2   1   1
114   3   1   1
114   4   1   1
115   1   1   15
115   1   2   25
115   1   3   29
115   1   4   34
115   1   5   26
115   1   6   11
115   2   1   19
115   2   2   24
115   2   3   25
115   2   4   30
115   2   5   24
115   2   6   18
115   3   1   14
115   3   2   21
115   3   3   32
115   3   4   36
115   3   5   26
115   3   6   11
115   4   1   12
115   4   2   27
115   4   3   33
115   4   4   31
115   4   5   23
115   4   6   14
116   1   1   6
116   1   2   4
116   1   3   2
116   2   1   6
116   2   2   5
116   2   3   1
116   3   1   6
116   3   2   6
116   4   1   5
116   4   2   7
117   1   1   5
117   1   2   25
117   1   3   28
117   1   4   67
117   1   5   32
117   1   6   41
117   1   7   29
117   2   1   12
117   2   2   24
117   2   3   34
117   2   4   40
117   2   5   45
117   2   6   39
117   2   7   25
117   2   8   8
117   3   1   16
117   3   2   28
117   3   3   35
117   3   4   39
117   3   5   35
117   3   6   29
117   3   7   23
117   3   8   17
117   3   9   5
117   4   1   30
117   4   2   42
117   4   3   46
117   4   4   43
117   4   5   33
117   4   6   25
117   4   7   8
118   1   1   16
118   1   2   21
118   1   3   24
118   1   4   25
118   1   5   17
118   1   6   16
118   1   7   5
118   2   1   15
118   2   2   22
118   2   3   25
118   2   4   23
118   2   5   24
118   2   6   15
118   3   1   9
118   3   2   20
118   3   3   31
118   3   4   34
118   3   5   24
118   3   6   6
118   4   1   7
118   4   2   22
118   4   3   33
118   4   4   33
118   4   5   23
118   4   6   6
119   1   1   11
119   1   2   20
119   1   3   31
119   1   4   34
119   1   5   25
119   1   6   7
119   2   1   9
119   2   2   24
119   2   3   32
119   2   4   30
119   2   5   24
119   2   6   9
119   3   1   11
119   3   2   26
119   3   3   27
119   3   4   26
119   3   5   27
119   3   6   11
119   4   1   7
119   4   2   17
119   4   3   20
119   4   4   19
119   4   5   23
119   4   6   21
119   4   7   16
119   4   8   5
120   1   1   9
120   1   2   27
120   1   3   37
120   1   4   39
120   1   5   22
120   1   6   12
120   2   1   6
120   2   2   17
120   2   3   22
120   2   4   27
120   2   5   28
120   2   6   29
120   2   7   17
120   3   1   6
120   3   2   18
120   3   3   26
120   3   4   29
120   3   5   22
120   3   6   20
120   3   7   13
120   3   8   12
120   4   1   16
120   4   2   28
120   4   3   33
120   4   4   28
120   4   5   24
120   4   6   17
121   1   1   17
121   1   2   16
121   1   3   19
121   1   4   21
121   1   5   21
121   1   6   15
121   2   1   6
121   2   2   23
121   2   3   27
121   2   4   25
121   2   5   19
121   2   6   9
121   3   1   14
121   3   2   17
121   3   3   22
121   3   4   25
121   3   5   18
121   3   6   13
121   4   1   23
121   4   2   33
121   4   3   30
121   4   4   18
121   4   5   5
122   1   1   11
122   1   2   18
122   1   3   30
122   1   4   34
122   1   5   21
122   1   6   9
122   2   1   7
122   2   2   20
122   2   3   32
122   2   4   38
122   2   5   21
122   2   6   5
122   3   1   19
122   3   2   18
122   3   3   22
122   3   4   28
122   3   5   18
122   3   6   18
122   4   1   15
122   4   2   20
122   4   3   27
122   4   4   25
122   4   5   21
122   4   6   15
123   1   1   14
123   1   2   18
123   2   1   8
123   2   2   8
123   2   3   10
123   2   4   6
123   3   1   4
123   3   2   11
123   3   3   9
123   3   4   8
123   4   1   8
123   4   2   9
123   4   3   7
123   4   4   8
124   1   1   12
124   1   2   30
124   1   3   37
124   1   4   38
124   1   5   26
124   1   6   13
124   2   1   20
124   2   2   26
124   2   3   32
124   2   4   35
124   2   5   26
124   2   6   17
124   3   1   5
124   3   2   16
124   3   3   24
124   3   4   32
124   3   5   31
124   3   6   26
124   3   7   22
124   4   1   17
124   4   2   28
124   4   3   33
124   4   4   32
124   4   5   29
124   4   6   17
125   1   1   17
125   1   2   20
125   1   3   20
125   1   4   11
125   1   5   5
125   2   1   15
125   2   2   23
125   2   3   21
125   2   4   14
125   3   1   17
125   3   2   19
125   3   3   19
125   3   4   13
125   3   5   5
125   4   1   14
125   4   2   22
125   4   3   24
125   4   4   13
126   1   1   9
126   1   2   20
126   1   3   27
126   1   4   22
126   1   5   15
126   1   6   11
126   2   1   7
126   2   2   22
126   2   3   23
126   2   4   26
126   2   5   19
126   2   6   7
126   3   1   10
126   3   2   19
126   3   3   22
126   3   4   20
126   3   5   16
126   3   6   11
126   3   7   6
126   4   1   23
126   4   2   27
126   4   3   31
126   4   4   23
127   1   1   27
127   1   2   34
127   1   3   43
127   1   4   45
127   1   5   32
127   1   6   27
127   2   1   10
127   2   2   20
127   2   3   35
127   2   4   40
127   2   5   42
127   2   6   33
127   2   7   22
127   2   8   6
127   3   1   13
127   3   2   21
127   3   3   28
127   3   4   37
127   3   5   41
127   3   6   36
127   3   7   26
127   3   8   6
127   4   1   9
127   4   2   22
127   4   3   31
127   4   4   37
127   4   5   44
127   4   6   39
127   4   7   26
128   1   1   5
128   1   2   9
128   1   3   11
128   1   4   15
128   1   5   7
128   1   6   5
128   2   1   11
128   2   2   14
128   2   3   18
128   2   4   9
128   3   1   10
128   3   2   17
128   3   3   16
128   3   4   9
128   4   1   11
128   4   2   16
128   4   3   14
128   4   4   11
129   1   1   7
129   1   2   11
129   1   3   15
129   1   4   7
129   2   1   10
129   2   2   10
129   2   3   11
129   2   4   9
129   3   1   6
129   3   2   15
129   3   3   14
129   3   4   5
129   4   1   8
129   4   2   11
129   4   3   13
129   4   4   8
130   1   1   24
130   1   2   22
130   1   3   23
130   1   4   22
130   2   1   10
130   2   2   15
130   2   3   21
130   2   4   21
130   2   5   14
130   2   6   10
130   3   1   5
130   3   2   18
130   3   3   23
130   3   4   25
130   3   5   13
130   3   6   7
130   4   1   6
130   4   2   16
130   4   3   25
130   4   4   21
130   4   5   23
131   1   1   23
131   1   2   29
131   1   3   28
131   1   4   22
131   2   1   15
131   2   2   19
131   2   3   18
131   2   4   17
131   2   5   17
131   2   6   16
131   3   1   6
131   3   2   18
131   3   3   29
131   3   4   29
131   3   5   20
131   4   1   12
131   4   2   21
131   4   3   19
131   4   4   18
131   4   5   20
131   4   6   7
131   4   7   5
132   1   1   5
132   1   2   16
132   1   3   13
132   1   4   28
132   1   5   17
132   2   1   21
132   2   2   22
132   2   3   16
132   2   4   10
132   2   5   10
132   3   1   19
132   3   2   24
132   3   3   20
132   3   4   9
132   3   5   7
132   4   1   18
132   4   2   21
132   4   3   23
132   4   4   17
133   1   1   7
133   1   2   17
133   1   3   24
133   1   4   20
133   1   5   20
133   1   6   7
133   2   1   9
133   2   2   15
133   2   3   22
133   2   4   24
133   2   5   20
133   2   6   5
133   3   1   18
133   3   2   31
133   3   3   29
133   3   4   17
133   4   1   15
133   4   2   19
133   4   3   18
133   4   4   15
133   4   5   11
133   4   6   10
133   4   7   7
134   1   1   8
134   1   2   14
134   1   3   16
134   1   4   18
134   1   5   13
134   1   6   8
134   2   1   8
134   2   2   13
134   2   3   18
134   2   4   18
134   2   5   13
134   2   6   7
134   3   1   5
134   3   2   11
134   3   3   24
134   3   4   18
134   3   5   19
134   4   1   15
134   4   2   26
134   4   3   21
134   4   4   15
135   1   1   6
135   1   2   5
135   2   1   6
135   2   2   5
135   3   1   6
135   3   2   5
135   4   1   6
135   4   2   5
136   1   1   17
136   1   2   17
136   1   3   16
136   1   4   10
136   1   5   5
136   2   1   17
136   2   2   16
136   2   3   16
136   2   4   16
136   3   1   5
136   3   2   11
136   3   3   15
136   3   4   18
136   3   5   16
136   4   1   10
136   4   2   22
136   4   3   25
136   4   4   8
137   1   1   11
137   1   2   22
137   1   3   23
137   1   4   28
137   1   5   28
137   1   6   28
137   1   7   19
137   1   8   12
137   2   1   18
137   2   2   27
137   2   3   38
137   2   4   36
137   2   5   31
137   2   6   21
137   3   1   5
137   3   2   19
137   3   3   27
137   3   4   33
137   3   5   34
137   3   6   29
137   3   7   19
137   3   8   5
137   4   1   20
137   4   2   28
137   4   3   37
137   4   4   37
137   4   5   29
137   4   6   20
138   1   1   10
138   1   2   20
138   1   3   24
138   1   4   25
138   1   5   29
138   1   6   28
138   1   7   22
138   1   8   6
138   2   1   3
138   2   2   5
138   2   3   17
138   2   4   26
138   2   5   32
138   2   6   27
138   2   7   30
138   2   8   17
138   2   9   7
138   3   1   7
138   3   2   35
138   3   3   42
138   3   4   39
138   3   5   32
138   3   6   9
138   4   1   18
138   4   2   27
138   4   3   37
138   4   4   40
138   4   5   22
138   4   6   20
139   1   1   8
139   1   2   22
139   1   3   29
139   1   4   23
139   1   5   19
139   1   6   12
139   2   1   8
139   2   2   17
139   2   3   29
139   2   4   31
139   2   5   28
139   3   1   5
139   3   2   11
139   3   3   14
139   3   4   25
139   3   5   25
139   3   6   19
139   3   7   14
139   4   1   9
139   4   2   21
139   4   3   26
139   4   4   27
139   4   5   21
139   4   6   9
140   1   1   15
140   1   2   19
140   1   3   18
140   1   4   16
140   2   1   6
140   2   2   14
140   2   3   15
140   2   4   15
140   2   5   18
140   3   1   6
140   3   2   12
140   3   3   15
140   3   4   17
140   3   5   13
140   3   6   5
140   4   1   13
140   4   2   19
140   4   3   23
140   4   4   13
141   1   1   5
141   1   2   5
141   1   3   15
141   2   1   5
141   2   2   8
141   2   3   6
141   2   4   6
141   3   1   13
141   3   2   12
141   4   1   13
141   4   2   8
141   4   3   4
142   1   1   8
142   1   2   12
142   1   3   11
142   1   4   6
142   2   1   8
142   2   2   11
142   2   3   9
142   2   4   9
142   3   1   8
142   3   2   12
142   3   3   9
142   3   4   8
142   4   1   5
142   4   2   15
142   4   3   17
143   1   1   16
143   1   2   26
143   1   3   29
143   1   4   16
143   2   1   10
143   2   2   15
143   2   3   18
143   2   4   16
143   2   5   20
143   2   6   8
143   3   1   7
143   3   2   13
143   3   3   21
143   3   4   25
143   3   5   16
143   3   6   5
143   4   1   9
143   4   2   15
143   4   3   19
143   4   4   20
143   4   5   14
143   4   6   10
144   1   1   5
144   1   2   15
144   1   3   19
144   1   4   20
144   1   5   14
144   1   6   6
144   2   1   16
144   2   2   25
144   2   3   21
144   2   4   12
144   2   5   5
144   3   1   18
144   3   2   20
144   3   3   26
144   3   4   15
144   4   1   6
144   4   2   12
144   4   3   20
144   4   4   20
144   4   5   21
145   1   1   11
145   1   2   19
145   1   3   20
145   1   4   18
145   1   5   19
145   1   6   11
145   2   1   23
145   2   2   27
145   2   3   27
145   2   4   16
145   2   5   5
145   3   1   5
145   3   2   21
145   3   3   22
145   3   4   24
145   3   5   20
145   3   6   6
145   4   1   8
145   4   2   9
145   4   3   15
145   4   4   19
145   4   5   15
145   4   6   14
145   4   7   10
145   4   8   8
146   1   1   21
146   1   2   20
146   1   3   20
146   1   4   22
146   2   1   5
146   2   2   18
146   2   3   21
146   2   4   19
146   2   5   11
146   2   6   9
146   3   1   7
146   3   2   15
146   3   3   21
146   3   4   19
146   3   5   14
146   3   6   7
146   4   1   20
146   4   2   24
146   4   3   19
146   4   4   20
147   1   1   17
147   1   2   17
147   2   1   8
147   2   2   9
147   2   3   10
147   2   4   7
147   3   1   6
147   3   2   11
147   3   3   9
147   3   4   8
147   4   1   5
147   4   2   14
147   4   3   9
147   4   4   6
148   1   1   6
148   1   2   17
148   1   3   22
148   1   4   15
148   1   5   12
148   1   6   10
148   2   1   17
148   2   2   22
148   2   3   25
148   2   4   18
148   3   1   8
148   3   2   13
148   3   3   19
148   3   4   20
148   3   5   16
148   3   6   6
148   4   1   5
148   4   2   12
148   4   3   22
148   4   4   26
148   4   5   17
149   1   1   14
149   1   2   14
149   1   3   16
149   1   4   9
149   1   5   3
149   2   1   16
149   2   2   14
149   2   3   10
149   2   4   16
149   3   1   5
149   3   2   8
149   3   3   15
149   3   4   16
149   3   5   12
149   4   1   7
149   4   2   24
149   4   3   17
149   4   4   8
150   1   1   18
150   1   2   24
150   1   3   23
150   1   4   14
150   2   1   9
150   2   2   11
150   2   3   17
150   2   4   19
150   2   5   23
150   3   1   5
150   3   2   12
150   3   3   20
150   3   4   23
150   3   5   19
150   4   1   7
150   4   2   14
150   4   3   19
150   4   4   18
150   4   5   13
150   4   6   8
151   1   1   14
151   1   2   12
151   1   3   10
151   1   4   8
151   1   5   5
151   2   1   9
151   2   2   15
151   2   3   16
151   2   4   9
151   3   1   9
151   3   2   14
151   3   3   21
151   3   4   5
151   4   1   10
151   4   2   13
151   4   3   17
151   4   4   9
152   1   1   11
152   1   2   18
152   1   3   19
152   1   4   15
152   1   5   15
152   1   6   13
152   2   1   6
152   2   2   18
152   2   3   24
152   2   4   21
152   2   5   15
152   2   6   7
152   3   1   5
152   3   2   13
152   3   3   25
152   3   4   25
152   3   5   16
152   3   6   7
152   4   1   18
152   4   2   28
152   4   3   26
152   4   4   19
153   1   1   13
153   1   2   19
153   1   3   18
153   1   4   27
153   1   5   21
153   1   6   10
153   2   1   26
153   2   2   29
153   2   3   26
153   2   4   19
153   2   5   8
153   3   1   25
153   3   2   30
153   3   3   28
153   3   4   25
153   4   1   11
153   4   2   24
153   4   3   20
153   4   4   21
153   4   5   15
153   4   6   12
153   4   7   5
154   1   1   12
154   1   2   22
154   1   3   27
154   1   4   27
154   1   5   23
154   1   6   11
154   2   1   18
154   2   2   23
154   2   3   19
154   2   4   26
154   2   5   18
154   2   6   10
154   2   7   8
154   3   1   14
154   3   2   21
154   3   3   25
154   3   4   26
154   3   5   24
154   3   6   12
154   4   1   10
154   4   2   22
154   4   3   25
154   4   4   31
154   4   5   27
154   4   6   7
155   1   1   5
155   1   2   9
155   1   3   13
155   1   4   13
155   1   5   13
155   2   1   15
155   2   2   14
155   2   3   9
155   2   4   10
155   2   5   5
155   3   1   11
155   3   2   15
155   3   3   17
155   3   4   10
155   4   1   11
155   4   2   15
155   4   3   17
155   4   4   10
156   1   1   14
156   1   2   25
156   1   3   35
156   1   4   29
156   1   5   24
156   1   6   16
156   2   1   20
156   2   2   25
156   2   3   24
156   2   4   28
156   2   5   28
156   2   6   18
156   3   1   6
156   3   2   12
156   3   3   18
156   3   4   28
156   3   5   38
156   3   6   31
156   3   7   10
156   4   1   7
156   4   2   12
156   4   3   23
156   4   4   25
156   4   5   30
156   4   6   28
156   4   7   18
157   1   1   11
157   1   2   8
157   1   3   3
157   2   1   12
157   2   2   10
157   3   1   12
157   3   2   10
157   4   1   5
157   4   2   7
157   4   3   10
158   1   1   16
158   1   2   17
158   1   3   21
158   1   4   15
158   2   1   6
158   2   2   11
158   2   3   14
158   2   4   21
158   2   5   17
158   3   1   15
158   3   2   22
158   3   3   15
158   3   4   17
158   4   1   15
158   4   2   17
158   4   3   22
158   4   4   15
159   1   1   8
159   1   2   20
159   1   3   36
159   1   4   34
159   1   5   20
159   1   6   8
159   2   1   8
159   2   2   8
159   2   3   17
159   2   4   25
159   2   5   33
159   2   6   21
159   2   7   14
159   3   1   13
159   3   2   23
159   3   3   27
159   3   4   28
159   3   5   22
159   3   6   13
159   4   1   5
159   4   2   14
159   4   3   19
159   4   4   24
159   4   5   21
159   4   6   28
159   4   7   15
160   1   1   4
160   1   2   3
160   1   3   7
160   2   1   7
160   2   2   7
160   3   1   3
160   3   2   4
160   3   3   4
160   3   4   3
160   4   1   7
160   4   2   7
161   1   1   5
161   1   2   19
161   1   3   33
161   1   4   27
161   1   5   21
161   1   6   6
161   2   1   5
161   2   2   19
161   2   3   32
161   2   4   29
161   2   5   26
161   3   1   13
161   3   2   20
161   3   3   25
161   3   4   20
161   3   5   19
161   3   6   14
161   4   1   17
161   4   2   17
161   4   3   24
161   4   4   18
161   4   5   17
161   4   6   13
161   4   7   5
162   1   1   10
162   1   2   19
162   1   3   22
162   1   4   25
162   1   5   24
162   1   6   7
162   2   1   22
162   2   2   39
162   2   3   25
162   2   4   11
162   2   5   10
162   3   1   11
162   3   2   21
162   3   3   24
162   3   4   20
162   3   5   17
162   3   6   10
162   3   7   4
162   4   1   11
162   4   2   16
162   4   3   26
162   4   4   26
162   4   5   18
162   4   6   10
163   1   1   10
163   1   2   10
163   1   3   13
163   1   4   9
163   2   1   10
163   2   2   12
163   2   3   10
163   2   4   10
163   3   1   7
163   3   2   14
163   3   3   15
163   3   4   6
163   4   1   10
163   4   2   10
163   4   3   12
163   4   4   10
164   1   1   11
164   1   2   19
164   1   3   25
164   1   4   27
164   1   5   31
164   1   6   27
164   1   7   19
164   1   8   9
164   2   1   12
164   2   2   18
164   2   3   23
164   2   4   31
164   2   5   28
164   2   6   25
164   2   7   20
164   2   8   11
164   3   1   38
164   3   2   50
164   3   3   43
164   3   4   30
164   3   5   7
164   4   1   7
164   4   2   19
164   4   3   33
164   4   4   27
164   4   5   25
164   4   6   27
164   4   7   21
164   4   8   9
165   1   1   7
165   1   2   16
165   1   3   19
165   1   4   19
165   1   5   20
165   1   6   5
165   2   1   8
165   2   2   20
165   2   3   15
165   2   4   20
165   2   5   13
165   2   6   10
165   3   1   21
165   3   2   22
165   3   3   22
165   3   4   21
165   4   1   4
165   4   2   17
165   4   3   24
165   4   4   20
165   4   5   15
165   4   6   6
166   1   1   14
166   1   2   21
166   1   3   28
166   1   4   34
166   1   5   23
166   1   6   12
166   2   1   10
166   2   2   24
166   2   3   33
166   2   4   30
166   2   5   24
166   2   6   11
166   3   1   10
166   3   2   24
166   3   3   29
166   3   4   33
166   3   5   23
166   3   6   13
166   4   1   13
166   4   2   28
166   4   3   29
166   4   4   26
166   4   5   18
166   4   6   18
167   1   1   19
167   1   2   38
167   1   3   39
167   1   4   19
167   2   1   6
167   2   2   15
167   2   3   14
167   2   4   17
167   2   5   25
167   2   6   21
167   2   7   17
167   3   1   5
167   3   2   13
167   3   3   20
167   3   4   19
167   3   5   18
167   3   6   19
167   3   7   21
167   4   1   13
167   4   2   20
167   4   3   23
167   4   4   27
167   4   5   20
167   4   6   12
168   1   1   6
168   1   2   22
168   1   3   21
168   1   4   27
168   1   5   18
168   1   6   7
168   2   1   7
168   2   2   19
168   2   3   23
168   2   4   27
168   2   5   25
168   3   1   10
168   3   2   17
168   3   3   21
168   3   4   25
168   3   5   21
168   3   6   7
168   4   1   7
168   4   2   17
168   4   3   29
168   4   4   24
168   4   5   19
168   4   6   5
169   1   1   13
169   1   2   12
169   1   3   13
169   1   4   12
169   2   1   6
169   2   2   7
169   2   3   9
169   2   4   14
169   2   5   14
169   3   1   11
169   3   2   16
169   3   3   13
169   3   4   7
169   3   5   3
169   4   1   9
169   4   2   18
169   4   3   14
169   4   4   9
170   1   1   12
170   1   2   17
170   1   3   25
170   1   4   20
170   1   5   22
170   1   6   12
170   2   1   6
170   2   2   17
170   2   3   31
170   2   4   31
170   2   5   17
170   2   6   6
170   3   1   9
170   3   2   24
170   3   3   26
170   3   4   23
170   3   5   19
170   3   6   7
170   4   1   6
170   4   2   26
170   4   3   27
170   4   4   20
170   4   5   20
170   4   6   9
171   1   1   15
171   1   2   18
171   1   3   23
171   1   4   14
171   2   1   18
171   2   2   16
171   2   3   17
171   2   4   19
171   3   1   11
171   3   2   11
171   3   3   15
171   3   4   16
171   3   5   17
171   4   1   15
171   4   2   21
171   4   3   19
171   4   4   15
172   1   1   21
172   1   2   35
172   1   3   33
172   1   4   31
172   1   5   24
172   1   6   18
172   1   7   8
172   2   1   15
172   2   2   30
172   2   3   41
172   2   4   39
172   2   5   27
172   2   6   18
172   3   1   9
172   3   2   19
172   3   3   27
172   3   4   33
172   3   5   30
172   3   6   23
172   3   7   18
172   3   8   11
172   4   1   25
172   4   2   32
172   4   3   32
172   4   4   30
172   4   5   24
172   4   6   16
172   4   7   11
173   1   1   14
173   1   2   19
173   1   3   13
173   1   4   8
173   1   5   5
173   2   1   14
173   2   2   19
173   2   3   17
173   2   4   9
173   3   1   13
173   3   2   15
173   3   3   18
173   3   4   13
173   4   1   12
173   4   2   16
173   4   3   19
173   4   4   12
174   1   1   7
174   1   2   22
174   1   3   27
174   1   4   22
174   1   5   17
174   1   6   10
174   2   1   7
174   2   2   15
174   2   3   29
174   2   4   29
174   2   5   25
174   3   1   9
174   3   2   15
174   3   3   26
174   3   4   27
174   3   5   28
174   4   1   11
174   4   2   19
174   4   3   22
174   4   4   20
174   4   5   23
174   4   6   10
175   1   1   15
175   1   2   34
175   1   3   37
175   1   4   39
175   1   5   28
175   1   6   17
175   2   1   5
175   2   2   6
175   2   3   17
175   2   4   31
175   2   5   28
175   2   6   25
175   2   7   25
175   2   8   20
175   2   9   13
175   3   1   6
175   3   2   15
175   3   3   26
175   3   4   39
175   3   5   36
175   3   6   26
175   3   7   17
175   3   8   5
175   4   1   14
175   4   2   29
175   4   3   46
175   4   4   36
175   4   5   29
175   4   6   16
176   1   1   6
176   1   2   14
176   1   3   22
176   2   1   8
176   2   2   11
176   2   3   14
176   2   4   9
176   3   1   11
176   3   2   10
176   3   3   10
176   3   4   11
176   4   1   9
176   4   2   11
176   4   3   13
176   4   4   9
177   1   1   7
177   1   2   14
177   1   3   22
177   1   4   17
177   1   5   16
177   1   6   8
177   2   1   19
177   2   2   23
177   2   3   22
177   2   4   20
177   3   1   19
177   3   2   25
177   3   3   22
177   3   4   18
177   4   1   7
177   4   2   14
177   4   3   22
177   4   4   17
177   4   5   14
177   4   6   10
178   1   1   17
178   1   2   22
178   1   3   19
178   1   4   18
178   2   1   14
178   2   2   24
178   2   3   23
178   2   4   15
178   3   1   8
178   3   2   12
178   3   3   16
178   3   4   18
178   3   5   22
178   4   1   5
178   4   2   14
178   4   3   18
178   4   4   21
178   4   5   13
178   4   6   5
179   1   1   6
179   1   2   18
179   1   3   18
179   1   4   7
179   2   1   12
179   2   2   13
179   2   3   12
179   2   4   12
179   3   1   6
179   3   2   19
179   3   3   17
179   3   4   7
179   4   1   13
179   4   2   11
179   4   3   13
179   4   4   12
180   1   1   8
180   1   2   8
180   1   3   12
180   1   4   15
180   1   5   19
180   2   1   7
180   2   2   24
180   2   3   18
180   2   4   13
180   3   1   18
180   3   2   14
180   3   3   13
180   3   4   12
180   3   5   5
180   4   1   11
180   4   2   19
180   4   3   21
180   4   4   11
181   1   1   17
181   1   2   20
181   1   3   22
181   1   4   17
181   2   1   15
181   2   2   20
181   2   3   24
181   2   4   17
181   3   1   9
181   3   2   14
181   3   3   15
181   3   4   16
181   3   5   11
181   3   6   11
181   4   1   5
181   4   2   13
181   4   3   19
181   4   4   22
181   4   5   17
182   1   1   8
182   1   2   10
182   1   3   18
182   1   4   22
182   1   5   14
182   1   6   6
182   2   1   7
182   2   2   13
182   2   3   18
182   2   4   20
182   2   5   14
182   2   6   6
182   3   1   13
182   3   2   29
182   3   3   24
182   3   4   12
182   4   1   21
182   4   2   19
182   4   3   18
182   4   4   14
182   4   5   6
183   1   1   10
183   1   2   32
183   1   3   44
183   1   4   52
183   1   5   51
183   1   6   43
183   1   7   29
183   1   8   13
183   2   1   8
183   2   2   19
183   2   3   26
183   2   4   38
183   2   5   37
183   2   6   51
183   2   7   38
183   2   8   42
183   2   9   15
183   3   1   23
183   3   2   25
183   3   3   42
183   3   4   44
183   3   5   37
183   3   6   53
183   3   7   39
183   3   8   11
183   4   1   21
183   4   2   32
183   4   3   43
183   4   4   47
183   4   5   45
183   4   6   34
183   4   7   25
183   4   8   18
183   4   9   9
184   1   1   15
184   1   2   12
184   2   1   5
184   2   2   9
184   2   3   7
184   2   4   6
184   3   1   14
184   3   2   13
184   4   1   14
184   4   2   13
185   1   1   9
185   1   2   11
185   1   3   10
185   1   4   9
185   2   1   9
185   2   2   12
185   2   3   10
185   2   4   8
185   3   1   21
185   3   2   18
185   4   1   12
185   4   2   9
185   4   3   7
185   4   4   11
186   1   1   14
186   1   2   15
186   2   1   5
186   2   2   9
186   2   3   15
186   3   1   16
186   3   2   13
186   4   1   5
186   4   2   9
186   4   3   7
186   4   4   8
187   1   1   8
187   1   2   19
187   1   3   20
187   1   4   9
187   2   1   11
187   2   2   16
187   2   3   16
187   2   4   13
187   3   1   5
187   3   2   10
187   3   3   11
187   3   4   14
187   3   5   16
187   4   1   12
187   4   2   17
187   4   3   15
187   4   4   12
188   1   1   6
188   1   2   17
188   1   3   24
188   1   4   31
188   1   5   22
188   2   1   23
188   2   2   29
188   2   3   27
188   2   4   21
188   3   1   11
188   3   2   20
188   3   3   20
188   3   4   21
188   3   5   15
188   3   6   13
188   4   1   11
188   4   2   18
188   4   3   22
188   4   4   20
188   4   5   17
188   4   6   12
189   1   1   25
189   1   2   32
189   1   3   30
189   1   4   19
189   1   5   6
189   2   1   5
189   2   2   22
189   2   3   29
189   2   4   29
189   2   5   22
189   2   6   5
189   3   1   11
189   3   2   20
189   3   3   25
189   3   4   25
189   3   5   20
189   3   6   11
189   4   1   6
189   4   2   12
189   4   3   16
189   4   4   22
189   4   5   22
189   4   6   17
189   4   7   12
189   4   8   5
190   1   1   9
190   1   2   33
190   1   3   44
190   1   4   42
190   1   5   25
190   1   6   14
190   2   1   8
190   2   2   15
190   2   3   27
190   2   4   31
190   2   5   32
190   2   6   30
190   2   7   24
190   3   1   8
190   3   2   13
190   3   3   25
190   3   4   34
190   3   5   37
190   3   6   29
190   3   7   21
190   4   1   14
190   4   2   16
190   4   3   23
190   4   4   28
190   4   5   30
190   4   6   26
190   4   7   20
190   4   8   10
191   1   1   9
191   1   2   21
191   1   3   24
191   1   4   17
191   1   5   20
191   1   6   10
191   2   1   8
191   2   2   7
191   2   3   17
191   2   4   18
191   2   5   18
191   2   6   17
191   2   7   11
191   2   8   5
191   3   1   7
191   3   2   18
191   3   3   23
191   3   4   26
191   3   5   19
191   3   6   8
191   4   1   19
191   4   2   30
191   4   3   33
191   4   4   19
192   1   1   6
192   1   2   15
192   1   3   22
192   1   4   20
192   1   5   23
192   2   1   20
192   2   2   24
192   2   3   21
192   2   4   15
192   2   5   6
192   3   1   6
192   3   2   17
192   3   3   23
192   3   4   19
192   3   5   14
192   3   6   7
192   4   1   10
192   4   2   18
192   4   3   17
192   4   4   15
192   4   5   14
192   4   6   12
193   1   1   5
193   1   2   12
193   1   3   8
193   1   4   6
193   2   1   5
193   2   2   9
193   2   3   12
193   2   4   5
193   3   1   5
193   3   2   11
193   3   3   9
193   3   4   6
193   4   1   5
193   4   2   12
193   4   3   8
193   4   4   6
194   1   1   20
194   1   2   36
194   1   3   29
194   1   4   17
194   1   5   6
194   2   1   5
194   2   2   8
194   2   3   18
194   2   4   22
194   2   5   25
194   2   6   16
194   2   7   14
194   3   1   10
194   3   2   19
194   3   3   22
194   3   4   28
194   3   5   21
194   3   6   8
194   4   1   12
194   4   2   21
194   4   3   24
194   4   4   19
194   4   5   15
194   4   6   17
195   1   1   8
195   1   2   26
195   1   3   19
195   1   4   11
195   2   1   9
195   2   2   11
195   2   3   13
195   2   4   14
195   2   5   9
195   2   6   8
195   3   1   17
195   3   2   17
195   3   3   14
195   3   4   10
195   3   5   6
195   4   1   12
195   4   2   24
195   4   3   15
195   4   4   13
196   1   1   6
196   1   2   6
196   2   1   6
196   2   2   6
196   3   1   5
196   3   2   6
196   3   3   1
196   4   1   6
196   4   2   6
197   1   1   6
197   1   2   12
197   1   3   13
197   1   4   6
197   2   1   5
197   2   2   14
197   2   3   11
197   2   4   7
197   3   1   6
197   3   2   12
197   3   3   11
197   3   4   8
197   4   1   6
197   4   2   13
197   4   3   10
197   4   4   8
198   1   1   7
198   1   2   8
198   1   3   12
198   1   4   7
198   2   1   8
198   2   2   10
198   2   3   10
198   2   4   6
198   3   1   18
198   3   2   16
198   4   1   7
198   4   2   10
198   4   3   11
198   4   4   6
199   1   1   5
199   1   2   18
199   1   3   19
199   1   4   22
199   1   5   16
199   1   6   6
199   2   1   21
199   2   2   23
199   2   3   23
199   2   4   19
199   3   1   22
199   3   2   20
199   3   3   19
199   3   4   15
199   3   5   10
199   4   1   20
199   4   2   24
199   4   3   23
199   4   4   13
199   4   5   6
200   1   1   17
200   1   2   19
200   1   3   35
200   1   4   22
200   1   5   23
200   1   6   15
200   2   1   12
200   2   2   22
200   2   3   29
200   2   4   33
200   2   5   26
200   2   6   9
200   3   1   6
200   3   2   14
200   3   3   21
200   3   4   25
200   3   5   24
200   3   6   19
200   3   7   17
200   3   8   5
200   4   1   15
200   4   2   24
200   4   3   24
200   4   4   27
200   4   5   23
200   4   6   18
201   1   1   6
201   1   2   21
201   1   3   26
201   1   4   32
201   1   5   34
201   1   6   26
201   1   7   19
201   1   8   7
201   2   1   8
201   2   2   21
201   2   3   25
201   2   4   29
201   2   5   32
201   2   6   32
201   2   7   24
201   3   1   9
201   3   2   35
201   3   3   46
201   3   4   40
201   3   5   26
201   3   6   15
201   4   1   20
201   4   2   30
201   4   3   37
201   4   4   35
201   4   5   27
201   4   6   22
202   1   1   7
202   1   2   19
202   1   3   22
202   1   4   18
202   1   5   18
202   1   6   8
202   2   1   13
202   2   2   27
202   2   3   35
202   2   4   17
202   3   1   10
202   3   2   16
202   3   3   20
202   3   4   19
202   3   5   17
202   3   6   10
202   4   1   10
202   4   2   16
202   4   3   20
202   4   4   21
202   4   5   14
202   4   6   11
203   1   1   18
203   1   2   21
203   1   3   32
203   1   4   35
203   1   5   25
203   1   6   15
203   2   1   15
203   2   2   29
203   2   3   32
203   2   4   28
203   2   5   23
203   2   6   19
203   3   1   5
203   3   2   10
203   3   3   22
203   3   4   30
203   3   5   36
203   3   6   31
203   3   7   12
203   4   1   5
203   4   2   16
203   4   3   21
203   4   4   31
203   4   5   28
203   4   6   25
203   4   7   20
204   1   1   12
204   1   2   27
204   1   3   40
204   1   4   46
204   1   5   31
204   1   6   9
204   2   1   8
204   2   2   26
204   2   3   27
204   2   4   28
204   2   5   30
204   2   6   28
204   2   7   13
204   2   8   5
204   3   1   20
204   3   2   30
204   3   3   35
204   3   4   34
204   3   5   25
204   3   6   13
204   3   7   8
204   4   1   7
204   4   2   16
204   4   3   31
204   4   4   30
204   4   5   29
204   4   6   26
204   4   7   19
204   4   8   7
205   1   1   13
205   1   2   37
205   1   3   44
205   1   4   43
205   1   5   27
205   1   6   17
205   2   1   5
205   2   2   5
205   2   3   6
205   2   4   15
205   2   5   27
205   2   6   28
205   2   7   30
205   2   8   28
205   2   9   24
205   2   10   13
205   3   1   21
205   3   2   29
205   3   3   36
205   3   4   42
205   3   5   38
205   3   6   15
205   4   1   10
205   4   2   24
205   4   3   29
205   4   4   29
205   4   5   29
205   4   6   24
205   4   7   21
205   4   8   15
206   1   1   11
206   1   2   29
206   1   3   39
206   1   4   37
206   1   5   19
206   1   6   17
206   2   1   30
206   2   2   15
206   2   3   27
206   2   4   34
206   2   5   19
206   2   6   27
206   3   1   21
206   3   2   27
206   3   3   28
206   3   4   29
206   3   5   28
206   3   6   14
206   3   7   5
206   4   1   20
206   4   2   26
206   4   3   28
206   4   4   35
206   4   5   26
206   4   6   17
207   1   1   18
207   1   2   25
207   1   3   42
207   1   4   46
207   1   5   45
207   1   6   41
207   1   7   29
207   1   8   17
207   2   1   5
207   2   2   9
207   2   3   21
207   2   4   39
207   2   5   51
207   2   6   56
207   2   7   48
207   2   8   27
207   2   9   7
207   3   1   13
207   3   2   33
207   3   3   33
207   3   4   54
207   3   5   54
207   3   6   36
207   3   7   19
207   3   8   21
207   4   1   17
207   4   2   31
207   4   3   39
207   4   4   43
207   4   5   42
207   4   6   44
207   4   7   32
207   4   8   15
208   1   1   17
208   1   2   20
208   1   3   16
208   1   4   17
208   2   1   5
208   2   2   13
208   2   3   15
208   2   4   20
208   2   5   17
208   3   1   18
208   3   2   19
208   3   3   15
208   3   4   12
208   3   5   6
208   4   1   15
208   4   2   20
208   4   3   21
208   4   4   14
209   1   1   18
209   1   2   18
209   1   3   18
209   1   4   18
209   2   1   19
209   2   2   18
209   2   3   20
209   2   4   9
209   2   5   6
209   3   1   7
209   3   2   12
209   3   3   15
209   3   4   17
209   3   5   21
209   4   1   15
209   4   2   22
209   4   3   22
209   4   4   13
210   1   1   9
210   1   2   23
210   1   3   34
210   1   4   35
210   1   5   29
210   1   6   6
210   2   1   21
210   2   2   24
210   2   3   24
210   2   4   25
210   2   5   21
210   2   6   16
210   2   7   5
210   3   1   13
210   3   2   27
210   3   3   29
210   3   4   29
210   3   5   23
210   3   6   15
210   4   1   12
210   4   2   27
210   4   3   29
210   4   4   28
210   4   5   24
210   4   6   16
211   1   1   24
211   1   2   25
211   1   3   30
211   1   4   27
211   1   5   24
211   1   6   16
211   1   7   7
211   2   1   9
211   2   2   24
211   2   3   41
211   2   4   44
211   2   5   31
211   2   6   4
211   3   1   19
211   3   2   26
211   3   3   29
211   3   4   33
211   3   5   30
211   3   6   16
211   4   1   4
211   4   2   7
211   4   3   14
211   4   4   19
211   4   5   26
211   4   6   31
211   4   7   29
211   4   8   23
212   1   1   11
212   1   2   15
212   1   3   18
212   1   4   12
212   2   1   7
212   2   2   22
212   2   3   19
212   2   4   8
212   3   1   13
212   3   2   18
212   3   3   13
212   3   4   12
212   4   1   5
212   4   2   11
212   4   3   13
212   4   4   12
212   4   5   10
212   4   6   5
213   1   1   19
213   1   2   27
213   1   3   33
213   1   4   30
213   1   5   29
213   1   6   12
213   1   7   5
213   2   1   11
213   2   2   32
213   2   3   38
213   2   4   35
213   2   5   25
213   2   6   14
213   3   1   5
213   3   2   23
213   3   3   30
213   3   4   25
213   3   5   20
213   3   6   17
213   3   7   17
213   3   8   18
213   4   1   11
213   4   2   30
213   4   3   40
213   4   4   33
213   4   5   29
213   4   6   12
214   1   1   7
214   1   2   25
214   1   3   50
214   1   4   43
214   1   5   19
214   1   6   11
214   2   1   13
214   2   2   17
214   2   3   18
214   2   4   25
214   2   5   30
214   2   6   26
214   2   7   19
214   2   8   7
214   3   1   5
214   3   2   16
214   3   3   25
214   3   4   28
214   3   5   32
214   3   6   30
214   3   7   19
214   4   1   7
214   4   2   14
214   4   3   23
214   4   4   29
214   4   5   37
214   4   6   28
214   4   7   17
215   1   1   5
215   1   2   11
215   1   3   14
215   1   4   16
215   1   5   16
215   2   1   9
215   2   2   20
215   2   3   25
215   2   4   8
215   3   1   12
215   3   2   21
215   3   3   16
215   3   4   13
215   4   1   6
215   4   2   9
215   4   3   15
215   4   4   15
215   4   5   17
216   1   1   7
216   1   2   15
216   1   3   21
216   1   4   24
216   1   5   21
216   1   6   22
216   1   7   24
216   2   1   11
216   2   2   24
216   2   3   34
216   2   4   32
216   2   5   17
216   2   6   16
216   3   1   7
216   3   2   32
216   3   3   33
216   3   4   31
216   3   5   17
216   3   6   9
216   3   7   5
216   4   1   15
216   4   2   19
216   4   3   30
216   4   4   31
216   4   5   28
216   4   6   11
217   1   1   9
217   1   2   23
217   1   3   40
217   1   4   50
217   1   5   45
217   1   6   35
217   1   7   21
217   1   8   12
217   2   1   30
217   2   2   51
217   2   3   44
217   2   4   40
217   2   5   36
217   2   6   22
217   2   7   12
217   3   1   12
217   3   2   32
217   3   3   38
217   3   4   44
217   3   5   40
217   3   6   28
217   3   7   18
217   3   8   12
217   3   9   11
217   4   1   5
217   4   2   32
217   4   3   46
217   4   4   44
217   4   5   36
217   4   6   32
217   4   7   23
217   4   8   17
218   1   1   10
218   1   2   24
218   1   3   25
218   1   4   25
218   1   5   23
218   1   6   10
218   2   1   11
218   2   2   20
218   2   3   26
218   2   4   28
218   2   5   21
218   2   6   11
218   3   1   12
218   3   2   17
218   3   3   25
218   3   4   31
218   3   5   27
218   3   6   5
218   4   1   13
218   4   2   22
218   4   3   26
218   4   4   22
218   4   5   18
218   4   6   16
219   1   1   11
219   1   2   21
219   1   3   25
219   1   4   25
219   1   5   20
219   1   6   12
219   2   1   12
219   2   2   20
219   2   3   23
219   2   4   28
219   2   5   19
219   2   6   12
219   3   1   11
219   3   2   19
219   3   3   28
219   3   4   26
219   3   5   19
219   3   6   11
219   4   1   8
219   4   2   18
219   4   3   29
219   4   4   33
219   4   5   20
219   4   6   6
220   1   1   5
220   1   2   11
220   1   3   11
220   1   4   5
220   2   1   8
220   2   2   10
220   2   3   7
220   2   4   5
220   2   5   2
220   3   1   6
220   3   2   9
220   3   3   11
220   3   4   6
220   4   1   5
220   4   2   10
220   4   3   12
220   4   4   5
221   1   1   13
221   1   2   15
221   1   3   18
221   1   4   19
221   1   5   16
221   1   6   13
221   2   1   11
221   2   2   19
221   2   3   18
221   2   4   17
221   2   5   16
221   2   6   13
221   3   1   6
221   3   2   17
221   3   3   27
221   3   4   21
221   3   5   15
221   3   6   8
221   4   1   18
221   4   2   30
221   4   3   28
221   4   4   18
222   1   1   7
222   1   2   28
222   1   3   36
222   1   4   31
222   1   5   20
222   1   6   12
222   2   1   6
222   2   2   13
222   2   3   12
222   2   4   16
222   2   5   16
222   2   6   19
222   2   7   21
222   2   8   18
222   2   9   13
222   3   1   8
222   3   2   13
222   3   3   21
222   3   4   23
222   3   5   26
222   3   6   22
222   3   7   15
222   3   8   6
222   4   1   13
222   4   2   24
222   4   3   29
222   4   4   30
222   4   5   26
222   4   6   12
223   1   1   15
223   1   2   30
223   1   3   27
223   1   4   26
223   1   5   20
223   1   6   14
223   1   7   5
223   2   1   16
223   2   2   21
223   2   3   29
223   2   4   33
223   2   5   23
223   2   6   15
223   3   1   19
223   3   2   22
223   3   3   25
223   3   4   27
223   3   5   29
223   3   6   15
223   4   1   9
223   4   2   21
223   4   3   37
223   4   4   37
223   4   5   27
223   4   6   6
224   1   1   9
224   1   2   19
224   1   3   29
224   1   4   31
224   1   5   31
224   2   1   7
224   2   2   22
224   2   3   31
224   2   4   30
224   2   5   20
224   2   6   9
224   3   1   6
224   3   2   18
224   3   3   20
224   3   4   18
224   3   5   18
224   3   6   16
224   3   7   12
224   3   8   11
224   4   1   7
224   4   2   24
224   4   3   31
224   4   4   29
224   4   5   18
224   4   6   10
225   1   1   19
225   1   2   24
225   1   3   33
225   1   4   37
225   1   5   32
225   1   6   15
225   2   1   21
225   2   2   29
225   2   3   31
225   2   4   31
225   2   5   27
225   2   6   21
225   3   1   22
225   3   2   31
225   3   3   33
225   3   4   27
225   3   5   21
225   3   6   12
225   3   7   14
225   4   1   20
225   4   2   28
225   4   3   35
225   4   4   31
225   4   5   25
225   4   6   15
225   4   7   6
226   1   1   17
226   1   2   23
226   1   3   26
226   1   4   16
226   2   1   18
226   2   2   25
226   2   3   20
226   2   4   19
226   3   1   7
226   3   2   15
226   3   3   18
226   3   4   20
226   3   5   15
226   3   6   7
226   4   1   6
226   4   2   17
226   4   3   20
226   4   4   19
226   4   5   11
226   4   6   9
227   1   1   9
227   1   2   17
227   1   3   24
227   1   4   20
227   1   5   17
227   1   6   9
227   2   1   5
227   2   2   16
227   2   3   28
227   2   4   25
227   2   5   22
227   3   1   16
227   3   2   13
227   3   3   22
227   3   4   17
227   3   5   11
227   3   6   17
227   4   1   7
227   4   2   15
227   4   3   24
227   4   4   27
227   4   5   23
228   1   1   7
228   1   2   13
228   1   3   30
228   1   4   41
228   1   5   44
228   1   6   32
228   1   7   19
228   2   1   9
228   2   2   26
228   2   3   31
228   2   4   30
228   2   5   32
228   2   6   24
228   2   7   20
228   2   8   14
228   3   1   17
228   3   2   36
228   3   3   41
228   3   4   42
228   3   5   31
228   3   6   19
228   4   1   23
228   4   2   33
228   4   3   41
228   4   4   36
228   4   5   27
228   4   6   18
228   4   7   8
229   1   1   6
229   1   2   16
229   1   3   22
229   1   4   19
229   1   5   13
229   1   6   8
229   2   1   5
229   2   2   13
229   2   3   23
229   2   4   25
229   2   5   13
229   2   6   5
229   3   1   23
229   3   2   22
229   3   3   16
229   3   4   15
229   3   5   8
229   4   1   6
229   4   2   16
229   4   3   23
229   4   4   17
229   4   5   16
229   4   6   6
230   1   1   17
230   1   2   23
230   1   3   23
230   1   4   17
230   2   1   15
230   2   2   23
230   2   3   25
230   2   4   17
230   3   1   7
230   3   2   14
230   3   3   18
230   3   4   18
230   3   5   17
230   3   6   6
230   4   1   10
230   4   2   11
230   4   3   15
230   4   4   20
230   4   5   18
230   4   6   6
231   1   1   1
231   2   1   1
231   3   1   1
231   4   1   1
232   1   1   8
232   1   2   23
232   1   3   26
232   1   4   21
232   1   5   17
232   1   6   11
232   2   1   15
232   2   2   17
232   2   3   19
232   2   4   22
232   2   5   19
232   2   6   14
232   3   1   11
232   3   2   17
232   3   3   23
232   3   4   25
232   3   5   23
232   3   6   7
232   4   1   11
232   4   2   17
232   4   3   27
232   4   4   21
232   4   5   18
232   4   6   12
233   1   1   7
233   1   2   19
233   1   3   17
233   1   4   7
233   2   1   7
233   2   2   17
233   2   3   16
233   2   4   10
233   3   1   11
233   3   2   14
233   3   3   13
233   3   4   12
233   4   1   7
233   4   2   6
233   4   3   10
233   4   4   12
233   4   5   15
234   1   1   11
234   1   2   15
234   1   3   14
234   1   4   10
234   2   1   8
234   2   2   15
234   2   3   19
234   2   4   8
234   3   1   5
234   3   2   6
234   3   3   15
234   3   4   12
234   3   5   12
234   4   1   9
234   4   2   15
234   4   3   16
234   4   4   10
235   1   1   15
235   1   2   23
235   1   3   22
235   1   4   16
235   2   1   16
235   2   2   23
235   2   3   21
235   2   4   16
235   3   1   11
235   3   2   16
235   3   3   13
235   3   4   12
235   3   5   11
235   3   6   13
235   4   1   7
235   4   2   10
235   4   3   20
235   4   4   20
235   4   5   19
236   1   1   6
236   1   2   18
236   1   3   27
236   1   4   29
236   1   5   29
236   1   6   27
236   1   7   19
236   1   8   6
236   2   1   6
236   2   2   17
236   2   3   29
236   2   4   31
236   2   5   27
236   2   6   25
236   2   7   18
236   2   8   8
236   3   1   10
236   3   2   33
236   3   3   40
236   3   4   38
236   3   5   26
236   3   6   14
236   4   1   12
236   4   2   31
236   4   3   37
236   4   4   39
236   4   5   33
236   4   6   9
237   1   1   17
237   1   2   23
237   1   3   26
237   1   4   26
237   1   5   22
237   1   6   12
237   1   7   5
237   2   1   6
237   2   2   25
237   2   3   35
237   2   4   35
237   2   5   23
237   2   6   7
237   3   1   11
237   3   2   23
237   3   3   32
237   3   4   32
237   3   5   22
237   3   6   11
237   4   1   15
237   4   2   22
237   4   3   31
237   4   4   27
237   4   5   21
237   4   6   15
238   1   1   3
238   1   2   5
238   1   3   13
238   1   4   16
238   1   5   8
238   2   1   8
238   2   2   16
238   2   3   12
238   2   4   9
238   3   1   10
238   3   2   11
238   3   3   14
238   3   4   10
238   4   1   3
238   4   2   7
238   4   3   11
238   4   4   13
238   4   5   11
239   1   1   7
239   1   2   13
239   1   3   21
239   1   4   21
239   1   5   16
239   1   6   5
239   2   1   16
239   2   2   27
239   2   3   26
239   2   4   14
239   3   1   8
239   3   2   12
239   3   3   21
239   3   4   18
239   3   5   17
239   3   6   7
239   4   1   5
239   4   2   16
239   4   3   23
239   4   4   17
239   4   5   15
239   4   6   7
240   1   1   8
240   1   2   16
240   1   3   27
240   1   4   29
240   1   5   33
240   1   6   28
240   1   7   26
240   2   1   25
240   2   2   29
240   2   3   32
240   2   4   31
240   2   5   26
240   2   6   15
240   2   7   9
240   3   1   11
240   3   2   26
240   3   3   49
240   3   4   39
240   3   5   29
240   3   6   13
240   4   1   20
240   4   2   31
240   4   3   35
240   4   4   35
240   4   5   23
240   4   6   15
240   4   7   8
241   1   1   15
241   1   2   21
241   1   3   20
241   1   4   15
241   2   1   6
241   2   2   13
241   2   3   18
241   2   4   14
241   2   5   12
241   2   6   8
241   3   1   15
241   3   2   13
241   3   3   19
241   3   4   16
241   3   5   8
241   4   1   17
241   4   2   17
241   4   3   22
241   4   4   15
242   1   1   8
242   1   2   15
242   1   3   29
242   1   4   32
242   1   5   37
242   1   6   37
242   1   7   21
242   2   1   23
242   2   2   34
242   2   3   35
242   2   4   33
242   2   5   29
242   2   6   18
242   2   7   7
242   3   1   16
242   3   2   33
242   3   3   42
242   3   4   41
242   3   5   32
242   3   6   15
242   4   1   5
242   4   2   22
242   4   3   31
242   4   4   30
242   4   5   33
242   4   6   31
242   4   7   20
242   4   8   7
243   1   1   9
243   1   2   15
243   1   3   17
243   1   4   19
243   1   5   13
243   1   6   8
243   2   1   17
243   2   2   23
243   2   3   25
243   2   4   16
243   3   1   17
243   3   2   24
243   3   3   22
243   3   4   13
243   3   5   5
243   4   1   15
243   4   2   23
243   4   3   21
243   4   4   16
243   4   5   6
244   1   1   16
244   1   2   21
244   1   3   18
244   1   4   17
244   2   1   14
244   2   2   17
244   2   3   30
244   2   4   11
244   3   1   5
244   3   2   11
244   3   3   20
244   3   4   19
244   3   5   17
244   4   1   9
244   4   2   11
244   4   3   14
244   4   4   19
244   4   5   12
244   4   6   7
245   1   1   7
245   1   2   19
245   1   3   31
245   1   4   36
245   1   5   21
245   1   6   5
245   2   1   9
245   2   2   12
245   2   3   18
245   2   4   21
245   2   5   19
245   2   6   19
245   2   7   14
245   2   8   7
245   3   1   10
245   3   2   17
245   3   3   30
245   3   4   33
245   3   5   24
245   3   6   5
245   4   1   11
245   4   2   21
245   4   3   25
245   4   4   30
245   4   5   21
245   4   6   11
246   1   1   7
246   1   2   17
246   1   3   17
246   1   4   6
246   2   1   4
246   2   2   8
246   2   3   10
246   2   4   12
246   2   5   13
246   3   1   3
246   3   2   7
246   3   3   13
246   3   4   13
246   3   5   11
246   4   1   9
246   4   2   11
246   4   3   19
246   4   4   8
247   1   1   5
247   1   2   11
247   1   3   17
247   1   4   23
247   1   5   25
247   1   6   22
247   1   7   13
247   2   1   12
247   2   2   18
247   2   3   26
247   2   4   28
247   2   5   20
247   2   6   12
247   3   1   15
247   3   2   19
247   3   3   30
247   3   4   22
247   3   5   9
247   3   6   13
247   3   7   8
247   4   1   6
247   4   2   16
247   4   3   32
247   4   4   39
247   4   5   23
248   1   1   7
248   1   2   15
248   1   3   23
248   1   4   29
248   1   5   31
248   1   6   32
248   1   7   18
248   2   1   7
248   2   2   18
248   2   3   23
248   2   4   30
248   2   5   28
248   2   6   26
248   2   7   16
248   2   8   7
248   3   1   14
248   3   2   28
248   3   3   34
248   3   4   38
248   3   5   29
248   3   6   12
248   4   1   14
248   4   2   28
248   4   3   35
248   4   4   36
248   4   5   27
248   4   6   15
249   1   1   4
249   1   2   13
249   1   3   13
249   1   4   5
249   2   1   18
249   2   2   17
249   3   1   9
249   3   2   8
249   3   3   11
249   3   4   7
249   4   1   5
249   4   2   6
249   4   3   7
249   4   4   7
249   4   5   10
