1   1   1   10
1   1   2   14
1   1   3   29
1   1   4   25
1   1   5   18
1   1   6   8
1   2   1   10
1   2   2   16
1   2   3   26
1   2   4   23
1   2   5   20
1   2   6   9
1   3   1   6
1   3   2   22
1   3   3   27
1   3   4   22
1   3   5   18
1   3   6   9
1   4   1   13
1   4   2   15
1   4   3   25
1   4   4   22
1   4   5   17
1   4   6   12
2   1   1   7
2   1   2   25
2   1   3   30
2   1   4   24
2   1   5   21
2   1   6   10
2   2   1   7
2   2   2   20
2   2   3   31
2   2   4   31
2   2   5   22
2   2   6   6
2   3   1   7
2   3   2   9
2   3   3   13
2   3   4   24
2   3   5   27
2   3   6   26
2   3   7   11
2   4   1   13
2   4   2   17
2   4   3   25
2   4   4   28
2   4   5   23
2   4   6   11
3   1   1   22
3   1   2   23
3   1   3   28
3   1   4   20
3   2   1   5
3   2   2   18
3   2   3   22
3   2   4   25
3   2   5   23
3   3   1   21
3   3   2   27
3   3   3   26
3   3   4   19
3   4   1   13
3   4   2   15
3   4   3   19
3   4   4   19
3   4   5   16
3   4   6   11
4   1   1   19
4   1   2   33
4   1   3   38
4   1   4   30
4   1   5   23
4   1   6   17
4   1   7   7
4   2   1   22
4   2   2   33
4   2   3   30
4   2   4   31
4   2   5   27
4   2   6   18
4   2   7   6
4   3   1   6
4   3   2   8
4   3   3   16
4   3   4   19
4   3   5   29
4   3   6   32
4   3   7   29
4   3   8   20
4   3   9   8
4   4   1   5
4   4   2   17
4   4   3   31
4   4   4   35
4   4   5   31
4   4   6   24
4   4   7   13
4   4   8   11
5   1   1   24
5   1   2   32
5   1   3   39
5   1   4   40
5   1   5   32
5   1   6   26
5   1   7   15
5   2   1   10
5   2   2   21
5   2   3   33
5   2   4   40
5   2   5   39
5   2   6   35
5   2   7   22
5   2   8   8
5   3   1   8
5   3   2   21
5   3   3   32
5   3   4   42
5   3   5   44
5   3   6   32
5   3   7   21
5   3   8   8
5   4   1   8
5   4   2   18
5   4   3   33
5   4   4   40
5   4   5   45
5   4   6   43
5   4   7   21
6   1   1   16
6   1   2   14
6   1   3   15
6   1   4   15
6   2   1   13
6   2   2   18
6   2   3   15
6   2   4   14
6   3   1   9
6   3   2   17
6   3   3   21
6   3   4   13
6   4   1   12
6   4   2   17
6   4   3   18
6   4   4   13
7   1   1   11
7   1   2   12
7   1   3   18
7   1   4   19
7   1   5   14
7   1   6   9
7   2   1   14
7   2   2   26
7   2   3   28
7   2   4   15
7   3   1   11
7   3   2   12
7   3   3   16
7   3   4   16
7   3   5   21
7   3   6   7
7   4   1   18
7   4   2   23
7   4   3   22
7   4   4   20
8   1   1   32
8   1   2   51
8   1   3   56
8   1   4   54
8   1   5   46
8   1   6   24
8   1   7   10
8   2   1   6
8   2   2   21
8   2   3   29
8   2   4   39
8   2   5   41
8   2   6   44
8   2   7   37
8   2   8   28
8   2   9   19
8   2   10   9
8   3   1   5
8   3   2   30
8   3   3   45
8   3   4   56
8   3   5   58
8   3   6   44
8   3   7   29
8   3   8   6
8   4   1   7
8   4   2   19
8   4   3   35
8   4   4   40
8   4   5   38
8   4   6   35
8   4   7   36
8   4   8   32
8   4   9   25
8   4   10   6
9   1   1   7
9   1   2   14
9   1   3   18
9   1   4   18
9   1   5   24
9   2   1   20
9   2   2   26
9   2   3   21
9   2   4   14
9   3   1   6
9   3   2   18
9   3   3   18
9   3   4   16
9   3   5   14
9   3   6   9
9   4   1   20
9   4   2   21
9   4   3   21
9   4   4   19
10   1   1   8
10   1   2   13
10   1   3   15
10   1   4   16
10   1   5   14
10   1   6   7
10   2   1   15
10   2   2   25
10   2   3   20
10   2   4   13
10   3   1   5
10   3   2   11
10   3   3   18
10   3   4   23
10   3   5   16
10   4   1   6
10   4   2   12
10   4   3   18
10   4   4   20
10   4   5   11
10   4   6   6
11   1   1   8
11   1   2   10
11   1   3   11
11   1   4   7
11   2   1   7
11   2   2   11
11   2   3   11
11   2   4   7
11   3   1   6
11   3   2   13
11   3   3   11
11   3   4   6
11   4   1   6
11   4   2   13
11   4   3   12
11   4   4   5
12   1   1   18
12   1   2   22
12   1   3   22
12   1   4   18
12   2   1   7
12   2   2   17
12   2   3   18
12   2   4   16
12   2   5   13
12   2   6   9
12   3   1   7
12   3   2   13
12   3   3   18
12   3   4   22
12   3   5   14
12   3   6   6
12   4   1   20
12   4   2   23
12   4   3   19
12   4   4   10
12   4   5   8
13   1   1   19
13   1   2   24
13   1   3   26
13   1   4   18
13   2   1   9
13   2   2   13
13   2   3   24
13   2   4   16
13   2   5   19
13   2   6   6
13   3   1   10
13   3   2   17
13   3   3   18
13   3   4   17
13   3   5   14
13   3   6   11
13   4   1   5
13   4   2   17
13   4   3   23
13   4   4   22
13   4   5   12
13   4   6   8
14   1   1   17
14   1   2   15
14   1   3   28
14   1   4   28
14   1   5   19
14   1   6   15
14   2   1   14
14   2   2   23
14   2   3   23
14   2   4   24
14   2   5   22
14   2   6   16
14   3   1   32
14   3   2   38
14   3   3   30
14   3   4   22
14   4   1   14
14   4   2   22
14   4   3   26
14   4   4   24
14   4   5   21
14   4   6   15
15   1   1   3
15   1   2   10
15   1   3   16
15   1   4   15
15   1   5   14
15   2   1   15
15   2   2   15
15   2   3   15
15   2   4   13
15   3   1   9
15   3   2   21
15   3   3   19
15   3   4   9
15   4   1   15
15   4   2   15
15   4   3   13
15   4   4   15
16   1   1   8
16   1   2   10
16   1   3   16
16   1   4   22
16   1   5   31
16   1   6   40
16   1   7   34
16   1   8   26
16   1   9   7
16   2   1   7
16   2   2   18
16   2   3   33
16   2   4   38
16   2   5   39
16   2   6   31
16   2   7   21
16   2   8   7
16   3   1   16
16   3   2   38
16   3   3   45
16   3   4   42
16   3   5   34
16   3   6   19
16   4   1   2
16   4   2   1
16   4   3   1
16   4   4   18
16   4   5   39
16   4   6   40
16   4   7   39
16   4   8   27
16   4   9   15
16   4   10   12
17   1   1   6
17   1   2   16
17   1   3   17
17   1   4   12
17   1   5   14
17   1   6   8
17   2   1   12
17   2   2   25
17   2   3   23
17   2   4   13
17   3   1   5
17   3   2   12
17   3   3   20
17   3   4   18
17   3   5   12
17   3   6   6
17   4   1   5
17   4   2   14
17   4   3   19
17   4   4   17
17   4   5   10
17   4   6   8
18   1   1   8
18   1   2   26
18   1   3   25
18   1   4   10
18   2   1   6
18   2   2   7
18   2   3   21
18   2   4   17
18   2   5   18
18   3   1   6
18   3   2   11
18   3   3   15
18   3   4   19
18   3   5   18
18   4   1   8
18   4   2   12
18   4   3   14
18   4   4   17
18   4   5   9
18   4   6   9
19   1   1   6
19   1   2   9
19   1   3   12
19   1   4   5
19   2   1   5
19   2   2   11
19   2   3   11
19   2   4   5
19   3   1   7
19   3   2   10
19   3   3   8
19   3   4   7
19   4   1   7
19   4   2   9
19   4   3   8
19   4   4   8
20   1   1   12
20   1   2   20
20   1   3   31
20   1   4   30
20   1   5   22
20   1   6   10
20   2   1   14
20   2   2   18
20   2   3   25
20   2   4   32
20   2   5   30
20   2   6   6
20   3   1   5
20   3   2   9
20   3   3   18
20   3   4   32
20   3   5   26
20   3   6   20
20   3   7   15
20   4   1   11
20   4   2   21
20   4   3   32
20   4   4   31
20   4   5   16
20   4   6   14
21   1   1   10
21   1   2   23
21   1   3   22
21   1   4   23
21   1   5   15
21   1   6   14
21   2   1   9
21   2   2   17
21   2   3   25
21   2   4   29
21   2   5   21
21   2   6   6
21   3   1   9
21   3   2   17
21   3   3   23
21   3   4   29
21   3   5   29
21   4   1   10
21   4   2   16
21   4   3   25
21   4   4   30
21   4   5   21
21   4   6   5
22   1   1   11
22   1   2   16
22   1   3   16
22   1   4   11
22   2   1   11
22   2   2   16
22   2   3   15
22   2   4   12
22   3   1   10
22   3   2   16
22   3   3   18
22   3   4   10
22   4   1   13
22   4   2   14
22   4   3   14
22   4   4   13
23   1   1   17
23   1   2   30
23   1   3   39
23   1   4   39
23   1   5   30
23   1   6   16
23   2   1   7
23   2   2   18
23   2   3   26
23   2   4   35
23   2   5   33
23   2   6   26
23   2   7   21
23   2   8   5
23   3   1   14
23   3   2   16
23   3   3   25
23   3   4   29
23   3   5   25
23   3   6   32
23   3   7   22
23   3   8   8
23   4   1   12
23   4   2   20
23   4   3   18
23   4   4   28
23   4   5   35
23   4   6   32
23   4   7   21
23   4   8   5
24   1   1   10
24   1   2   20
24   1   3   30
24   1   4   28
24   1   5   22
24   1   6   10
24   2   1   11
24   2   2   19
24   2   3   25
24   2   4   34
24   2   5   23
24   2   6   8
24   3   1   5
24   3   2   10
24   3   3   19
24   3   4   23
24   3   5   28
24   3   6   23
24   3   7   12
24   4   1   5
24   4   2   15
24   4   3   19
24   4   4   22
24   4   5   22
24   4   6   17
24   4   7   13
24   4   8   7
25   1   1   22
25   1   2   23
25   1   3   30
25   1   4   33
25   1   5   36
25   1   6   30
25   1   7   26
25   1   8   14
25   1   9   5
25   2   1   18
25   2   2   36
25   2   3   53
25   2   4   55
25   2   5   41
25   2   6   16
25   3   1   9
25   3   2   22
25   3   3   35
25   3   4   42
25   3   5   44
25   3   6   37
25   3   7   21
25   3   8   9
25   4   1   18
25   4   2   27
25   4   3   27
25   4   4   29
25   4   5   42
25   4   6   38
25   4   7   26
25   4   8   12
26   1   1   6
26   1   2   19
26   1   3   14
26   1   4   8
26   2   1   10
26   2   2   13
26   2   3   13
26   2   4   11
26   3   1   9
26   3   2   15
26   3   3   14
26   3   4   9
26   4   1   9
26   4   2   12
26   4   3   13
26   4   4   13
27   1   1   8
27   1   2   19
27   1   3   25
27   1   4   32
27   1   5   35
27   1   6   25
27   1   7   15
27   1   8   11
27   2   1   8
27   2   2   21
27   2   3   27
27   2   4   31
27   2   5   29
27   2   6   24
27   2   7   19
27   2   8   11
27   3   1   8
27   3   2   15
27   3   3   25
27   3   4   35
27   3   5   35
27   3   6   31
27   3   7   21
27   4   1   9
27   4   2   32
27   4   3   46
27   4   4   43
27   4   5   28
27   4   6   12
28   1   1   5
28   1   2   14
28   1   3   7
28   1   4   7
28   2   1   16
28   2   2   12
28   2   3   5
28   3   1   7
28   3   2   10
28   3   3   9
28   3   4   5
28   3   5   2
28   4   1   7
28   4   2   8
28   4   3   12
28   4   4   6
29   1   1   12
29   1   2   21
29   1   3   32
29   1   4   26
29   1   5   21
29   1   6   12
29   2   1   12
29   2   2   20
29   2   3   28
29   2   4   28
29   2   5   30
29   2   6   6
29   3   1   12
29   3   2   22
29   3   3   28
29   3   4   28
29   3   5   24
29   3   6   10
29   4   1   13
29   4   2   19
29   4   3   29
29   4   4   31
29   4   5   19
29   4   6   13
30   1   1   5
30   1   2   29
30   1   3   47
30   1   4   54
30   1   5   47
30   1   6   38
30   1   7   24
30   1   8   12
30   2   1   13
30   2   2   23
30   2   3   42
30   2   4   46
30   2   5   44
30   2   6   46
30   2   7   32
30   2   8   10
30   3   1   8
30   3   2   28
30   3   3   43
30   3   4   47
30   3   5   47
30   3   6   50
30   3   7   27
30   3   8   6
30   4   1   8
30   4   2   19
30   4   3   29
30   4   4   31
30   4   5   35
30   4   6   38
30   4   7   41
30   4   8   37
30   4   9   18
31   1   1   7
31   1   2   13
31   1   3   22
31   1   4   20
31   1   5   15
31   1   6   5
31   2   1   5
31   2   2   17
31   2   3   20
31   2   4   20
31   2   5   13
31   2   6   7
31   3   1   17
31   3   2   24
31   3   3   24
31   3   4   17
31   4   1   5
31   4   2   15
31   4   3   22
31   4   4   21
31   4   5   12
31   4   6   7
32   1   1   6
32   1   2   21
32   1   3   30
32   1   4   36
32   1   5   18
32   1   6   7
32   2   1   9
32   2   2   14
32   2   3   15
32   2   4   21
32   2   5   25
32   2   6   21
32   2   7   13
32   3   1   14
32   3   2   14
32   3   3   27
32   3   4   30
32   3   5   25
32   3   6   8
32   4   1   11
32   4   2   20
32   4   3   26
32   4   4   31
32   4   5   21
32   4   6   9
33   1   1   17
33   1   2   16
33   1   3   16
33   1   4   12
33   1   5   5
33   2   1   11
33   2   2   20
33   2   3   25
33   2   4   10
33   3   1   17
33   3   2   17
33   3   3   18
33   3   4   14
33   4   1   16
33   4   2   16
33   4   3   15
33   4   4   13
33   4   5   6
34   1   1   7
34   1   2   20
34   1   3   30
34   1   4   34
34   1   5   27
34   2   1   11
34   2   2   24
34   2   3   28
34   2   4   25
34   2   5   13
34   2   6   11
34   2   7   6
34   3   1   10
34   3   2   22
34   3   3   28
34   3   4   26
34   3   5   22
34   3   6   10
34   4   1   10
34   4   2   22
34   4   3   31
34   4   4   26
34   4   5   15
34   4   6   14
35   1   1   12
35   1   2   20
35   1   3   27
35   1   4   30
35   1   5   33
35   1   6   32
35   1   7   23
35   1   8   8
35   2   1   8
35   2   2   23
35   2   3   29
35   2   4   32
35   2   5   29
35   2   6   35
35   2   7   29
35   3   1   12
35   3   2   16
35   3   3   27
35   3   4   31
35   3   5   38
35   3   6   36
35   3   7   20
35   3   8   5
35   4   1   14
35   4   2   38
35   4   3   45
35   4   4   39
35   4   5   33
35   4   6   16
36   1   1   5
36   1   2   15
36   1   3   23
36   1   4   25
36   1   5   21
36   2   1   20
36   2   2   27
36   2   3   22
36   2   4   15
36   2   5   5
36   3   1   6
36   3   2   18
36   3   3   22
36   3   4   21
36   3   5   12
36   3   6   10
36   4   1   6
36   4   2   18
36   4   3   21
36   4   4   20
36   4   5   18
36   4   6   6
37   1   1   20
37   1   2   25
37   1   3   31
37   1   4   34
37   1   5   25
37   1   6   20
37   2   1   9
37   2   2   21
37   2   3   24
37   2   4   24
37   2   5   23
37   2   6   23
37   2   7   22
37   2   8   9
37   3   1   5
37   3   2   28
37   3   3   43
37   3   4   43
37   3   5   36
37   4   1   6
37   4   2   18
37   4   3   23
37   4   4   26
37   4   5   32
37   4   6   31
37   4   7   19
38   1   1   3
38   1   2   10
38   1   3   23
38   1   4   35
38   1   5   28
38   1   6   26
38   1   7   14
38   2   1   6
38   2   2   12
38   2   3   23
38   2   4   26
38   2   5   31
38   2   6   23
38   2   7   13
38   2   8   5
38   3   1   5
38   3   2   31
38   3   3   38
38   3   4   33
38   3   5   19
38   3   6   13
38   4   1   16
38   4   2   25
38   4   3   29
38   4   4   29
38   4   5   21
38   4   6   13
38   4   7   6
39   1   1   15
39   1   2   25
39   1   3   31
39   1   4   29
39   1   5   20
39   1   6   12
39   1   7   5
39   2   1   32
39   2   2   41
39   2   3   32
39   2   4   24
39   2   5   8
39   3   1   14
39   3   2   26
39   3   3   28
39   3   4   30
39   3   5   24
39   3   6   15
39   4   1   10
39   4   2   12
39   4   3   18
39   4   4   27
39   4   5   24
39   4   6   23
39   4   7   23
40   1   1   13
40   1   2   21
40   1   3   21
40   1   4   13
40   2   1   15
40   2   2   19
40   2   3   18
40   2   4   16
40   3   1   6
40   3   2   13
40   3   3   14
40   3   4   17
40   3   5   14
40   3   6   4
40   4   1   17
40   4   2   17
40   4   3   18
40   4   4   16
41   1   1   12
41   1   2   25
41   1   3   31
41   1   4   27
41   1   5   18
41   1   6   15
41   2   1   5
41   2   2   9
41   2   3   18
41   2   4   25
41   2   5   31
41   2   6   33
41   2   7   7
41   3   1   17
41   3   2   20
41   3   3   23
41   3   4   27
41   3   5   29
41   3   6   12
41   4   1   12
41   4   2   20
41   4   3   26
41   4   4   35
41   4   5   29
41   4   6   6
42   1   1   18
42   1   2   25
42   1   3   24
42   1   4   11
42   1   5   5
42   2   1   17
42   2   2   25
42   2   3   24
42   2   4   17
42   3   1   8
42   3   2   12
42   3   3   21
42   3   4   19
42   3   5   18
42   3   6   5
42   4   1   10
42   4   2   15
42   4   3   14
42   4   4   22
42   4   5   12
42   4   6   10
43   1   1   12
43   1   2   17
43   1   3   23
43   1   4   20
43   1   5   18
43   1   6   13
43   2   1   9
43   2   2   16
43   2   3   27
43   2   4   27
43   2   5   16
43   2   6   8
43   3   1   19
43   3   2   34
43   3   3   31
43   3   4   19
43   4   1   6
43   4   2   22
43   4   3   25
43   4   4   25
43   4   5   17
43   4   6   8
44   1   1   6
44   1   2   11
44   1   3   16
44   1   4   14
44   1   5   11
44   1   6   5
44   2   1   10
44   2   2   17
44   2   3   20
44   2   4   16
44   3   1   11
44   3   2   19
44   3   3   22
44   3   4   11
44   4   1   13
44   4   2   18
44   4   3   18
44   4   4   14
45   1   1   16
45   1   2   33
45   1   3   43
45   1   4   41
45   1   5   28
45   1   6   18
45   2   1   30
45   2   2   31
45   2   3   32
45   2   4   32
45   2   5   24
45   2   6   19
45   2   7   11
45   3   1   11
45   3   2   16
45   3   3   26
45   3   4   34
45   3   5   35
45   3   6   31
45   3   7   20
45   3   8   6
45   4   1   23
45   4   2   30
45   4   3   38
45   4   4   36
45   4   5   34
45   4   6   18
46   1   1   5
46   1   2   16
46   1   3   18
46   1   4   20
46   1   5   19
46   2   1   14
46   2   2   25
46   2   3   25
46   2   4   14
46   3   1   5
46   3   2   14
46   3   3   22
46   3   4   18
46   3   5   13
46   3   6   6
46   4   1   7
46   4   2   16
46   4   3   17
46   4   4   18
46   4   5   13
46   4   6   7
47   1   1   8
47   1   2   19
47   1   3   53
47   1   4   30
47   1   5   30
47   1   6   49
47   1   7   19
47   1   8   10
47   2   1   9
47   2   2   17
47   2   3   39
47   2   4   49
47   2   5   43
47   2   6   31
47   2   7   19
47   2   8   11
47   3   1   11
47   3   2   25
47   3   3   39
47   3   4   39
47   3   5   36
47   3   6   26
47   3   7   25
47   3   8   17
47   4   1   9
47   4   2   7
47   4   3   17
47   4   4   30
47   4   5   37
47   4   6   44
47   4   7   41
47   4   8   25
47   4   9   8
48   1   1   5
48   1   2   24
48   1   3   48
48   1   4   47
48   1   5   42
48   1   6   42
48   1   7   35
48   1   8   17
48   2   1   12
48   2   2   32
48   2   3   42
48   2   4   45
48   2   5   45
48   2   6   40
48   2   7   31
48   2   8   13
48   3   1   7
48   3   2   16
48   3   3   30
48   3   4   39
48   3   5   39
48   3   6   39
48   3   7   33
48   3   8   31
48   3   9   21
48   3   10   5
48   4   1   27
48   4   2   47
48   4   3   54
48   4   4   59
48   4   5   45
48   4   6   28
49   1   1   6
49   1   2   20
49   1   3   26
49   1   4   23
49   1   5   13
49   1   6   10
49   2   1   9
49   2   2   17
49   2   3   22
49   2   4   23
49   2   5   19
49   2   6   8
49   3   1   7
49   3   2   15
49   3   3   28
49   3   4   26
49   3   5   22
49   4   1   10
49   4   2   18
49   4   3   21
49   4   4   22
49   4   5   17
49   4   6   10
50   1   1   10
50   1   2   22
50   1   3   32
50   1   4   44
50   1   5   41
50   1   6   31
50   1   7   19
50   1   8   13
50   2   1   28
50   2   2   35
50   2   3   42
50   2   4   39
50   2   5   38
50   2   6   30
50   3   1   10
50   3   2   18
50   3   3   25
50   3   4   45
50   3   5   50
50   3   6   42
50   3   7   22
50   4   1   13
50   4   2   22
50   4   3   31
50   4   4   37
50   4   5   39
50   4   6   38
50   4   7   22
50   4   8   10
51   1   1   19
51   1   2   17
51   1   3   18
51   1   4   12
51   1   5   5
51   2   1   5
51   2   2   11
51   2   3   16
51   2   4   23
51   2   5   16
51   3   1   13
51   3   2   22
51   3   3   21
51   3   4   15
51   4   1   8
51   4   2   12
51   4   3   19
51   4   4   20
51   4   5   12
52   1   1   10
52   1   2   16
52   1   3   22
52   1   4   24
52   1   5   21
52   1   6   7
52   2   1   6
52   2   2   19
52   2   3   24
52   2   4   26
52   2   5   17
52   2   6   8
52   3   1   5
52   3   2   16
52   3   3   31
52   3   4   25
52   3   5   18
52   3   6   5
52   4   1   12
52   4   2   16
52   4   3   22
52   4   4   21
52   4   5   18
52   4   6   11
53   1   1   18
53   1   2   21
53   1   3   19
53   1   4   19
53   2   1   18
53   2   2   20
53   2   3   21
53   2   4   18
53   3   1   5
53   3   2   14
53   3   3   19
53   3   4   19
53   3   5   13
53   3   6   7
53   4   1   15
53   4   2   25
53   4   3   22
53   4   4   15
54   1   1   24
54   1   2   20
54   1   3   19
54   1   4   16
54   1   5   6
54   2   1   16
54   2   2   25
54   2   3   28
54   2   4   16
54   3   1   20
54   3   2   21
54   3   3   23
54   3   4   21
54   4   1   13
54   4   2   13
54   4   3   15
54   4   4   17
54   4   5   16
54   4   6   11
55   1   1   23
55   1   2   21
55   1   3   21
55   1   4   16
55   1   5   6
55   2   1   6
55   2   2   16
55   2   3   24
55   2   4   28
55   2   5   13
55   3   1   6
55   3   2   8
55   3   3   13
55   3   4   13
55   3   5   16
55   3   6   19
55   3   7   12
55   4   1   20
55   4   2   22
55   4   3   21
55   4   4   19
55   4   5   5
56   1   1   6
56   1   2   11
56   1   3   9
56   1   4   7
56   2   1   18
56   2   2   15
56   3   1   6
56   3   2   10
56   3   3   12
56   3   4   5
56   4   1   7
56   4   2   11
56   4   3   8
56   4   4   7
57   1   1   9
57   1   2   13
57   1   3   9
57   1   4   9
57   2   1   11
57   2   2   9
57   2   3   8
57   2   4   7
57   2   5   5
57   3   1   10
57   3   2   12
57   3   3   9
57   3   4   9
57   4   1   5
57   4   2   16
57   4   3   14
57   4   4   5
58   1   1   5
58   1   2   8
58   1   3   8
58   1   4   4
58   2   1   12
58   2   2   13
58   3   1   12
58   3   2   13
58   4   1   13
58   4   2   7
58   4   3   5
59   1   1   10
59   1   2   11
59   1   3   23
59   1   4   23
59   1   5   27
59   1   6   24
59   1   7   11
59   1   8   10
59   2   1   14
59   2   2   22
59   2   3   38
59   2   4   26
59   2   5   30
59   2   6   9
59   3   1   11
59   3   2   29
59   3   3   31
59   3   4   33
59   3   5   20
59   3   6   15
59   4   1   12
59   4   2   24
59   4   3   34
59   4   4   33
59   4   5   23
59   4   6   13
60   1   1   7
60   1   2   14
60   1   3   25
60   1   4   32
60   1   5   22
60   2   1   7
60   2   2   22
60   2   3   24
60   2   4   23
60   2   5   14
60   2   6   10
60   3   1   5
60   3   2   23
60   3   3   20
60   3   4   27
60   3   5   17
60   3   6   8
60   4   1   9
60   4   2   20
60   4   3   25
60   4   4   20
60   4   5   15
60   4   6   11
61   1   1   8
61   1   2   18
61   1   3   24
61   1   4   24
61   1   5   21
61   1   6   7
61   2   1   13
61   2   2   17
61   2   3   22
61   2   4   20
61   2   5   16
61   2   6   14
61   3   1   21
61   3   2   29
61   3   3   29
61   3   4   23
61   4   1   9
61   4   2   22
61   4   3   22
61   4   4   21
61   4   5   15
61   4   6   13
62   1   1   7
62   1   2   9
62   1   3   13
62   1   4   11
62   1   5   10
62   1   6   7
62   2   1   11
62   2   2   19
62   2   3   16
62   2   4   11
62   3   1   12
62   3   2   16
62   3   3   17
62   3   4   12
62   4   1   9
62   4   2   17
62   4   3   21
62   4   4   10
63   1   1   6
63   1   2   20
63   1   3   30
63   1   4   32
63   1   5   22
63   1   6   5
63   2   1   11
63   2   2   21
63   2   3   24
63   2   4   25
63   2   5   23
63   2   6   11
63   3   1   25
63   3   2   32
63   3   3   33
63   3   4   25
63   4   1   6
63   4   2   13
63   4   3   18
63   4   4   22
63   4   5   23
63   4   6   11
63   4   7   13
63   4   8   9
64   1   1   11
64   1   2   20
64   1   3   23
64   1   4   25
64   1   5   23
64   2   1   23
64   2   2   29
64   2   3   26
64   2   4   24
64   3   1   13
64   3   2   19
64   3   3   19
64   3   4   19
64   3   5   18
64   3   6   14
64   4   1   10
64   4   2   18
64   4   3   17
64   4   4   29
64   4   5   20
64   4   6   8
65   1   1   8
65   1   2   16
65   1   3   23
65   1   4   22
65   1   5   14
65   1   6   5
65   1   7   3
65   2   1   19
65   2   2   23
65   2   3   33
65   2   4   16
65   3   1   11
65   3   2   14
65   3   3   21
65   3   4   20
65   3   5   15
65   3   6   10
65   4   1   27
65   4   2   20
65   4   3   20
65   4   4   15
65   4   5   9
66   1   1   5
66   1   2   8
66   1   3   9
66   1   4   12
66   1   5   9
66   1   6   4
66   2   1   10
66   2   2   14
66   2   3   14
66   2   4   9
66   3   1   9
66   3   2   15
66   3   3   14
66   3   4   9
66   4   1   9
66   4   2   15
66   4   3   15
66   4   4   8
67   1   1   16
67   1   2   20
67   1   3   20
67   1   4   17
67   1   5   18
67   1   6   13
67   1   7   5
67   2   1   13
67   2   2   17
67   2   3   22
67   2   4   27
67   2   5   18
67   2   6   12
67   3   1   5
67   3   2   21
67   3   3   28
67   3   4   28
67   3   5   22
67   3   6   5
67   4   1   24
67   4   2   30
67   4   3   30
67   4   4   25
68   1   1   8
68   1   2   16
68   1   3   26
68   1   4   31
68   1   5   23
68   1   6   5
68   2   1   5
68   2   2   22
68   2   3   31
68   2   4   25
68   2   5   17
68   2   6   9
68   3   1   12
68   3   2   21
68   3   3   24
68   3   4   21
68   3   5   19
68   3   6   8
68   3   7   4
68   4   1   9
68   4   2   23
68   4   3   26
68   4   4   23
68   4   5   16
68   4   6   5
68   4   7   7
69   1   1   18
69   1   2   20
69   1   3   21
69   1   4   17
69   2   1   18
69   2   2   20
69   2   3   20
69   2   4   13
69   2   5   5
69   3   1   17
69   3   2   21
69   3   3   22
69   3   4   16
69   4   1   6
69   4   2   14
69   4   3   18
69   4   4   17
69   4   5   21
70   1   1   8
70   1   2   18
70   1   3   19
70   1   4   19
70   1   5   14
70   1   6   9
70   2   1   12
70   2   2   14
70   2   3   17
70   2   4   17
70   2   5   15
70   2   6   8
70   2   7   4
70   3   1   5
70   3   2   16
70   3   3   21
70   3   4   25
70   3   5   20
70   4   1   17
70   4   2   24
70   4   3   29
70   4   4   17
71   1   1   23
71   1   2   42
71   1   3   32
71   1   4   17
71   1   5   6
71   2   1   13
71   2   2   23
71   2   3   26
71   2   4   23
71   2   5   20
71   2   6   15
71   3   1   12
71   3   2   21
71   3   3   27
71   3   4   28
71   3   5   20
71   3   6   12
71   4   1   21
71   4   2   20
71   4   3   23
71   4   4   18
71   4   5   16
71   4   6   12
71   4   7   10
72   1   1   10
72   1   2   14
72   1   3   9
72   1   4   10
72   2   1   4
72   2   2   6
72   2   3   11
72   2   4   11
72   2   5   11
72   3   1   7
72   3   2   14
72   3   3   14
72   3   4   8
72   4   1   5
72   4   2   17
72   4   3   14
72   4   4   7
73   1   1   8
73   1   2   15
73   1   3   22
73   1   4   17
73   1   5   14
73   1   6   9
73   2   1   7
73   2   2   14
73   2   3   26
73   2   4   20
73   2   5   10
73   2   6   8
73   3   1   10
73   3   2   17
73   3   3   18
73   3   4   17
73   3   5   10
73   3   6   13
73   4   1   7
73   4   2   17
73   4   3   19
73   4   4   20
73   4   5   15
73   4   6   7
74   1   1   7
74   1   2   20
74   1   3   24
74   1   4   23
74   1   5   24
74   1   6   24
74   1   7   16
74   1   8   9
74   2   1   7
74   2   2   17
74   2   3   23
74   2   4   26
74   2   5   26
74   2   6   24
74   2   7   18
74   2   8   6
74   3   1   11
74   3   2   14
74   3   3   18
74   3   4   22
74   3   5   29
74   3   6   31
74   3   7   22
74   4   1   8
74   4   2   23
74   4   3   42
74   4   4   45
74   4   5   20
74   4   6   9
75   1   1   16
75   1   2   27
75   1   3   25
75   1   4   15
75   2   1   19
75   2   2   20
75   2   3   26
75   2   4   18
75   3   1   12
75   3   2   15
75   3   3   15
75   3   4   15
75   3   5   14
75   3   6   12
75   4   1   8
75   4   2   18
75   4   3   17
75   4   4   15
75   4   5   12
75   4   6   8
75   4   7   5
76   1   1   18
76   1   2   14
76   1   3   12
76   1   4   7
76   1   5   7
76   2   1   11
76   2   2   16
76   2   3   18
76   2   4   13
76   3   1   9
76   3   2   20
76   3   3   23
76   3   4   6
76   4   1   14
76   4   2   11
76   4   3   19
76   4   4   14
77   1   1   9
77   1   2   23
77   1   3   26
77   1   4   36
77   1   5   34
77   1   6   29
77   1   7   25
77   1   8   7
77   2   1   20
77   2   2   33
77   2   3   39
77   2   4   42
77   2   5   37
77   2   6   18
77   3   1   7
77   3   2   26
77   3   3   28
77   3   4   36
77   3   5   35
77   3   6   26
77   3   7   17
77   3   8   14
77   4   1   24
77   4   2   36
77   4   3   36
77   4   4   35
77   4   5   32
77   4   6   21
77   4   7   5
78   1   1   12
78   1   2   22
78   1   3   22
78   1   4   12
78   2   1   8
78   2   2   11
78   2   3   15
78   2   4   14
78   2   5   13
78   2   6   7
78   3   1   17
78   3   2   18
78   3   3   17
78   3   4   11
78   3   5   5
78   4   1   16
78   4   2   18
78   4   3   20
78   4   4   14
79   1   1   6
79   1   2   14
79   1   3   13
79   1   4   7
79   2   1   9
79   2   2   10
79   2   3   12
79   2   4   9
79   3   1   8
79   3   2   11
79   3   3   14
79   3   4   7
79   4   1   7
79   4   2   13
79   4   3   13
79   4   4   7
80   1   1   11
80   1   2   16
80   1   3   12
80   1   4   11
80   2   1   13
80   2   2   11
80   2   3   14
80   2   4   12
80   3   1   10
80   3   2   16
80   3   3   14
80   3   4   10
80   4   1   10
80   4   2   15
80   4   3   14
80   4   4   11
81   1   1   4
81   1   2   3
81   1   3   4
81   1   4   6
81   2   1   2
81   2   2   2
81   2   3   3
81   2   4   5
81   2   5   5
81   3   1   9
81   3   2   8
81   4   1   8
81   4   2   9
82   1   1   5
82   1   2   14
82   1   3   20
82   1   4   26
82   1   5   18
82   2   1   8
82   2   2   15
82   2   3   18
82   2   4   20
82   2   5   14
82   2   6   8
82   3   1   18
82   3   2   25
82   3   3   23
82   3   4   11
82   3   5   6
82   4   1   7
82   4   2   13
82   4   3   24
82   4   4   20
82   4   5   11
82   4   6   8
83   1   1   11
83   1   2   17
83   1   3   21
83   1   4   22
83   1   5   18
83   1   6   10
83   2   1   7
83   2   2   21
83   2   3   22
83   2   4   24
83   2   5   16
83   2   6   9
83   3   1   8
83   3   2   18
83   3   3   20
83   3   4   27
83   3   5   21
83   3   6   5
83   4   1   5
83   4   2   14
83   4   3   26
83   4   4   34
83   4   5   20
84   1   1   11
84   1   2   17
84   1   3   25
84   1   4   21
84   1   5   23
84   1   6   8
84   2   1   23
84   2   2   29
84   2   3   30
84   2   4   23
84   3   1   11
84   3   2   17
84   3   3   26
84   3   4   22
84   3   5   17
84   3   6   12
84   4   1   8
84   4   2   20
84   4   3   27
84   4   4   22
84   4   5   20
84   4   6   8
85   1   1   5
85   1   2   9
85   1   3   18
85   1   4   22
85   1   5   24
85   1   6   23
85   1   7   26
85   1   8   30
85   1   9   6
85   2   1   6
85   2   2   18
85   2   3   28
85   2   4   31
85   2   5   32
85   2   6   30
85   2   7   18
85   3   1   8
85   3   2   31
85   3   3   40
85   3   4   43
85   3   5   41
85   4   1   20
85   4   2   29
85   4   3   38
85   4   4   27
85   4   5   27
85   4   6   17
85   4   7   5
86   1   1   16
86   1   2   33
86   1   3   39
86   1   4   34
86   1   5   33
86   1   6   16
86   2   1   15
86   2   2   33
86   2   3   40
86   2   4   37
86   2   5   29
86   2   6   17
86   3   1   22
86   3   2   31
86   3   3   34
86   3   4   30
86   3   5   32
86   3   6   22
86   4   1   7
86   4   2   18
86   4   3   29
86   4   4   33
86   4   5   31
86   4   6   30
86   4   7   23
87   1   1   11
87   1   2   19
87   1   3   32
87   1   4   42
87   1   5   23
87   1   6   7
87   2   1   8
87   2   2   13
87   2   3   21
87   2   4   25
87   2   5   24
87   2   6   22
87   2   7   15
87   2   8   6
87   3   1   15
87   3   2   25
87   3   3   27
87   3   4   27
87   3   5   23
87   3   6   17
87   4   1   9
87   4   2   27
87   4   3   33
87   4   4   30
87   4   5   24
87   4   6   11
88   1   1   6
88   1   2   20
88   1   3   27
88   1   4   26
88   1   5   20
88   1   6   6
88   2   1   7
88   2   2   13
88   2   3   14
88   2   4   18
88   2   5   18
88   2   6   16
88   2   7   12
88   2   8   7
88   3   1   10
88   3   2   15
88   3   3   25
88   3   4   31
88   3   5   16
88   3   6   8
88   4   1   5
88   4   2   20
88   4   3   27
88   4   4   29
88   4   5   18
88   4   6   6
89   1   1   6
89   1   2   15
89   1   3   25
89   1   4   32
89   1   5   21
89   2   1   12
89   2   2   12
89   2   3   24
89   2   4   24
89   2   5   17
89   2   6   10
89   3   1   11
89   3   2   19
89   3   3   21
89   3   4   19
89   3   5   18
89   3   6   11
89   4   1   8
89   4   2   18
89   4   3   23
89   4   4   24
89   4   5   18
89   4   6   8
90   1   1   6
90   1   2   10
90   1   3   15
90   1   4   15
90   1   5   10
90   1   6   6
90   2   1   11
90   2   2   22
90   2   3   17
90   2   4   12
90   3   1   16
90   3   2   15
90   3   3   17
90   3   4   8
90   3   5   6
90   4   1   8
90   4   2   25
90   4   3   20
90   4   4   9
91   1   1   7
91   1   2   12
91   1   3   19
91   1   4   22
91   1   5   15
91   1   6   5
91   2   1   10
91   2   2   9
91   2   3   15
91   2   4   26
91   2   5   15
91   2   6   5
91   3   1   8
91   3   2   14
91   3   3   17
91   3   4   18
91   3   5   17
91   3   6   6
91   4   1   17
91   4   2   23
91   4   3   22
91   4   4   18
92   1   1   14
92   1   2   21
92   1   3   21
92   1   4   17
92   2   1   19
92   2   2   18
92   2   3   19
92   2   4   17
92   3   1   7
92   3   2   13
92   3   3   15
92   3   4   19
92   3   5   12
92   3   6   7
92   4   1   12
92   4   2   21
92   4   3   20
92   4   4   20
93   1   1   6
93   1   2   15
93   1   3   14
93   1   4   8
93   2   1   8
93   2   2   14
93   2   3   13
93   2   4   8
93   3   1   10
93   3   2   12
93   3   3   11
93   3   4   10
93   4   1   12
93   4   2   8
93   4   3   12
93   4   4   11
94   1   1   6
94   1   2   13
94   1   3   23
94   1   4   29
94   1   5   22
94   1   6   19
94   1   7   15
94   1   8   6
94   2   1   7
94   2   2   9
94   2   3   19
94   2   4   31
94   2   5   30
94   2   6   19
94   2   7   12
94   2   8   6
94   3   1   8
94   3   2   22
94   3   3   39
94   3   4   32
94   3   5   21
94   3   6   11
94   4   1   7
94   4   2   28
94   4   3   40
94   4   4   23
94   4   5   23
94   4   6   8
94   4   7   4
95   1   1   20
95   1   2   19
95   1   3   19
95   1   4   12
95   1   5   5
95   2   1   14
95   2   2   23
95   2   3   22
95   2   4   16
95   3   1   15
95   3   2   22
95   3   3   23
95   3   4   15
95   4   1   8
95   4   2   14
95   4   3   15
95   4   4   15
95   4   5   15
95   4   6   8
96   1   1   6
96   1   2   25
96   1   3   31
96   1   4   24
96   1   5   19
96   1   6   13
96   1   7   6
96   2   1   12
96   2   2   21
96   2   3   27
96   2   4   27
96   2   5   26
96   2   6   11
96   3   1   8
96   3   2   19
96   3   3   30
96   3   4   34
96   3   5   24
96   3   6   9
96   4   1   20
96   4   2   19
96   4   3   23
96   4   4   24
96   4   5   16
96   4   6   17
96   4   7   5
97   1   1   11
97   1   2   24
97   1   3   27
97   1   4   26
97   1   5   16
97   1   6   15
97   2   1   12
97   2   2   18
97   2   3   27
97   2   4   31
97   2   5   22
97   2   6   9
97   3   1   5
97   3   2   10
97   3   3   14
97   3   4   26
97   3   5   30
97   3   6   22
97   3   7   12
97   4   1   17
97   4   2   20
97   4   3   22
97   4   4   25
97   4   5   22
97   4   6   13
98   1   1   18
98   1   2   24
98   1   3   25
98   1   4   25
98   1   5   19
98   1   6   13
98   1   7   7
98   2   1   5
98   2   2   26
98   2   3   33
98   2   4   35
98   2   5   32
98   3   1   11
98   3   2   22
98   3   3   33
98   3   4   28
98   3   5   28
98   3   6   9
98   4   1   16
98   4   2   24
98   4   3   26
98   4   4   27
98   4   5   22
98   4   6   16
99   1   1   19
99   1   2   18
99   1   3   16
99   1   4   11
99   1   5   5
99   2   1   5
99   2   2   12
99   2   3   15
99   2   4   19
99   2   5   13
99   2   6   5
99   3   1   16
99   3   2   18
99   3   3   18
99   3   4   17
99   4   1   14
99   4   2   21
99   4   3   19
99   4   4   15
100   1   1   8
100   1   2   12
100   1   3   11
100   1   4   8
100   2   1   8
100   2   2   10
100   2   3   14
100   2   4   7
100   3   1   8
100   3   2   13
100   3   3   11
100   3   4   7
100   4   1   6
100   4   2   15
100   4   3   11
100   4   4   7
101   1   1   5
101   1   2   15
101   1   3   16
101   1   4   17
101   1   5   14
101   1   6   5
101   2   1   5
101   2   2   14
101   2   3   18
101   2   4   18
101   2   5   11
101   2   6   6
101   3   1   11
101   3   2   26
101   3   3   23
101   3   4   12
101   4   1   7
101   4   2   13
101   4   3   17
101   4   4   18
101   4   5   17
102   1   1   25
102   1   2   31
102   1   3   33
102   1   4   30
102   1   5   30
102   1   6   19
102   1   7   5
102   2   1   22
102   2   2   29
102   2   3   35
102   2   4   35
102   2   5   32
102   2   6   20
102   3   1   16
102   3   2   34
102   3   3   38
102   3   4   40
102   3   5   29
102   3   6   16
102   4   1   24
102   4   2   31
102   4   3   32
102   4   4   32
102   4   5   34
102   4   6   20
103   1   1   6
103   1   2   12
103   1   3   15
103   1   4   28
103   1   5   22
103   1   6   27
103   1   7   14
103   2   1   9
103   2   2   27
103   2   3   27
103   2   4   27
103   2   5   23
103   2   6   11
103   3   1   13
103   3   2   25
103   3   3   30
103   3   4   24
103   3   5   16
103   3   6   8
103   3   7   8
103   4   1   5
103   4   2   27
103   4   3   30
103   4   4   33
103   4   5   24
103   4   6   5
104   1   1   13
104   1   2   23
104   1   3   20
104   1   4   24
104   1   5   24
104   1   6   12
104   2   1   6
104   2   2   21
104   2   3   30
104   2   4   31
104   2   5   21
104   2   6   7
104   3   1   6
104   3   2   25
104   3   3   31
104   3   4   25
104   3   5   20
104   3   6   9
104   4   1   12
104   4   2   22
104   4   3   28
104   4   4   24
104   4   5   15
104   4   6   15
105   1   1   9
105   1   2   22
105   1   3   36
105   1   4   40
105   1   5   26
105   1   6   7
105   2   1   14
105   2   2   14
105   2   3   16
105   2   4   24
105   2   5   23
105   2   6   21
105   2   7   18
105   2   8   10
105   3   1   5
105   3   2   12
105   3   3   21
105   3   4   27
105   3   5   37
105   3   6   22
105   3   7   16
105   4   1   13
105   4   2   22
105   4   3   38
105   4   4   25
105   4   5   32
105   4   6   10
106   1   1   8
106   1   2   21
106   1   3   22
106   1   4   19
106   1   5   15
106   1   6   12
106   2   1   12
106   2   2   15
106   2   3   18
106   2   4   24
106   2   5   19
106   2   6   9
106   3   1   14
106   3   2   16
106   3   3   24
106   3   4   10
106   3   5   20
106   3   6   9
106   3   7   4
106   4   1   13
106   4   2   38
106   4   3   32
106   4   4   14
107   1   1   1
107   2   1   1
107   3   1   1
107   4   1   1
108   1   1   14
108   1   2   7
108   1   3   5
108   2   1   3
108   2   2   2
108   2   3   6
108   2   4   8
108   2   5   7
108   3   1   12
108   3   2   14
108   4   1   5
108   4   2   9
108   4   3   7
108   4   4   3
108   4   5   2
109   1   1   10
109   1   2   24
109   1   3   18
109   1   4   11
109   2   1   7
109   2   2   10
109   2   3   15
109   2   4   13
109   2   5   12
109   2   6   6
109   3   1   6
109   3   2   16
109   3   3   12
109   3   4   9
109   3   5   10
109   3   6   10
109   4   1   12
109   4   2   20
109   4   3   19
109   4   4   12
110   1   1   5
110   1   2   20
110   1   3   30
110   1   4   35
110   1   5   38
110   1   6   36
110   1   7   22
110   2   1   24
110   2   2   30
110   2   3   36
110   2   4   43
110   2   5   29
110   2   6   19
110   2   7   5
110   3   1   25
110   3   2   29
110   3   3   34
110   3   4   44
110   3   5   33
110   3   6   21
110   4   1   7
110   4   2   18
110   4   3   29
110   4   4   41
110   4   5   39
110   4   6   25
110   4   7   19
110   4   8   8
111   1   1   17
111   1   2   24
111   1   3   30
111   1   4   28
111   1   5   26
111   1   6   17
111   2   1   11
111   2   2   23
111   2   3   37
111   2   4   36
111   2   5   27
111   2   6   8
111   3   1   9
111   3   2   29
111   3   3   36
111   3   4   31
111   3   5   25
111   3   6   12
111   4   1   13
111   4   2   13
111   4   3   22
111   4   4   23
111   4   5   22
111   4   6   21
111   4   7   17
111   4   8   11
112   1   1   14
112   1   2   25
112   1   3   33
112   1   4   35
112   1   5   26
112   1   6   12
112   2   1   5
112   2   2   16
112   2   3   21
112   2   4   25
112   2   5   31
112   2   6   30
112   2   7   17
112   3   1   7
112   3   2   11
112   3   3   20
112   3   4   31
112   3   5   31
112   3   6   31
112   3   7   14
112   4   1   5
112   4   2   11
112   4   3   24
112   4   4   31
112   4   5   33
112   4   6   28
112   4   7   13
113   1   1   18
113   1   2   26
113   1   3   29
113   1   4   30
113   1   5   31
113   1   6   14
113   2   1   18
113   2   2   27
113   2   3   28
113   2   4   29
113   2   5   32
113   2   6   14
113   3   1   5
113   3   2   15
113   3   3   25
113   3   4   34
113   3   5   24
113   3   6   20
113   3   7   19
113   3   8   6
113   4   1   10
113   4   2   30
113   4   3   36
113   4   4   33
113   4   5   27
113   4   6   12
114   1   1   13
114   1   2   16
114   1   3   16
114   1   4   19
114   1   5   20
114   1   6   12
114   2   1   22
114   2   2   27
114   2   3   26
114   2   4   16
114   2   5   5
114   3   1   6
114   3   2   20
114   3   3   25
114   3   4   22
114   3   5   15
114   3   6   8
114   4   1   24
114   4   2   26
114   4   3   22
114   4   4   16
114   4   5   8
115   1   1   23
115   1   2   29
115   1   3   34
115   1   4   30
115   1   5   26
115   1   6   16
115   1   7   6
115   2   1   7
115   2   2   15
115   2   3   23
115   2   4   35
115   2   5   35
115   2   6   29
115   2   7   20
115   3   1   18
115   3   2   25
115   3   3   35
115   3   4   39
115   3   5   35
115   3   6   12
115   4   1   6
115   4   2   14
115   4   3   26
115   4   4   33
115   4   5   35
115   4   6   32
115   4   7   18
116   1   1   19
116   1   2   21
116   1   3   20
116   1   4   19
116   2   1   21
116   2   2   21
116   2   3   16
116   2   4   14
116   2   5   7
116   3   1   17
116   3   2   24
116   3   3   21
116   3   4   17
116   4   1   9
116   4   2   12
116   4   3   18
116   4   4   18
116   4   5   15
116   4   6   7
117   1   1   11
117   1   2   19
117   1   3   27
117   1   4   27
117   1   5   19
117   1   6   7
117   2   1   25
117   2   2   28
117   2   3   35
117   2   4   22
117   3   1   12
117   3   2   21
117   3   3   23
117   3   4   21
117   3   5   20
117   3   6   13
117   4   1   14
117   4   2   20
117   4   3   20
117   4   4   25
117   4   5   15
117   4   6   11
117   4   7   5
118   1   1   14
118   1   2   21
118   1   3   33
118   1   4   36
118   1   5   22
118   1   6   13
118   2   1   15
118   2   2   25
118   2   3   30
118   2   4   29
118   2   5   25
118   2   6   15
118   3   1   22
118   3   2   23
118   3   3   24
118   3   4   26
118   3   5   25
118   3   6   15
118   3   7   4
118   4   1   11
118   4   2   19
118   4   3   38
118   4   4   39
118   4   5   23
118   4   6   9
119   1   1   13
119   1   2   8
119   1   3   11
119   1   4   16
119   1   5   22
119   1   6   20
119   1   7   20
119   2   1   21
119   2   2   34
119   2   3   34
119   2   4   21
119   3   1   9
119   3   2   23
119   3   3   26
119   3   4   20
119   3   5   19
119   3   6   13
119   4   1   14
119   4   2   22
119   4   3   20
119   4   4   22
119   4   5   16
119   4   6   9
119   4   7   7
120   1   1   12
120   1   2   19
120   1   3   26
120   1   4   29
120   1   5   23
120   1   6   9
120   2   1   2
120   2   2   8
120   2   3   16
120   2   4   30
120   2   5   30
120   2   6   32
120   3   1   10
120   3   2   20
120   3   3   27
120   3   4   29
120   3   5   27
120   3   6   5
120   4   1   17
120   4   2   19
120   4   3   20
120   4   4   29
120   4   5   15
120   4   6   18
121   1   1   8
121   1   2   19
121   1   3   26
121   1   4   24
121   1   5   22
121   1   6   6
121   2   1   7
121   2   2   21
121   2   3   27
121   2   4   25
121   2   5   16
121   2   6   9
121   3   1   7
121   3   2   17
121   3   3   26
121   3   4   27
121   3   5   28
121   4   1   11
121   4   2   18
121   4   3   23
121   4   4   22
121   4   5   19
121   4   6   12
122   1   1   17
122   1   2   22
122   1   3   23
122   1   4   28
122   1   5   29
122   1   6   14
122   2   1   8
122   2   2   26
122   2   3   35
122   2   4   29
122   2   5   22
122   2   6   13
122   3   1   12
122   3   2   28
122   3   3   31
122   3   4   25
122   3   5   21
122   3   6   16
122   4   1   5
122   4   2   33
122   4   3   32
122   4   4   29
122   4   5   21
122   4   6   13
123   1   1   6
123   1   2   15
123   1   3   23
123   1   4   32
123   1   5   31
123   1   6   33
123   1   7   16
123   2   1   12
123   2   2   24
123   2   3   37
123   2   4   38
123   2   5   45
123   3   1   12
123   3   2   14
123   3   3   21
123   3   4   28
123   3   5   29
123   3   6   25
123   3   7   19
123   3   8   8
123   4   1   10
123   4   2   11
123   4   3   23
123   4   4   29
123   4   5   30
123   4   6   36
123   4   7   17
124   1   1   7
124   1   2   22
124   1   3   38
124   1   4   39
124   1   5   31
124   2   1   20
124   2   2   21
124   2   3   31
124   2   4   24
124   2   5   20
124   2   6   16
124   2   7   5
124   3   1   19
124   3   2   28
124   3   3   27
124   3   4   21
124   3   5   16
124   3   6   15
124   3   7   11
124   4   1   11
124   4   2   25
124   4   3   36
124   4   4   32
124   4   5   18
124   4   6   15
125   1   1   11
125   1   2   26
125   1   3   24
125   1   4   12
125   2   1   13
125   2   2   12
125   2   3   12
125   2   4   12
125   2   5   11
125   2   6   8
125   2   7   5
125   3   1   15
125   3   2   24
125   3   3   16
125   3   4   18
125   4   1   6
125   4   2   12
125   4   3   20
125   4   4   15
125   4   5   14
125   4   6   6
126   1   1   17
126   1   2   19
126   1   3   15
126   1   4   10
126   1   5   7
126   2   1   14
126   2   2   20
126   2   3   18
126   2   4   16
126   3   1   17
126   3   2   18
126   3   3   17
126   3   4   16
126   4   1   14
126   4   2   21
126   4   3   19
126   4   4   14
127   1   1   8
127   1   2   17
127   1   3   22
127   1   4   29
127   1   5   26
127   2   1   7
127   2   2   17
127   2   3   25
127   2   4   27
127   2   5   20
127   2   6   6
127   3   1   6
127   3   2   19
127   3   3   26
127   3   4   27
127   3   5   17
127   3   6   7
127   4   1   5
127   4   2   8
127   4   3   14
127   4   4   21
127   4   5   22
127   4   6   22
127   4   7   10
128   1   1   15
128   1   2   18
128   1   3   16
128   1   4   12
128   2   1   5
128   2   2   13
128   2   3   13
128   2   4   13
128   2   5   17
128   3   1   11
128   3   2   20
128   3   3   20
128   3   4   10
128   4   1   15
128   4   2   16
128   4   3   14
128   4   4   16
129   1   1   8
129   1   2   10
129   1   3   13
129   1   4   9
129   2   1   5
129   2   2   14
129   2   3   21
129   3   1   9
129   3   2   11
129   3   3   11
129   3   4   9
129   4   1   9
129   4   2   10
129   4   3   12
129   4   4   9
130   1   1   9
130   1   2   27
130   1   3   27
130   1   4   26
130   1   5   21
130   1   6   12
130   2   1   16
130   2   2   19
130   2   3   28
130   2   4   25
130   2   5   17
130   2   6   17
130   3   1   10
130   3   2   24
130   3   3   25
130   3   4   29
130   3   5   24
130   3   6   10
130   4   1   28
130   4   2   31
130   4   3   32
130   4   4   21
130   4   5   10
131   1   1   10
131   1   2   18
131   1   3   15
131   1   4   12
131   2   1   7
131   2   2   19
131   2   3   21
131   2   4   8
131   3   1   15
131   3   2   14
131   3   3   11
131   3   4   10
131   3   5   5
131   4   1   11
131   4   2   16
131   4   3   18
131   4   4   10
132   1   1   23
132   1   2   31
132   1   3   38
132   1   4   39
132   1   5   39
132   1   6   17
132   2   1   7
132   2   2   21
132   2   3   30
132   2   4   35
132   2   5   35
132   2   6   31
132   2   7   20
132   2   8   8
132   3   1   9
132   3   2   23
132   3   3   29
132   3   4   35
132   3   5   34
132   3   6   23
132   3   7   19
132   3   8   15
132   4   1   20
132   4   2   35
132   4   3   44
132   4   4   34
132   4   5   31
132   4   6   17
132   4   7   6
133   1   1   18
133   1   2   25
133   1   3   32
133   1   4   35
133   1   5   30
133   1   6   15
133   2   1   15
133   2   2   31
133   2   3   38
133   2   4   32
133   2   5   22
133   2   6   12
133   2   7   5
133   3   1   5
133   3   2   16
133   3   3   24
133   3   4   34
133   3   5   32
133   3   6   23
133   3   7   15
133   3   8   6
133   4   1   17
133   4   2   24
133   4   3   32
133   4   4   40
133   4   5   29
133   4   6   13
134   1   1   11
134   1   2   10
134   1   3   9
134   1   4   10
134   2   1   8
134   2   2   11
134   2   3   14
134   2   4   7
134   3   1   12
134   3   2   8
134   3   3   9
134   3   4   6
134   3   5   5
134   4   1   7
134   4   2   14
134   4   3   11
134   4   4   8
135   1   1   8
135   1   2   19
135   1   3   25
135   1   4   28
135   1   5   22
135   1   6   6
135   2   1   7
135   2   2   20
135   2   3   26
135   2   4   29
135   2   5   20
135   2   6   6
135   3   1   12
135   3   2   18
135   3   3   20
135   3   4   27
135   3   5   20
135   3   6   11
135   4   1   9
135   4   2   16
135   4   3   28
135   4   4   27
135   4   5   20
135   4   6   8
136   1   1   19
136   1   2   22
136   1   3   20
136   1   4   19
136   2   1   9
136   2   2   18
136   2   3   17
136   2   4   16
136   2   5   20
136   3   1   16
136   3   2   25
136   3   3   23
136   3   4   16
136   4   1   5
136   4   2   16
136   4   3   20
136   4   4   18
136   4   5   13
136   4   6   8
137   1   1   4
137   1   2   13
137   1   3   21
137   1   4   25
137   1   5   10
137   1   6   5
137   2   1   5
137   2   2   15
137   2   3   17
137   2   4   22
137   2   5   13
137   2   6   6
137   3   1   7
137   3   2   15
137   3   3   17
137   3   4   17
137   3   5   17
137   3   6   5
137   4   1   11
137   4   2   16
137   4   3   14
137   4   4   13
137   4   5   11
137   4   6   13
138   1   1   8
138   1   2   17
138   1   3   32
138   1   4   44
138   1   5   41
138   1   6   36
138   1   7   19
138   1   8   6
138   2   1   8
138   2   2   20
138   2   3   34
138   2   4   42
138   2   5   39
138   2   6   33
138   2   7   18
138   2   8   9
138   3   1   24
138   3   2   36
138   3   3   40
138   3   4   47
138   3   5   30
138   3   6   26
138   4   1   9
138   4   2   21
138   4   3   33
138   4   4   37
138   4   5   38
138   4   6   36
138   4   7   21
138   4   8   8
139   1   1   17
139   1   2   22
139   1   3   32
139   1   4   15
139   2   1   5
139   2   2   16
139   2   3   26
139   2   4   20
139   2   5   12
139   2   6   7
139   3   1   10
139   3   2   14
139   3   3   19
139   3   4   19
139   3   5   15
139   3   6   9
139   4   1   21
139   4   2   24
139   4   3   22
139   4   4   12
139   4   5   7
140   1   1   7
140   1   2   25
140   1   3   34
140   1   4   37
140   1   5   32
140   2   1   14
140   2   2   22
140   2   3   31
140   2   4   30
140   2   5   25
140   2   6   13
140   3   1   21
140   3   2   23
140   3   3   23
140   3   4   24
140   3   5   25
140   3   6   19
140   4   1   7
140   4   2   16
140   4   3   18
140   4   4   26
140   4   5   25
140   4   6   23
140   4   7   12
140   4   8   8
141   1   1   10
141   1   2   11
141   1   3   17
141   1   4   18
141   1   5   19
141   2   1   10
141   2   2   29
141   2   3   26
141   2   4   10
141   3   1   8
141   3   2   14
141   3   3   15
141   3   4   16
141   3   5   14
141   3   6   8
141   4   1   17
141   4   2   19
141   4   3   20
141   4   4   13
141   4   5   6
142   1   1   1
142   2   1   1
142   3   1   1
142   4   1   1
143   1   1   12
143   1   2   17
143   1   3   16
143   1   4   14
143   2   1   11
143   2   2   19
143   2   3   17
143   2   4   12
143   3   1   13
143   3   2   16
143   3   3   16
143   3   4   12
143   3   5   2
143   4   1   16
143   4   2   14
143   4   3   16
143   4   4   13
144   1   1   13
144   1   2   22
144   1   3   27
144   1   4   28
144   1   5   17
144   1   6   16
144   2   1   7
144   2   2   20
144   2   3   32
144   2   4   36
144   2   5   28
144   3   1   14
144   3   2   23
144   3   3   28
144   3   4   21
144   3   5   20
144   3   6   17
144   4   1   5
144   4   2   12
144   4   3   20
144   4   4   23
144   4   5   22
144   4   6   25
144   4   7   16
145   1   1   8
145   1   2   9
145   1   3   11
145   1   4   7
145   2   1   9
145   2   2   9
145   2   3   10
145   2   4   7
145   3   1   15
145   3   2   20
145   4   1   18
145   4   2   12
145   4   3   5
146   1   1   12
146   1   2   24
146   1   3   18
146   1   4   13
146   2   1   6
146   2   2   12
146   2   3   16
146   2   4   15
146   2   5   11
146   2   6   7
146   3   1   12
146   3   2   20
146   3   3   23
146   3   4   12
146   4   1   7
146   4   2   12
146   4   3   16
146   4   4   13
146   4   5   10
146   4   6   9
147   1   1   1
147   2   1   1
147   3   1   1
147   4   1   1
148   1   1   8
148   1   2   14
148   1   3   12
148   1   4   11
148   2   1   14
148   2   2   11
148   2   3   8
148   2   4   7
148   2   5   2
148   2   6   3
148   3   1   5
148   3   2   17
148   3   3   16
148   3   4   7
148   4   1   7
148   4   2   15
148   4   3   15
148   4   4   8
149   1   1   17
149   1   2   20
149   1   3   19
149   1   4   16
149   2   1   18
149   2   2   17
149   2   3   18
149   2   4   19
149   3   1   14
149   3   2   15
149   3   3   18
149   3   4   18
149   3   5   7
149   4   1   18
149   4   2   19
149   4   3   17
149   4   4   18
150   1   1   14
150   1   2   20
150   1   3   31
150   1   4   29
150   1   5   19
150   1   6   15
150   2   1   12
150   2   2   26
150   2   3   28
150   2   4   24
150   2   5   25
150   2   6   13
150   3   1   13
150   3   2   23
150   3   3   27
150   3   4   27
150   3   5   24
150   3   6   14
150   4   1   8
150   4   2   21
150   4   3   35
150   4   4   33
150   4   5   22
150   4   6   9
151   1   1   6
151   1   2   11
151   1   3   15
151   1   4   17
151   1   5   17
151   2   1   10
151   2   2   22
151   2   3   22
151   2   4   12
151   3   1   17
151   3   2   15
151   3   3   16
151   3   4   13
151   3   5   5
151   4   1   14
151   4   2   18
151   4   3   22
151   4   4   12
152   1   1   8
152   1   2   19
152   1   3   23
152   1   4   24
152   1   5   21
152   1   6   7
152   2   1   15
152   2   2   15
152   2   3   20
152   2   4   21
152   2   5   19
152   2   6   12
152   3   1   11
152   3   2   21
152   3   3   21
152   3   4   20
152   3   5   18
152   3   6   11
152   4   1   20
152   4   2   33
152   4   3   29
152   4   4   20
153   1   1   12
153   1   2   10
153   1   3   11
153   1   4   9
153   2   1   18
153   2   2   24
153   3   1   4
153   3   2   4
153   3   3   11
153   3   4   11
153   3   5   12
153   4   1   5
153   4   2   7
153   4   3   10
153   4   4   12
153   4   5   8
154   1   1   10
154   1   2   20
154   1   3   22
154   1   4   29
154   1   5   19
154   1   6   8
154   2   1   11
154   2   2   23
154   2   3   25
154   2   4   18
154   2   5   18
154   2   6   13
154   3   1   5
154   3   2   21
154   3   3   28
154   3   4   30
154   3   5   18
154   3   6   6
154   4   1   8
154   4   2   24
154   4   3   26
154   4   4   23
154   4   5   13
154   4   6   14
155   1   1   5
155   1   2   17
155   1   3   24
155   1   4   27
155   1   5   16
155   1   6   5
155   2   1   10
155   2   2   18
155   2   3   20
155   2   4   19
155   2   5   16
155   2   6   11
155   3   1   10
155   3   2   13
155   3   3   30
155   3   4   18
155   3   5   10
155   3   6   13
155   4   1   5
155   4   2   20
155   4   3   24
155   4   4   22
155   4   5   15
155   4   6   8
156   1   1   6
156   1   2   22
156   1   3   39
156   1   4   42
156   1   5   38
156   1   6   30
156   1   7   25
156   1   8   8
156   2   1   5
156   2   2   26
156   2   3   41
156   2   4   41
156   2   5   35
156   2   6   27
156   2   7   19
156   2   8   16
156   3   1   8
156   3   2   19
156   3   3   33
156   3   4   45
156   3   5   42
156   3   6   35
156   3   7   22
156   3   8   6
156   4   1   8
156   4   2   28
156   4   3   34
156   4   4   40
156   4   5   37
156   4   6   28
156   4   7   20
156   4   8   15
157   1   1   15
157   1   2   8
157   1   3   10
157   1   4   14
157   2   1   6
157   2   2   20
157   2   3   14
157   2   4   7
157   3   1   10
157   3   2   14
157   3   3   13
157   3   4   10
157   4   1   11
157   4   2   12
157   4   3   15
157   4   4   9
158   1   1   8
158   1   2   16
158   1   3   29
158   1   4   51
158   1   5   34
158   1   6   26
158   1   7   17
158   1   8   12
158   2   1   5
158   2   2   7
158   2   3   15
158   2   4   24
158   2   5   36
158   2   6   38
158   2   7   41
158   2   8   27
158   3   1   8
158   3   2   19
158   3   3   31
158   3   4   34
158   3   5   42
158   3   6   34
158   3   7   25
158   4   1   7
158   4   2   18
158   4   3   32
158   4   4   38
158   4   5   41
158   4   6   32
158   4   7   18
158   4   8   7
159   1   1   12
159   1   2   27
159   1   3   12
159   1   4   17
159   2   1   15
159   2   2   20
159   2   3   17
159   2   4   16
159   3   1   5
159   3   2   12
159   3   3   16
159   3   4   19
159   3   5   11
159   3   6   5
159   4   1   11
159   4   2   24
159   4   3   21
159   4   4   12
160   1   1   7
160   1   2   8
160   1   3   18
160   1   4   25
160   1   5   19
160   1   6   16
160   1   7   11
160   1   8   8
160   2   1   12
160   2   2   17
160   2   3   25
160   2   4   27
160   2   5   21
160   2   6   10
160   3   1   5
160   3   2   18
160   3   3   31
160   3   4   34
160   3   5   19
160   3   6   5
160   4   1   11
160   4   2   17
160   4   3   27
160   4   4   27
160   4   5   21
160   4   6   9
161   1   1   20
161   1   2   28
161   1   3   32
161   1   4   31
161   1   5   25
161   1   6   15
161   1   7   7
161   2   1   17
161   2   2   23
161   2   3   43
161   2   4   32
161   2   5   26
161   2   6   17
161   3   1   18
161   3   2   26
161   3   3   38
161   3   4   33
161   3   5   23
161   3   6   14
161   3   7   6
161   4   1   19
161   4   2   25
161   4   3   30
161   4   4   36
161   4   5   34
161   4   6   14
162   1   1   17
162   1   2   40
162   1   3   48
162   1   4   39
162   1   5   30
162   1   6   24
162   2   1   11
162   2   2   24
162   2   3   28
162   2   4   34
162   2   5   38
162   2   6   32
162   2   7   19
162   2   8   12
162   3   1   5
162   3   2   16
162   3   3   31
162   3   4   44
162   3   5   46
162   3   6   36
162   3   7   20
162   4   1   10
162   4   2   20
162   4   3   31
162   4   4   39
162   4   5   37
162   4   6   30
162   4   7   19
162   4   8   12
163   1   1   11
163   1   2   24
163   1   3   27
163   1   4   25
163   1   5   19
163   1   6   14
163   2   1   22
163   2   2   41
163   2   3   33
163   2   4   19
163   2   5   5
163   3   1   10
163   3   2   20
163   3   3   30
163   3   4   32
163   3   5   18
163   3   6   10
163   4   1   6
163   4   2   12
163   4   3   18
163   4   4   19
163   4   5   27
163   4   6   20
163   4   7   13
163   4   8   5
164   1   1   6
164   1   2   19
164   1   3   31
164   1   4   33
164   1   5   18
164   1   6   9
164   2   1   5
164   2   2   21
164   2   3   34
164   2   4   30
164   2   5   21
164   2   6   5
164   3   1   6
164   3   2   14
164   3   3   19
164   3   4   22
164   3   5   19
164   3   6   16
164   3   7   12
164   3   8   8
164   4   1   13
164   4   2   21
164   4   3   23
164   4   4   26
164   4   5   22
164   4   6   11
165   1   1   13
165   1   2   18
165   1   3   13
165   1   4   8
165   1   5   5
165   2   1   15
165   2   2   12
165   2   3   15
165   2   4   15
165   3   1   14
165   3   2   17
165   3   3   10
165   3   4   10
165   3   5   6
165   4   1   9
165   4   2   23
165   4   3   15
165   4   4   10
166   1   1   10
166   1   2   16
166   1   3   24
166   1   4   28
166   1   5   24
166   1   6   5
166   2   1   10
166   2   2   19
166   2   3   25
166   2   4   22
166   2   5   22
166   2   6   9
166   3   1   25
166   3   2   30
166   3   3   28
166   3   4   18
166   3   5   6
166   4   1   10
166   4   2   20
166   4   3   23
166   4   4   26
166   4   5   17
166   4   6   11
167   1   1   15
167   1   2   23
167   1   3   16
167   1   4   20
167   1   5   15
167   1   6   14
167   1   7   5
167   2   1   6
167   2   2   22
167   2   3   22
167   2   4   33
167   2   5   17
167   2   6   8
167   3   1   20
167   3   2   28
167   3   3   33
167   3   4   27
167   4   1   14
167   4   2   17
167   4   3   21
167   4   4   24
167   4   5   25
167   4   6   7
168   1   1   21
168   1   2   35
168   1   3   37
168   1   4   20
168   2   1   16
168   2   2   22
168   2   3   23
168   2   4   20
168   2   5   14
168   2   6   11
168   2   7   7
168   3   1   10
168   3   2   19
168   3   3   29
168   3   4   24
168   3   5   17
168   3   6   14
168   4   1   19
168   4   2   19
168   4   3   17
168   4   4   21
168   4   5   19
168   4   6   14
168   4   7   4
169   1   1   15
169   1   2   13
169   1   3   22
169   1   4   19
169   1   5   17
169   1   6   13
169   2   1   17
169   2   2   33
169   2   3   33
169   2   4   16
169   3   1   7
169   3   2   20
169   3   3   26
169   3   4   21
169   3   5   16
169   3   6   9
169   4   1   9
169   4   2   18
169   4   3   24
169   4   4   20
169   4   5   18
169   4   6   10
170   1   1   11
170   1   2   11
170   2   1   5
170   2   2   6
170   2   3   6
170   2   4   5
170   3   1   3
170   3   2   6
170   3   3   13
170   4   1   5
170   4   2   7
170   4   3   10
171   1   1   15
171   1   2   10
171   1   3   5
171   2   1   6
171   2   2   9
171   2   3   8
171   2   4   7
171   3   1   16
171   3   2   9
171   3   3   5
171   4   1   15
171   4   2   15
172   1   1   9
172   1   2   19
172   1   3   33
172   1   4   31
172   1   5   25
172   1   6   7
172   2   1   16
172   2   2   20
172   2   3   28
172   2   4   29
172   2   5   21
172   2   6   10
172   3   1   18
172   3   2   17
172   3   3   24
172   3   4   27
172   3   5   24
172   3   6   14
172   4   1   14
172   4   2   20
172   4   3   30
172   4   4   23
172   4   5   24
172   4   6   13
173   1   1   7
173   1   2   16
173   1   3   25
173   1   4   33
173   1   5   28
173   1   6   25
173   1   7   18
173   1   8   6
173   2   1   5
173   2   2   20
173   2   3   26
173   2   4   30
173   2   5   28
173   2   6   23
173   2   7   18
173   2   8   8
173   3   1   17
173   3   2   24
173   3   3   35
173   3   4   39
173   3   5   29
173   3   6   14
173   4   1   8
173   4   2   29
173   4   3   41
173   4   4   44
173   4   5   29
173   4   6   7
174   1   1   9
174   1   2   19
174   1   3   23
174   1   4   9
174   2   1   7
174   2   2   11
174   2   3   12
174   2   4   12
174   2   5   12
174   2   6   6
174   3   1   13
174   3   2   17
174   3   3   15
174   3   4   15
174   4   1   12
174   4   2   17
174   4   3   18
174   4   4   13
175   1   1   17
175   1   2   26
175   1   3   42
175   1   4   48
175   1   5   51
175   1   6   44
175   1   7   30
175   1   8   12
175   2   1   7
175   2   2   19
175   2   3   28
175   2   4   34
175   2   5   44
175   2   6   44
175   2   7   41
175   2   8   31
175   2   9   17
175   2   10   5
175   3   1   9
175   3   2   21
175   3   3   30
175   3   4   35
175   3   5   38
175   3   6   39
175   3   7   38
175   3   8   31
175   3   9   20
175   3   10   9
175   4   1   10
175   4   2   25
175   4   3   42
175   4   4   54
175   4   5   56
175   4   6   52
175   4   7   31
176   1   1   15
176   1   2   21
176   1   3   32
176   1   4   26
176   1   5   20
176   1   6   15
176   2   1   9
176   2   2   26
176   2   3   30
176   2   4   31
176   2   5   20
176   2   6   13
176   3   1   10
176   3   2   26
176   3   3   26
176   3   4   36
176   3   5   18
176   3   6   13
176   4   1   10
176   4   2   24
176   4   3   29
176   4   4   34
176   4   5   23
176   4   6   6
176   4   7   3
177   1   1   10
177   1   2   23
177   1   3   33
177   1   4   31
177   1   5   27
177   1   6   6
177   2   1   6
177   2   2   12
177   2   3   16
177   2   4   25
177   2   5   32
177   2   6   26
177   2   7   13
177   3   1   7
177   3   2   27
177   3   3   33
177   3   4   33
177   3   5   20
177   3   6   10
177   4   1   7
177   4   2   15
177   4   3   21
177   4   4   23
177   4   5   23
177   4   6   18
177   4   7   16
177   4   8   7
178   1   1   5
178   1   2   15
178   1   3   17
178   1   4   20
178   1   5   20
178   2   1   6
178   2   2   13
178   2   3   18
178   2   4   21
178   2   5   13
178   2   6   4
178   2   7   2
178   3   1   3
178   3   2   6
178   3   3   12
178   3   4   15
178   3   5   18
178   3   6   14
178   3   7   9
178   4   1   13
178   4   2   27
178   4   3   25
178   4   4   12
179   1   1   11
179   1   2   18
179   1   3   44
179   1   4   25
179   1   5   41
179   2   1   15
179   2   2   28
179   2   3   31
179   2   4   26
179   2   5   19
179   2   6   13
179   2   7   7
179   3   1   9
179   3   2   26
179   3   3   38
179   3   4   33
179   3   5   20
179   3   6   13
179   4   1   20
179   4   2   29
179   4   3   24
179   4   4   24
179   4   5   19
179   4   6   16
179   4   7   7
180   1   1   8
180   1   2   9
180   1   3   16
180   1   4   17
180   1   5   13
180   2   1   13
180   2   2   18
180   2   3   19
180   2   4   13
180   3   1   14
180   3   2   18
180   3   3   17
180   3   4   14
180   4   1   13
180   4   2   16
180   4   3   23
180   4   4   11
181   1   1   6
181   1   2   13
181   1   3   16
181   1   4   20
181   1   5   15
181   1   6   5
181   2   1   13
181   2   2   25
181   2   3   23
181   2   4   14
181   3   1   7
181   3   2   14
181   3   3   17
181   3   4   15
181   3   5   15
181   3   6   7
181   4   1   17
181   4   2   21
181   4   3   19
181   4   4   18
182   1   1   11
182   1   2   16
182   1   3   22
182   1   4   24
182   1   5   18
182   1   6   10
182   2   1   13
182   2   2   17
182   2   3   20
182   2   4   19
182   2   5   20
182   2   6   12
182   3   1   8
182   3   2   19
182   3   3   21
182   3   4   29
182   3   5   17
182   3   6   7
182   4   1   21
182   4   2   30
182   4   3   28
182   4   4   16
182   4   5   6
183   1   1   21
183   1   2   24
183   1   3   19
183   1   4   12
183   1   5   7
183   2   1   8
183   2   2   14
183   2   3   18
183   2   4   20
183   2   5   17
183   2   6   6
183   3   1   9
183   3   2   14
183   3   3   13
183   3   4   25
183   3   5   22
183   4   1   15
183   4   2   24
183   4   3   26
183   4   4   18
184   1   1   17
184   1   2   30
184   1   3   39
184   1   4   41
184   1   5   36
184   1   6   23
184   2   1   16
184   2   2   31
184   2   3   43
184   2   4   49
184   2   5   32
184   2   6   15
184   3   1   7
184   3   2   22
184   3   3   32
184   3   4   34
184   3   5   37
184   3   6   29
184   3   7   17
184   3   8   8
184   4   1   9
184   4   2   23
184   4   3   30
184   4   4   33
184   4   5   35
184   4   6   23
184   4   7   20
184   4   8   13
185   1   1   6
185   1   2   15
185   1   3   24
185   1   4   27
185   1   5   10
185   1   6   8
185   2   1   17
185   2   2   31
185   2   3   25
185   2   4   17
185   3   1   12
185   3   2   19
185   3   3   19
185   3   4   12
185   3   5   12
185   3   6   16
185   4   1   5
185   4   2   19
185   4   3   22
185   4   4   22
185   4   5   12
185   4   6   5
185   4   7   5
186   1   1   9
186   1   2   23
186   1   3   22
186   1   4   19
186   1   5   20
186   1   6   11
186   2   1   22
186   2   2   32
186   2   3   28
186   2   4   22
186   3   1   11
186   3   2   19
186   3   3   24
186   3   4   22
186   3   5   17
186   3   6   11
186   4   1   6
186   4   2   19
186   4   3   30
186   4   4   25
186   4   5   16
186   4   6   8
187   1   1   5
187   1   2   15
187   1   3   9
187   1   4   7
187   2   1   8
187   2   2   9
187   2   3   12
187   2   4   7
187   3   1   15
187   3   2   14
187   3   3   7
187   4   1   6
187   4   2   12
187   4   3   10
187   4   4   8
188   1   1   10
188   1   2   12
188   1   3   15
188   1   4   15
188   1   5   13
188   1   6   11
188   2   1   7
188   2   2   9
188   2   3   22
188   2   4   22
188   2   5   11
188   2   6   5
188   3   1   14
188   3   2   23
188   3   3   26
188   3   4   13
188   4   1   14
188   4   2   27
188   4   3   19
188   4   4   16
189   1   1   16
189   1   2   11
189   1   3   6
189   2   1   17
189   2   2   16
189   3   1   6
189   3   2   11
189   3   3   10
189   3   4   6
189   4   1   7
189   4   2   10
189   4   3   8
189   4   4   8
190   1   1   5
190   1   2   5
190   1   3   7
190   1   4   5
190   1   5   6
190   1   6   5
190   2   1   9
190   2   2   7
190   2   3   10
190   2   4   7
190   3   1   4
190   3   2   7
190   3   3   6
190   3   4   6
190   3   5   5
190   3   6   5
190   4   1   17
190   4   2   16
191   1   1   7
191   1   2   13
191   1   3   17
191   1   4   17
191   1   5   17
191   1   6   5
191   2   1   17
191   2   2   21
191   2   3   19
191   2   4   19
191   3   1   6
191   3   2   12
191   3   3   18
191   3   4   22
191   3   5   12
191   3   6   6
191   4   1   6
191   4   2   14
191   4   3   18
191   4   4   18
191   4   5   14
191   4   6   6
192   1   1   12
192   1   2   14
192   1   3   12
192   1   4   13
192   2   1   11
192   2   2   14
192   2   3   13
192   2   4   13
192   3   1   11
192   3   2   15
192   3   3   17
192   3   4   8
192   4   1   12
192   4   2   15
192   4   3   13
192   4   4   11
193   1   1   11
193   1   2   16
193   1   3   19
193   1   4   21
193   1   5   16
193   1   6   10
193   2   1   19
193   2   2   28
193   2   3   27
193   2   4   19
193   3   1   6
193   3   2   21
193   3   3   21
193   3   4   21
193   3   5   16
193   3   6   8
193   4   1   6
193   4   2   17
193   4   3   22
193   4   4   25
193   4   5   17
193   4   6   6
194   1   1   10
194   1   2   9
194   2   1   10
194   2   2   9
194   3   1   9
194   3   2   10
194   4   1   10
194   4   2   9
195   1   1   8
195   1   2   17
195   1   3   25
195   1   4   22
195   1   5   15
195   1   6   9
195   2   1   23
195   2   2   24
195   2   3   27
195   2   4   22
195   3   1   8
195   3   2   22
195   3   3   21
195   3   4   19
195   3   5   15
195   3   6   11
195   4   1   9
195   4   2   14
195   4   3   25
195   4   4   22
195   4   5   18
195   4   6   8
196   1   1   14
196   1   2   13
196   2   1   9
196   2   2   7
196   2   3   3
196   2   4   4
196   2   5   4
196   3   1   6
196   3   2   7
196   3   3   8
196   3   4   3
196   3   5   3
196   4   1   14
196   4   2   8
196   4   3   5
197   1   1   6
197   1   2   18
197   1   3   17
197   1   4   12
197   2   1   12
197   2   2   15
197   2   3   14
197   2   4   12
197   3   1   9
197   3   2   18
197   3   3   15
197   3   4   11
197   4   1   13
197   4   2   13
197   4   3   14
197   4   4   13
198   1   1   8
198   1   2   9
198   2   1   7
198   2   2   10
198   3   1   8
198   3   2   9
198   4   1   8
198   4   2   9
199   1   1   13
199   1   2   20
199   1   3   21
199   1   4   14
199   2   1   20
199   2   2   16
199   2   3   15
199   2   4   9
199   2   5   8
199   3   1   6
199   3   2   14
199   3   3   13
199   3   4   16
199   3   5   13
199   3   6   6
199   4   1   12
199   4   2   23
199   4   3   19
199   4   4   14
200   1   1   11
200   1   2   11
200   1   3   18
200   1   4   21
200   1   5   15
200   1   6   9
200   2   1   5
200   2   2   15
200   2   3   21
200   2   4   26
200   2   5   18
200   3   1   7
200   3   2   16
200   3   3   20
200   3   4   15
200   3   5   20
200   3   6   7
200   4   1   4
200   4   2   12
200   4   3   27
200   4   4   24
200   4   5   18
201   1   1   11
201   1   2   10
201   1   3   13
201   1   4   10
201   2   1   10
201   2   2   12
201   2   3   11
201   2   4   11
201   3   1   7
201   3   2   14
201   3   3   17
201   3   4   6
201   4   1   8
201   4   2   13
201   4   3   18
201   4   4   5
202   1   1   5
202   1   2   11
202   1   3   20
202   1   4   24
202   1   5   22
202   1   6   16
202   1   7   13
202   1   8   5
202   2   1   9
202   2   2   19
202   2   3   26
202   2   4   30
202   2   5   26
202   2   6   6
202   3   1   23
202   3   2   34
202   3   3   30
202   3   4   20
202   3   5   9
202   4   1   7
202   4   2   11
202   4   3   18
202   4   4   20
202   4   5   24
202   4   6   18
202   4   7   11
202   4   8   7
203   1   1   5
203   1   2   15
203   1   3   29
203   1   4   44
203   1   5   48
203   1   6   35
203   1   7   19
203   2   1   8
203   2   2   22
203   2   3   30
203   2   4   39
203   2   5   36
203   2   6   30
203   2   7   23
203   2   8   7
203   3   1   6
203   3   2   17
203   3   3   35
203   3   4   42
203   3   5   39
203   3   6   29
203   3   7   18
203   3   8   9
203   4   1   9
203   4   2   25
203   4   3   28
203   4   4   33
203   4   5   36
203   4   6   33
203   4   7   25
203   4   8   6
204   1   1   5
204   1   2   8
204   1   3   9
204   1   4   11
204   1   5   9
204   1   6   6
204   2   1   7
204   2   2   16
204   2   3   17
204   2   4   8
204   3   1   9
204   3   2   13
204   3   3   15
204   3   4   11
204   4   1   6
204   4   2   19
204   4   3   16
204   4   4   7
205   1   1   3
205   1   2   7
205   1   3   8
205   1   4   8
205   1   5   12
205   2   1   8
205   2   2   11
205   2   3   11
205   2   4   8
205   3   1   4
205   3   2   7
205   3   3   7
205   3   4   8
205   3   5   12
205   4   1   5
205   4   2   14
205   4   3   14
205   4   4   5
206   1   1   6
206   1   2   9
206   1   3   10
206   1   4   8
206   2   1   5
206   2   2   12
206   2   3   11
206   2   4   5
206   3   1   6
206   3   2   10
206   3   3   10
206   3   4   7
206   4   1   15
206   4   2   13
206   4   3   5
207   1   1   6
207   1   2   10
207   1   3   14
207   1   4   16
207   1   5   22
207   1   6   20
207   1   7   6
207   2   1   5
207   2   2   19
207   2   3   24
207   2   4   24
207   2   5   15
207   2   6   7
207   3   1   16
207   3   2   34
207   3   3   26
207   3   4   18
207   4   1   11
207   4   2   19
207   4   3   17
207   4   4   19
207   4   5   17
207   4   6   9
207   4   7   2
208   1   1   11
208   1   2   35
208   1   3   38
208   1   4   37
208   1   5   28
208   1   6   16
208   2   1   21
208   2   2   30
208   2   3   30
208   2   4   34
208   2   5   31
208   2   6   19
208   3   1   5
208   3   2   13
208   3   3   29
208   3   4   35
208   3   5   35
208   3   6   29
208   3   7   14
208   3   8   5
208   4   1   7
208   4   2   14
208   4   3   31
208   4   4   32
208   4   5   26
208   4   6   35
208   4   7   15
208   4   8   5
209   1   1   9
209   1   2   19
209   1   3   16
209   1   4   10
209   2   1   10
209   2   2   19
209   2   3   14
209   2   4   11
209   3   1   6
209   3   2   5
209   3   3   15
209   3   4   12
209   3   5   16
209   4   1   13
209   4   2   15
209   4   3   14
209   4   4   12
210   1   1   9
210   1   2   9
210   1   3   19
210   1   4   19
210   1   5   19
210   1   6   23
210   1   7   29
210   1   8   24
210   1   9   12
210   2   1   16
210   2   2   30
210   2   3   37
210   2   4   36
210   2   5   25
210   2   6   13
210   2   7   6
210   3   1   9
210   3   2   32
210   3   3   45
210   3   4   40
210   3   5   21
210   3   6   16
210   4   1   7
210   4   2   20
210   4   3   29
210   4   4   33
210   4   5   23
210   4   6   22
210   4   7   16
210   4   8   13
211   1   1   9
211   1   2   14
211   1   3   13
211   1   4   10
211   2   1   8
211   2   2   15
211   2   3   15
211   2   4   8
211   3   1   7
211   3   2   16
211   3   3   16
211   3   4   7
211   4   1   12
211   4   2   12
211   4   3   11
211   4   4   11
212   1   1   11
212   1   2   26
212   1   3   24
212   1   4   12
212   2   1   5
212   2   2   13
212   2   3   19
212   2   4   17
212   2   5   19
212   3   1   7
212   3   2   14
212   3   3   15
212   3   4   17
212   3   5   13
212   3   6   7
212   4   1   8
212   4   2   13
212   4   3   17
212   4   4   19
212   4   5   16
213   1   1   15
213   1   2   29
213   1   3   45
213   1   4   43
213   1   5   36
213   1   6   11
213   2   1   5
213   2   2   23
213   2   3   30
213   2   4   33
213   2   5   32
213   2   6   29
213   2   7   18
213   2   8   9
213   3   1   29
213   3   2   29
213   3   3   32
213   3   4   33
213   3   5   28
213   3   6   20
213   3   7   8
213   4   1   7
213   4   2   17
213   4   3   32
213   4   4   39
213   4   5   33
213   4   6   23
213   4   7   17
213   4   8   11
214   1   1   19
214   1   2   28
214   1   3   23
214   1   4   32
214   1   5   25
214   1   6   20
214   2   1   5
214   2   2   14
214   2   3   27
214   2   4   29
214   2   5   26
214   2   6   24
214   2   7   17
214   2   8   5
214   3   1   14
214   3   2   26
214   3   3   31
214   3   4   36
214   3   5   27
214   3   6   13
214   4   1   11
214   4   2   31
214   4   3   34
214   4   4   31
214   4   5   24
214   4   6   16
215   1   1   18
215   1   2   24
215   1   3   22
215   1   4   19
215   2   1   5
215   2   2   15
215   2   3   22
215   2   4   22
215   2   5   14
215   2   6   5
215   3   1   8
215   3   2   13
215   3   3   21
215   3   4   18
215   3   5   15
215   3   6   8
215   4   1   22
215   4   2   21
215   4   3   20
215   4   4   13
215   4   5   7
216   1   1   6
216   1   2   13
216   2   1   10
216   2   2   9
216   3   1   10
216   3   2   5
216   3   3   4
216   4   1   10
216   4   2   9
217   1   1   10
217   1   2   14
217   1   3   10
217   1   4   10
217   2   1   3
217   2   2   7
217   2   3   10
217   2   4   13
217   2   5   11
217   3   1   6
217   3   2   15
217   3   3   17
217   3   4   6
217   4   1   5
217   4   2   18
217   4   3   16
217   4   4   5
218   1   1   16
218   1   2   17
218   2   1   8
218   2   2   8
218   2   3   11
218   2   4   6
218   3   1   6
218   3   2   13
218   3   3   8
218   3   4   6
218   4   1   5
218   4   2   12
218   4   3   10
218   4   4   6
219   1   1   20
219   1   2   24
219   1   3   27
219   1   4   24
219   1   5   14
219   1   6   12
219   1   7   10
219   2   1   11
219   2   2   22
219   2   3   33
219   2   4   32
219   2   5   19
219   2   6   14
219   3   1   11
219   3   2   23
219   3   3   29
219   3   4   34
219   3   5   24
219   3   6   10
219   4   1   5
219   4   2   13
219   4   3   20
219   4   4   25
219   4   5   28
219   4   6   25
219   4   7   15
220   1   1   5
220   1   2   19
220   1   3   15
220   1   4   6
220   2   1   10
220   2   2   12
220   2   3   12
220   2   4   11
220   3   1   11
220   3   2   11
220   3   3   12
220   3   4   11
220   4   1   7
220   4   2   14
220   4   3   17
220   4   4   7
221   1   1   23
221   1   2   26
221   1   3   24
221   1   4   15
221   1   5   7
221   2   1   14
221   2   2   15
221   2   3   15
221   2   4   21
221   2   5   19
221   2   6   11
221   3   1   24
221   3   2   27
221   3   3   22
221   3   4   15
221   3   5   7
221   4   1   8
221   4   2   19
221   4   3   22
221   4   4   19
221   4   5   16
221   4   6   11
222   1   1   10
222   1   2   9
222   1   3   12
222   1   4   10
222   2   1   5
222   2   2   15
222   2   3   21
222   3   1   8
222   3   2   13
222   3   3   12
222   3   4   8
222   4   1   7
222   4   2   12
222   4   3   15
222   4   4   7
223   1   1   8
223   1   2   14
223   1   3   18
223   1   4   19
223   1   5   18
223   1   6   6
223   2   1   26
223   2   2   15
223   2   3   23
223   2   4   11
223   2   5   8
223   3   1   18
223   3   2   26
223   3   3   21
223   3   4   13
223   3   5   5
223   4   1   5
223   4   2   16
223   4   3   20
223   4   4   20
223   4   5   22
224   1   1   11
224   1   2   16
224   1   3   22
224   1   4   20
224   1   5   19
224   1   6   10
224   2   1   6
224   2   2   19
224   2   3   24
224   2   4   26
224   2   5   17
224   2   6   6
224   3   1   8
224   3   2   19
224   3   3   24
224   3   4   22
224   3   5   17
224   3   6   8
224   4   1   8
224   4   2   15
224   4   3   26
224   4   4   26
224   4   5   15
224   4   6   8
225   1   1   8
225   1   2   16
225   1   3   26
225   1   4   25
225   1   5   20
225   1   6   6
225   2   1   6
225   2   2   21
225   2   3   24
225   2   4   23
225   2   5   20
225   2   6   7
225   3   1   25
225   3   2   22
225   3   3   28
225   3   4   26
225   4   1   11
225   4   2   21
225   4   3   19
225   4   4   19
225   4   5   17
225   4   6   14
226   1   1   9
226   1   2   22
226   1   3   35
226   1   4   38
226   1   5   33
226   1   6   30
226   1   7   22
226   1   8   14
226   2   1   6
226   2   2   18
226   2   3   30
226   2   4   47
226   2   5   43
226   2   6   35
226   2   7   24
226   3   1   11
226   3   2   21
226   3   3   31
226   3   4   37
226   3   5   38
226   3   6   33
226   3   7   21
226   3   8   11
226   4   1   21
226   4   2   40
226   4   3   43
226   4   4   43
226   4   5   32
226   4   6   19
226   4   7   5
227   1   1   12
227   1   2   15
227   1   3   17
227   1   4   12
227   2   1   13
227   2   2   14
227   2   3   17
227   2   4   12
227   3   1   11
227   3   2   16
227   3   3   18
227   3   4   11
227   4   1   5
227   4   2   8
227   4   3   14
227   4   4   14
227   4   5   15
228   1   1   14
228   1   2   19
228   1   3   30
228   1   4   32
228   1   5   27
228   1   6   9
228   2   1   15
228   2   2   24
228   2   3   29
228   2   4   25
228   2   5   20
228   2   6   18
228   3   1   14
228   3   2   25
228   3   3   28
228   3   4   27
228   3   5   22
228   3   6   15
228   4   1   11
228   4   2   24
228   4   3   32
228   4   4   30
228   4   5   20
228   4   6   14
229   1   1   15
229   1   2   26
229   1   3   29
229   1   4   33
229   1   5   19
229   1   6   12
229   1   7   6
229   2   1   4
229   2   2   11
229   2   3   20
229   2   4   32
229   2   5   37
229   2   6   25
229   2   7   11
229   3   1   4
229   3   2   12
229   3   3   18
229   3   4   30
229   3   5   37
229   3   6   29
229   3   7   10
229   4   1   7
229   4   2   15
229   4   3   23
229   4   4   25
229   4   5   26
229   4   6   21
229   4   7   14
229   4   8   9
230   1   1   9
230   1   2   24
230   1   3   22
230   1   4   10
230   2   1   6
230   2   2   8
230   2   3   16
230   2   4   18
230   2   5   17
230   3   1   6
230   3   2   13
230   3   3   14
230   3   4   14
230   3   5   12
230   3   6   6
230   4   1   13
230   4   2   20
230   4   3   19
230   4   4   13
231   1   1   6
231   1   2   22
231   1   3   27
231   1   4   32
231   1   5   21
231   1   6   6
231   2   1   12
231   2   2   23
231   2   3   23
231   2   4   20
231   2   5   20
231   2   6   16
231   3   1   8
231   3   2   21
231   3   3   28
231   3   4   26
231   3   5   22
231   3   6   9
231   4   1   10
231   4   2   21
231   4   3   27
231   4   4   27
231   4   5   18
231   4   6   11
232   1   1   7
232   1   2   7
232   1   3   6
232   1   4   4
232   1   5   7
232   1   6   9
232   1   7   12
232   2   1   10
232   2   2   13
232   2   3   20
232   2   4   9
232   3   1   13
232   3   2   15
232   3   3   10
232   3   4   9
232   3   5   5
232   4   1   8
232   4   2   8
232   4   3   11
232   4   4   9
232   4   5   9
232   4   6   7
233   1   1   6
233   1   2   19
233   1   3   27
233   1   4   33
233   1   5   20
233   1   6   5
233   2   1   10
233   2   2   19
233   2   3   22
233   2   4   29
233   2   5   23
233   2   6   7
233   3   1   12
233   3   2   18
233   3   3   24
233   3   4   25
233   3   5   21
233   3   6   10
233   4   1   9
233   4   2   18
233   4   3   25
233   4   4   25
233   4   5   21
233   4   6   12
234   1   1   6
234   1   2   17
234   1   3   26
234   1   4   25
234   1   5   17
234   1   6   7
234   2   1   16
234   2   2   28
234   2   3   28
234   2   4   26
234   3   1   11
234   3   2   14
234   3   3   25
234   3   4   23
234   3   5   16
234   3   6   9
234   4   1   11
234   4   2   23
234   4   3   18
234   4   4   16
234   4   5   15
234   4   6   15
235   1   1   10
235   1   2   16
235   1   3   21
235   1   4   25
235   1   5   19
235   1   6   8
235   2   1   25
235   2   2   28
235   2   3   24
235   2   4   15
235   2   5   7
235   3   1   11
235   3   2   12
235   3   3   24
235   3   4   27
235   3   5   17
235   3   6   8
235   4   1   11
235   4   2   18
235   4   3   19
235   4   4   23
235   4   5   19
235   4   6   9
236   1   1   9
236   1   2   17
236   1   3   22
236   1   4   17
236   1   5   11
236   1   6   6
236   1   7   5
236   2   1   5
236   2   2   13
236   2   3   23
236   2   4   27
236   2   5   19
236   3   1   19
236   3   2   24
236   3   3   27
236   3   4   17
236   4   1   8
236   4   2   17
236   4   3   16
236   4   4   21
236   4   5   17
236   4   6   8
237   1   1   10
237   1   2   13
237   1   3   14
237   1   4   20
237   1   5   13
237   1   6   10
237   2   1   19
237   2   2   20
237   2   3   24
237   2   4   17
237   3   1   10
237   3   2   14
237   3   3   16
237   3   4   16
237   3   5   14
237   3   6   10
237   4   1   13
237   4   2   25
237   4   3   28
237   4   4   14
238   1   1   5
238   1   2   19
238   1   3   26
238   1   4   34
238   1   5   23
238   2   1   10
238   2   2   22
238   2   3   25
238   2   4   22
238   2   5   16
238   2   6   12
238   3   1   8
238   3   2   20
238   3   3   27
238   3   4   23
238   3   5   20
238   3   6   9
238   4   1   9
238   4   2   24
238   4   3   27
238   4   4   16
238   4   5   18
238   4   6   13
239   1   1   14
239   1   2   20
239   1   3   24
239   1   4   23
239   1   5   25
239   1   6   25
239   1   7   21
239   1   8   13
239   2   1   5
239   2   2   34
239   2   3   42
239   2   4   47
239   2   5   24
239   2   6   13
239   3   1   6
239   3   2   8
239   3   3   16
239   3   4   21
239   3   5   30
239   3   6   30
239   3   7   22
239   3   8   18
239   3   9   14
239   4   1   13
239   4   2   27
239   4   3   34
239   4   4   48
239   4   5   36
239   4   6   7
240   1   1   6
240   1   2   17
240   1   3   21
240   1   4   25
240   1   5   16
240   1   6   6
240   2   1   5
240   2   2   13
240   2   3   22
240   2   4   31
240   2   5   20
240   3   1   11
240   3   2   15
240   3   3   21
240   3   4   18
240   3   5   12
240   3   6   10
240   3   7   4
240   4   1   10
240   4   2   13
240   4   3   20
240   4   4   24
240   4   5   16
240   4   6   8
241   1   1   18
241   1   2   19
241   1   3   16
241   1   4   12
241   1   5   5
241   2   1   5
241   2   2   13
241   2   3   18
241   2   4   15
241   2   5   12
241   2   6   7
241   3   1   3
241   3   2   4
241   3   3   8
241   3   4   17
241   3   5   17
241   3   6   21
241   4   1   14
241   4   2   18
241   4   3   24
241   4   4   14
242   1   1   12
242   1   2   21
242   1   3   24
242   1   4   19
242   1   5   15
242   1   6   16
242   2   1   7
242   2   2   17
242   2   3   28
242   2   4   28
242   2   5   21
242   2   6   6
242   3   1   21
242   3   2   34
242   3   3   31
242   3   4   21
242   4   1   15
242   4   2   17
242   4   3   21
242   4   4   22
242   4   5   20
242   4   6   12
243   1   1   9
243   1   2   10
243   1   3   24
243   1   4   23
243   1   5   24
243   2   1   13
243   2   2   16
243   2   3   15
243   2   4   18
243   2   5   15
243   2   6   13
243   3   1   20
243   3   2   23
243   3   3   29
243   3   4   18
243   4   1   7
243   4   2   20
243   4   3   19
243   4   4   18
243   4   5   17
243   4   6   9
244   1   1   11
244   1   2   12
244   1   3   9
244   1   4   7
244   1   5   5
244   2   1   8
244   2   2   12
244   2   3   15
244   2   4   9
244   3   1   8
244   3   2   12
244   3   3   17
244   3   4   7
244   4   1   13
244   4   2   7
244   4   3   14
244   4   4   10
245   1   1   14
245   1   2   20
245   1   3   30
245   1   4   36
245   1   5   29
245   1   6   8
245   2   1   13
245   2   2   26
245   2   3   32
245   2   4   33
245   2   5   20
245   2   6   13
245   3   1   16
245   3   2   26
245   3   3   26
245   3   4   29
245   3   5   24
245   3   6   16
245   4   1   16
245   4   2   25
245   4   3   30
245   4   4   26
245   4   5   21
245   4   6   19
