1   1   1   10
1   1   2   17
1   1   3   23
1   1   4   23
1   1   5   14
1   1   6   11
1   2   1   5
1   2   2   18
1   2   3   24
1   2   4   27
1   2   5   24
1   3   1   6
1   3   2   17
1   3   3   24
1   3   4   27
1   3   5   24
1   4   1   11
1   4   2   16
1   4   3   20
1   4   4   24
1   4   5   18
1   4   6   9
2   1   1   15
2   1   2   24
2   1   3   29
2   1   4   20
2   1   5   15
2   1   6   12
2   1   7   7
2   2   1   6
2   2   2   11
2   2   3   17
2   2   4   23
2   2   5   28
2   2   6   26
2   2   7   11
2   3   1   13
2   3   2   19
2   3   3   24
2   3   4   29
2   3   5   28
2   3   6   9
2   4   1   7
2   4   2   20
2   4   3   33
2   4   4   34
2   4   5   23
2   4   6   5
3   1   1   6
3   1   2   16
3   1   3   20
3   1   4   19
3   1   5   23
3   1   6   18
3   1   7   12
3   2   1   9
3   2   2   20
3   2   3   26
3   2   4   28
3   2   5   23
3   2   6   8
3   3   1   14
3   3   2   22
3   3   3   22
3   3   4   24
3   3   5   16
3   3   6   16
3   4   1   22
3   4   2   35
3   4   3   34
3   4   4   23
4   1   1   17
4   1   2   18
4   1   3   18
4   1   4   22
4   1   5   21
4   1   6   14
4   2   1   7
4   2   2   17
4   2   3   35
4   2   4   24
4   2   5   16
4   2   6   11
4   3   1   13
4   3   2   17
4   3   3   27
4   3   4   23
4   3   5   15
4   3   6   15
4   4   1   6
4   4   2   21
4   4   3   27
4   4   4   30
4   4   5   21
4   4   6   5
5   1   1   23
5   1   2   29
5   1   3   27
5   1   4   23
5   2   1   23
5   2   2   32
5   2   3   27
5   2   4   20
5   3   1   12
5   3   2   17
5   3   3   19
5   3   4   20
5   3   5   20
5   3   6   14
5   4   1   14
5   4   2   15
5   4   3   21
5   4   4   23
5   4   5   16
5   4   6   13
6   1   1   10
6   1   2   18
6   1   3   32
6   1   4   41
6   1   5   39
6   1   6   40
6   1   7   20
6   1   8   7
6   2   1   10
6   2   2   18
6   2   3   36
6   2   4   42
6   2   5   41
6   2   6   31
6   2   7   18
6   2   8   8
6   2   9   3
6   3   1   5
6   3   2   28
6   3   3   35
6   3   4   34
6   3   5   37
6   3   6   34
6   3   7   26
6   3   8   8
6   4   1   26
6   4   2   42
6   4   3   40
6   4   4   37
6   4   5   32
6   4   6   23
6   4   7   7
7   1   1   16
7   1   2   11
7   1   3   5
7   2   1   7
7   2   2   10
7   2   3   8
7   2   4   7
7   3   1   18
7   3   2   14
7   4   1   17
7   4   2   10
7   4   3   5
8   1   1   15
8   1   2   27
8   1   3   19
8   1   4   9
8   1   5   6
8   2   1   6
8   2   2   11
8   2   3   21
8   2   4   20
8   2   5   11
8   2   6   7
8   3   1   5
8   3   2   14
8   3   3   18
8   3   4   19
8   3   5   20
8   4   1   10
8   4   2   14
8   4   3   12
8   4   4   14
8   4   5   17
8   4   6   9
9   1   1   10
9   1   2   18
9   1   3   31
9   1   4   24
9   1   5   21
9   1   6   10
9   2   1   11
9   2   2   15
9   2   3   31
9   2   4   27
9   2   5   21
9   2   6   9
9   3   1   13
9   3   2   17
9   3   3   26
9   3   4   26
9   3   5   21
9   3   6   11
9   4   1   6
9   4   2   22
9   4   3   32
9   4   4   27
9   4   5   16
9   4   6   11
10   1   1   6
10   1   2   12
10   1   3   14
10   1   4   17
10   1   5   11
10   1   6   6
10   2   1   13
10   2   2   19
10   2   3   20
10   2   4   14
10   3   1   5
10   3   2   10
10   3   3   18
10   3   4   18
10   3   5   15
10   4   1   17
10   4   2   18
10   4   3   14
10   4   4   17
11   1   1   11
11   1   2   15
11   1   3   21
11   1   4   28
11   1   5   11
11   1   6   11
11   2   1   10
11   2   2   14
11   2   3   21
11   2   4   26
11   2   5   19
11   2   6   7
11   3   1   10
11   3   2   17
11   3   3   19
11   3   4   21
11   3   5   19
11   3   6   11
11   4   1   5
11   4   2   17
11   4   3   26
11   4   4   27
11   4   5   22
12   1   1   21
12   1   2   21
12   1   3   27
12   1   4   34
12   1   5   23
12   1   6   19
12   2   1   17
12   2   2   17
12   2   3   29
12   2   4   45
12   2   5   28
12   2   6   9
12   3   1   5
12   3   2   13
12   3   3   23
12   3   4   29
12   3   5   32
12   3   6   26
12   3   7   17
12   4   1   17
12   4   2   28
12   4   3   30
12   4   4   29
12   4   5   21
12   4   6   14
12   4   7   6
13   1   1   7
13   1   2   7
13   1   3   18
13   1   4   41
13   1   5   45
13   1   6   32
13   1   7   9
13   2   1   20
13   2   2   25
13   2   3   35
13   2   4   34
13   2   5   25
13   2   6   20
13   3   1   10
13   3   2   10
13   3   3   31
13   3   4   22
13   3   5   39
13   3   6   26
13   3   7   11
13   3   8   10
13   4   1   9
13   4   2   16
13   4   3   21
13   4   4   31
13   4   5   30
13   4   6   26
13   4   7   21
13   4   8   5
14   1   1   4
14   1   2   6
14   1   3   20
14   1   4   27
14   1   5   32
14   1   6   32
14   1   7   31
14   1   8   22
14   1   9   11
14   2   1   19
14   2   2   20
14   2   3   22
14   2   4   24
14   2   5   27
14   2   6   38
14   2   7   27
14   2   8   8
14   3   1   9
14   3   2   16
14   3   3   27
14   3   4   36
14   3   5   42
14   3   6   30
14   3   7   25
14   4   1   15
14   4   2   33
14   4   3   43
14   4   4   46
14   4   5   38
14   4   6   10
15   1   1   6
15   1   2   12
15   1   3   15
15   1   4   6
15   2   1   8
15   2   2   11
15   2   3   11
15   2   4   9
15   3   1   7
15   3   2   14
15   3   3   10
15   3   4   8
15   4   1   8
15   4   2   9
15   4   3   10
15   4   4   12
16   1   1   11
16   1   2   16
16   1   3   19
16   1   4   9
16   2   1   15
16   2   2   14
16   2   3   11
16   2   4   8
16   2   5   7
16   3   1   10
16   3   2   19
16   3   3   17
16   3   4   9
16   4   1   15
16   4   2   13
16   4   3   14
16   4   4   13
17   1   1   11
17   1   2   16
17   1   3   26
17   1   4   27
17   1   5   19
17   1   6   10
17   2   1   9
17   2   2   23
17   2   3   25
17   2   4   22
17   2   5   20
17   2   6   10
17   3   1   8
17   3   2   21
17   3   3   29
17   3   4   24
17   3   5   17
17   3   6   10
17   4   1   5
17   4   2   20
17   4   3   30
17   4   4   29
17   4   5   20
17   4   6   5
18   1   1   10
18   1   2   21
18   1   3   30
18   1   4   25
18   1   5   24
18   1   6   9
18   2   1   17
18   2   2   18
18   2   3   21
18   2   4   26
18   2   5   20
18   2   6   17
18   3   1   7
18   3   2   23
18   3   3   31
18   3   4   27
18   3   5   21
18   3   6   10
18   4   1   8
18   4   2   20
18   4   3   29
18   4   4   32
18   4   5   24
18   4   6   6
19   1   1   6
19   1   2   19
19   1   3   26
19   1   4   25
19   1   5   17
19   1   6   7
19   2   1   6
19   2   2   20
19   2   3   27
19   2   4   22
19   2   5   17
19   2   6   8
19   3   1   11
19   3   2   16
19   3   3   24
19   3   4   19
19   3   5   20
19   3   6   10
19   4   1   21
19   4   2   30
19   4   3   29
19   4   4   20
20   1   1   11
20   1   2   22
20   1   3   25
20   1   4   28
20   1   5   24
20   1   6   10
20   2   1   9
20   2   2   18
20   2   3   30
20   2   4   35
20   2   5   19
20   2   6   9
20   3   1   11
20   3   2   20
20   3   3   29
20   3   4   28
20   3   5   22
20   3   6   10
20   4   1   14
20   4   2   21
20   4   3   25
20   4   4   26
20   4   5   21
20   4   6   13
21   1   1   19
21   1   2   33
21   1   3   43
21   1   4   43
21   1   5   35
21   1   6   19
21   2   1   7
21   2   2   18
21   2   3   31
21   2   4   41
21   2   5   38
21   2   6   31
21   2   7   21
21   2   8   5
21   3   1   25
21   3   2   31
21   3   3   40
21   3   4   42
21   3   5   30
21   3   6   24
21   4   1   10
21   4   2   21
21   4   3   32
21   4   4   35
21   4   5   35
21   4   6   29
21   4   7   19
21   4   8   11
22   1   1   18
22   1   2   33
22   1   3   28
22   1   4   17
22   2   1   11
22   2   2   16
22   2   3   19
22   2   4   23
22   2   5   17
22   2   6   10
22   3   1   6
22   3   2   18
22   3   3   26
22   3   4   22
22   3   5   16
22   3   6   8
22   4   1   10
22   4   2   18
22   4   3   23
22   4   4   19
22   4   5   14
22   4   6   12
23   1   1   5
23   1   2   13
23   1   3   19
23   1   4   16
23   1   5   12
23   1   6   6
23   2   1   13
23   2   2   18
23   2   3   25
23   2   4   15
23   3   1   12
23   3   2   23
23   3   3   18
23   3   4   13
23   3   5   5
23   4   1   5
23   4   2   15
23   4   3   14
23   4   4   18
23   4   5   14
23   4   6   5
24   1   1   23
24   1   2   22
24   1   3   38
24   1   4   33
24   1   5   33
24   1   6   19
24   2   1   13
24   2   2   36
24   2   3   40
24   2   4   31
24   2   5   30
24   2   6   18
24   3   1   19
24   3   2   32
24   3   3   37
24   3   4   32
24   3   5   28
24   3   6   14
24   3   7   6
24   4   1   21
24   4   2   31
24   4   3   33
24   4   4   34
24   4   5   26
24   4   6   23
25   1   1   19
25   1   2   32
25   1   3   44
25   1   4   40
25   1   5   29
25   1   6   16
25   1   7   6
25   2   1   10
25   2   2   19
25   2   3   24
25   2   4   39
25   2   5   39
25   2   6   27
25   2   7   17
25   2   8   11
25   3   1   11
25   3   2   18
25   3   3   26
25   3   4   36
25   3   5   38
25   3   6   31
25   3   7   21
25   3   8   5
25   4   1   9
25   4   2   23
25   4   3   32
25   4   4   28
25   4   5   30
25   4   6   31
25   4   7   27
25   4   8   6
26   1   1   19
26   1   2   28
26   1   3   30
26   1   4   19
26   2   1   6
26   2   2   20
26   2   3   25
26   2   4   20
26   2   5   17
26   2   6   8
26   3   1   9
26   3   2   19
26   3   3   21
26   3   4   20
26   3   5   18
26   3   6   9
26   4   1   28
26   4   2   23
26   4   3   19
26   4   4   16
26   4   5   10
27   1   1   16
27   1   2   23
27   1   3   25
27   1   4   32
27   1   5   44
27   1   6   40
27   1   7   23
27   1   8   9
27   2   1   9
27   2   2   23
27   2   3   36
27   2   4   39
27   2   5   39
27   2   6   34
27   2   7   21
27   2   8   11
27   3   1   11
27   3   2   23
27   3   3   30
27   3   4   41
27   3   5   41
27   3   6   36
27   3   7   20
27   3   8   10
27   4   1   17
27   4   2   47
27   4   3   51
27   4   4   43
27   4   5   28
27   4   6   19
27   4   7   7
28   1   1   10
28   1   2   17
28   1   3   19
28   1   4   9
28   2   1   9
28   2   2   16
28   2   3   22
28   2   4   8
28   3   1   5
28   3   2   7
28   3   3   14
28   3   4   15
28   3   5   14
28   4   1   5
28   4   2   9
28   4   3   10
28   4   4   14
28   4   5   17
29   1   1   10
29   1   2   28
29   1   3   37
29   1   4   36
29   1   5   23
29   1   6   10
29   2   1   14
29   2   2   23
29   2   3   32
29   2   4   36
29   2   5   28
29   2   6   11
29   3   1   13
29   3   2   12
29   3   3   17
29   3   4   22
29   3   5   26
29   3   6   33
29   3   7   21
29   4   1   14
29   4   2   25
29   4   3   33
29   4   4   31
29   4   5   21
29   4   6   13
29   4   7   7
30   1   1   15
30   1   2   18
30   1   3   18
30   1   4   16
30   2   1   6
30   2   2   13
30   2   3   14
30   2   4   17
30   2   5   11
30   2   6   6
30   3   1   5
30   3   2   14
30   3   3   14
30   3   4   19
30   3   5   7
30   3   6   8
30   4   1   13
30   4   2   19
30   4   3   23
30   4   4   12
31   1   1   15
31   1   2   19
31   1   3   20
31   1   4   22
31   1   5   28
31   1   6   26
31   1   7   21
31   1   8   11
31   2   1   14
31   2   2   29
31   2   3   41
31   2   4   34
31   2   5   27
31   2   6   17
31   3   1   22
31   3   2   26
31   3   3   32
31   3   4   34
31   3   5   29
31   3   6   19
31   4   1   14
31   4   2   33
31   4   3   38
31   4   4   31
31   4   5   26
31   4   6   20
32   1   1   8
32   1   2   15
32   1   3   21
32   1   4   25
32   1   5   20
32   1   6   6
32   2   1   9
32   2   2   18
32   2   3   22
32   2   4   19
32   2   5   20
32   2   6   7
32   3   1   18
32   3   2   29
32   3   3   26
32   3   4   22
32   4   1   9
32   4   2   18
32   4   3   21
32   4   4   21
32   4   5   16
32   4   6   10
33   1   1   18
33   1   2   24
33   1   3   27
33   1   4   16
33   2   1   19
33   2   2   25
33   2   3   20
33   2   4   21
33   3   1   5
33   3   2   15
33   3   3   22
33   3   4   22
33   3   5   14
33   3   6   7
33   4   1   11
33   4   2   15
33   4   3   17
33   4   4   18
33   4   5   16
33   4   6   8
34   1   1   10
34   1   2   17
34   1   3   27
34   1   4   21
34   1   5   22
34   1   6   8
34   2   1   7
34   2   2   24
34   2   3   20
34   2   4   29
34   2   5   15
34   2   6   10
34   3   1   10
34   3   2   16
34   3   3   25
34   3   4   26
34   3   5   21
34   3   6   7
34   4   1   10
34   4   2   15
34   4   3   24
34   4   4   29
34   4   5   22
34   4   6   5
35   1   1   5
35   1   2   6
35   1   3   15
35   1   4   18
35   1   5   12
35   2   1   13
35   2   2   15
35   2   3   12
35   2   4   16
35   3   1   8
35   3   2   20
35   3   3   20
35   3   4   8
35   4   1   12
35   4   2   17
35   4   3   15
35   4   4   12
36   1   1   5
36   1   2   25
36   1   3   32
36   1   4   30
36   1   5   20
36   1   6   8
36   2   1   5
36   2   2   13
36   2   3   18
36   2   4   20
36   2   5   27
36   2   6   23
36   2   7   14
36   3   1   9
36   3   2   23
36   3   3   30
36   3   4   28
36   3   5   20
36   3   6   10
36   4   1   13
36   4   2   25
36   4   3   26
36   4   4   23
36   4   5   16
36   4   6   11
36   4   7   6
37   1   1   5
37   1   2   14
37   1   3   22
37   1   4   24
37   1   5   21
37   2   1   10
37   2   2   14
37   2   3   17
37   2   4   21
37   2   5   15
37   2   6   9
37   3   1   9
37   3   2   17
37   3   3   18
37   3   4   18
37   3   5   13
37   3   6   11
37   4   1   5
37   4   2   14
37   4   3   20
37   4   4   30
37   4   5   17
38   1   1   8
38   1   2   29
38   1   3   40
38   1   4   41
38   1   5   34
38   1   6   6
38   2   1   9
38   2   2   19
38   2   3   25
38   2   4   24
38   2   5   30
38   2   6   25
38   2   7   15
38   2   8   11
38   3   1   16
38   3   2   24
38   3   3   36
38   3   4   38
38   3   5   35
38   3   6   9
38   4   1   10
38   4   2   18
38   4   3   23
38   4   4   23
38   4   5   32
38   4   6   24
38   4   7   19
38   4   8   9
39   1   1   15
39   1   2   12
39   1   3   11
39   1   4   9
39   1   5   5
39   2   1   3
39   2   2   9
39   2   3   14
39   2   4   14
39   2   5   12
39   3   1   13
39   3   2   11
39   3   3   17
39   3   4   11
39   4   1   9
39   4   2   16
39   4   3   27
40   1   1   15
40   1   2   18
40   1   3   20
40   1   4   23
40   1   5   22
40   1   6   13
40   2   1   5
40   2   2   27
40   2   3   27
40   2   4   23
40   2   5   20
40   2   6   9
40   3   1   14
40   3   2   18
40   3   3   22
40   3   4   25
40   3   5   19
40   3   6   13
40   4   1   5
40   4   2   22
40   4   3   30
40   4   4   26
40   4   5   28
41   1   1   6
41   1   2   10
41   1   3   18
41   2   1   5
41   2   2   14
41   2   3   9
41   2   4   6
41   3   1   6
41   3   2   15
41   3   3   8
41   3   4   5
41   4   1   8
41   4   2   9
41   4   3   8
41   4   4   9
42   1   1   14
42   1   2   16
42   1   3   16
42   1   4   15
42   2   1   13
42   2   2   14
42   2   3   24
42   2   4   10
42   3   1   11
42   3   2   20
42   3   3   19
42   3   4   11
42   4   1   6
42   4   2   13
42   4   3   13
42   4   4   12
42   4   5   10
42   4   6   7
43   1   1   8
43   1   2   14
43   1   3   17
43   1   4   7
43   2   1   11
43   2   2   12
43   2   3   12
43   2   4   11
43   3   1   12
43   3   2   10
43   3   3   14
43   3   4   10
43   4   1   10
43   4   2   12
43   4   3   14
43   4   4   10
44   1   1   15
44   1   2   14
44   1   3   20
44   1   4   13
44   2   1   12
44   2   2   21
44   2   3   16
44   2   4   13
44   3   1   14
44   3   2   18
44   3   3   16
44   3   4   14
44   4   1   15
44   4   2   15
44   4   3   21
44   4   4   11
45   1   1   9
45   1   2   5
45   1   3   5
45   1   4   4
45   1   5   4
45   2   1   5
45   2   2   9
45   2   3   7
45   2   4   6
45   3   1   13
45   3   2   14
45   4   1   7
45   4   2   6
45   4   3   7
45   4   4   7
46   1   1   13
46   1   2   21
46   1   3   22
46   1   4   14
46   2   1   7
46   2   2   13
46   2   3   16
46   2   4   15
46   2   5   13
46   2   6   6
46   3   1   16
46   3   2   20
46   3   3   18
46   3   4   16
46   4   1   15
46   4   2   17
46   4   3   24
46   4   4   14
47   1   1   6
47   1   2   10
47   1   3   13
47   1   4   17
47   1   5   17
47   2   1   9
47   2   2   24
47   2   3   20
47   2   4   10
47   3   1   12
47   3   2   17
47   3   3   23
47   3   4   11
47   4   1   7
47   4   2   14
47   4   3   12
47   4   4   10
47   4   5   10
47   4   6   10
48   1   1   19
48   1   2   33
48   1   3   35
48   1   4   40
48   1   5   34
48   1   6   30
48   1   7   32
48   1   8   23
48   2   1   6
48   2   2   11
48   2   3   22
48   2   4   33
48   2   5   46
48   2   6   48
48   2   7   42
48   2   8   29
48   2   9   9
48   3   1   6
48   3   2   26
48   3   3   40
48   3   4   49
48   3   5   48
48   3   6   46
48   3   7   31
48   4   1   11
48   4   2   23
48   4   3   38
48   4   4   48
48   4   5   47
48   4   6   45
48   4   7   29
48   4   8   5
49   1   1   6
49   1   2   15
49   1   3   15
49   1   4   14
49   1   5   15
49   1   6   6
49   2   1   15
49   2   2   20
49   2   3   23
49   2   4   13
49   3   1   4
49   3   2   11
49   3   3   21
49   3   4   18
49   3   5   12
49   3   6   5
49   4   1   12
49   4   2   22
49   4   3   26
49   4   4   11
50   1   1   17
50   1   2   14
50   1   3   17
50   1   4   14
50   2   1   11
50   2   2   22
50   2   3   20
50   2   4   9
50   3   1   5
50   3   2   9
50   3   3   15
50   3   4   17
50   3   5   16
50   4   1   5
50   4   2   8
50   4   3   16
50   4   4   21
50   4   5   12
51   1   1   5
51   1   2   13
51   1   3   31
51   1   4   43
51   1   5   40
51   1   6   30
51   1   7   19
51   2   1   6
51   2   2   18
51   2   3   29
51   2   4   36
51   2   5   36
51   2   6   37
51   2   7   19
51   3   1   6
51   3   2   16
51   3   3   31
51   3   4   33
51   3   5   41
51   3   6   36
51   3   7   18
51   4   1   12
51   4   2   17
51   4   3   25
51   4   4   36
51   4   5   33
51   4   6   29
51   4   7   20
51   4   8   9
52   1   1   5
52   1   2   16
52   1   3   24
52   1   4   22
52   1   5   21
52   1   6   18
52   1   7   13
52   1   8   8
52   2   1   5
52   2   2   14
52   2   3   23
52   2   4   23
52   2   5   23
52   2   6   16
52   2   7   16
52   2   8   7
52   3   1   11
52   3   2   26
52   3   3   30
52   3   4   26
52   3   5   18
52   3   6   16
52   4   1   28
52   4   2   38
52   4   3   34
52   4   4   27
53   1   1   8
53   1   2   10
53   1   3   6
53   1   4   9
53   2   1   4
53   2   2   6
53   2   3   6
53   2   4   6
53   2   5   5
53   2   6   6
53   3   1   6
53   3   2   11
53   3   3   9
53   3   4   7
53   4   1   16
53   4   2   14
53   4   3   3
54   1   1   8
54   1   2   15
54   1   3   30
54   1   4   35
54   1   5   31
54   1   6   30
54   1   7   22
54   1   8   3
54   2   1   10
54   2   2   23
54   2   3   27
54   2   4   27
54   2   5   27
54   2   6   28
54   2   7   24
54   2   8   8
54   3   1   12
54   3   2   17
54   3   3   23
54   3   4   31
54   3   5   34
54   3   6   29
54   3   7   22
54   3   8   6
54   4   1   7
54   4   2   30
54   4   3   47
54   4   4   54
54   4   5   30
54   4   6   6
55   1   1   6
55   1   2   21
55   1   3   35
55   1   4   33
55   1   5   29
55   2   1   9
55   2   2   22
55   2   3   38
55   2   4   24
55   2   5   23
55   2   6   8
55   3   1   14
55   3   2   23
55   3   3   27
55   3   4   26
55   3   5   19
55   3   6   15
55   4   1   11
55   4   2   13
55   4   3   19
55   4   4   20
55   4   5   21
55   4   6   17
55   4   7   14
55   4   8   9
56   1   1   6
56   1   2   16
56   1   3   28
56   1   4   22
56   1   5   15
56   1   6   7
56   2   1   10
56   2   2   14
56   2   3   21
56   2   4   22
56   2   5   19
56   2   6   8
56   3   1   20
56   3   2   23
56   3   3   30
56   3   4   21
56   4   1   13
56   4   2   13
56   4   3   18
56   4   4   22
56   4   5   20
56   4   6   8
57   1   1   19
57   1   2   14
57   1   3   19
57   1   4   11
57   1   5   5
57   2   1   15
57   2   2   18
57   2   3   20
57   2   4   15
57   3   1   8
57   3   2   10
57   3   3   14
57   3   4   18
57   3   5   13
57   3   6   5
57   4   1   14
57   4   2   20
57   4   3   20
57   4   4   14
58   1   1   14
58   1   2   20
58   1   3   17
58   1   4   12
58   2   1   18
58   2   2   11
58   2   3   16
58   2   4   18
58   3   1   13
58   3   2   19
58   3   3   18
58   3   4   13
58   4   1   14
58   4   2   15
58   4   3   21
58   4   4   13
59   1   1   5
59   1   2   19
59   1   3   18
59   1   4   32
59   1   5   39
59   1   6   27
59   1   7   18
59   2   1   16
59   2   2   25
59   2   3   40
59   2   4   36
59   2   5   23
59   2   6   12
59   2   7   6
59   3   1   8
59   3   2   22
59   3   3   28
59   3   4   28
59   3   5   21
59   3   6   20
59   3   7   15
59   3   8   16
59   4   1   8
59   4   2   10
59   4   3   22
59   4   4   33
59   4   5   39
59   4   6   32
59   4   7   14
60   1   1   10
60   1   2   21
60   1   3   26
60   1   4   34
60   1   5   35
60   1   6   28
60   1   7   16
60   1   8   12
60   2   1   19
60   2   2   34
60   2   3   39
60   2   4   36
60   2   5   32
60   2   6   22
60   3   1   13
60   3   2   16
60   3   3   25
60   3   4   32
60   3   5   38
60   3   6   35
60   3   7   23
60   4   1   23
60   4   2   29
60   4   3   41
60   4   4   36
60   4   5   30
60   4   6   23
61   1   1   28
61   1   2   38
61   1   3   37
61   1   4   34
61   1   5   25
61   1   6   20
61   1   7   12
61   2   1   24
61   2   2   34
61   2   3   39
61   2   4   41
61   2   5   33
61   2   6   16
61   2   7   7
61   3   1   7
61   3   2   17
61   3   3   30
61   3   4   37
61   3   5   42
61   3   6   41
61   3   7   20
61   4   1   5
61   4   2   9
61   4   3   14
61   4   4   25
61   4   5   37
61   4   6   41
61   4   7   36
61   4   8   27
62   1   1   10
62   1   2   21
62   1   3   28
62   1   4   33
62   1   5   25
62   1   6   7
62   2   1   6
62   2   2   21
62   2   3   36
62   2   4   33
62   2   5   21
62   2   6   7
62   3   1   15
62   3   2   19
62   3   3   28
62   3   4   28
62   3   5   20
62   3   6   9
62   3   7   5
62   4   1   5
62   4   2   15
62   4   3   17
62   4   4   21
62   4   5   21
62   4   6   22
62   4   7   16
62   4   8   7
63   1   1   10
63   1   2   14
63   1   3   12
63   1   4   13
63   2   1   10
63   2   2   15
63   2   3   13
63   2   4   11
63   3   1   6
63   3   2   20
63   3   3   16
63   3   4   7
63   4   1   11
63   4   2   15
63   4   3   12
63   4   4   11
64   1   1   12
64   1   2   18
64   1   3   23
64   1   4   20
64   1   5   17
64   1   6   13
64   2   1   10
64   2   2   14
64   2   3   23
64   2   4   28
64   2   5   28
64   3   1   7
64   3   2   18
64   3   3   30
64   3   4   31
64   3   5   17
64   4   1   10
64   4   2   19
64   4   3   21
64   4   4   26
64   4   5   14
64   4   6   13
65   1   1   23
65   1   2   26
65   1   3   33
65   1   4   30
65   1   5   29
65   1   6   22
65   2   1   18
65   2   2   33
65   2   3   31
65   2   4   33
65   2   5   27
65   2   6   21
65   3   1   17
65   3   2   29
65   3   3   38
65   3   4   33
65   3   5   27
65   3   6   19
65   4   1   15
65   4   2   29
65   4   3   40
65   4   4   34
65   4   5   27
65   4   6   18
66   1   1   6
66   1   2   23
66   1   3   25
66   1   4   19
66   1   5   15
66   1   6   11
66   2   1   7
66   2   2   13
66   2   3   22
66   2   4   26
66   2   5   31
66   3   1   5
66   3   2   12
66   3   3   15
66   3   4   15
66   3   5   18
66   3   6   18
66   3   7   16
66   4   1   20
66   4   2   31
66   4   3   26
66   4   4   22
67   1   1   6
67   1   2   18
67   1   3   30
67   1   4   28
67   1   5   19
67   1   6   6
67   2   1   12
67   2   2   18
67   2   3   25
67   2   4   26
67   2   5   18
67   2   6   8
67   3   1   10
67   3   2   14
67   3   3   26
67   3   4   32
67   3   5   19
67   3   6   6
67   4   1   11
67   4   2   17
67   4   3   25
67   4   4   24
67   4   5   22
67   4   6   8
68   1   1   20
68   1   2   24
68   1   3   32
68   1   4   26
68   1   5   23
68   1   6   12
68   1   7   7
68   2   1   16
68   2   2   26
68   2   3   27
68   2   4   34
68   2   5   23
68   2   6   18
68   3   1   6
68   3   2   18
68   3   3   22
68   3   4   23
68   3   5   29
68   3   6   23
68   3   7   23
68   4   1   5
68   4   2   31
68   4   3   36
68   4   4   39
68   4   5   27
68   4   6   6
69   1   1   9
69   1   2   18
69   1   3   22
69   1   4   9
69   2   1   5
69   2   2   10
69   2   3   13
69   2   4   15
69   2   5   15
69   3   1   10
69   3   2   18
69   3   3   21
69   3   4   9
69   4   1   7
69   4   2   10
69   4   3   11
69   4   4   14
69   4   5   10
69   4   6   6
70   1   1   12
70   1   2   23
70   1   3   34
70   1   4   33
70   1   5   24
70   1   6   11
70   2   1   13
70   2   2   23
70   2   3   31
70   2   4   32
70   2   5   27
70   2   6   11
70   3   1   17
70   3   2   26
70   3   3   26
70   3   4   25
70   3   5   23
70   3   6   20
70   4   1   18
70   4   2   24
70   4   3   30
70   4   4   23
70   4   5   23
70   4   6   12
70   4   7   7
71   1   1   14
71   1   2   19
71   1   3   16
71   1   4   15
71   2   1   13
71   2   2   20
71   2   3   16
71   2   4   15
71   3   1   12
71   3   2   22
71   3   3   19
71   3   4   11
71   4   1   15
71   4   2   18
71   4   3   17
71   4   4   9
71   4   5   5
72   1   1   7
72   1   2   16
72   1   3   22
72   1   4   16
72   1   5   15
72   1   6   8
72   2   1   5
72   2   2   12
72   2   3   23
72   2   4   27
72   2   5   17
72   3   1   7
72   3   2   17
72   3   3   20
72   3   4   17
72   3   5   15
72   3   6   8
72   4   1   17
72   4   2   22
72   4   3   27
72   4   4   18
73   1   1   8
73   1   2   20
73   1   3   26
73   1   4   22
73   1   5   19
73   1   6   11
73   2   1   23
73   2   2   30
73   2   3   30
73   2   4   23
73   3   1   16
73   3   2   20
73   3   3   22
73   3   4   20
73   3   5   17
73   3   6   11
73   4   1   11
73   4   2   18
73   4   3   23
73   4   4   25
73   4   5   19
73   4   6   10
74   1   1   15
74   1   2   28
74   1   3   30
74   1   4   31
74   1   5   24
74   1   6   16
74   2   1   7
74   2   2   14
74   2   3   20
74   2   4   24
74   2   5   30
74   2   6   33
74   2   7   16
74   3   1   12
74   3   2   24
74   3   3   37
74   3   4   35
74   3   5   26
74   3   6   10
74   4   1   14
74   4   2   28
74   4   3   33
74   4   4   25
74   4   5   25
74   4   6   19
75   1   1   8
75   1   2   14
75   1   3   27
75   1   4   25
75   1   5   26
75   2   1   9
75   2   2   18
75   2   3   24
75   2   4   22
75   2   5   19
75   2   6   8
75   3   1   10
75   3   2   18
75   3   3   22
75   3   4   23
75   3   5   17
75   3   6   10
75   4   1   6
75   4   2   17
75   4   3   28
75   4   4   24
75   4   5   18
75   4   6   7
76   1   1   16
76   1   2   21
76   1   3   25
76   1   4   30
76   1   5   21
76   1   6   15
76   2   1   14
76   2   2   26
76   2   3   26
76   2   4   27
76   2   5   18
76   2   6   17
76   3   1   10
76   3   2   28
76   3   3   32
76   3   4   26
76   3   5   17
76   3   6   10
76   3   7   5
76   4   1   5
76   4   2   27
76   4   3   35
76   4   4   32
76   4   5   21
76   4   6   8
77   1   1   10
77   1   2   12
77   1   3   18
77   1   4   20
77   1   5   16
77   1   6   7
77   2   1   17
77   2   2   24
77   2   3   27
77   2   4   10
77   2   5   5
77   3   1   20
77   3   2   23
77   3   3   19
77   3   4   21
77   4   1   5
77   4   2   14
77   4   3   22
77   4   4   22
77   4   5   14
77   4   6   6
78   1   1   15
78   1   2   27
78   1   3   40
78   1   4   34
78   1   5   20
78   1   6   14
78   1   7   5
78   2   1   3
78   2   2   5
78   2   3   8
78   2   4   23
78   2   5   36
78   2   6   35
78   2   7   29
78   2   8   16
78   3   1   20
78   3   2   32
78   3   3   29
78   3   4   27
78   3   5   20
78   3   6   18
78   3   7   9
78   4   1   19
78   4   2   24
78   4   3   29
78   4   4   39
78   4   5   29
78   4   6   15
79   1   1   11
79   1   2   24
79   1   3   31
79   1   4   30
79   1   5   23
79   1   6   13
79   2   1   6
79   2   2   29
79   2   3   34
79   2   4   29
79   2   5   25
79   2   6   9
79   3   1   6
79   3   2   12
79   3   3   20
79   3   4   26
79   3   5   28
79   3   6   20
79   3   7   15
79   3   8   5
79   4   1   12
79   4   2   23
79   4   3   33
79   4   4   28
79   4   5   23
79   4   6   13
80   1   1   9
80   1   2   16
80   1   3   19
80   1   4   24
80   1   5   16
80   1   6   8
80   2   1   19
80   2   2   28
80   2   3   24
80   2   4   16
80   2   5   5
80   3   1   6
80   3   2   18
80   3   3   25
80   3   4   18
80   3   5   16
80   3   6   9
80   4   1   7
80   4   2   13
80   4   3   23
80   4   4   29
80   4   5   20
81   1   1   10
81   1   2   29
81   1   3   33
81   1   4   33
81   1   5   31
81   1   6   33
81   1   7   23
81   1   8   15
81   2   1   24
81   2   2   37
81   2   3   45
81   2   4   43
81   2   5   33
81   2   6   17
81   2   7   8
81   3   1   6
81   3   2   20
81   3   3   32
81   3   4   47
81   3   5   40
81   3   6   32
81   3   7   25
81   3   8   5
81   4   1   24
81   4   2   35
81   4   3   38
81   4   4   49
81   4   5   41
81   4   6   20
82   1   1   8
82   1   2   23
82   1   3   23
82   1   4   22
82   1   5   14
82   1   6   13
82   2   1   14
82   2   2   19
82   2   3   20
82   2   4   19
82   2   5   17
82   2   6   14
82   3   1   15
82   3   2   16
82   3   3   21
82   3   4   16
82   3   5   23
82   3   6   12
82   4   1   22
82   4   2   33
82   4   3   28
82   4   4   15
82   4   5   5
83   1   1   13
83   1   2   21
83   1   3   27
83   1   4   26
83   1   5   18
83   1   6   10
83   1   7   5
83   2   1   13
83   2   2   15
83   2   3   30
83   2   4   29
83   2   5   25
83   2   6   8
83   3   1   9
83   3   2   25
83   3   3   26
83   3   4   29
83   3   5   19
83   3   6   12
83   4   1   14
83   4   2   20
83   4   3   24
83   4   4   25
83   4   5   28
83   4   6   9
84   1   1   15
84   1   2   14
84   1   3   17
84   1   4   13
84   2   1   12
84   2   2   15
84   2   3   20
84   2   4   12
84   3   1   5
84   3   2   10
84   3   3   13
84   3   4   17
84   3   5   14
84   4   1   13
84   4   2   15
84   4   3   18
84   4   4   13
85   1   1   12
85   1   2   15
85   1   3   11
85   1   4   15
85   2   1   10
85   2   2   17
85   2   3   18
85   2   4   8
85   3   1   12
85   3   2   14
85   3   3   16
85   3   4   11
85   4   1   5
85   4   2   9
85   4   3   10
85   4   4   15
85   4   5   14
86   1   1   15
86   1   2   24
86   1   3   31
86   1   4   32
86   1   5   20
86   1   6   17
86   2   1   13
86   2   2   30
86   2   3   26
86   2   4   29
86   2   5   26
86   2   6   15
86   3   1   16
86   3   2   22
86   3   3   35
86   3   4   28
86   3   5   22
86   3   6   12
86   3   7   4
86   4   1   22
86   4   2   21
86   4   3   27
86   4   4   28
86   4   5   26
86   4   6   15
87   1   1   8
87   1   2   28
87   1   3   27
87   1   4   33
87   1   5   31
87   1   6   24
87   1   7   24
87   1   8   12
87   2   1   11
87   2   2   17
87   2   3   24
87   2   4   37
87   2   5   39
87   2   6   35
87   2   7   19
87   2   8   5
87   3   1   7
87   3   2   20
87   3   3   29
87   3   4   36
87   3   5   31
87   3   6   36
87   3   7   28
87   4   1   6
87   4   2   17
87   4   3   27
87   4   4   46
87   4   5   42
87   4   6   24
87   4   7   16
87   4   8   9
88   1   1   7
88   1   2   13
88   1   3   21
88   1   4   13
88   1   5   12
88   1   6   9
88   2   1   18
88   2   2   21
88   2   3   20
88   2   4   16
88   3   1   13
88   3   2   13
88   3   3   12
88   3   4   12
88   3   5   13
88   3   6   12
88   4   1   16
88   4   2   21
88   4   3   22
88   4   4   16
89   1   1   10
89   1   2   16
89   1   3   9
89   1   4   10
89   2   1   9
89   2   2   12
89   2   3   15
89   2   4   9
89   3   1   10
89   3   2   10
89   3   3   16
89   3   4   9
89   4   1   2
89   4   2   5
89   4   3   13
89   4   4   16
89   4   5   9
90   1   1   11
90   1   2   21
90   1   3   24
90   1   4   26
90   1   5   17
90   1   6   13
90   2   1   11
90   2   2   25
90   2   3   19
90   2   4   27
90   2   5   16
90   2   6   14
90   3   1   12
90   3   2   15
90   3   3   24
90   3   4   28
90   3   5   25
90   3   6   8
90   4   1   6
90   4   2   21
90   4   3   28
90   4   4   30
90   4   5   27
91   1   1   11
91   1   2   16
91   1   3   22
91   1   4   23
91   1   5   18
91   1   6   11
91   2   1   7
91   2   2   15
91   2   3   26
91   2   4   29
91   2   5   19
91   2   6   5
91   3   1   5
91   3   2   21
91   3   3   27
91   3   4   24
91   3   5   17
91   3   6   7
91   4   1   9
91   4   2   16
91   4   3   28
91   4   4   24
91   4   5   13
91   4   6   11
92   1   1   9
92   1   2   16
92   1   3   18
92   1   4   23
92   1   5   20
92   1   6   6
92   2   1   7
92   2   2   20
92   2   3   21
92   2   4   18
92   2   5   17
92   2   6   9
92   3   1   21
92   3   2   31
92   3   3   19
92   3   4   12
92   3   5   9
92   4   1   20
92   4   2   27
92   4   3   27
92   4   4   11
92   4   5   7
93   1   1   7
93   1   2   18
93   1   3   19
93   1   4   7
93   2   1   13
93   2   2   16
93   2   3   10
93   2   4   7
93   2   5   5
93   3   1   7
93   3   2   13
93   3   3   18
93   3   4   13
93   4   1   4
93   4   2   8
93   4   3   13
93   4   4   13
93   4   5   13
94   1   1   14
94   1   2   25
94   1   3   29
94   1   4   13
94   2   1   19
94   2   2   23
94   2   3   20
94   2   4   14
94   2   5   5
94   3   1   5
94   3   2   17
94   3   3   17
94   3   4   20
94   3   5   17
94   3   6   5
94   4   1   6
94   4   2   15
94   4   3   22
94   4   4   20
94   4   5   9
94   4   6   6
94   4   7   3
95   1   1   9
95   1   2   14
95   1   3   18
95   1   4   20
95   1   5   15
95   1   6   8
95   2   1   19
95   2   2   21
95   2   3   25
95   2   4   19
95   3   1   17
95   3   2   26
95   3   3   23
95   3   4   18
95   4   1   9
95   4   2   11
95   4   3   21
95   4   4   22
95   4   5   14
95   4   6   7
96   1   1   18
96   1   2   19
96   1   3   19
96   1   4   18
96   2   1   17
96   2   2   20
96   2   3   21
96   2   4   11
96   2   5   5
96   3   1   8
96   3   2   10
96   3   3   18
96   3   4   17
96   3   5   21
96   4   1   6
96   4   2   10
96   4   3   17
96   4   4   23
96   4   5   18
97   1   1   9
97   1   2   23
97   1   3   14
97   1   4   10
97   2   1   14
97   2   2   13
97   2   3   14
97   2   4   15
97   3   1   13
97   3   2   14
97   3   3   15
97   3   4   14
97   4   1   7
97   4   2   20
97   4   3   18
97   4   4   11
98   1   1   15
98   1   2   19
98   1   3   22
98   1   4   15
98   2   1   16
98   2   2   20
98   2   3   21
98   2   4   14
98   3   1   5
98   3   2   15
98   3   3   16
98   3   4   17
98   3   5   11
98   3   6   7
98   4   1   19
98   4   2   18
98   4   3   16
98   4   4   11
98   4   5   7
99   1   1   11
99   1   2   23
99   1   3   35
99   1   4   39
99   1   5   28
99   1   6   7
99   2   1   8
99   2   2   15
99   2   3   28
99   2   4   28
99   2   5   25
99   2   6   18
99   2   7   10
99   2   8   11
99   3   1   6
99   3   2   19
99   3   3   23
99   3   4   26
99   3   5   24
99   3   6   19
99   3   7   16
99   3   8   10
99   4   1   10
99   4   2   27
99   4   3   37
99   4   4   33
99   4   5   24
99   4   6   12
100   1   1   26
100   1   2   29
100   1   3   23
100   1   4   14
100   1   5   8
100   2   1   12
100   2   2   14
100   2   3   24
100   2   4   21
100   2   5   18
100   2   6   11
100   3   1   5
100   3   2   20
100   3   3   25
100   3   4   25
100   3   5   25
100   4   1   11
100   4   2   16
100   4   3   19
100   4   4   27
100   4   5   20
100   4   6   7
101   1   1   5
101   1   2   10
101   1   3   19
101   1   4   20
101   1   5   19
101   2   1   16
101   2   2   22
101   2   3   20
101   2   4   11
101   2   5   4
101   3   1   8
101   3   2   12
101   3   3   17
101   3   4   20
101   3   5   10
101   3   6   6
101   4   1   17
101   4   2   17
101   4   3   23
101   4   4   16
102   1   1   7
102   1   2   13
102   1   3   17
102   1   4   26
102   1   5   28
102   1   6   24
102   1   7   11
102   1   8   5
102   2   1   7
102   2   2   24
102   2   3   34
102   2   4   36
102   2   5   21
102   2   6   9
102   3   1   17
102   3   2   20
102   3   3   27
102   3   4   26
102   3   5   25
102   3   6   16
102   4   1   15
102   4   2   27
102   4   3   26
102   4   4   23
102   4   5   20
102   4   6   20
103   1   1   11
103   1   2   14
103   1   3   11
103   1   4   11
103   2   1   11
103   2   2   11
103   2   3   12
103   2   4   13
103   3   1   7
103   3   2   17
103   3   3   23
103   4   1   12
103   4   2   13
103   4   3   12
103   4   4   10
104   1   1   16
104   1   2   26
104   1   3   23
104   1   4   15
104   2   1   8
104   2   2   15
104   2   3   19
104   2   4   15
104   2   5   13
104   2   6   10
104   3   1   7
104   3   2   14
104   3   3   18
104   3   4   21
104   3   5   13
104   3   6   7
104   4   1   18
104   4   2   23
104   4   3   20
104   4   4   13
104   4   5   6
105   1   1   5
105   1   2   23
105   1   3   30
105   1   4   41
105   1   5   44
105   1   6   38
105   1   7   25
105   2   1   18
105   2   2   27
105   2   3   27
105   2   4   32
105   2   5   26
105   2   6   30
105   2   7   31
105   2   8   15
105   3   1   28
105   3   2   36
105   3   3   38
105   3   4   43
105   3   5   37
105   3   6   17
105   3   7   7
105   4   1   9
105   4   2   27
105   4   3   34
105   4   4   39
105   4   5   36
105   4   6   25
105   4   7   18
105   4   8   13
105   4   9   5
106   1   1   6
106   1   2   8
106   1   3   13
106   1   4   12
106   1   5   12
106   1   6   6
106   2   1   10
106   2   2   19
106   2   3   17
106   2   4   11
106   3   1   5
106   3   2   10
106   3   3   13
106   3   4   14
106   3   5   15
106   4   1   8
106   4   2   21
106   4   3   21
106   4   4   7
107   1   1   22
107   1   2   25
107   1   3   34
107   1   4   22
107   2   1   12
107   2   2   18
107   2   3   17
107   2   4   25
107   2   5   21
107   2   6   10
107   3   1   12
107   3   2   22
107   3   3   21
107   3   4   17
107   3   5   17
107   3   6   14
107   4   1   4
107   4   2   20
107   4   3   30
107   4   4   25
107   4   5   24
108   1   1   20
108   1   2   31
108   1   3   35
108   1   4   35
108   1   5   26
108   1   6   23
108   2   1   22
108   2   2   31
108   2   3   19
108   2   4   45
108   2   5   41
108   2   6   12
108   3   1   8
108   3   2   14
108   3   3   28
108   3   4   38
108   3   5   33
108   3   6   22
108   3   7   17
108   3   8   10
108   4   1   6
108   4   2   13
108   4   3   32
108   4   4   39
108   4   5   30
108   4   6   27
108   4   7   14
108   4   8   9
109   1   1   18
109   1   2   21
109   1   3   17
109   1   4   11
109   1   5   6
109   2   1   14
109   2   2   23
109   2   3   20
109   2   4   16
109   3   1   14
109   3   2   23
109   3   3   21
109   3   4   15
109   4   1   8
109   4   2   11
109   4   3   16
109   4   4   17
109   4   5   15
109   4   6   6
110   1   1   11
110   1   2   19
110   1   3   24
110   1   4   30
110   1   5   29
110   1   6   26
110   1   7   17
110   1   8   11
110   2   1   12
110   2   2   32
110   2   3   40
110   2   4   42
110   2   5   29
110   2   6   12
110   3   1   8
110   3   2   15
110   3   3   25
110   3   4   33
110   3   5   34
110   3   6   30
110   3   7   22
110   4   1   21
110   4   2   28
110   4   3   30
110   4   4   38
110   4   5   33
110   4   6   17
111   1   1   14
111   1   2   18
111   1   3   25
111   1   4   23
111   1   5   17
111   1   6   14
111   2   1   12
111   2   2   19
111   2   3   21
111   2   4   28
111   2   5   21
111   2   6   10
111   3   1   16
111   3   2   21
111   3   3   22
111   3   4   18
111   3   5   18
111   3   6   16
111   4   1   26
111   4   2   29
111   4   3   34
111   4   4   18
111   4   5   4
112   1   1   7
112   1   2   18
112   1   3   24
112   1   4   24
112   1   5   21
112   1   6   5
112   2   1   6
112   2   2   19
112   2   3   26
112   2   4   23
112   2   5   18
112   2   6   7
112   3   1   10
112   3   2   18
112   3   3   22
112   3   4   22
112   3   5   17
112   3   6   10
112   4   1   5
112   4   2   18
112   4   3   27
112   4   4   25
112   4   5   18
112   4   6   6
113   1   1   1
113   2   1   1
113   3   1   1
113   4   1   1
114   1   1   10
114   1   2   16
114   1   3   19
114   1   4   21
114   1   5   17
114   1   6   12
114   2   1   7
114   2   2   16
114   2   3   22
114   2   4   26
114   2   5   24
114   3   1   5
114   3   2   16
114   3   3   30
114   3   4   24
114   3   5   12
114   3   6   8
114   4   1   6
114   4   2   15
114   4   3   24
114   4   4   28
114   4   5   22
115   1   1   13
115   1   2   23
115   1   3   29
115   1   4   31
115   1   5   32
115   1   6   30
115   1   7   21
115   1   8   13
115   2   1   12
115   2   2   15
115   2   3   30
115   2   4   32
115   2   5   43
115   2   6   31
115   2   7   25
115   2   8   4
115   3   1   11
115   3   2   17
115   3   3   30
115   3   4   35
115   3   5   41
115   3   6   40
115   3   7   18
115   4   1   21
115   4   2   30
115   4   3   43
115   4   4   47
115   4   5   35
115   4   6   16
116   1   1   8
116   1   2   21
116   1   3   29
116   1   4   28
116   1   5   23
116   1   6   8
116   2   1   10
116   2   2   20
116   2   3   28
116   2   4   29
116   2   5   23
116   2   6   7
116   3   1   6
116   3   2   11
116   3   3   18
116   3   4   27
116   3   5   17
116   3   6   24
116   3   7   7
116   3   8   7
116   4   1   8
116   4   2   20
116   4   3   32
116   4   4   27
116   4   5   22
116   4   6   8
117   1   1   6
117   1   2   17
117   1   3   26
117   1   4   24
117   1   5   18
117   1   6   6
117   2   1   9
117   2   2   15
117   2   3   24
117   2   4   25
117   2   5   17
117   2   6   7
117   3   1   11
117   3   2   18
117   3   3   20
117   3   4   20
117   3   5   14
117   3   6   14
117   4   1   18
117   4   2   33
117   4   3   26
117   4   4   15
117   4   5   5
118   1   1   5
118   1   2   11
118   1   3   14
118   1   4   15
118   1   5   7
118   1   6   7
118   2   1   14
118   2   2   15
118   2   3   17
118   2   4   13
118   3   1   6
118   3   2   25
118   3   3   22
118   3   4   6
118   4   1   10
118   4   2   10
118   4   3   11
118   4   4   10
118   4   5   10
118   4   6   8
119   1   1   19
119   1   2   25
119   1   3   27
119   1   4   18
119   2   1   12
119   2   2   13
119   2   3   19
119   2   4   18
119   2   5   17
119   2   6   10
119   3   1   7
119   3   2   14
119   3   3   19
119   3   4   25
119   3   5   24
119   4   1   7
119   4   2   14
119   4   3   22
119   4   4   22
119   4   5   24
120   1   1   10
120   1   2   14
120   1   3   11
120   1   4   14
120   1   5   15
120   1   6   8
120   2   1   15
120   2   2   21
120   2   3   23
120   2   4   13
120   3   1   17
120   3   2   20
120   3   3   18
120   3   4   17
120   4   1   15
120   4   2   21
120   4   3   22
120   4   4   14
121   1   1   6
121   1   2   8
121   1   3   19
121   1   4   22
121   1   5   23
121   1   6   23
121   1   7   13
121   2   1   5
121   2   2   17
121   2   3   25
121   2   4   33
121   2   5   26
121   2   6   8
121   3   1   6
121   3   2   24
121   3   3   28
121   3   4   29
121   3   5   18
121   3   6   9
121   4   1   11
121   4   2   18
121   4   3   25
121   4   4   28
121   4   5   20
121   4   6   12
122   1   1   14
122   1   2   23
122   1   3   32
122   1   4   28
122   1   5   21
122   1   6   11
122   1   7   5
122   2   1   6
122   2   2   14
122   2   3   21
122   2   4   27
122   2   5   25
122   2   6   19
122   2   7   15
122   2   8   7
122   3   1   11
122   3   2   25
122   3   3   32
122   3   4   32
122   3   5   28
122   3   6   6
122   4   1   7
122   4   2   29
122   4   3   32
122   4   4   31
122   4   5   24
122   4   6   11
123   1   1   21
123   1   2   33
123   1   3   35
123   1   4   19
123   2   1   14
123   2   2   16
123   2   3   21
123   2   4   24
123   2   5   19
123   2   6   14
123   3   1   13
123   3   2   16
123   3   3   24
123   3   4   26
123   3   5   19
123   3   6   10
123   4   1   14
123   4   2   15
123   4   3   22
123   4   4   26
123   4   5   21
123   4   6   10
124   1   1   14
124   1   2   10
124   1   3   13
124   1   4   13
124   2   1   9
124   2   2   17
124   2   3   15
124   2   4   9
124   3   1   11
124   3   2   14
124   3   3   14
124   3   4   11
124   4   1   9
124   4   2   17
124   4   3   15
124   4   4   9
125   1   1   8
125   1   2   15
125   1   3   25
125   1   4   28
125   1   5   26
125   1   6   26
125   1   7   18
125   1   8   6
125   2   1   12
125   2   2   28
125   2   3   39
125   2   4   35
125   2   5   21
125   2   6   17
125   3   1   19
125   3   2   24
125   3   3   26
125   3   4   39
125   3   5   26
125   3   6   18
125   4   1   13
125   4   2   30
125   4   3   36
125   4   4   34
125   4   5   22
125   4   6   17
126   1   1   11
126   1   2   17
126   1   3   17
126   1   4   14
126   1   5   15
126   1   6   13
126   2   1   11
126   2   2   12
126   2   3   20
126   2   4   19
126   2   5   17
126   2   6   8
126   3   1   16
126   3   2   25
126   3   3   31
126   3   4   15
126   4   1   7
126   4   2   17
126   4   3   20
126   4   4   18
126   4   5   19
126   4   6   6
127   1   1   15
127   1   2   16
127   1   3   13
127   1   4   14
127   2   1   14
127   2   2   16
127   2   3   14
127   2   4   14
127   3   1   10
127   3   2   20
127   3   3   17
127   3   4   11
127   4   1   6
127   4   2   9
127   4   3   11
127   4   4   17
127   4   5   15
128   1   1   11
128   1   2   16
128   1   3   22
128   1   4   27
128   1   5   29
128   1   6   29
128   1   7   17
128   1   8   7
128   2   1   20
128   2   2   34
128   2   3   34
128   2   4   26
128   2   5   20
128   2   6   11
128   2   7   13
128   3   1   12
128   3   2   29
128   3   3   42
128   3   4   34
128   3   5   22
128   3   6   19
128   4   1   17
128   4   2   29
128   4   3   38
128   4   4   31
128   4   5   24
128   4   6   19
129   1   1   14
129   1   2   21
129   1   3   31
129   1   4   24
129   1   5   25
129   1   6   12
129   2   1   12
129   2   2   24
129   2   3   31
129   2   4   27
129   2   5   20
129   2   6   13
129   3   1   8
129   3   2   26
129   3   3   33
129   3   4   27
129   3   5   18
129   3   6   15
129   4   1   12
129   4   2   21
129   4   3   31
129   4   4   29
129   4   5   22
129   4   6   12
130   1   1   11
130   1   2   20
130   1   3   27
130   1   4   28
130   1   5   28
130   1   6   26
130   1   7   23
130   1   8   10
130   2   1   6
130   2   2   19
130   2   3   29
130   2   4   35
130   2   5   33
130   2   6   25
130   2   7   15
130   2   8   11
130   3   1   12
130   3   2   32
130   3   3   44
130   3   4   41
130   3   5   32
130   3   6   12
130   4   1   7
130   4   2   37
130   4   3   39
130   4   4   36
130   4   5   32
130   4   6   22
131   1   1   17
131   1   2   23
131   1   3   25
131   1   4   16
131   2   1   6
131   2   2   14
131   2   3   21
131   2   4   22
131   2   5   9
131   2   6   9
131   3   1   7
131   3   2   17
131   3   3   17
131   3   4   18
131   3   5   15
131   3   6   7
131   4   1   6
131   4   2   15
131   4   3   19
131   4   4   23
131   4   5   12
131   4   6   6
132   1   1   11
132   1   2   7
132   1   3   10
132   1   4   11
132   2   1   8
132   2   2   10
132   2   3   14
132   2   4   7
132   3   1   18
132   3   2   15
132   3   3   6
132   4   1   6
132   4   2   12
132   4   3   15
132   4   4   6
133   1   1   5
133   1   2   10
133   1   3   14
133   1   4   14
133   1   5   17
133   2   1   9
133   2   2   21
133   2   3   21
133   2   4   9
133   3   1   5
133   3   2   12
133   3   3   12
133   3   4   12
133   3   5   13
133   3   6   6
133   4   1   10
133   4   2   22
133   4   3   17
133   4   4   11
134   1   1   7
134   1   2   15
134   1   3   26
134   1   4   21
134   1   5   14
134   1   6   9
134   2   1   21
134   2   2   24
134   2   3   26
134   2   4   16
134   2   5   5
134   3   1   8
134   3   2   15
134   3   3   22
134   3   4   26
134   3   5   14
134   3   6   7
134   4   1   21
134   4   2   29
134   4   3   17
134   4   4   20
134   4   5   5
135   1   1   7
135   1   2   9
135   1   3   10
135   1   4   7
135   2   1   16
135   2   2   17
135   3   1   6
135   3   2   11
135   3   3   8
135   3   4   8
135   4   1   7
135   4   2   8
135   4   3   13
135   4   4   5
136   1   1   11
136   1   2   9
136   1   3   14
136   1   4   20
136   1   5   16
136   1   6   7
136   2   1   16
136   2   2   24
136   2   3   21
136   2   4   11
136   2   5   5
136   3   1   11
136   3   2   24
136   3   3   30
136   3   4   12
136   4   1   7
136   4   2   16
136   4   3   16
136   4   4   15
136   4   5   14
136   4   6   9
137   1   1   11
137   1   2   22
137   1   3   29
137   1   4   30
137   1   5   25
137   1   6   8
137   2   1   13
137   2   2   23
137   2   3   28
137   2   4   28
137   2   5   19
137   2   6   14
137   3   1   12
137   3   2   20
137   3   3   33
137   3   4   28
137   3   5   17
137   3   6   15
137   4   1   14
137   4   2   23
137   4   3   27
137   4   4   23
137   4   5   24
137   4   6   14
138   1   1   7
138   1   2   20
138   1   3   27
138   1   4   17
138   1   5   16
138   1   6   11
138   2   1   5
138   2   2   17
138   2   3   28
138   2   4   25
138   2   5   18
138   2   6   5
138   3   1   6
138   3   2   17
138   3   3   23
138   3   4   29
138   3   5   23
138   4   1   12
138   4   2   16
138   4   3   20
138   4   4   21
138   4   5   19
138   4   6   10
139   1   1   18
139   1   2   32
139   1   3   30
139   1   4   15
139   1   5   5
139   2   1   8
139   2   2   18
139   2   3   22
139   2   4   27
139   2   5   18
139   2   6   7
139   3   1   7
139   3   2   8
139   3   3   15
139   3   4   19
139   3   5   20
139   3   6   18
139   3   7   7
139   3   8   6
139   4   1   10
139   4   2   17
139   4   3   22
139   4   4   24
139   4   5   17
139   4   6   10
140   1   1   13
140   1   2   18
140   1   3   20
140   1   4   16
140   2   1   10
140   2   2   24
140   2   3   22
140   2   4   11
140   3   1   7
140   3   2   12
140   3   3   15
140   3   4   14
140   3   5   13
140   3   6   6
140   4   1   8
140   4   2   12
140   4   3   12
140   4   4   16
140   4   5   12
140   4   6   7
141   1   1   6
141   1   2   13
141   1   3   22
141   1   4   29
141   1   5   30
141   1   6   23
141   1   7   18
141   2   1   6
141   2   2   24
141   2   3   41
141   2   4   42
141   2   5   22
141   2   6   6
141   3   1   14
141   3   2   22
141   3   3   32
141   3   4   35
141   3   5   24
141   3   6   14
141   4   1   11
141   4   2   10
141   4   3   22
141   4   4   28
141   4   5   23
141   4   6   24
141   4   7   17
141   4   8   6
142   1   1   26
142   1   2   36
142   1   3   41
142   1   4   33
142   1   5   5
142   2   1   6
142   2   2   14
142   2   3   24
142   2   4   26
142   2   5   28
142   2   6   21
142   2   7   16
142   2   8   6
142   3   1   5
142   3   2   15
142   3   3   24
142   3   4   28
142   3   5   26
142   3   6   22
142   3   7   14
142   3   8   7
142   4   1   13
142   4   2   25
142   4   3   34
142   4   4   28
142   4   5   29
142   4   6   12
143   1   1   9
143   1   2   22
143   1   3   35
143   1   4   37
143   1   5   23
143   1   6   8
143   2   1   8
143   2   2   28
143   2   3   32
143   2   4   30
143   2   5   26
143   2   6   10
143   3   1   18
143   3   2   27
143   3   3   25
143   3   4   23
143   3   5   19
143   3   6   16
143   3   7   6
143   4   1   19
143   4   2   20
143   4   3   33
143   4   4   21
143   4   5   24
143   4   6   10
143   4   7   7
144   1   1   7
144   1   2   9
144   1   3   15
144   1   4   12
144   1   5   9
144   1   6   7
144   2   1   13
144   2   2   15
144   2   3   18
144   2   4   13
144   3   1   12
144   3   2   15
144   3   3   20
144   3   4   12
144   4   1   13
144   4   2   14
144   4   3   19
144   4   4   13
145   1   1   20
145   1   2   22
145   1   3   20
145   1   4   12
145   1   5   7
145   2   1   21
145   2   2   21
145   2   3   19
145   2   4   14
145   2   5   6
145   3   1   6
145   3   2   18
145   3   3   19
145   3   4   16
145   3   5   12
145   3   6   10
145   4   1   19
145   4   2   23
145   4   3   21
145   4   4   13
145   4   5   5
146   1   1   5
146   1   2   15
146   1   3   25
146   1   4   26
146   1   5   20
146   2   1   17
146   2   2   30
146   2   3   26
146   2   4   18
146   3   1   8
146   3   2   18
146   3   3   21
146   3   4   20
146   3   5   13
146   3   6   11
146   4   1   6
146   4   2   9
146   4   3   13
146   4   4   15
146   4   5   17
146   4   6   17
146   4   7   14
147   1   1   13
147   1   2   19
147   1   3   23
147   1   4   25
147   1   5   21
147   1   6   11
147   2   1   11
147   2   2   20
147   2   3   24
147   2   4   25
147   2   5   22
147   2   6   10
147   3   1   24
147   3   2   31
147   3   3   35
147   3   4   22
147   4   1   17
147   4   2   17
147   4   3   21
147   4   4   24
147   4   5   22
147   4   6   11
148   1   1   17
148   1   2   13
148   1   3   6
148   2   1   5
148   2   2   8
148   2   3   11
148   2   4   12
148   3   1   7
148   3   2   9
148   3   3   14
148   3   4   6
148   4   1   6
148   4   2   11
148   4   3   12
148   4   4   7
149   1   1   6
149   1   2   11
149   1   3   13
149   1   4   12
149   1   5   12
149   1   6   5
149   2   1   11
149   2   2   18
149   2   3   18
149   2   4   12
149   3   1   13
149   3   2   17
149   3   3   16
149   3   4   13
149   4   1   10
149   4   2   20
149   4   3   15
149   4   4   14
150   1   1   14
150   1   2   21
150   1   3   27
150   1   4   26
150   1   5   25
150   1   6   12
150   2   1   8
150   2   2   26
150   2   3   31
150   2   4   27
150   2   5   21
150   2   6   12
150   3   1   8
150   3   2   27
150   3   3   28
150   3   4   29
150   3   5   23
150   3   6   10
150   4   1   10
150   4   2   26
150   4   3   29
150   4   4   27
150   4   5   19
150   4   6   14
151   1   1   13
151   1   2   14
151   1   3   15
151   1   4   13
151   2   1   11
151   2   2   17
151   2   3   14
151   2   4   13
151   3   1   9
151   3   2   18
151   3   3   19
151   3   4   9
151   4   1   12
151   4   2   16
151   4   3   13
151   4   4   14
152   1   1   3
152   1   2   8
152   1   3   16
152   1   4   25
152   1   5   11
152   2   1   15
152   2   2   16
152   2   3   18
152   2   4   14
152   3   1   14
152   3   2   18
152   3   3   16
152   3   4   15
152   4   1   16
152   4   2   17
152   4   3   15
152   4   4   10
152   4   5   5
153   1   1   10
153   1   2   16
153   1   3   14
153   1   4   15
153   1   5   17
153   1   6   16
153   1   7   13
153   1   8   13
153   2   1   15
153   2   2   17
153   2   3   24
153   2   4   26
153   2   5   19
153   2   6   13
153   3   1   20
153   3   2   37
153   3   3   36
153   3   4   21
153   4   1   11
153   4   2   16
153   4   3   26
153   4   4   31
153   4   5   24
153   4   6   6
154   1   1   14
154   1   2   26
154   1   3   35
154   1   4   33
154   1   5   29
154   1   6   13
154   2   1   9
154   2   2   36
154   2   3   25
154   2   4   41
154   2   5   28
154   2   6   11
154   3   1   15
154   3   2   29
154   3   3   30
154   3   4   34
154   3   5   27
154   3   6   15
154   4   1   10
154   4   2   20
154   4   3   23
154   4   4   25
154   4   5   22
154   4   6   21
154   4   7   17
154   4   8   12
155   1   1   13
155   1   2   21
155   1   3   23
155   1   4   14
155   2   1   6
155   2   2   7
155   2   3   24
155   2   4   15
155   2   5   19
155   3   1   14
155   3   2   23
155   3   3   20
155   3   4   14
155   4   1   6
155   4   2   12
155   4   3   18
155   4   4   16
155   4   5   14
155   4   6   5
156   1   1   14
156   1   2   18
156   1   3   18
156   1   4   16
156   2   1   17
156   2   2   15
156   2   3   19
156   2   4   15
156   3   1   11
156   3   2   21
156   3   3   24
156   3   4   10
156   4   1   6
156   4   2   14
156   4   3   16
156   4   4   11
156   4   5   12
156   4   6   7
157   1   1   11
157   1   2   17
157   1   3   28
157   1   4   32
157   1   5   32
157   1   6   26
157   1   7   21
157   1   8   9
157   2   1   19
157   2   2   32
157   2   3   38
157   2   4   37
157   2   5   29
157   2   6   21
157   3   1   18
157   3   2   27
157   3   3   42
157   3   4   42
157   3   5   29
157   3   6   18
157   4   1   22
157   4   2   28
157   4   3   39
157   4   4   36
157   4   5   30
157   4   6   21
158   1   1   12
158   1   2   14
158   1   3   21
158   1   4   25
158   1   5   19
158   1   6   10
158   2   1   6
158   2   2   10
158   2   3   12
158   2   4   19
158   2   5   22
158   2   6   18
158   2   7   14
158   3   1   19
158   3   2   33
158   3   3   29
158   3   4   14
158   3   5   6
158   4   1   5
158   4   2   18
158   4   3   28
158   4   4   26
158   4   5   19
158   4   6   5
159   1   1   5
159   1   2   13
159   1   3   18
159   1   4   26
159   1   5   17
159   2   1   5
159   2   2   16
159   2   3   19
159   2   4   18
159   2   5   21
159   3   1   5
159   3   2   14
159   3   3   20
159   3   4   24
159   3   5   11
159   3   6   5
159   4   1   5
159   4   2   14
159   4   3   20
159   4   4   20
159   4   5   14
159   4   6   6
160   1   1   10
160   1   2   18
160   1   3   30
160   1   4   28
160   1   5   30
160   1   6   31
160   1   7   21
160   1   8   7
160   2   1   18
160   2   2   35
160   2   3   38
160   2   4   32
160   2   5   30
160   2   6   22
160   3   1   5
160   3   2   18
160   3   3   25
160   3   4   43
160   3   5   33
160   3   6   29
160   3   7   16
160   3   8   6
160   4   1   5
160   4   2   16
160   4   3   28
160   4   4   38
160   4   5   36
160   4   6   28
160   4   7   19
160   4   8   5
161   1   1   9
161   1   2   12
161   1   3   20
161   1   4   15
161   1   5   12
161   1   6   9
161   2   1   5
161   2   2   16
161   2   3   19
161   2   4   17
161   2   5   12
161   2   6   8
161   3   1   17
161   3   2   18
161   3   3   24
161   3   4   18
161   4   1   17
161   4   2   22
161   4   3   23
161   4   4   15
162   1   1   12
162   1   2   12
162   1   3   20
162   1   4   19
162   1   5   15
162   1   6   11
162   2   1   6
162   2   2   14
162   2   3   23
162   2   4   25
162   2   5   16
162   2   6   5
162   3   1   21
162   3   2   22
162   3   3   25
162   3   4   21
162   4   1   6
162   4   2   14
162   4   3   26
162   4   4   21
162   4   5   14
162   4   6   8
163   1   1   7
163   1   2   15
163   1   3   15
163   1   4   7
163   2   1   4
163   2   2   8
163   2   3   10
163   2   4   9
163   2   5   13
163   3   1   10
163   3   2   15
163   3   3   8
163   3   4   11
163   4   1   6
163   4   2   16
163   4   3   14
163   4   4   8
164   1   1   7
164   1   2   11
164   1   3   15
164   1   4   12
164   1   5   13
164   1   6   7
164   2   1   12
164   2   2   20
164   2   3   22
164   2   4   11
164   3   1   6
164   3   2   9
164   3   3   14
164   3   4   16
164   3   5   13
164   3   6   7
164   4   1   12
164   4   2   21
164   4   3   21
164   4   4   11
165   1   1   7
165   1   2   12
165   1   3   24
165   1   4   30
165   1   5   33
165   1   6   38
165   1   7   34
165   1   8   24
165   1   9   11
165   1   10   6
165   2   1   11
165   2   2   23
165   2   3   33
165   2   4   42
165   2   5   42
165   2   6   36
165   2   7   22
165   2   8   10
165   3   1   8
165   3   2   21
165   3   3   33
165   3   4   41
165   3   5   49
165   3   6   46
165   3   7   21
165   4   1   12
165   4   2   23
165   4   3   35
165   4   4   40
165   4   5   40
165   4   6   36
165   4   7   20
165   4   8   13
166   1   1   28
166   1   2   33
166   1   3   25
166   1   4   15
166   1   5   9
166   2   1   5
166   2   2   10
166   2   3   16
166   2   4   25
166   2   5   24
166   2   6   14
166   2   7   9
166   2   8   7
166   3   1   15
166   3   2   17
166   3   3   23
166   3   4   22
166   3   5   21
166   3   6   12
166   4   1   5
166   4   2   24
166   4   3   29
166   4   4   24
166   4   5   20
166   4   6   8
167   1   1   12
167   1   2   22
167   1   3   30
167   1   4   34
167   1   5   25
167   1   6   8
167   2   1   11
167   2   2   27
167   2   3   26
167   2   4   29
167   2   5   24
167   2   6   14
167   3   1   7
167   3   2   15
167   3   3   18
167   3   4   24
167   3   5   25
167   3   6   20
167   3   7   22
167   4   1   13
167   4   2   24
167   4   3   29
167   4   4   29
167   4   5   23
167   4   6   13
168   1   1   18
168   1   2   12
168   1   3   5
168   2   1   7
168   2   2   11
168   2   3   9
168   2   4   8
168   3   1   6
168   3   2   11
168   3   3   18
168   4   1   7
168   4   2   11
168   4   3   9
168   4   4   8
169   1   1   1
169   2   1   1
169   3   1   1
169   4   1   1
170   1   1   19
170   1   2   38
170   1   3   42
170   1   4   46
170   1   5   31
170   1   6   21
170   2   1   13
170   2   2   26
170   2   3   26
170   2   4   29
170   2   5   37
170   2   6   28
170   2   7   23
170   2   8   15
170   3   1   7
170   3   2   24
170   3   3   30
170   3   4   38
170   3   5   35
170   3   6   34
170   3   7   21
170   3   8   8
170   4   1   21
170   4   2   34
170   4   3   43
170   4   4   43
170   4   5   35
170   4   6   21
171   1   1   11
171   1   2   13
171   1   3   15
171   1   4   10
171   2   1   12
171   2   2   11
171   2   3   14
171   2   4   12
171   3   1   8
171   3   2   17
171   3   3   14
171   3   4   10
171   4   1   9
171   4   2   14
171   4   3   18
171   4   4   8
172   1   1   5
172   1   2   20
172   1   3   37
172   1   4   54
172   1   5   52
172   1   6   44
172   1   7   24
172   2   1   11
172   2   2   24
172   2   3   34
172   2   4   44
172   2   5   51
172   2   6   40
172   2   7   32
172   3   1   9
172   3   2   20
172   3   3   25
172   3   4   28
172   3   5   33
172   3   6   33
172   3   7   33
172   3   8   30
172   3   9   25
172   4   1   7
172   4   2   32
172   4   3   41
172   4   4   44
172   4   5   41
172   4   6   30
172   4   7   21
172   4   8   20
173   1   1   6
173   1   2   11
173   1   3   13
173   1   4   17
173   1   5   12
173   2   1   13
173   2   2   18
173   2   3   16
173   2   4   8
173   2   5   4
173   3   1   5
173   3   2   7
173   3   3   15
173   3   4   17
173   3   5   15
173   4   1   14
173   4   2   15
173   4   3   17
173   4   4   13
174   1   1   6
174   1   2   30
174   1   3   37
174   1   4   33
174   1   5   24
174   1   6   9
174   2   1   16
174   2   2   22
174   2   3   33
174   2   4   29
174   2   5   24
174   2   6   10
174   2   7   5
174   3   1   15
174   3   2   30
174   3   3   26
174   3   4   28
174   3   5   25
174   3   6   15
174   4   1   7
174   4   2   20
174   4   3   24
174   4   4   24
174   4   5   24
174   4   6   23
174   4   7   17
175   1   1   13
175   1   2   21
175   1   3   30
175   1   4   34
175   1   5   20
175   1   6   10
175   2   1   28
175   2   2   37
175   2   3   36
175   2   4   21
175   2   5   6
175   3   1   7
175   3   2   15
175   3   3   16
175   3   4   23
175   3   5   25
175   3   6   21
175   3   7   21
175   4   1   17
175   4   2   23
175   4   3   25
175   4   4   26
175   4   5   18
175   4   6   19
176   1   1   22
176   1   2   24
176   1   3   29
176   1   4   29
176   1   5   31
176   1   6   17
176   2   1   5
176   2   2   11
176   2   3   23
176   2   4   33
176   2   5   38
176   2   6   28
176   2   7   14
176   3   1   14
176   3   2   29
176   3   3   31
176   3   4   38
176   3   5   25
176   3   6   15
176   4   1   18
176   4   2   22
176   4   3   34
176   4   4   37
176   4   5   24
176   4   6   13
176   4   7   4
177   1   1   11
177   1   2   11
177   1   3   11
177   1   4   10
177   2   1   11
177   2   2   15
177   2   3   12
177   2   4   5
177   3   1   11
177   3   2   10
177   3   3   12
177   3   4   10
177   4   1   5
177   4   2   16
177   4   3   22
178   1   1   20
178   1   2   23
178   1   3   17
178   1   4   14
178   1   5   6
178   2   1   16
178   2   2   22
178   2   3   24
178   2   4   18
178   3   1   7
178   3   2   13
178   3   3   20
178   3   4   19
178   3   5   15
178   3   6   6
178   4   1   18
178   4   2   20
178   4   3   24
178   4   4   18
179   1   1   8
179   1   2   16
179   1   3   16
179   1   4   7
179   2   1   11
179   2   2   13
179   2   3   12
179   2   4   11
179   3   1   7
179   3   2   14
179   3   3   13
179   3   4   13
179   4   1   8
179   4   2   14
179   4   3   18
179   4   4   7
180   1   1   23
180   1   2   26
180   1   3   23
180   1   4   15
180   1   5   5
180   2   1   2
180   2   2   6
180   2   3   13
180   2   4   24
180   2   5   21
180   2   6   21
180   2   7   5
180   3   1   5
180   3   2   16
180   3   3   22
180   3   4   27
180   3   5   22
180   4   1   14
180   4   2   13
180   4   3   16
180   4   4   18
180   4   5   20
180   4   6   11
181   1   1   15
181   1   2   18
181   2   1   9
181   2   2   10
181   2   3   6
181   2   4   4
181   2   5   4
181   3   1   6
181   3   2   9
181   3   3   12
181   3   4   6
181   4   1   6
181   4   2   10
181   4   3   11
181   4   4   6
182   1   1   8
182   1   2   20
182   1   3   20
182   1   4   23
182   1   5   20
182   1   6   6
182   2   1   5
182   2   2   19
182   2   3   25
182   2   4   25
182   2   5   23
182   3   1   11
182   3   2   17
182   3   3   21
182   3   4   22
182   3   5   16
182   3   6   10
182   4   1   5
182   4   2   20
182   4   3   26
182   4   4   21
182   4   5   18
182   4   6   7
183   1   1   8
183   1   2   13
183   1   3   19
183   1   4   24
183   1   5   13
183   1   6   6
183   2   1   17
183   2   2   25
183   2   3   24
183   2   4   17
183   3   1   6
183   3   2   15
183   3   3   21
183   3   4   20
183   3   5   21
183   4   1   6
183   4   2   16
183   4   3   20
183   4   4   22
183   4   5   14
183   4   6   5
184   1   1   21
184   1   2   20
184   1   3   20
184   1   4   16
184   1   5   5
184   2   1   7
184   2   2   17
184   2   3   17
184   2   4   18
184   2   5   18
184   2   6   5
184   3   1   17
184   3   2   25
184   3   3   25
184   3   4   15
184   4   1   20
184   4   2   22
184   4   3   22
184   4   4   12
184   4   5   6
185   1   1   7
185   1   2   13
185   1   3   19
185   1   4   20
185   1   5   23
185   1   6   21
185   1   7   11
185   1   8   7
185   2   1   9
185   2   2   25
185   2   3   27
185   2   4   27
185   2   5   24
185   2   6   9
185   3   1   11
185   3   2   22
185   3   3   27
185   3   4   27
185   3   5   23
185   3   6   11
185   4   1   6
185   4   2   24
185   4   3   31
185   4   4   32
185   4   5   21
185   4   6   7
186   1   1   6
186   1   2   16
186   1   3   11
186   1   4   8
186   2   1   9
186   2   2   11
186   2   3   15
186   2   4   6
186   3   1   7
186   3   2   12
186   3   3   13
186   3   4   9
186   4   1   9
186   4   2   11
186   4   3   12
186   4   4   9
187   1   1   6
187   1   2   14
187   1   3   20
187   1   4   22
187   1   5   21
187   2   1   6
187   2   2   17
187   2   3   21
187   2   4   17
187   2   5   13
187   2   6   9
187   3   1   19
187   3   2   24
187   3   3   24
187   3   4   16
187   4   1   6
187   4   2   16
187   4   3   20
187   4   4   18
187   4   5   16
187   4   6   7
188   1   1   10
188   1   2   17
188   1   3   20
188   1   4   27
188   1   5   18
188   1   6   9
188   2   1   8
188   2   2   22
188   2   3   19
188   2   4   25
188   2   5   17
188   2   6   10
188   3   1   23
188   3   2   27
188   3   3   32
188   3   4   12
188   3   5   7
188   4   1   11
188   4   2   20
188   4   3   20
188   4   4   19
188   4   5   18
188   4   6   13
189   1   1   8
189   1   2   6
189   1   3   6
189   1   4   8
189   2   1   14
189   2   2   14
189   3   1   15
189   3   2   13
189   4   1   5
189   4   2   9
189   4   3   9
189   4   4   5
190   1   1   6
190   1   2   8
190   1   3   7
190   1   4   11
190   1   5   15
190   2   1   7
190   2   2   16
190   2   3   17
190   2   4   7
190   3   1   7
190   3   2   14
190   3   3   20
190   3   4   6
190   4   1   10
190   4   2   13
190   4   3   15
190   4   4   9
191   1   1   12
191   1   2   22
191   1   3   29
191   1   4   33
191   1   5   25
191   1   6   9
191   2   1   10
191   2   2   25
191   2   3   34
191   2   4   29
191   2   5   20
191   2   6   12
191   3   1   6
191   3   2   31
191   3   3   32
191   3   4   27
191   3   5   21
191   3   6   13
191   4   1   18
191   4   2   22
191   4   3   25
191   4   4   23
191   4   5   25
191   4   6   17
192   1   1   8
192   1   2   18
192   1   3   24
192   1   4   26
192   1   5   17
192   1   6   10
192   2   1   8
192   2   2   17
192   2   3   26
192   2   4   23
192   2   5   23
192   2   6   6
192   3   1   8
192   3   2   19
192   3   3   27
192   3   4   22
192   3   5   15
192   3   6   12
192   4   1   5
192   4   2   19
192   4   3   26
192   4   4   28
192   4   5   25
193   1   1   10
193   1   2   20
193   1   3   27
193   1   4   26
193   1   5   22
193   1   6   9
193   2   1   11
193   2   2   19
193   2   3   25
193   2   4   26
193   2   5   27
193   2   6   6
193   3   1   9
193   3   2   19
193   3   3   29
193   3   4   27
193   3   5   23
193   3   6   7
193   4   1   9
193   4   2   22
193   4   3   27
193   4   4   27
193   4   5   19
193   4   6   10
194   1   1   6
194   1   2   13
194   1   3   19
194   1   4   19
194   1   5   15
194   1   6   5
194   2   1   4
194   2   2   15
194   2   3   19
194   2   4   21
194   2   5   18
194   3   1   17
194   3   2   21
194   3   3   20
194   3   4   19
194   4   1   2
194   4   2   16
194   4   3   18
194   4   4   24
194   4   5   17
195   1   1   12
195   1   2   23
195   1   3   23
195   1   4   31
195   1   5   27
195   1   6   9
195   2   1   12
195   2   2   20
195   2   3   26
195   2   4   29
195   2   5   26
195   2   6   12
195   3   1   17
195   3   2   20
195   3   3   24
195   3   4   25
195   3   5   22
195   3   6   17
195   4   1   12
195   4   2   19
195   4   3   34
195   4   4   28
195   4   5   24
195   4   6   8
196   1   1   13
196   1   2   28
196   1   3   33
196   1   4   28
196   1   5   20
196   1   6   17
196   2   1   13
196   2   2   21
196   2   3   33
196   2   4   37
196   2   5   26
196   2   6   9
196   3   1   16
196   3   2   21
196   3   3   31
196   3   4   29
196   3   5   31
196   3   6   11
196   4   1   16
196   4   2   21
196   4   3   29
196   4   4   33
196   4   5   25
196   4   6   15
197   1   1   1
197   2   1   1
197   3   1   1
197   4   1   1
198   1   1   11
198   1   2   27
198   1   3   40
198   1   4   43
198   1   5   47
198   1   6   49
198   1   7   46
198   1   8   47
198   1   9   35
198   2   1   4
198   2   2   22
198   2   3   34
198   2   4   53
198   2   5   66
198   2   6   60
198   2   7   46
198   2   8   30
198   2   9   16
198   2   10   14
198   3   1   14
198   3   2   38
198   3   3   56
198   3   4   72
198   3   5   65
198   3   6   47
198   3   7   29
198   3   8   17
198   3   9   7
198   4   1   16
198   4   2   45
198   4   3   57
198   4   4   65
198   4   5   58
198   4   6   44
198   4   7   31
198   4   8   17
198   4   9   12
199   1   1   8
199   1   2   10
199   1   3   11
199   1   4   7
199   2   1   6
199   2   2   12
199   2   3   12
199   2   4   6
199   3   1   19
199   3   2   17
199   4   1   8
199   4   2   11
199   4   3   9
199   4   4   8
200   1   1   7
200   1   2   9
200   1   3   17
200   1   4   20
200   1   5   16
200   2   1   14
200   2   2   20
200   2   3   21
200   2   4   14
200   3   1   8
200   3   2   14
200   3   3   12
200   3   4   15
200   3   5   13
200   3   6   7
200   4   1   11
200   4   2   12
200   4   3   12
200   4   4   15
200   4   5   13
200   4   6   6
201   1   1   7
201   1   2   16
201   1   3   25
201   1   4   22
201   1   5   17
201   1   6   7
201   2   1   9
201   2   2   20
201   2   3   19
201   2   4   20
201   2   5   15
201   2   6   11
201   3   1   5
201   3   2   20
201   3   3   24
201   3   4   23
201   3   5   12
201   3   6   10
201   4   1   8
201   4   2   14
201   4   3   24
201   4   4   27
201   4   5   13
201   4   6   8
202   1   1   11
202   1   2   14
202   1   3   13
202   1   4   11
202   2   1   9
202   2   2   16
202   2   3   15
202   2   4   9
202   3   1   6
202   3   2   8
202   3   3   10
202   3   4   9
202   3   5   10
202   3   6   6
202   4   1   8
202   4   2   16
202   4   3   20
202   4   4   5
203   1   1   7
203   1   2   15
203   1   3   29
203   1   4   31
203   1   5   22
203   2   1   10
203   2   2   19
203   2   3   25
203   2   4   23
203   2   5   16
203   2   6   11
203   3   1   12
203   3   2   20
203   3   3   20
203   3   4   22
203   3   5   15
203   3   6   15
203   4   1   9
203   4   2   15
203   4   3   29
203   4   4   26
203   4   5   16
203   4   6   9
204   1   1   5
204   1   2   11
204   1   3   17
204   1   4   19
204   1   5   16
204   2   1   15
204   2   2   18
204   2   3   20
204   2   4   15
204   3   1   5
204   3   2   11
204   3   3   17
204   3   4   18
204   3   5   17
204   4   1   15
204   4   2   17
204   4   3   22
204   4   4   14
205   1   1   2
205   1   2   1
205   1   3   1
205   2   1   2
205   2   2   1
205   2   3   1
205   3   1   2
205   3   2   2
205   4   1   2
205   4   2   2
206   1   1   20
206   1   2   22
206   1   3   21
206   1   4   13
206   2   1   5
206   2   2   12
206   2   3   21
206   2   4   21
206   2   5   17
206   3   1   5
206   3   2   15
206   3   3   17
206   3   4   18
206   3   5   21
206   4   1   7
206   4   2   13
206   4   3   15
206   4   4   21
206   4   5   20
207   1   1   9
207   1   2   16
207   1   3   21
207   1   4   23
207   1   5   18
207   1   6   8
207   2   1   7
207   2   2   18
207   2   3   23
207   2   4   20
207   2   5   19
207   2   6   8
207   3   1   5
207   3   2   20
207   3   3   21
207   3   4   26
207   3   5   23
207   4   1   5
207   4   2   15
207   4   3   27
207   4   4   27
207   4   5   16
207   4   6   5
208   1   1   14
208   1   2   22
208   1   3   23
208   1   4   24
208   1   5   24
208   1   6   12
208   2   1   17
208   2   2   22
208   2   3   22
208   2   4   22
208   2   5   18
208   2   6   13
208   2   7   5
208   3   1   13
208   3   2   26
208   3   3   21
208   3   4   23
208   3   5   21
208   3   6   15
208   4   1   7
208   4   2   22
208   4   3   30
208   4   4   30
208   4   5   24
208   4   6   6
209   1   1   13
209   1   2   24
209   1   3   25
209   1   4   24
209   1   5   19
209   1   6   10
209   1   7   5
209   2   1   12
209   2   2   20
209   2   3   26
209   2   4   28
209   2   5   25
209   2   6   9
209   3   1   11
209   3   2   20
209   3   3   26
209   3   4   29
209   3   5   26
209   3   6   8
209   4   1   10
209   4   2   15
209   4   3   31
209   4   4   35
209   4   5   29
210   1   1   10
210   1   2   22
210   1   3   26
210   1   4   28
210   1   5   23
210   1   6   9
210   2   1   11
210   2   2   19
210   2   3   28
210   2   4   31
210   2   5   18
210   2   6   11
210   3   1   32
210   3   2   33
210   3   3   28
210   3   4   15
210   3   5   10
210   4   1   14
210   4   2   24
210   4   3   23
210   4   4   21
210   4   5   20
210   4   6   16
211   1   1   3
211   1   2   2
211   1   3   5
211   1   4   7
211   2   1   8
211   2   2   9
211   3   1   9
211   3   2   8
211   4   1   5
211   4   2   2
211   4   3   10
212   1   1   20
212   1   2   35
212   1   3   40
212   1   4   35
212   1   5   32
212   1   6   21
212   2   1   21
212   2   2   31
212   2   3   39
212   2   4   42
212   2   5   29
212   2   6   21
212   3   1   10
212   3   2   19
212   3   3   30
212   3   4   33
212   3   5   31
212   3   6   27
212   3   7   24
212   3   8   9
212   4   1   5
212   4   2   20
212   4   3   29
212   4   4   38
212   4   5   35
212   4   6   31
212   4   7   20
212   4   8   5
213   1   1   5
213   1   2   18
213   1   3   18
213   1   4   15
213   1   5   12
213   1   6   9
213   2   1   7
213   2   2   13
213   2   3   16
213   2   4   20
213   2   5   21
213   3   1   6
213   3   2   10
213   3   3   19
213   3   4   21
213   3   5   21
213   4   1   16
213   4   2   21
213   4   3   24
213   4   4   16
214   1   1   24
214   1   2   29
214   1   3   23
214   1   4   15
214   1   5   8
214   2   1   10
214   2   2   16
214   2   3   21
214   2   4   25
214   2   5   20
214   2   6   7
214   3   1   6
214   3   2   16
214   3   3   26
214   3   4   29
214   3   5   22
214   4   1   11
214   4   2   18
214   4   3   18
214   4   4   22
214   4   5   18
214   4   6   12
215   1   1   9
215   1   2   17
215   1   3   23
215   1   4   27
215   1   5   27
215   1   6   26
215   1   7   17
215   1   8   8
215   2   1   17
215   2   2   28
215   2   3   34
215   2   4   32
215   2   5   25
215   2   6   18
215   3   1   7
215   3   2   15
215   3   3   23
215   3   4   30
215   3   5   30
215   3   6   27
215   3   7   22
215   4   1   9
215   4   2   28
215   4   3   41
215   4   4   40
215   4   5   28
215   4   6   8
216   1   1   8
216   1   2   24
216   1   3   32
216   1   4   39
216   1   5   43
216   1   6   35
216   1   7   25
216   2   1   8
216   2   2   25
216   2   3   39
216   2   4   37
216   2   5   31
216   2   6   27
216   2   7   25
216   2   8   14
216   3   1   26
216   3   2   36
216   3   3   40
216   3   4   40
216   3   5   39
216   3   6   25
216   4   1   6
216   4   2   19
216   4   3   35
216   4   4   41
216   4   5   46
216   4   6   34
216   4   7   19
216   4   8   6
217   1   1   13
217   1   2   18
217   1   3   24
217   1   4   24
217   1   5   19
217   1   6   12
217   2   1   14
217   2   2   17
217   2   3   21
217   2   4   24
217   2   5   25
217   2   6   9
217   3   1   10
217   3   2   16
217   3   3   24
217   3   4   27
217   3   5   20
217   3   6   13
217   4   1   25
217   4   2   33
217   4   3   28
217   4   4   19
217   4   5   5
218   1   1   13
218   1   2   21
218   1   3   21
218   1   4   14
218   2   1   11
218   2   2   24
218   2   3   23
218   2   4   11
218   3   1   7
218   3   2   14
218   3   3   13
218   3   4   13
218   3   5   16
218   3   6   6
218   4   1   18
218   4   2   18
218   4   3   17
218   4   4   16
219   1   1   6
219   1   2   16
219   1   3   20
219   1   4   22
219   1   5   26
219   1   6   26
219   1   7   19
219   2   1   12
219   2   2   24
219   2   3   35
219   2   4   29
219   2   5   21
219   2   6   14
219   3   1   11
219   3   2   24
219   3   3   31
219   3   4   33
219   3   5   27
219   3   6   9
219   4   1   13
219   4   2   26
219   4   3   31
219   4   4   29
219   4   5   20
219   4   6   16
220   1   1   15
220   1   2   26
220   1   3   35
220   1   4   39
220   1   5   30
220   1   6   12
220   2   1   6
220   2   2   16
220   2   3   28
220   2   4   34
220   2   5   26
220   2   6   19
220   2   7   17
220   2   8   11
220   3   1   8
220   3   2   17
220   3   3   24
220   3   4   24
220   3   5   31
220   3   6   34
220   3   7   19
220   4   1   15
220   4   2   27
220   4   3   39
220   4   4   38
220   4   5   21
220   4   6   17
221   1   1   20
221   1   2   17
221   2   1   9
221   2   2   9
221   2   3   11
221   2   4   8
221   3   1   7
221   3   2   12
221   3   3   9
221   3   4   9
221   4   1   6
221   4   2   11
221   4   3   15
221   4   4   5
222   1   1   6
222   1   2   13
222   1   3   23
222   1   4   18
222   1   5   8
222   2   1   16
222   2   2   17
222   2   3   18
222   2   4   17
222   3   1   6
222   3   2   14
222   3   3   15
222   3   4   13
222   3   5   12
222   3   6   8
222   4   1   5
222   4   2   8
222   4   3   18
222   4   4   21
222   4   5   16
223   1   1   14
223   1   2   28
223   1   3   30
223   1   4   30
223   1   5   24
223   1   6   17
223   2   1   8
223   2   2   14
223   2   3   18
223   2   4   31
223   2   5   24
223   2   6   26
223   2   7   22
223   3   1   14
223   3   2   25
223   3   3   31
223   3   4   36
223   3   5   27
223   3   6   10
223   4   1   15
223   4   2   25
223   4   3   31
223   4   4   32
223   4   5   26
223   4   6   14
224   1   1   16
224   1   2   16
224   2   1   7
224   2   2   10
224   2   3   8
224   2   4   7
224   3   1   5
224   3   2   12
224   3   3   15
224   4   1   7
224   4   2   9
224   4   3   9
224   4   4   7
225   1   1   6
225   1   2   12
225   1   3   16
225   1   4   16
225   1   5   13
225   2   1   15
225   2   2   18
225   2   3   14
225   2   4   16
225   3   1   4
225   3   2   12
225   3   3   14
225   3   4   16
225   3   5   17
225   4   1   8
225   4   2   23
225   4   3   23
225   4   4   9
226   1   1   12
226   1   2   18
226   1   3   15
226   1   4   13
226   2   1   15
226   2   2   13
226   2   3   17
226   2   4   13
226   3   1   2
226   3   2   10
226   3   3   17
226   3   4   17
226   3   5   12
226   4   1   10
226   4   2   19
226   4   3   18
226   4   4   11
227   1   1   5
227   1   2   15
227   1   3   23
227   1   4   23
227   1   5   21
227   2   1   6
227   2   2   14
227   2   3   25
227   2   4   19
227   2   5   18
227   2   6   5
227   3   1   11
227   3   2   16
227   3   3   18
227   3   4   21
227   3   5   16
227   3   6   5
227   4   1   20
227   4   2   23
227   4   3   25
227   4   4   19
228   1   1   12
228   1   2   26
228   1   3   22
228   1   4   17
228   2   1   7
228   2   2   14
228   2   3   20
228   2   4   15
228   2   5   12
228   2   6   9
228   3   1   5
228   3   2   15
228   3   3   20
228   3   4   19
228   3   5   11
228   3   6   7
228   4   1   18
228   4   2   23
228   4   3   20
228   4   4   10
228   4   5   6
229   1   1   14
229   1   2   17
229   1   3   23
229   1   4   20
229   1   5   15
229   1   6   11
229   1   7   5
229   2   1   12
229   2   2   18
229   2   3   21
229   2   4   24
229   2   5   19
229   2   6   11
229   3   1   23
229   3   2   31
229   3   3   29
229   3   4   16
229   3   5   6
229   4   1   5
229   4   2   18
229   4   3   31
229   4   4   27
229   4   5   24
230   1   1   11
230   1   2   10
230   1   3   8
230   1   4   12
230   2   1   7
230   2   2   13
230   2   3   13
230   2   4   8
230   3   1   9
230   3   2   12
230   3   3   11
230   3   4   9
230   4   1   5
230   4   2   14
230   4   3   22
231   1   1   37
231   1   2   36
231   1   3   40
231   1   4   27
231   1   5   7
231   2   1   18
231   2   2   24
231   2   3   31
231   2   4   32
231   2   5   25
231   2   6   17
231   3   1   7
231   3   2   21
231   3   3   16
231   3   4   30
231   3   5   24
231   3   6   24
231   3   7   15
231   3   8   10
231   4   1   15
231   4   2   29
231   4   3   30
231   4   4   31
231   4   5   26
231   4   6   16
232   1   1   15
232   1   2   20
232   1   3   21
232   1   4   8
232   1   5   5
232   2   1   12
232   2   2   21
232   2   3   24
232   2   4   12
232   3   1   16
232   3   2   20
232   3   3   18
232   3   4   15
232   4   1   16
232   4   2   18
232   4   3   17
232   4   4   18
233   1   1   8
233   1   2   17
233   1   3   29
233   1   4   29
233   1   5   19
233   1   6   7
233   2   1   10
233   2   2   23
233   2   3   26
233   2   4   17
233   2   5   18
233   2   6   15
233   3   1   14
233   3   2   20
233   3   3   24
233   3   4   22
233   3   5   14
233   3   6   15
233   4   1   25
233   4   2   30
233   4   3   30
233   4   4   17
233   4   5   7
234   1   1   7
234   1   2   9
234   1   3   17
234   1   4   20
234   1   5   20
234   1   6   24
234   1   7   14
234   2   1   7
234   2   2   19
234   2   3   30
234   2   4   28
234   2   5   18
234   2   6   9
234   3   1   9
234   3   2   22
234   3   3   28
234   3   4   22
234   3   5   17
234   3   6   13
234   4   1   5
234   4   2   28
234   4   3   21
234   4   4   26
234   4   5   26
234   4   6   5
235   1   1   14
235   1   2   31
235   1   3   29
235   1   4   14
235   2   1   10
235   2   2   14
235   2   3   14
235   2   4   23
235   2   5   20
235   2   6   7
235   3   1   7
235   3   2   10
235   3   3   14
235   3   4   14
235   3   5   11
235   3   6   13
235   3   7   12
235   3   8   7
235   4   1   5
235   4   2   17
235   4   3   24
235   4   4   18
235   4   5   14
235   4   6   10
236   1   1   20
236   1   2   24
236   1   3   29
236   1   4   17
236   2   1   21
236   2   2   26
236   2   3   21
236   2   4   15
236   2   5   7
236   3   1   12
236   3   2   13
236   3   3   22
236   3   4   17
236   3   5   15
236   3   6   11
236   4   1   7
236   4   2   17
236   4   3   21
236   4   4   22
236   4   5   14
236   4   6   9
237   1   1   20
237   1   2   18
237   1   3   29
237   1   4   18
237   2   1   5
237   2   2   16
237   2   3   25
237   2   4   19
237   2   5   13
237   2   6   7
237   3   1   8
237   3   2   14
237   3   3   21
237   3   4   19
237   3   5   16
237   3   6   7
237   4   1   20
237   4   2   24
237   4   3   20
237   4   4   16
237   4   5   5
238   1   1   11
238   1   2   18
238   1   3   19
238   1   4   10
238   2   1   6
238   2   2   11
238   2   3   10
238   2   4   14
238   2   5   17
238   3   1   4
238   3   2   8
238   3   3   15
238   3   4   17
238   3   5   14
238   4   1   16
238   4   2   18
238   4   3   15
238   4   4   9
239   1   1   12
239   1   2   21
239   1   3   30
239   1   4   34
239   1   5   27
239   1   6   7
239   2   1   13
239   2   2   19
239   2   3   30
239   2   4   33
239   2   5   25
239   2   6   11
239   3   1   9
239   3   2   14
239   3   3   18
239   3   4   23
239   3   5   24
239   3   6   21
239   3   7   15
239   3   8   7
239   4   1   13
239   4   2   19
239   4   3   33
239   4   4   33
239   4   5   23
239   4   6   10
240   1   1   24
240   1   2   27
240   1   3   23
240   1   4   15
240   1   5   7
240   2   1   11
240   2   2   15
240   2   3   22
240   2   4   20
240   2   5   20
240   2   6   8
240   3   1   7
240   3   2   15
240   3   3   26
240   3   4   26
240   3   5   16
240   3   6   6
240   4   1   5
240   4   2   19
240   4   3   25
240   4   4   21
240   4   5   20
240   4   6   6
241   1   1   13
241   1   2   23
241   1   3   35
241   1   4   34
241   1   5   22
241   1   6   13
241   2   1   18
241   2   2   22
241   2   3   27
241   2   4   31
241   2   5   27
241   2   6   15
241   3   1   13
241   3   2   26
241   3   3   28
241   3   4   33
241   3   5   26
241   3   6   14
241   4   1   18
241   4   2   25
241   4   3   29
241   4   4   29
241   4   5   19
241   4   6   13
241   4   7   7
