1   1   1   7
1   1   2   10
1   1   3   18
1   1   4   17
1   1   5   14
1   1   6   6
1   2   1   17
1   2   2   19
1   2   3   19
1   2   4   12
1   2   5   5
1   3   1   14
1   3   2   21
1   3   3   23
1   3   4   14
1   4   1   13
1   4   2   22
1   4   3   22
1   4   4   15
2   1   1   8
2   1   2   11
2   1   3   11
2   1   4   6
2   2   1   6
2   2   2   11
2   2   3   14
2   2   4   5
2   3   1   7
2   3   2   12
2   3   3   10
2   3   4   7
2   4   1   6
2   4   2   12
2   4   3   12
2   4   4   6
3   1   1   8
3   1   2   18
3   1   3   18
3   1   4   21
3   1   5   13
3   1   6   9
3   2   1   20
3   2   2   29
3   2   3   24
3   2   4   14
3   3   1   19
3   3   2   26
3   3   3   23
3   3   4   13
3   3   5   6
3   4   1   8
3   4   2   19
3   4   3   20
3   4   4   16
3   4   5   12
3   4   6   12
4   1   1   17
4   1   2   29
4   1   3   35
4   1   4   36
4   1   5   33
4   1   6   23
4   1   7   10
4   2   1   4
4   2   2   20
4   2   3   29
4   2   4   35
4   2   5   39
4   2   6   34
4   2   7   22
4   3   1   6
4   3   2   21
4   3   3   27
4   3   4   35
4   3   5   33
4   3   6   36
4   3   7   25
4   4   1   6
4   4   2   18
4   4   3   28
4   4   4   35
4   4   5   39
4   4   6   37
4   4   7   20
5   1   1   17
5   1   2   20
5   1   3   20
5   1   4   15
5   2   1   11
5   2   2   27
5   2   3   21
5   2   4   13
5   3   1   5
5   3   2   15
5   3   3   19
5   3   4   15
5   3   5   10
5   3   6   8
5   4   1   5
5   4   2   12
5   4   3   17
5   4   4   19
5   4   5   19
6   1   1   17
6   1   2   26
6   1   3   27
6   1   4   26
6   1   5   20
6   1   6   13
6   1   7   6
6   2   1   30
6   2   2   39
6   2   3   39
6   2   4   22
6   2   5   5
6   3   1   7
6   3   2   15
6   3   3   22
6   3   4   26
6   3   5   23
6   3   6   19
6   3   7   13
6   3   8   10
6   4   1   13
6   4   2   26
6   4   3   31
6   4   4   29
6   4   5   19
6   4   6   17
7   1   1   18
7   1   2   27
7   1   3   29
7   1   4   23
7   1   5   26
7   1   6   20
7   2   1   12
7   2   2   22
7   2   3   36
7   2   4   35
7   2   5   27
7   2   6   11
7   3   1   12
7   3   2   28
7   3   3   31
7   3   4   33
7   3   5   29
7   3   6   10
7   4   1   6
7   4   2   15
7   4   3   22
7   4   4   33
7   4   5   23
7   4   6   23
7   4   7   12
7   4   8   9
8   1   1   8
8   1   2   16
8   1   3   28
8   1   4   31
8   1   5   32
8   1   6   28
8   1   7   17
8   1   8   7
8   2   1   5
8   2   2   11
8   2   3   23
8   2   4   43
8   2   5   42
8   2   6   28
8   2   7   15
8   3   1   15
8   3   2   18
8   3   3   25
8   3   4   28
8   3   5   27
8   3   6   21
8   3   7   19
8   3   8   14
8   4   1   21
8   4   2   24
8   4   3   35
8   4   4   41
8   4   5   32
8   4   6   14
9   1   1   9
9   1   2   16
9   1   3   22
9   1   4   23
9   1   5   19
9   1   6   7
9   2   1   10
9   2   2   16
9   2   3   23
9   2   4   22
9   2   5   14
9   2   6   11
9   3   1   19
9   3   2   28
9   3   3   29
9   3   4   20
9   4   1   7
9   4   2   19
9   4   3   21
9   4   4   23
9   4   5   20
9   4   6   6
10   1   1   11
10   1   2   21
10   1   3   27
10   1   4   11
10   2   1   16
10   2   2   20
10   2   3   19
10   2   4   15
10   3   1   6
10   3   2   17
10   3   3   14
10   3   4   15
10   3   5   6
10   3   6   12
10   4   1   14
10   4   2   22
10   4   3   18
10   4   4   12
10   4   5   4
11   1   1   5
11   1   2   9
11   1   3   15
11   1   4   16
11   1   5   17
11   2   1   7
11   2   2   11
11   2   3   11
11   2   4   14
11   2   5   14
11   2   6   5
11   3   1   11
11   3   2   22
11   3   3   18
11   3   4   11
11   4   1   7
11   4   2   10
11   4   3   14
11   4   4   12
11   4   5   13
11   4   6   6
12   1   1   24
12   1   2   24
12   1   3   29
12   1   4   40
12   1   5   28
12   1   6   18
12   2   1   9
12   2   2   17
12   2   3   24
12   2   4   33
12   2   5   34
12   2   6   27
12   2   7   19
12   3   1   14
12   3   2   35
12   3   3   39
12   3   4   30
12   3   5   24
12   3   6   16
12   3   7   5
12   4   1   5
12   4   2   21
12   4   3   22
12   4   4   28
12   4   5   35
12   4   6   33
12   4   7   19
13   1   1   16
13   1   2   30
13   1   3   25
13   1   4   18
13   2   1   20
13   2   2   24
13   2   3   24
13   2   4   13
13   2   5   8
13   3   1   6
13   3   2   18
13   3   3   21
13   3   4   20
13   3   5   17
13   3   6   7
13   4   1   9
13   4   2   15
13   4   3   20
13   4   4   20
13   4   5   15
13   4   6   10
14   1   1   6
14   1   2   16
14   1   3   16
14   1   4   6
14   2   1   10
14   2   2   10
14   2   3   13
14   2   4   11
14   3   1   7
14   3   2   15
14   3   3   14
14   3   4   8
14   4   1   10
14   4   2   11
14   4   3   14
14   4   4   9
15   1   1   5
15   1   2   12
15   1   3   12
15   1   4   5
15   2   1   7
15   2   2   10
15   2   3   9
15   2   4   8
15   3   1   18
15   3   2   11
15   3   3   5
15   4   1   8
15   4   2   8
15   4   3   11
15   4   4   7
16   1   1   5
16   1   2   14
16   1   3   19
16   1   4   6
16   2   1   12
16   2   2   11
16   2   3   10
16   2   4   11
16   3   1   8
16   3   2   14
16   3   3   11
16   3   4   11
16   4   1   11
16   4   2   12
16   4   3   10
16   4   4   11
17   1   1   6
17   1   2   20
17   1   3   38
17   1   4   54
17   1   5   72
17   1   6   69
17   1   7   58
17   1   8   40
17   1   9   24
17   2   1   9
17   2   2   25
17   2   3   44
17   2   4   58
17   2   5   59
17   2   6   60
17   2   7   47
17   2   8   37
17   2   9   25
17   2   10   17
17   3   1   16
17   3   2   27
17   3   3   45
17   3   4   51
17   3   5   56
17   3   6   56
17   3   7   44
17   3   8   36
17   3   9   26
17   3   10   24
17   4   1   3
17   4   2   7
17   4   3   34
17   4   4   59
17   4   5   73
17   4   6   68
17   4   7   57
17   4   8   44
17   4   9   30
17   4   10   6
18   1   1   8
18   1   2   18
18   1   3   15
18   1   4   8
18   2   1   7
18   2   2   9
18   2   3   9
18   2   4   10
18   2   5   7
18   2   6   7
18   3   1   14
18   3   2   11
18   3   3   11
18   3   4   13
18   4   1   10
18   4   2   15
18   4   3   13
18   4   4   11
19   1   1   6
19   1   2   13
19   1   3   12
19   1   4   6
19   2   1   6
19   2   2   13
19   2   3   12
19   2   4   6
19   3   1   20
19   3   2   11
19   3   3   6
19   4   1   11
19   4   2   8
19   4   3   9
19   4   4   9
20   1   1   13
20   1   2   34
20   1   3   39
20   1   4   32
20   1   5   28
20   1   6   17
20   2   1   14
20   2   2   29
20   2   3   38
20   2   4   42
20   2   5   25
20   2   6   15
20   3   1   17
20   3   2   30
20   3   3   36
20   3   4   29
20   3   5   31
20   3   6   20
20   4   1   10
20   4   2   21
20   4   3   22
20   4   4   26
20   4   5   28
20   4   6   28
20   4   7   19
20   4   8   9
21   1   1   9
21   1   2   17
21   1   3   17
21   1   4   9
21   2   1   9
21   2   2   14
21   2   3   19
21   2   4   10
21   3   1   4
21   3   2   8
21   3   3   12
21   3   4   15
21   3   5   13
21   4   1   11
21   4   2   15
21   4   3   15
21   4   4   11
22   1   1   8
22   1   2   10
22   1   3   11
22   1   4   8
22   2   1   18
22   2   2   14
22   2   3   5
22   3   1   19
22   3   2   13
22   3   3   5
22   4   1   8
22   4   2   10
22   4   3   10
22   4   4   9
23   1   1   6
23   1   2   16
23   1   3   26
23   1   4   32
23   1   5   35
23   1   6   27
23   1   7   22
23   2   1   16
23   2   2   30
23   2   3   37
23   2   4   36
23   2   5   28
23   2   6   17
23   3   1   17
23   3   2   32
23   3   3   35
23   3   4   37
23   3   5   25
23   3   6   18
23   4   1   20
23   4   2   28
23   4   3   38
23   4   4   32
23   4   5   25
23   4   6   15
23   4   7   6
24   1   1   17
24   1   2   16
24   1   3   14
24   1   4   16
24   2   1   13
24   2   2   19
24   2   3   20
24   2   4   11
24   3   1   6
24   3   2   12
24   3   3   12
24   3   4   16
24   3   5   11
24   3   6   6
24   4   1   14
24   4   2   18
24   4   3   18
24   4   4   13
25   1   1   5
25   1   2   10
25   1   3   20
25   1   4   23
25   1   5   17
25   2   1   7
25   2   2   12
25   2   3   21
25   2   4   14
25   2   5   15
25   2   6   6
25   3   1   14
25   3   2   28
25   3   3   14
25   3   4   19
25   4   1   14
25   4   2   27
25   4   3   17
25   4   4   17
26   1   1   17
26   1   2   25
26   1   3   24
26   1   4   17
26   2   1   18
26   2   2   22
26   2   3   25
26   2   4   18
26   3   1   9
26   3   2   16
26   3   3   20
26   3   4   17
26   3   5   14
26   3   6   7
26   4   1   5
26   4   2   17
26   4   3   20
26   4   4   19
26   4   5   16
26   4   6   6
27   1   1   14
27   1   2   20
27   1   3   25
27   1   4   24
27   1   5   24
27   1   6   13
27   2   1   6
27   2   2   21
27   2   3   33
27   2   4   32
27   2   5   22
27   2   6   6
27   3   1   9
27   3   2   20
27   3   3   32
27   3   4   30
27   3   5   23
27   3   6   6
27   4   1   17
27   4   2   22
27   4   3   23
27   4   4   21
27   4   5   19
27   4   6   13
27   4   7   5
28   1   1   22
28   1   2   27
28   1   3   36
28   1   4   19
28   2   1   8
28   2   2   19
28   2   3   25
28   2   4   25
28   2   5   21
28   2   6   6
28   3   1   5
28   3   2   10
28   3   3   13
28   3   4   21
28   3   5   23
28   3   6   20
28   3   7   12
28   4   1   11
28   4   2   18
28   4   3   25
28   4   4   20
28   4   5   18
28   4   6   12
29   1   1   7
29   1   2   19
29   1   3   14
29   1   4   22
29   1   5   25
29   1   6   18
29   1   7   24
29   2   1   8
29   2   2   25
29   2   3   33
29   2   4   32
29   2   5   23
29   2   6   8
29   3   1   10
29   3   2   26
29   3   3   32
29   3   4   28
29   3   5   20
29   3   6   13
29   4   1   7
29   4   2   26
29   4   3   32
29   4   4   33
29   4   5   19
29   4   6   12
30   1   1   19
30   1   2   18
30   1   3   18
30   1   4   18
30   2   1   14
30   2   2   18
30   2   3   21
30   2   4   14
30   2   5   6
30   3   1   19
30   3   2   16
30   3   3   22
30   3   4   11
30   3   5   5
30   4   1   15
30   4   2   22
30   4   3   21
30   4   4   15
31   1   1   13
31   1   2   23
31   1   3   34
31   1   4   41
31   1   5   41
31   1   6   36
31   1   7   24
31   1   8   12
31   2   1   17
31   2   2   22
31   2   3   38
31   2   4   40
31   2   5   37
31   2   6   31
31   2   7   18
31   2   8   15
31   2   9   6
31   3   1   5
31   3   2   11
31   3   3   20
31   3   4   34
31   3   5   42
31   3   6   38
31   3   7   35
31   3   8   28
31   3   9   11
31   4   1   9
31   4   2   22
31   4   3   30
31   4   4   42
31   4   5   55
31   4   6   41
31   4   7   25
32   1   1   19
32   1   2   19
32   1   3   16
32   1   4   12
32   1   5   5
32   2   1   18
32   2   2   17
32   2   3   17
32   2   4   14
32   2   5   5
32   3   1   17
32   3   2   18
32   3   3   19
32   3   4   17
32   4   1   13
32   4   2   21
32   4   3   25
32   4   4   12
33   1   1   17
33   1   2   24
33   1   3   25
33   1   4   23
33   1   5   22
33   1   6   12
33   1   7   6
33   2   1   33
33   2   2   30
33   2   3   39
33   2   4   20
33   2   5   7
33   3   1   12
33   3   2   20
33   3   3   31
33   3   4   31
33   3   5   27
33   3   6   8
33   4   1   18
33   4   2   21
33   4   3   24
33   4   4   25
33   4   5   24
33   4   6   17
34   1   1   9
34   1   2   23
34   1   3   38
34   1   4   38
34   1   5   27
34   1   6   8
34   2   1   6
34   2   2   14
34   2   3   22
34   2   4   27
34   2   5   29
34   2   6   26
34   2   7   19
34   3   1   15
34   3   2   29
34   3   3   31
34   3   4   27
34   3   5   22
34   3   6   14
34   3   7   5
34   4   1   7
34   4   2   15
34   4   3   23
34   4   4   25
34   4   5   28
34   4   6   22
34   4   7   18
34   4   8   5
35   1   1   12
35   1   2   17
35   1   3   15
35   1   4   12
35   2   1   8
35   2   2   12
35   2   3   12
35   2   4   13
35   2   5   11
35   3   1   28
35   3   2   23
35   3   3   5
35   4   1   9
35   4   2   10
35   4   3   9
35   4   4   10
35   4   5   9
35   4   6   5
35   4   7   4
36   1   1   7
36   1   2   19
36   1   3   25
36   1   4   21
36   1   5   18
36   1   6   8
36   2   1   14
36   2   2   16
36   2   3   20
36   2   4   19
36   2   5   16
36   2   6   13
36   3   1   11
36   3   2   18
36   3   3   19
36   3   4   21
36   3   5   17
36   3   6   12
36   4   1   6
36   4   2   15
36   4   3   26
36   4   4   33
36   4   5   18
37   1   1   5
37   1   2   12
37   1   3   20
37   1   4   26
37   1   5   18
37   2   1   5
37   2   2   13
37   2   3   23
37   2   4   20
37   2   5   20
37   3   1   5
37   3   2   15
37   3   3   21
37   3   4   21
37   3   5   11
37   3   6   8
37   4   1   8
37   4   2   12
37   4   3   18
37   4   4   20
37   4   5   14
37   4   6   9
38   1   1   6
38   1   2   12
38   1   3   14
38   1   4   7
38   2   1   6
38   2   2   15
38   2   3   12
38   2   4   6
38   3   1   22
38   3   2   10
38   3   3   7
38   4   1   11
38   4   2   9
38   4   3   7
38   4   4   12
39   1   1   6
39   1   2   9
39   1   3   8
39   1   4   6
39   2   1   5
39   2   2   8
39   2   3   16
39   3   1   13
39   3   2   16
39   4   1   7
39   4   2   8
39   4   3   8
39   4   4   6
40   1   1   9
40   1   2   12
40   1   3   17
40   1   4   10
40   2   1   10
40   2   2   14
40   2   3   13
40   2   4   11
40   3   1   10
40   3   2   15
40   3   3   14
40   3   4   9
40   4   1   8
40   4   2   15
40   4   3   16
40   4   4   9
41   1   1   7
41   1   2   12
41   1   3   22
41   1   4   21
41   1   5   19
41   2   1   18
41   2   2   21
41   2   3   24
41   2   4   18
41   3   1   8
41   3   2   18
41   3   3   18
41   3   4   16
41   3   5   11
41   3   6   10
41   4   1   7
41   4   2   14
41   4   3   19
41   4   4   19
41   4   5   16
41   4   6   6
42   1   1   5
42   1   2   11
42   1   3   18
42   1   4   19
42   1   5   17
42   2   1   18
42   2   2   19
42   2   3   15
42   2   4   12
42   2   5   6
42   3   1   14
42   3   2   20
42   3   3   24
42   3   4   12
42   4   1   16
42   4   2   19
42   4   3   17
42   4   4   18
43   1   1   7
43   1   2   19
43   1   3   21
43   1   4   25
43   1   5   19
43   1   6   6
43   2   1   5
43   2   2   18
43   2   3   29
43   2   4   23
43   2   5   14
43   2   6   8
43   3   1   7
43   3   2   19
43   3   3   25
43   3   4   23
43   3   5   14
43   3   6   9
43   4   1   25
43   4   2   24
43   4   3   23
43   4   4   20
43   4   5   5
44   1   1   20
44   1   2   31
44   1   3   32
44   1   4   21
44   2   1   14
44   2   2   14
44   2   3   22
44   2   4   22
44   2   5   20
44   2   6   12
44   3   1   11
44   3   2   17
44   3   3   23
44   3   4   25
44   3   5   20
44   3   6   8
44   4   1   11
44   4   2   14
44   4   3   25
44   4   4   25
44   4   5   24
44   4   6   5
45   1   1   7
45   1   2   13
45   1   3   22
45   1   4   22
45   1   5   17
45   1   6   5
45   2   1   10
45   2   2   16
45   2   3   16
45   2   4   18
45   2   5   17
45   2   6   9
45   3   1   21
45   3   2   22
45   3   3   24
45   3   4   19
45   4   1   16
45   4   2   28
45   4   3   25
45   4   4   17
46   1   1   10
46   1   2   18
46   1   3   17
46   1   4   10
46   2   1   11
46   2   2   14
46   2   3   19
46   2   4   11
46   3   1   10
46   3   2   18
46   3   3   17
46   3   4   10
46   4   1   6
46   4   2   7
46   4   3   14
46   4   4   12
46   4   5   16
47   1   1   10
47   1   2   15
47   1   3   19
47   1   4   22
47   1   5   20
47   1   6   6
47   2   1   21
47   2   2   27
47   2   3   25
47   2   4   14
47   2   5   5
47   3   1   23
47   3   2   24
47   3   3   24
47   3   4   16
47   3   5   5
47   4   1   5
47   4   2   22
47   4   3   22
47   4   4   19
47   4   5   14
47   4   6   10
48   1   1   5
48   1   2   17
48   1   3   22
48   1   4   24
48   1   5   24
48   1   6   20
48   1   7   15
48   1   8   7
48   2   1   15
48   2   2   24
48   2   3   31
48   2   4   27
48   2   5   18
48   2   6   14
48   2   7   5
48   3   1   10
48   3   2   21
48   3   3   32
48   3   4   36
48   3   5   35
48   4   1   10
48   4   2   23
48   4   3   33
48   4   4   34
48   4   5   23
48   4   6   11
49   1   1   9
49   1   2   18
49   1   3   27
49   1   4   28
49   1   5   21
49   1   6   7
49   2   1   9
49   2   2   18
49   2   3   24
49   2   4   30
49   2   5   24
49   2   6   5
49   3   1   7
49   3   2   20
49   3   3   24
49   3   4   31
49   3   5   28
49   4   1   6
49   4   2   14
49   4   3   17
49   4   4   15
49   4   5   21
49   4   6   19
49   4   7   12
49   4   8   6
50   1   1   12
50   1   2   16
50   1   3   10
50   1   4   6
50   1   5   6
50   2   1   10
50   2   2   16
50   2   3   14
50   2   4   10
50   3   1   8
50   3   2   17
50   3   3   18
50   3   4   7
50   4   1   11
50   4   2   14
50   4   3   12
50   4   4   13
51   1   1   11
51   1   2   15
51   1   3   18
51   1   4   18
51   1   5   23
51   1   6   22
51   1   7   20
51   1   8   6
51   2   1   7
51   2   2   29
51   2   3   34
51   2   4   24
51   2   5   20
51   2   6   13
51   2   7   6
51   3   1   14
51   3   2   22
51   3   3   31
51   3   4   29
51   3   5   23
51   3   6   14
51   4   1   7
51   4   2   19
51   4   3   40
51   4   4   38
51   4   5   29
52   1   1   10
52   1   2   27
52   1   3   29
52   1   4   30
52   1   5   22
52   1   6   13
52   2   1   16
52   2   2   24
52   2   3   28
52   2   4   22
52   2   5   25
52   2   6   12
52   2   7   4
52   3   1   7
52   3   2   15
52   3   3   17
52   3   4   23
52   3   5   28
52   3   6   22
52   3   7   19
52   4   1   6
52   4   2   20
52   4   3   39
52   4   4   37
52   4   5   29
53   1   1   12
53   1   2   24
53   1   3   33
53   1   4   37
53   1   5   22
53   1   6   11
53   2   1   11
53   2   2   28
53   2   3   29
53   2   4   32
53   2   5   27
53   2   6   12
53   3   1   5
53   3   2   15
53   3   3   19
53   3   4   25
53   3   5   31
53   3   6   27
53   3   7   17
53   4   1   6
53   4   2   13
53   4   3   19
53   4   4   28
53   4   5   32
53   4   6   27
53   4   7   14
54   1   1   7
54   1   2   17
54   1   3   20
54   1   4   6
54   2   1   7
54   2   2   17
54   2   3   18
54   2   4   8
54   3   1   6
54   3   2   7
54   3   3   11
54   3   4   12
54   3   5   8
54   3   6   6
54   4   1   5
54   4   2   9
54   4   3   10
54   4   4   12
54   4   5   14
55   1   1   27
55   1   2   22
55   1   3   15
55   1   4   14
55   1   5   10
55   2   1   8
55   2   2   14
55   2   3   22
55   2   4   21
55   2   5   16
55   2   6   7
55   3   1   5
55   3   2   15
55   3   3   24
55   3   4   23
55   3   5   21
55   4   1   3
55   4   2   4
55   4   3   11
55   4   4   22
55   4   5   26
55   4   6   16
55   4   7   6
56   1   1   20
56   1   2   21
56   1   3   20
56   1   4   13
56   1   5   6
56   2   1   8
56   2   2   14
56   2   3   18
56   2   4   20
56   2   5   13
56   2   6   7
56   3   1   5
56   3   2   15
56   3   3   23
56   3   4   16
56   3   5   14
56   3   6   7
56   4   1   20
56   4   2   22
56   4   3   23
56   4   4   15
57   1   1   15
57   1   2   21
57   1   3   29
57   1   4   33
57   1   5   24
57   1   6   13
57   2   1   7
57   2   2   28
57   2   3   32
57   2   4   35
57   2   5   26
57   2   6   7
57   3   1   6
57   3   2   15
57   3   3   21
57   3   4   24
57   3   5   25
57   3   6   24
57   3   7   20
57   4   1   9
57   4   2   27
57   4   3   30
57   4   4   33
57   4   5   25
57   4   6   11
58   1   1   6
58   1   2   23
58   1   3   39
58   1   4   36
58   1   5   23
58   1   6   12
58   2   1   17
58   2   2   24
58   2   3   30
58   2   4   29
58   2   5   21
58   2   6   13
58   2   7   5
58   3   1   6
58   3   2   18
58   3   3   21
58   3   4   24
58   3   5   24
58   3   6   24
58   3   7   16
58   3   8   6
58   4   1   12
58   4   2   28
58   4   3   29
58   4   4   29
58   4   5   28
58   4   6   13
59   1   1   1
59   2   1   1
59   3   1   1
59   4   1   1
60   1   1   7
60   1   2   17
60   1   3   19
60   1   4   17
60   1   5   15
60   1   6   8
60   2   1   16
60   2   2   26
60   2   3   24
60   2   4   17
60   3   1   8
60   3   2   15
60   3   3   20
60   3   4   18
60   3   5   11
60   3   6   11
60   4   1   10
60   4   2   14
60   4   3   19
60   4   4   16
60   4   5   13
60   4   6   11
61   1   1   10
61   1   2   17
61   1   3   14
61   1   4   10
61   2   1   8
61   2   2   16
61   2   3   18
61   2   4   9
61   3   1   12
61   3   2   14
61   3   3   14
61   3   4   11
61   4   1   9
61   4   2   16
61   4   3   18
61   4   4   8
62   1   1   6
62   1   2   17
62   1   3   19
62   1   4   5
62   2   1   5
62   2   2   8
62   2   3   9
62   2   4   11
62   2   5   14
62   3   1   10
62   3   2   13
62   3   3   15
62   3   4   9
62   4   1   7
62   4   2   13
62   4   3   15
62   4   4   12
63   1   1   16
63   1   2   33
63   1   3   38
63   1   4   47
63   1   5   46
63   1   6   38
63   1   7   33
63   1   8   17
63   2   1   15
63   2   2   29
63   2   3   42
63   2   4   50
63   2   5   47
63   2   6   40
63   2   7   28
63   2   8   17
63   3   1   18
63   3   2   28
63   3   3   40
63   3   4   50
63   3   5   43
63   3   6   42
63   3   7   31
63   3   8   16
63   4   1   12
63   4   2   25
63   4   3   42
63   4   4   50
63   4   5   58
63   4   6   47
63   4   7   27
63   4   8   7
64   1   1   21
64   1   2   32
64   1   3   35
64   1   4   34
64   1   5   29
64   1   6   13
64   1   7   7
64   2   1   11
64   2   2   33
64   2   3   44
64   2   4   38
64   2   5   33
64   2   6   12
64   3   1   22
64   3   2   25
64   3   3   40
64   3   4   36
64   3   5   25
64   3   6   18
64   3   7   5
64   4   1   7
64   4   2   24
64   4   3   28
64   4   4   28
64   4   5   27
64   4   6   26
64   4   7   21
64   4   8   10
65   1   1   7
65   1   2   25
65   1   3   16
65   1   4   10
65   2   1   8
65   2   2   7
65   2   3   11
65   2   4   16
65   2   5   16
65   3   1   9
65   3   2   17
65   3   3   22
65   3   4   10
65   4   1   7
65   4   2   9
65   4   3   13
65   4   4   14
65   4   5   8
65   4   6   7
66   1   1   10
66   1   2   20
66   1   3   15
66   1   4   11
66   2   1   14
66   2   2   16
66   2   3   14
66   2   4   10
66   2   5   2
66   3   1   14
66   3   2   14
66   3   3   15
66   3   4   13
66   4   1   10
66   4   2   18
66   4   3   17
66   4   4   11
67   1   1   13
67   1   2   15
67   1   3   17
67   1   4   13
67   2   1   6
67   2   2   11
67   2   3   11
67   2   4   15
67   2   5   9
67   2   6   6
67   3   1   11
67   3   2   19
67   3   3   15
67   3   4   13
67   4   1   9
67   4   2   20
67   4   3   20
67   4   4   9
68   1   1   21
68   1   2   26
68   1   3   30
68   1   4   23
68   2   1   10
68   2   2   19
68   2   3   26
68   2   4   18
68   2   5   13
68   2   6   9
68   2   7   5
68   3   1   11
68   3   2   20
68   3   3   24
68   3   4   20
68   3   5   16
68   3   6   9
68   4   1   8
68   4   2   16
68   4   3   26
68   4   4   23
68   4   5   20
68   4   6   7
69   1   1   16
69   1   2   20
69   1   3   20
69   1   4   17
69   2   1   15
69   2   2   21
69   2   3   22
69   2   4   15
69   3   1   5
69   3   2   13
69   3   3   16
69   3   4   18
69   3   5   16
69   3   6   5
69   4   1   17
69   4   2   20
69   4   3   18
69   4   4   13
69   4   5   5
70   1   1   5
70   1   2   18
70   1   3   31
70   1   4   28
70   1   5   28
70   2   1   11
70   2   2   17
70   2   3   24
70   2   4   28
70   2   5   23
70   2   6   7
70   3   1   12
70   3   2   17
70   3   3   27
70   3   4   25
70   3   5   15
70   3   6   14
70   4   1   8
70   4   2   24
70   4   3   22
70   4   4   26
70   4   5   19
70   4   6   11
71   1   1   6
71   1   2   9
71   1   3   10
71   1   4   16
71   1   5   20
71   1   6   19
71   1   7   12
71   2   1   2
71   2   2   19
71   2   3   27
71   2   4   23
71   2   5   15
71   2   6   6
71   3   1   7
71   3   2   21
71   3   3   21
71   3   4   18
71   3   5   14
71   3   6   11
71   4   1   17
71   4   2   30
71   4   3   28
71   4   4   17
72   1   1   11
72   1   2   21
72   1   3   17
72   1   4   12
72   2   1   16
72   2   2   15
72   2   3   15
72   2   4   15
72   3   1   14
72   3   2   17
72   3   3   13
72   3   4   17
72   4   1   5
72   4   2   11
72   4   3   14
72   4   4   15
72   4   5   11
72   4   6   5
73   1   1   17
73   1   2   21
73   1   3   16
73   1   4   19
73   2   1   8
73   2   2   11
73   2   3   17
73   2   4   15
73   2   5   17
73   2   6   5
73   3   1   6
73   3   2   10
73   3   3   19
73   3   4   23
73   3   5   15
73   4   1   14
73   4   2   24
73   4   3   18
73   4   4   17
74   1   1   10
74   1   2   13
74   1   3   21
74   1   4   20
74   1   5   18
74   1   6   8
74   2   1   9
74   2   2   13
74   2   3   19
74   2   4   27
74   2   5   17
74   2   6   5
74   3   1   6
74   3   2   16
74   3   3   21
74   3   4   25
74   3   5   17
74   3   6   5
74   4   1   5
74   4   2   16
74   4   3   24
74   4   4   21
74   4   5   19
74   4   6   5
75   1   1   22
75   1   2   33
75   1   3   29
75   1   4   23
75   2   1   9
75   2   2   5
75   2   3   15
75   2   4   21
75   2   5   24
75   2   6   18
75   2   7   15
75   3   1   8
75   3   2   23
75   3   3   24
75   3   4   24
75   3   5   21
75   3   6   7
75   4   1   13
75   4   2   20
75   4   3   20
75   4   4   22
75   4   5   19
75   4   6   13
76   1   1   6
76   1   2   11
76   1   3   16
76   1   4   24
76   1   5   32
76   1   6   33
76   1   7   7
76   2   1   12
76   2   2   20
76   2   3   28
76   2   4   38
76   2   5   19
76   2   6   12
76   3   1   5
76   3   2   13
76   3   3   23
76   3   4   27
76   3   5   27
76   3   6   16
76   3   7   8
76   3   8   10
76   4   1   8
76   4   2   12
76   4   3   19
76   4   4   25
76   4   5   26
76   4   6   19
76   4   7   11
76   4   8   9
77   1   1   6
77   1   2   16
77   1   3   25
77   1   4   27
77   1   5   23
77   2   1   8
77   2   2   19
77   2   3   21
77   2   4   21
77   2   5   18
77   2   6   10
77   3   1   5
77   3   2   19
77   3   3   25
77   3   4   26
77   3   5   16
77   3   6   6
77   4   1   8
77   4   2   20
77   4   3   23
77   4   4   20
77   4   5   16
77   4   6   10
78   1   1   8
78   1   2   21
78   1   3   22
78   1   4   26
78   1   5   21
78   1   6   8
78   2   1   5
78   2   2   21
78   2   3   25
78   2   4   30
78   2   5   25
78   3   1   8
78   3   2   18
78   3   3   24
78   3   4   28
78   3   5   23
78   3   6   5
78   4   1   9
78   4   2   22
78   4   3   23
78   4   4   23
78   4   5   20
78   4   6   9
79   1   1   7
79   1   2   16
79   1   3   21
79   1   4   18
79   1   5   19
79   1   6   7
79   2   1   7
79   2   2   15
79   2   3   21
79   2   4   22
79   2   5   17
79   2   6   6
79   3   1   19
79   3   2   28
79   3   3   23
79   3   4   18
79   4   1   5
79   4   2   18
79   4   3   21
79   4   4   23
79   4   5   16
79   4   6   5
80   1   1   15
80   1   2   10
80   1   3   11
80   1   4   8
80   1   5   4
80   2   1   11
80   2   2   13
80   2   3   17
80   2   4   7
80   3   1   9
80   3   2   13
80   3   3   19
80   3   4   7
80   4   1   8
80   4   2   15
80   4   3   18
80   4   4   7
81   1   1   6
81   1   2   13
81   1   3   14
81   1   4   12
81   1   5   10
81   1   6   7
81   2   1   6
81   2   2   11
81   2   3   12
81   2   4   16
81   2   5   17
81   3   1   14
81   3   2   18
81   3   3   16
81   3   4   14
81   4   1   13
81   4   2   19
81   4   3   17
81   4   4   13
82   1   1   8
82   1   2   19
82   1   3   26
82   1   4   21
82   1   5   15
82   1   6   5
82   2   1   22
82   2   2   26
82   2   3   24
82   2   4   22
82   3   1   13
82   3   2   14
82   3   3   19
82   3   4   21
82   3   5   17
82   3   6   10
82   4   1   9
82   4   2   15
82   4   3   21
82   4   4   26
82   4   5   16
82   4   6   7
83   1   1   9
83   1   2   25
83   1   3   40
83   1   4   37
83   1   5   26
83   1   6   9
83   2   1   14
83   2   2   26
83   2   3   35
83   2   4   27
83   2   5   28
83   2   6   16
83   3   1   16
83   3   2   25
83   3   3   32
83   3   4   30
83   3   5   29
83   3   6   14
83   4   1   9
83   4   2   15
83   4   3   22
83   4   4   27
83   4   5   24
83   4   6   23
83   4   7   20
83   4   8   6
84   1   1   16
84   1   2   20
84   1   3   20
84   1   4   17
84   2   1   9
84   2   2   9
84   2   3   16
84   2   4   19
84   2   5   15
84   2   6   5
84   3   1   5
84   3   2   13
84   3   3   15
84   3   4   23
84   3   5   17
84   4   1   6
84   4   2   9
84   4   3   19
84   4   4   24
84   4   5   12
84   4   6   3
85   1   1   17
85   1   2   27
85   1   3   29
85   1   4   35
85   1   5   26
85   1   6   15
85   2   1   16
85   2   2   29
85   2   3   35
85   2   4   22
85   2   5   28
85   2   6   19
85   3   1   13
85   3   2   27
85   3   3   32
85   3   4   33
85   3   5   30
85   3   6   14
85   4   1   19
85   4   2   25
85   4   3   30
85   4   4   32
85   4   5   26
85   4   6   17
86   1   1   9
86   1   2   20
86   1   3   27
86   1   4   35
86   1   5   37
86   1   6   34
86   1   7   27
86   2   1   7
86   2   2   18
86   2   3   28
86   2   4   36
86   2   5   42
86   2   6   36
86   2   7   22
86   3   1   7
86   3   2   17
86   3   3   35
86   3   4   38
86   3   5   36
86   3   6   28
86   3   7   18
86   3   8   10
86   4   1   15
86   4   2   18
86   4   3   25
86   4   4   39
86   4   5   37
86   4   6   30
86   4   7   18
86   4   8   7
87   1   1   5
87   1   2   22
87   1   3   34
87   1   4   30
87   1   5   23
87   1   6   5
87   2   1   11
87   2   2   22
87   2   3   26
87   2   4   26
87   2   5   24
87   2   6   10
87   3   1   16
87   3   2   18
87   3   3   26
87   3   4   24
87   3   5   20
87   3   6   15
87   4   1   12
87   4   2   18
87   4   3   28
87   4   4   27
87   4   5   21
87   4   6   13
88   1   1   6
88   1   2   14
88   1   3   18
88   1   4   14
88   1   5   15
88   1   6   5
88   2   1   15
88   2   2   20
88   2   3   20
88   2   4   17
88   3   1   18
88   3   2   17
88   3   3   20
88   3   4   17
88   4   1   17
88   4   2   15
88   4   3   28
88   4   4   12
89   1   1   21
89   1   2   28
89   1   3   28
89   1   4   25
89   1   5   24
89   1   6   18
89   1   7   5
89   2   1   9
89   2   2   28
89   2   3   38
89   2   4   36
89   2   5   28
89   2   6   10
89   3   1   7
89   3   2   13
89   3   3   25
89   3   4   29
89   3   5   30
89   3   6   26
89   3   7   19
89   4   1   12
89   4   2   30
89   4   3   34
89   4   4   32
89   4   5   26
89   4   6   15
90   1   1   8
90   1   2   22
90   1   3   22
90   1   4   27
90   1   5   18
90   1   6   8
90   2   1   6
90   2   2   20
90   2   3   27
90   2   4   28
90   2   5   17
90   2   6   7
90   3   1   8
90   3   2   19
90   3   3   27
90   3   4   24
90   3   5   18
90   3   6   9
90   4   1   11
90   4   2   18
90   4   3   24
90   4   4   23
90   4   5   21
90   4   6   8
91   1   1   8
91   1   2   18
91   1   3   13
91   1   4   14
91   2   1   11
91   2   2   16
91   2   3   13
91   2   4   13
91   3   1   6
91   3   2   10
91   3   3   8
91   3   4   13
91   3   5   11
91   3   6   5
91   4   1   7
91   4   2   18
91   4   3   23
91   4   4   5
92   1   1   9
92   1   2   16
92   1   3   13
92   1   4   10
92   2   1   8
92   2   2   14
92   2   3   15
92   2   4   11
92   3   1   8
92   3   2   14
92   3   3   18
92   3   4   8
92   4   1   10
92   4   2   13
92   4   3   15
92   4   4   10
93   1   1   11
93   1   2   15
93   1   3   18
93   1   4   12
93   2   1   13
93   2   2   15
93   2   3   16
93   2   4   12
93   3   1   13
93   3   2   15
93   3   3   17
93   3   4   11
93   4   1   9
93   4   2   19
93   4   3   19
93   4   4   9
94   1   1   8
94   1   2   14
94   1   3   22
94   1   4   22
94   1   5   16
94   1   6   6
94   2   1   10
94   2   2   15
94   2   3   19
94   2   4   19
94   2   5   16
94   2   6   9
94   3   1   12
94   3   2   20
94   3   3   21
94   3   4   19
94   3   5   16
94   4   1   18
94   4   2   24
94   4   3   28
94   4   4   18
95   1   1   14
95   1   2   16
95   1   3   16
95   1   4   17
95   1   5   13
95   1   6   8
95   1   7   4
95   2   1   23
95   2   2   26
95   2   3   26
95   2   4   13
95   3   1   10
95   3   2   14
95   3   3   18
95   3   4   20
95   3   5   18
95   3   6   8
95   4   1   6
95   4   2   18
95   4   3   19
95   4   4   22
95   4   5   23
96   1   1   8
96   1   2   22
96   1   3   37
96   1   4   44
96   1   5   32
96   1   6   24
96   1   7   24
96   1   8   14
96   2   1   28
96   2   2   24
96   2   3   37
96   2   4   63
96   2   5   28
96   2   6   25
96   3   1   8
96   3   2   21
96   3   3   33
96   3   4   39
96   3   5   46
96   3   6   30
96   3   7   20
96   3   8   8
96   4   1   7
96   4   2   22
96   4   3   32
96   4   4   41
96   4   5   38
96   4   6   37
96   4   7   28
97   1   1   13
97   1   2   19
97   1   3   23
97   1   4   24
97   1   5   20
97   1   6   14
97   2   1   12
97   2   2   17
97   2   3   29
97   2   4   21
97   2   5   26
97   2   6   8
97   3   1   10
97   3   2   21
97   3   3   25
97   3   4   25
97   3   5   22
97   3   6   10
97   4   1   5
97   4   2   23
97   4   3   25
97   4   4   35
97   4   5   25
98   1   1   16
98   1   2   22
98   1   3   28
98   1   4   31
98   1   5   26
98   1   6   14
98   2   1   12
98   2   2   25
98   2   3   31
98   2   4   34
98   2   5   23
98   2   6   12
98   3   1   17
98   3   2   20
98   3   3   32
98   3   4   27
98   3   5   26
98   3   6   15
98   4   1   17
98   4   2   20
98   4   3   30
98   4   4   31
98   4   5   25
98   4   6   14
99   1   1   9
99   1   2   10
99   1   3   23
99   1   4   32
99   1   5   27
99   1   6   31
99   1   7   35
99   1   8   24
99   1   9   18
99   2   1   17
99   2   2   34
99   2   3   53
99   2   4   46
99   2   5   35
99   2   6   18
99   2   7   6
99   3   1   12
99   3   2   18
99   3   3   30
99   3   4   37
99   3   5   46
99   3   6   38
99   3   7   28
99   4   1   8
99   4   2   19
99   4   3   33
99   4   4   41
99   4   5   48
99   4   6   38
99   4   7   16
99   4   8   6
100   1   1   9
100   1   2   17
100   1   3   21
100   1   4   28
100   1   5   28
100   1   6   22
100   1   7   15
100   1   8   10
100   2   1   14
100   2   2   28
100   2   3   31
100   2   4   33
100   2   5   31
100   2   6   13
100   3   1   36
100   3   2   39
100   3   3   41
100   3   4   28
100   3   5   6
100   4   1   6
100   4   2   19
100   4   3   24
100   4   4   26
100   4   5   29
100   4   6   21
100   4   7   18
100   4   8   7
101   1   1   27
101   1   2   28
101   1   3   31
101   1   4   33
101   1   5   30
101   1   6   23
101   2   1   6
101   2   2   18
101   2   3   26
101   2   4   33
101   2   5   35
101   2   6   31
101   2   7   23
101   3   1   19
101   3   2   30
101   3   3   37
101   3   4   34
101   3   5   31
101   3   6   21
101   4   1   24
101   4   2   27
101   4   3   25
101   4   4   48
101   4   5   24
101   4   6   24
102   1   1   5
102   1   2   23
102   1   3   27
102   1   4   27
102   1   5   28
102   2   1   11
102   2   2   20
102   2   3   18
102   2   4   34
102   2   5   21
102   2   6   6
102   3   1   12
102   3   2   16
102   3   3   23
102   3   4   26
102   3   5   28
102   3   6   5
102   4   1   14
102   4   2   20
102   4   3   20
102   4   4   21
102   4   5   22
102   4   6   13
103   1   1   10
103   1   2   15
103   1   3   15
103   1   4   15
103   1   5   13
103   1   6   12
103   2   1   15
103   2   2   26
103   2   3   25
103   2   4   14
103   3   1   5
103   3   2   15
103   3   3   22
103   3   4   18
103   3   5   14
103   3   6   6
103   4   1   16
103   4   2   24
103   4   3   23
103   4   4   17
104   1   1   11
104   1   2   17
104   1   3   18
104   1   4   10
104   2   1   12
104   2   2   16
104   2   3   14
104   2   4   14
104   3   1   14
104   3   2   13
104   3   3   15
104   3   4   14
104   4   1   11
104   4   2   17
104   4   3   18
104   4   4   10
105   1   1   10
105   1   2   20
105   1   3   34
105   1   4   32
105   1   5   17
105   1   6   11
105   2   1   14
105   2   2   21
105   2   3   26
105   2   4   27
105   2   5   23
105   2   6   13
105   3   1   9
105   3   2   21
105   3   3   31
105   3   4   32
105   3   5   23
105   3   6   8
105   4   1   15
105   4   2   24
105   4   3   21
105   4   4   27
105   4   5   22
105   4   6   15
106   1   1   8
106   1   2   9
106   2   1   9
106   2   2   8
106   3   1   8
106   3   2   9
106   4   1   9
106   4   2   8
107   1   1   9
107   1   2   11
107   1   3   24
107   1   4   15
107   1   5   26
107   2   1   5
107   2   2   14
107   2   3   22
107   2   4   24
107   2   5   15
107   2   6   5
107   3   1   6
107   3   2   15
107   3   3   24
107   3   4   17
107   3   5   17
107   3   6   6
107   4   1   5
107   4   2   19
107   4   3   20
107   4   4   18
107   4   5   17
107   4   6   6
108   1   1   12
108   1   2   23
108   1   3   18
108   1   4   14
108   2   1   17
108   2   2   16
108   2   3   16
108   2   4   18
108   3   1   14
108   3   2   19
108   3   3   20
108   3   4   14
108   4   1   6
108   4   2   12
108   4   3   15
108   4   4   17
108   4   5   10
108   4   6   7
109   1   1   13
109   1   2   17
109   1   3   11
109   1   4   8
109   1   5   5
109   2   1   6
109   2   2   6
109   2   3   12
109   2   4   16
109   2   5   14
109   3   1   11
109   3   2   15
109   3   3   16
109   3   4   12
109   4   1   8
109   4   2   18
109   4   3   20
109   4   4   8
110   1   1   15
110   1   2   12
110   1   3   15
110   1   4   12
110   1   5   6
110   2   1   12
110   2   2   17
110   2   3   19
110   2   4   12
110   3   1   5
110   3   2   10
110   3   3   15
110   3   4   14
110   3   5   10
110   3   6   6
110   4   1   9
110   4   2   20
110   4   3   25
110   4   4   6
111   1   1   7
111   1   2   19
111   1   3   27
111   1   4   33
111   1   5   32
111   1   6   28
111   1   7   27
111   2   1   6
111   2   2   17
111   2   3   29
111   2   4   32
111   2   5   35
111   2   6   30
111   2   7   24
111   3   1   4
111   3   2   14
111   3   3   29
111   3   4   35
111   3   5   45
111   3   6   27
111   3   7   19
111   4   1   7
111   4   2   13
111   4   3   27
111   4   4   41
111   4   5   36
111   4   6   31
111   4   7   12
111   4   8   6
112   1   1   5
112   1   2   7
112   1   3   8
112   1   4   6
112   2   1   12
112   2   2   9
112   2   3   5
112   3   1   5
112   3   2   7
112   3   3   9
112   3   4   5
112   4   1   15
112   4   2   11
113   1   1   11
113   1   2   14
113   1   3   20
113   1   4   26
113   1   5   18
113   1   6   9
113   2   1   23
113   2   2   27
113   2   3   29
113   2   4   11
113   2   5   8
113   3   1   7
113   3   2   21
113   3   3   24
113   3   4   21
113   3   5   14
113   3   6   11
113   4   1   5
113   4   2   20
113   4   3   26
113   4   4   24
113   4   5   15
113   4   6   8
114   1   1   7
114   1   2   11
114   1   3   11
114   1   4   9
114   2   1   8
114   2   2   11
114   2   3   12
114   2   4   7
114   3   1   20
114   3   2   18
114   4   1   8
114   4   2   9
114   4   3   11
114   4   4   10
115   1   1   6
115   1   2   8
115   1   3   18
115   1   4   23
115   1   5   34
115   1   6   24
115   1   7   12
115   2   1   5
115   2   2   25
115   2   3   32
115   2   4   35
115   2   5   23
115   2   6   5
115   3   1   12
115   3   2   21
115   3   3   28
115   3   4   26
115   3   5   25
115   3   6   13
115   4   1   14
115   4   2   20
115   4   3   27
115   4   4   29
115   4   5   22
115   4   6   13
116   1   1   11
116   1   2   20
116   1   3   22
116   1   4   19
116   1   5   17
116   1   6   13
116   2   1   6
116   2   2   19
116   2   3   25
116   2   4   29
116   2   5   17
116   2   6   6
116   3   1   9
116   3   2   20
116   3   3   22
116   3   4   22
116   3   5   19
116   3   6   10
116   4   1   8
116   4   2   18
116   4   3   22
116   4   4   27
116   4   5   19
116   4   6   8
117   1   1   11
117   1   2   17
117   1   3   20
117   1   4   29
117   1   5   20
117   1   6   8
117   2   1   5
117   2   2   21
117   2   3   28
117   2   4   27
117   2   5   16
117   2   6   8
117   3   1   5
117   3   2   18
117   3   3   28
117   3   4   29
117   3   5   25
117   4   1   13
117   4   2   16
117   4   3   24
117   4   4   21
117   4   5   18
117   4   6   13
118   1   1   10
118   1   2   24
118   1   3   39
118   1   4   35
118   1   5   26
118   1   6   9
118   2   1   21
118   2   2   21
118   2   3   29
118   2   4   30
118   2   5   23
118   2   6   14
118   2   7   5
118   3   1   12
118   3   2   29
118   3   3   34
118   3   4   30
118   3   5   20
118   3   6   11
118   3   7   7
118   4   1   16
118   4   2   24
118   4   3   33
118   4   4   30
118   4   5   23
118   4   6   17
119   1   1   7
119   1   2   19
119   1   3   24
119   1   4   28
119   1   5   18
119   1   6   6
119   2   1   5
119   2   2   18
119   2   3   26
119   2   4   29
119   2   5   19
119   2   6   5
119   3   1   8
119   3   2   18
119   3   3   24
119   3   4   26
119   3   5   18
119   3   6   8
119   4   1   11
119   4   2   18
119   4   3   21
119   4   4   23
119   4   5   17
119   4   6   12
120   1   1   14
120   1   2   24
120   1   3   19
120   1   4   25
120   1   5   23
120   1   6   14
120   2   1   11
120   2   2   25
120   2   3   26
120   2   4   23
120   2   5   22
120   2   6   12
120   3   1   14
120   3   2   18
120   3   3   28
120   3   4   27
120   3   5   18
120   3   6   9
120   3   7   5
120   4   1   5
120   4   2   22
120   4   3   34
120   4   4   30
120   4   5   21
120   4   6   7
121   1   1   8
121   1   2   25
121   1   3   32
121   1   4   32
121   1   5   33
121   1   6   8
121   2   1   13
121   2   2   24
121   2   3   31
121   2   4   32
121   2   5   25
121   2   6   13
121   3   1   7
121   3   2   14
121   3   3   24
121   3   4   26
121   3   5   23
121   3   6   21
121   3   7   14
121   3   8   9
121   4   1   14
121   4   2   25
121   4   3   29
121   4   4   32
121   4   5   24
121   4   6   14
122   1   1   13
122   1   2   24
122   1   3   25
122   1   4   22
122   1   5   15
122   1   6   10
122   2   1   7
122   2   2   10
122   2   3   17
122   2   4   20
122   2   5   19
122   2   6   18
122   2   7   18
122   3   1   23
122   3   2   34
122   3   3   30
122   3   4   15
122   3   5   7
122   4   1   7
122   4   2   22
122   4   3   27
122   4   4   26
122   4   5   20
122   4   6   7
123   1   1   20
123   1   2   20
123   1   3   24
123   1   4   13
123   1   5   5
123   2   1   15
123   2   2   26
123   2   3   25
123   2   4   16
123   3   1   20
123   3   2   22
123   3   3   22
123   3   4   13
123   3   5   5
123   4   1   9
123   4   2   14
123   4   3   19
123   4   4   17
123   4   5   13
123   4   6   10
124   1   1   9
124   1   2   12
124   1   3   16
124   1   4   19
124   1   5   11
124   1   6   9
124   2   1   6
124   2   2   16
124   2   3   18
124   2   4   16
124   2   5   12
124   2   6   8
124   3   1   7
124   3   2   13
124   3   3   15
124   3   4   20
124   3   5   21
124   4   1   9
124   4   2   32
124   4   3   25
124   4   4   10
125   1   1   10
125   1   2   22
125   1   3   22
125   1   4   20
125   1   5   17
125   1   6   15
125   2   1   12
125   2   2   14
125   2   3   26
125   2   4   25
125   2   5   20
125   2   6   9
125   3   1   6
125   3   2   18
125   3   3   27
125   3   4   29
125   3   5   26
125   4   1   8
125   4   2   20
125   4   3   25
125   4   4   26
125   4   5   17
125   4   6   10
126   1   1   12
126   1   2   23
126   1   3   32
126   1   4   32
126   1   5   25
126   1   6   12
126   2   1   18
126   2   2   25
126   2   3   29
126   2   4   26
126   2   5   17
126   2   6   11
126   2   7   10
126   3   1   10
126   3   2   24
126   3   3   37
126   3   4   32
126   3   5   20
126   3   6   13
126   4   1   8
126   4   2   12
126   4   3   20
126   4   4   25
126   4   5   30
126   4   6   24
126   4   7   17
127   1   1   15
127   1   2   26
127   1   3   27
127   1   4   22
127   2   1   8
127   2   2   17
127   2   3   22
127   2   4   18
127   2   5   15
127   2   6   10
127   3   1   22
127   3   2   24
127   3   3   23
127   3   4   21
127   4   1   8
127   4   2   16
127   4   3   21
127   4   4   20
127   4   5   16
127   4   6   9
128   1   1   21
128   1   2   21
128   1   3   23
128   1   4   31
128   1   5   32
128   1   6   14
128   2   1   21
128   2   2   24
128   2   3   27
128   2   4   26
128   2   5   23
128   2   6   21
128   3   1   11
128   3   2   27
128   3   3   35
128   3   4   33
128   3   5   23
128   3   6   13
128   4   1   15
128   4   2   24
128   4   3   35
128   4   4   30
128   4   5   24
128   4   6   14
129   1   1   20
129   1   2   23
129   1   3   25
129   1   4   24
129   1   5   23
129   1   6   21
129   2   1   5
129   2   2   13
129   2   3   19
129   2   4   27
129   2   5   33
129   2   6   29
129   2   7   10
129   3   1   15
129   3   2   22
129   3   3   33
129   3   4   28
129   3   5   22
129   3   6   16
129   4   1   9
129   4   2   21
129   4   3   36
129   4   4   37
129   4   5   33
130   1   1   24
130   1   2   29
130   1   3   31
130   1   4   30
130   1   5   42
130   1   6   16
130   2   1   7
130   2   2   16
130   2   3   26
130   2   4   33
130   2   5   37
130   2   6   31
130   2   7   22
130   3   1   17
130   3   2   34
130   3   3   36
130   3   4   37
130   3   5   29
130   3   6   14
130   3   7   5
130   4   1   24
130   4   2   29
130   4   3   39
130   4   4   30
130   4   5   23
130   4   6   18
130   4   7   9
131   1   1   9
131   1   2   20
131   1   3   25
131   1   4   30
131   1   5   28
131   1   6   29
131   1   7   21
131   1   8   6
131   2   1   6
131   2   2   16
131   2   3   21
131   2   4   36
131   2   5   38
131   2   6   35
131   2   7   16
131   3   1   8
131   3   2   29
131   3   3   51
131   3   4   42
131   3   5   28
131   3   6   10
131   4   1   10
131   4   2   21
131   4   3   26
131   4   4   27
131   4   5   27
131   4   6   27
131   4   7   18
131   4   8   12
132   1   1   12
132   1   2   24
132   1   3   31
132   1   4   34
132   1   5   31
132   1   6   8
132   2   1   17
132   2   2   24
132   2   3   28
132   2   4   29
132   2   5   24
132   2   6   18
132   3   1   6
132   3   2   15
132   3   3   22
132   3   4   26
132   3   5   27
132   3   6   23
132   3   7   16
132   3   8   5
132   4   1   9
132   4   2   28
132   4   3   37
132   4   4   31
132   4   5   21
132   4   6   14
133   1   1   11
133   1   2   26
133   1   3   32
133   1   4   31
133   1   5   24
133   1   6   12
133   2   1   5
133   2   2   13
133   2   3   21
133   2   4   25
133   2   5   30
133   2   6   26
133   2   7   16
133   3   1   17
133   3   2   22
133   3   3   25
133   3   4   30
133   3   5   27
133   3   6   15
133   4   1   9
133   4   2   26
133   4   3   32
133   4   4   33
133   4   5   26
133   4   6   10
134   1   1   10
134   1   2   13
134   1   3   12
134   1   4   7
134   2   1   5
134   2   2   17
134   2   3   13
134   2   4   7
134   3   1   7
134   3   2   13
134   3   3   15
134   3   4   7
134   4   1   5
134   4   2   6
134   4   3   9
134   4   4   11
134   4   5   7
134   4   6   4
135   1   1   19
135   1   2   19
135   1   3   18
135   1   4   11
135   1   5   6
135   2   1   4
135   2   2   4
135   2   3   7
135   2   4   19
135   2   5   20
135   2   6   14
135   2   7   5
135   3   1   7
135   3   2   13
135   3   3   15
135   3   4   18
135   3   5   20
135   4   1   19
135   4   2   20
135   4   3   15
135   4   4   12
135   4   5   7
136   1   1   11
136   1   2   13
136   1   3   11
136   1   4   11
136   2   1   11
136   2   2   13
136   2   3   13
136   2   4   5
136   2   5   4
136   3   1   5
136   3   2   19
136   3   3   16
136   3   4   6
136   4   1   11
136   4   2   14
136   4   3   11
136   4   4   10
137   1   1   5
137   1   2   14
137   1   3   27
137   1   4   32
137   1   5   36
137   1   6   27
137   1   7   19
137   2   1   2
137   2   2   17
137   2   3   20
137   2   4   49
137   2   5   24
137   2   6   29
137   2   7   19
137   3   1   15
137   3   2   28
137   3   3   38
137   3   4   35
137   3   5   28
137   3   6   16
137   4   1   20
137   4   2   30
137   4   3   33
137   4   4   30
137   4   5   25
137   4   6   16
137   4   7   6
138   1   1   8
138   1   2   16
138   1   3   11
138   1   4   9
138   2   1   10
138   2   2   11
138   2   3   14
138   2   4   9
138   3   1   8
138   3   2   12
138   3   3   16
138   3   4   8
138   4   1   10
138   4   2   11
138   4   3   12
138   4   4   11
139   1   1   10
139   1   2   17
139   1   3   16
139   1   4   9
139   2   1   10
139   2   2   15
139   2   3   19
139   2   4   8
139   3   1   6
139   3   2   8
139   3   3   11
139   3   4   12
139   3   5   15
139   4   1   11
139   4   2   16
139   4   3   14
139   4   4   11
140   1   1   5
140   1   2   13
140   1   3   27
140   1   4   36
140   1   5   36
140   1   6   28
140   1   7   20
140   2   1   17
140   2   2   18
140   2   3   26
140   2   4   21
140   2   5   24
140   2   6   22
140   2   7   22
140   2   8   15
140   3   1   5
140   3   2   29
140   3   3   47
140   3   4   46
140   3   5   33
140   3   6   5
140   4   1   6
140   4   2   17
140   4   3   28
140   4   4   35
140   4   5   29
140   4   6   23
140   4   7   19
140   4   8   8
141   1   1   5
141   1   2   12
141   1   3   9
141   1   4   6
141   2   1   5
141   2   2   11
141   2   3   11
141   2   4   5
141   3   1   16
141   3   2   11
141   3   3   5
141   4   1   5
141   4   2   10
141   4   3   10
141   4   4   7
142   1   1   7
142   1   2   21
142   1   3   27
142   1   4   26
142   1   5   17
142   1   6   9
142   2   1   5
142   2   2   23
142   2   3   29
142   2   4   24
142   2   5   17
142   2   6   9
142   3   1   6
142   3   2   21
142   3   3   29
142   3   4   25
142   3   5   17
142   3   6   9
142   4   1   11
142   4   2   18
142   4   3   24
142   4   4   24
142   4   5   17
142   4   6   8
142   4   7   5
143   1   1   8
143   1   2   21
143   1   3   15
143   1   4   10
143   2   1   10
143   2   2   17
143   2   3   16
143   2   4   11
143   3   1   12
143   3   2   15
143   3   3   16
143   3   4   11
143   4   1   13
143   4   2   14
143   4   3   13
143   4   4   9
143   4   5   5
144   1   1   10
144   1   2   20
144   1   3   29
144   1   4   21
144   1   5   20
144   1   6   12
144   2   1   5
144   2   2   9
144   2   3   17
144   2   4   23
144   2   5   25
144   2   6   19
144   2   7   14
144   3   1   6
144   3   2   17
144   3   3   32
144   3   4   34
144   3   5   18
144   3   6   5
144   4   1   9
144   4   2   25
144   4   3   26
144   4   4   21
144   4   5   17
144   4   6   14
145   1   1   9
145   1   2   18
145   1   3   27
145   1   4   27
145   1   5   17
145   1   6   9
145   2   1   24
145   2   2   31
145   2   3   29
145   2   4   16
145   2   5   7
145   3   1   8
145   3   2   21
145   3   3   26
145   3   4   22
145   3   5   20
145   3   6   10
145   4   1   7
145   4   2   23
145   4   3   28
145   4   4   21
145   4   5   17
145   4   6   11
146   1   1   5
146   1   2   12
146   1   3   12
146   1   4   15
146   1   5   15
146   2   1   12
146   2   2   15
146   2   3   19
146   2   4   13
146   3   1   10
146   3   2   19
146   3   3   20
146   3   4   10
146   4   1   10
146   4   2   20
146   4   3   18
146   4   4   11
147   1   1   13
147   1   2   18
147   1   3   17
147   1   4   14
147   2   1   13
147   2   2   18
147   2   3   18
147   2   4   13
147   3   1   14
147   3   2   18
147   3   3   17
147   3   4   13
147   4   1   5
147   4   2   9
147   4   3   16
147   4   4   17
147   4   5   15
148   1   1   5
148   1   2   22
148   1   3   33
148   1   4   31
148   1   5   28
148   2   1   14
148   2   2   13
148   2   3   37
148   2   4   18
148   2   5   26
148   2   6   6
148   2   7   5
148   3   1   13
148   3   2   23
148   3   3   25
148   3   4   24
148   3   5   19
148   3   6   15
148   4   1   11
148   4   2   21
148   4   3   28
148   4   4   26
148   4   5   23
148   4   6   10
149   1   1   5
149   1   2   12
149   1   3   18
149   1   4   19
149   1   5   10
149   1   6   6
149   2   1   17
149   2   2   18
149   2   3   18
149   2   4   17
149   3   1   12
149   3   2   24
149   3   3   21
149   3   4   13
149   4   1   5
149   4   2   10
149   4   3   20
149   4   4   19
149   4   5   16
150   1   1   20
150   1   2   28
150   1   3   29
150   1   4   28
150   1   5   19
150   1   6   8
150   1   7   6
150   2   1   18
150   2   2   25
150   2   3   25
150   2   4   28
150   2   5   24
150   2   6   18
150   3   1   5
150   3   2   12
150   3   3   22
150   3   4   24
150   3   5   31
150   3   6   29
150   3   7   15
150   4   1   15
150   4   2   20
150   4   3   31
150   4   4   35
150   4   5   26
150   4   6   11
151   1   1   12
151   1   2   17
151   1   3   23
151   1   4   27
151   1   5   19
151   1   6   10
151   2   1   8
151   2   2   16
151   2   3   27
151   2   4   32
151   2   5   19
151   2   6   6
151   3   1   14
151   3   2   15
151   3   3   22
151   3   4   26
151   3   5   19
151   3   6   12
151   4   1   10
151   4   2   18
151   4   3   23
151   4   4   26
151   4   5   26
151   4   6   5
152   1   1   6
152   1   2   18
152   1   3   24
152   1   4   21
152   1   5   14
152   1   6   8
152   2   1   5
152   2   2   7
152   2   3   12
152   2   4   15
152   2   5   23
152   2   6   24
152   2   7   5
152   3   1   5
152   3   2   13
152   3   3   22
152   3   4   34
152   3   5   17
152   4   1   6
152   4   2   16
152   4   3   20
152   4   4   22
152   4   5   20
152   4   6   7
153   1   1   12
153   1   2   18
153   1   3   36
153   1   4   36
153   1   5   25
153   1   6   8
153   2   1   6
153   2   2   10
153   2   3   20
153   2   4   28
153   2   5   32
153   2   6   26
153   2   7   13
153   3   1   14
153   3   2   19
153   3   3   32
153   3   4   37
153   3   5   22
153   3   6   11
153   4   1   10
153   4   2   16
153   4   3   21
153   4   4   22
153   4   5   22
153   4   6   18
153   4   7   16
153   4   8   10
154   1   1   9
154   1   2   6
154   1   3   7
154   1   4   8
154   2   1   13
154   2   2   17
154   3   1   8
154   3   2   8
154   3   3   6
154   3   4   8
154   4   1   5
154   4   2   11
154   4   3   8
154   4   4   6
155   1   1   13
155   1   2   18
155   1   3   13
155   1   4   13
155   2   1   8
155   2   2   20
155   2   3   18
155   2   4   11
155   3   1   11
155   3   2   18
155   3   3   16
155   3   4   12
155   4   1   14
155   4   2   15
155   4   3   14
155   4   4   14
156   1   1   7
156   1   2   13
156   1   3   23
156   1   4   26
156   1   5   22
156   2   1   6
156   2   2   21
156   2   3   22
156   2   4   17
156   2   5   15
156   2   6   10
156   3   1   25
156   3   2   24
156   3   3   21
156   3   4   12
156   3   5   9
156   4   1   25
156   4   2   26
156   4   3   19
156   4   4   14
156   4   5   7
157   1   1   13
157   1   2   14
157   1   3   16
157   1   4   13
157   2   1   11
157   2   2   16
157   2   3   19
157   2   4   10
157   3   1   13
157   3   2   18
157   3   3   12
157   3   4   13
157   4   1   10
157   4   2   19
157   4   3   16
157   4   4   11
158   1   1   6
158   1   2   15
158   1   3   22
158   1   4   20
158   1   5   17
158   1   6   6
158   2   1   17
158   2   2   25
158   2   3   24
158   2   4   20
158   3   1   10
158   3   2   12
158   3   3   21
158   3   4   17
158   3   5   15
158   3   6   11
158   4   1   20
158   4   2   23
158   4   3   25
158   4   4   18
159   1   1   14
159   1   2   22
159   1   3   23
159   1   4   22
159   1   5   14
159   1   6   12
159   1   7   5
159   2   1   13
159   2   2   23
159   2   3   23
159   2   4   18
159   2   5   19
159   2   6   16
159   3   1   7
159   3   2   20
159   3   3   29
159   3   4   28
159   3   5   23
159   3   6   5
159   4   1   6
159   4   2   17
159   4   3   31
159   4   4   34
159   4   5   24
160   1   1   13
160   1   2   18
160   1   3   15
160   1   4   7
160   1   5   3
160   2   1   11
160   2   2   16
160   2   3   19
160   2   4   10
160   3   1   5
160   3   2   8
160   3   3   12
160   3   4   15
160   3   5   16
160   4   1   12
160   4   2   15
160   4   3   16
160   4   4   13
161   1   1   6
161   1   2   11
161   1   3   14
161   1   4   15
161   1   5   19
161   2   1   12
161   2   2   20
161   2   3   22
161   2   4   11
161   3   1   13
161   3   2   20
161   3   3   17
161   3   4   15
161   4   1   17
161   4   2   17
161   4   3   15
161   4   4   16
162   1   1   20
162   1   2   21
162   1   3   30
162   1   4   38
162   1   5   27
162   1   6   15
162   2   1   7
162   2   2   27
162   2   3   46
162   2   4   37
162   2   5   22
162   2   6   12
162   3   1   5
162   3   2   16
162   3   3   25
162   3   4   32
162   3   5   27
162   3   6   23
162   3   7   15
162   3   8   8
162   4   1   19
162   4   2   24
162   4   3   30
162   4   4   35
162   4   5   27
162   4   6   16
163   1   1   7
163   1   2   15
163   1   3   28
163   1   4   27
163   1   5   19
163   1   6   6
163   2   1   11
163   2   2   14
163   2   3   30
163   2   4   22
163   2   5   15
163   2   6   10
163   3   1   8
163   3   2   18
163   3   3   24
163   3   4   25
163   3   5   20
163   3   6   7
163   4   1   9
163   4   2   18
163   4   3   25
163   4   4   23
163   4   5   18
163   4   6   9
164   1   1   12
164   1   2   14
164   1   3   19
164   1   4   16
164   1   5   13
164   1   6   13
164   2   1   7
164   2   2   15
164   2   3   22
164   2   4   20
164   2   5   13
164   2   6   10
164   3   1   7
164   3   2   11
164   3   3   26
164   3   4   24
164   3   5   13
164   3   6   6
164   4   1   17
164   4   2   26
164   4   3   30
164   4   4   14
165   1   1   16
165   1   2   12
165   1   3   15
165   1   4   15
165   2   1   13
165   2   2   14
165   2   3   17
165   2   4   14
165   3   1   8
165   3   2   23
165   3   3   16
165   3   4   11
165   4   1   6
165   4   2   9
165   4   3   13
165   4   4   16
165   4   5   14
166   1   1   5
166   1   2   12
166   1   3   11
166   1   4   5
166   2   1   16
166   2   2   17
166   3   1   4
166   3   2   12
166   3   3   12
166   3   4   5
166   4   1   5
166   4   2   13
166   4   3   9
166   4   4   6
167   1   1   9
167   1   2   16
167   1   3   13
167   1   4   11
167   2   1   9
167   2   2   17
167   2   3   13
167   2   4   10
167   3   1   8
167   3   2   16
167   3   3   17
167   3   4   8
167   4   1   13
167   4   2   13
167   4   3   11
167   4   4   12
168   1   1   5
168   1   2   16
168   1   3   24
168   1   4   28
168   1   5   13
168   2   1   8
168   2   2   15
168   2   3   20
168   2   4   19
168   2   5   19
168   2   6   5
168   3   1   6
168   3   2   17
168   3   3   20
168   3   4   21
168   3   5   15
168   3   6   7
168   4   1   8
168   4   2   20
168   4   3   18
168   4   4   15
168   4   5   13
168   4   6   12
169   1   1   11
169   1   2   19
169   1   3   16
169   1   4   12
169   2   1   12
169   2   2   15
169   2   3   20
169   2   4   11
169   3   1   6
169   3   2   8
169   3   3   19
169   3   4   8
169   3   5   11
169   3   6   6
169   4   1   12
169   4   2   16
169   4   3   19
169   4   4   11
170   1   1   16
170   1   2   25
170   1   3   24
170   1   4   19
170   2   1   6
170   2   2   17
170   2   3   20
170   2   4   21
170   2   5   11
170   2   6   9
170   3   1   6
170   3   2   13
170   3   3   23
170   3   4   22
170   3   5   15
170   3   6   5
170   4   1   6
170   4   2   14
170   4   3   23
170   4   4   21
170   4   5   14
170   4   6   6
171   1   1   15
171   1   2   28
171   1   3   37
171   1   4   32
171   1   5   28
171   1   6   17
171   2   1   19
171   2   2   33
171   2   3   30
171   2   4   27
171   2   5   26
171   2   6   17
171   2   7   5
171   3   1   9
171   3   2   15
171   3   3   24
171   3   4   28
171   3   5   31
171   3   6   28
171   3   7   14
171   3   8   8
171   4   1   5
171   4   2   13
171   4   3   23
171   4   4   37
171   4   5   40
171   4   6   39
172   1   1   19
172   1   2   24
172   1   3   23
172   1   4   18
172   2   1   19
172   2   2   23
172   2   3   22
172   2   4   20
172   3   1   6
172   3   2   14
172   3   3   21
172   3   4   24
172   3   5   19
172   4   1   13
172   4   2   13
172   4   3   16
172   4   4   18
172   4   5   13
172   4   6   9
172   4   7   2
173   1   1   10
173   1   2   21
173   1   3   30
173   1   4   34
173   1   5   40
173   1   6   32
173   1   7   20
173   1   8   9
173   2   1   7
173   2   2   22
173   2   3   29
173   2   4   39
173   2   5   40
173   2   6   33
173   2   7   20
173   2   8   6
173   3   1   16
173   3   2   20
173   3   3   26
173   3   4   31
173   3   5   37
173   3   6   34
173   3   7   27
173   3   8   5
173   4   1   5
173   4   2   14
173   4   3   32
173   4   4   46
173   4   5   44
173   4   6   39
173   4   7   16
174   1   1   8
174   1   2   9
174   2   1   5
174   2   2   8
174   2   3   4
174   3   1   9
174   3   2   8
174   4   1   9
174   4   2   8
175   1   1   1
175   1   2   8
175   1   3   7
175   2   1   9
175   2   2   7
175   3   1   8
175   3   2   8
175   4   1   8
175   4   2   8
176   1   1   14
176   1   2   29
176   1   3   34
176   1   4   24
176   1   5   20
176   1   6   12
176   1   7   7
176   2   1   15
176   2   2   23
176   2   3   30
176   2   4   35
176   2   5   24
176   2   6   13
176   3   1   6
176   3   2   15
176   3   3   21
176   3   4   22
176   3   5   31
176   3   6   27
176   3   7   18
176   4   1   8
176   4   2   24
176   4   3   35
176   4   4   42
176   4   5   24
176   4   6   7
177   1   1   15
177   1   2   19
177   1   3   15
177   1   4   15
177   2   1   11
177   2   2   23
177   2   3   19
177   2   4   11
177   3   1   7
177   3   2   11
177   3   3   15
177   3   4   16
177   3   5   15
177   4   1   5
177   4   2   11
177   4   3   18
177   4   4   12
177   4   5   10
177   4   6   8
178   1   1   20
178   1   2   34
178   1   3   38
178   1   4   47
178   1   5   35
178   1   6   17
178   2   1   6
178   2   2   18
178   2   3   29
178   2   4   43
178   2   5   42
178   2   6   29
178   2   7   17
178   2   8   7
178   3   1   8
178   3   2   13
178   3   3   18
178   3   4   23
178   3   5   26
178   3   6   31
178   3   7   33
178   3   8   27
178   3   9   12
178   4   1   6
178   4   2   18
178   4   3   40
178   4   4   35
178   4   5   30
178   4   6   35
178   4   7   27
179   1   1   6
179   1   2   15
179   1   3   24
179   1   4   28
179   1   5   16
179   1   6   5
179   2   1   11
179   2   2   19
179   2   3   27
179   2   4   19
179   2   5   12
179   2   6   6
179   3   1   22
179   3   2   23
179   3   3   25
179   3   4   24
179   4   1   10
179   4   2   18
179   4   3   19
179   4   4   20
179   4   5   15
179   4   6   12
180   1   1   5
180   1   2   16
180   1   3   22
180   1   4   28
180   1   5   31
180   1   6   26
180   1   7   19
180   2   1   15
180   2   2   30
180   2   3   31
180   2   4   27
180   2   5   27
180   2   6   17
180   3   1   20
180   3   2   25
180   3   3   24
180   3   4   34
180   3   5   22
180   3   6   22
180   4   1   11
180   4   2   27
180   4   3   34
180   4   4   37
180   4   5   29
180   4   6   9
181   1   1   12
181   1   2   16
181   1   3   14
181   1   4   12
181   2   1   13
181   2   2   13
181   2   3   16
181   2   4   12
181   3   1   13
181   3   2   13
181   3   3   14
181   3   4   14
181   4   1   9
181   4   2   15
181   4   3   23
181   4   4   7
182   1   1   24
182   1   2   24
182   1   3   21
182   1   4   16
182   1   5   7
182   2   1   7
182   2   2   17
182   2   3   22
182   2   4   22
182   2   5   14
182   2   6   10
182   3   1   6
182   3   2   16
182   3   3   23
182   3   4   24
182   3   5   23
182   4   1   6
182   4   2   16
182   4   3   25
182   4   4   24
182   4   5   15
182   4   6   6
183   1   1   12
183   1   2   14
183   1   3   13
183   1   4   8
183   1   5   3
183   2   1   10
183   2   2   15
183   2   3   15
183   2   4   10
183   3   1   9
183   3   2   16
183   3   3   16
183   3   4   9
183   4   1   9
183   4   2   16
183   4   3   17
183   4   4   8
184   1   1   12
184   1   2   17
184   1   3   11
184   1   4   15
184   2   1   11
184   2   2   19
184   2   3   15
184   2   4   10
184   3   1   10
184   3   2   16
184   3   3   20
184   3   4   9
184   4   1   13
184   4   2   15
184   4   3   14
184   4   4   13
185   1   1   6
185   1   2   13
185   1   3   24
185   1   4   20
185   1   5   14
185   1   6   7
185   2   1   5
185   2   2   16
185   2   3   21
185   2   4   21
185   2   5   16
185   2   6   5
185   3   1   5
185   3   2   16
185   3   3   18
185   3   4   25
185   3   5   14
185   3   6   6
185   4   1   16
185   4   2   29
185   4   3   21
185   4   4   18
186   1   1   23
186   1   2   21
186   1   3   21
186   1   4   14
186   1   5   6
186   2   1   14
186   2   2   32
186   2   3   24
186   2   4   15
186   3   1   5
186   3   2   7
186   3   3   13
186   3   4   18
186   3   5   16
186   3   6   14
186   3   7   12
186   4   1   8
186   4   2   14
186   4   3   17
186   4   4   24
186   4   5   17
186   4   6   5
187   1   1   20
187   1   2   23
187   1   3   28
187   1   4   28
187   1   5   24
187   1   6   18
187   2   1   12
187   2   2   24
187   2   3   32
187   2   4   37
187   2   5   27
187   2   6   9
187   3   1   5
187   3   2   10
187   3   3   27
187   3   4   26
187   3   5   31
187   3   6   28
187   3   7   9
187   3   8   5
187   4   1   14
187   4   2   27
187   4   3   31
187   4   4   32
187   4   5   23
187   4   6   14
188   1   1   8
188   1   2   15
188   1   3   17
188   1   4   6
188   2   1   10
188   2   2   12
188   2   3   16
188   2   4   8
188   3   1   11
188   3   2   11
188   3   3   13
188   3   4   11
188   4   1   10
188   4   2   11
188   4   3   15
188   4   4   10
189   1   1   6
189   1   2   17
189   1   3   19
189   1   4   25
189   1   5   17
189   1   6   5
189   2   1   7
189   2   2   18
189   2   3   20
189   2   4   19
189   2   5   20
189   2   6   5
189   3   1   7
189   3   2   15
189   3   3   23
189   3   4   24
189   3   5   20
189   4   1   8
189   4   2   16
189   4   3   22
189   4   4   20
189   4   5   17
189   4   6   6
190   1   1   8
190   1   2   29
190   1   3   36
190   1   4   37
190   1   5   20
190   1   6   14
190   2   1   18
190   2   2   24
190   2   3   32
190   2   4   27
190   2   5   29
190   2   6   14
190   3   1   19
190   3   2   28
190   3   3   27
190   3   4   28
190   3   5   22
190   3   6   15
190   3   7   5
190   4   1   16
190   4   2   24
190   4   3   32
190   4   4   34
190   4   5   23
190   4   6   15
191   1   1   12
191   1   2   22
191   1   3   20
191   1   4   11
191   2   1   13
191   2   2   19
191   2   3   20
191   2   4   13
191   3   1   7
191   3   2   11
191   3   3   13
191   3   4   14
191   3   5   13
191   3   6   7
191   4   1   16
191   4   2   17
191   4   3   17
191   4   4   10
191   4   5   5
192   1   1   14
192   1   2   23
192   1   3   22
192   1   4   15
192   2   1   19
192   2   2   17
192   2   3   19
192   2   4   19
192   3   1   17
192   3   2   20
192   3   3   20
192   3   4   17
192   4   1   7
192   4   2   15
192   4   3   16
192   4   4   14
192   4   5   14
192   4   6   8
193   1   1   12
193   1   2   14
193   1   3   11
193   1   4   11
193   2   1   7
193   2   2   18
193   2   3   16
193   2   4   7
193   3   1   9
193   3   2   14
193   3   3   16
193   3   4   9
193   4   1   9
193   4   2   15
193   4   3   15
193   4   4   9
194   1   1   12
194   1   2   9
194   2   1   10
194   2   2   11
194   3   1   11
194   3   2   10
194   4   1   10
194   4   2   11
195   1   1   6
195   1   2   17
195   1   3   30
195   1   4   24
195   1   5   16
195   1   6   7
195   2   1   10
195   2   2   18
195   2   3   24
195   2   4   20
195   2   5   16
195   2   6   12
195   3   1   5
195   3   2   16
195   3   3   27
195   3   4   32
195   3   5   20
195   4   1   12
195   4   2   16
195   4   3   20
195   4   4   24
195   4   5   17
195   4   6   11
196   1   1   6
196   1   2   14
196   1   3   21
196   1   4   25
196   1   5   22
196   2   1   8
196   2   2   18
196   2   3   19
196   2   4   20
196   2   5   14
196   2   6   9
196   3   1   6
196   3   2   16
196   3   3   21
196   3   4   24
196   3   5   13
196   3   6   8
196   4   1   19
196   4   2   29
196   4   3   20
196   4   4   20
197   1   1   13
197   1   2   12
197   1   3   18
197   1   4   21
197   1   5   18
197   1   6   9
197   2   1   21
197   2   2   28
197   2   3   21
197   2   4   21
197   3   1   21
197   3   2   23
197   3   3   26
197   3   4   21
197   4   1   10
197   4   2   14
197   4   3   21
197   4   4   20
197   4   5   16
197   4   6   10
198   1   1   10
198   1   2   16
198   1   3   26
198   1   4   29
198   1   5   30
198   1   6   24
198   1   7   21
198   1   8   7
198   2   1   17
198   2   2   29
198   2   3   34
198   2   4   36
198   2   5   30
198   2   6   17
198   3   1   18
198   3   2   29
198   3   3   36
198   3   4   33
198   3   5   30
198   3   6   17
198   4   1   18
198   4   2   30
198   4   3   35
198   4   4   36
198   4   5   24
198   4   6   20
199   1   1   10
199   1   2   29
199   1   3   39
199   1   4   36
199   1   5   27
199   1   6   11
199   2   1   27
199   2   2   25
199   2   3   24
199   2   4   21
199   2   5   22
199   2   6   22
199   2   7   11
199   3   1   15
199   3   2   28
199   3   3   33
199   3   4   34
199   3   5   29
199   3   6   13
199   4   1   18
199   4   2   25
199   4   3   32
199   4   4   32
199   4   5   28
199   4   6   17
200   1   1   11
200   1   2   22
200   1   3   29
200   1   4   21
200   1   5   16
200   1   6   15
200   2   1   9
200   2   2   19
200   2   3   26
200   2   4   32
200   2   5   23
200   2   6   5
200   3   1   9
200   3   2   23
200   3   3   23
200   3   4   25
200   3   5   23
200   3   6   11
200   4   1   14
200   4   2   15
200   4   3   24
200   4   4   28
200   4   5   23
200   4   6   10
201   1   1   5
201   1   2   18
201   1   3   19
201   1   4   21
201   1   5   13
201   1   6   7
201   2   1   19
201   2   2   24
201   2   3   25
201   2   4   15
201   3   1   21
201   3   2   22
201   3   3   21
201   3   4   13
201   3   5   6
201   4   1   5
201   4   2   18
201   4   3   19
201   4   4   19
201   4   5   16
201   4   6   6
202   1   1   1
202   2   1   1
202   3   1   1
202   4   1   1
203   1   1   5
203   1   2   6
203   1   3   12
203   1   4   16
203   1   5   26
203   1   6   21
203   1   7   6
203   2   1   5
203   2   2   18
203   2   3   25
203   2   4   23
203   2   5   15
203   2   6   6
203   3   1   20
203   3   2   29
203   3   3   24
203   3   4   13
203   3   5   6
203   4   1   5
203   4   2   19
203   4   3   24
203   4   4   23
203   4   5   10
203   4   6   11
204   1   1   24
204   1   2   21
204   1   3   23
204   1   4   13
204   1   5   6
204   2   1   5
204   2   2   11
204   2   3   25
204   2   4   28
204   2   5   18
204   3   1   11
204   3   2   12
204   3   3   17
204   3   4   25
204   3   5   14
204   3   6   8
204   4   1   8
204   4   2   9
204   4   3   28
204   4   4   15
204   4   5   27
205   1   1   8
205   1   2   15
205   1   3   16
205   1   4   18
205   1   5   14
205   1   6   8
205   2   1   8
205   2   2   14
205   2   3   16
205   2   4   18
205   2   5   15
205   2   6   8
205   3   1   6
205   3   2   15
205   3   3   22
205   3   4   24
205   3   5   12
205   4   1   20
205   4   2   20
205   4   3   21
205   4   4   12
205   4   5   6
206   1   1   7
206   1   2   22
206   1   3   31
206   1   4   33
206   1   5   24
206   1   6   5
206   2   1   5
206   2   2   13
206   2   3   18
206   2   4   22
206   2   5   25
206   2   6   24
206   2   7   15
206   3   1   19
206   3   2   22
206   3   3   22
206   3   4   21
206   3   5   20
206   3   6   18
206   4   1   8
206   4   2   23
206   4   3   27
206   4   4   30
206   4   5   34
207   1   1   6
207   1   2   13
207   1   3   24
207   1   4   28
207   1   5   14
207   1   6   5
207   2   1   10
207   2   2   20
207   2   3   16
207   2   4   15
207   2   5   16
207   2   6   13
207   3   1   9
207   3   2   15
207   3   3   20
207   3   4   22
207   3   5   17
207   3   6   7
207   4   1   6
207   4   2   13
207   4   3   28
207   4   4   21
207   4   5   16
207   4   6   6
208   1   1   1
208   2   1   1
208   3   1   1
208   4   1   1
209   1   1   10
209   1   2   23
209   1   3   28
209   1   4   29
209   1   5   28
209   1   6   23
209   1   7   18
209   1   8   15
209   2   1   19
209   2   2   26
209   2   3   37
209   2   4   44
209   2   5   33
209   2   6   15
209   3   1   13
209   3   2   29
209   3   3   42
209   3   4   41
209   3   5   27
209   3   6   15
209   3   7   7
209   4   1   5
209   4   2   13
209   4   3   28
209   4   4   38
209   4   5   39
209   4   6   33
209   4   7   18
210   1   1   7
210   1   2   24
210   1   3   27
210   1   4   23
210   1   5   23
210   1   6   20
210   1   7   15
210   1   8   16
210   2   1   8
210   2   2   14
210   2   3   27
210   2   4   29
210   2   5   28
210   2   6   23
210   2   7   19
210   2   8   7
210   3   1   15
210   3   2   26
210   3   3   37
210   3   4   37
210   3   5   26
210   3   6   14
210   4   1   11
210   4   2   22
210   4   3   39
210   4   4   45
210   4   5   38
211   1   1   7
211   1   2   9
211   2   1   9
211   2   2   7
211   3   1   7
211   3   2   9
211   4   1   8
211   4   2   8
212   1   1   9
212   1   2   17
212   1   3   27
212   1   4   40
212   1   5   42
212   1   6   30
212   1   7   27
212   2   1   18
212   2   2   17
212   2   3   21
212   2   4   28
212   2   5   39
212   2   6   40
212   2   7   29
212   3   1   13
212   3   2   22
212   3   3   23
212   3   4   33
212   3   5   41
212   3   6   30
212   3   7   18
212   3   8   12
212   4   1   8
212   4   2   14
212   4   3   29
212   4   4   40
212   4   5   45
212   4   6   36
212   4   7   20
213   1   1   14
213   1   2   15
213   1   3   20
213   1   4   19
213   1   5   20
213   1   6   12
213   2   1   9
213   2   2   20
213   2   3   22
213   2   4   20
213   2   5   23
213   2   6   6
213   3   1   5
213   3   2   17
213   3   3   30
213   3   4   27
213   3   5   14
213   3   6   7
213   4   1   23
213   4   2   28
213   4   3   28
213   4   4   21
214   1   1   14
214   1   2   27
214   1   3   29
214   1   4   35
214   1   5   35
214   1   6   36
214   1   7   27
214   1   8   12
214   2   1   13
214   2   2   21
214   2   3   34
214   2   4   36
214   2   5   43
214   2   6   40
214   2   7   23
214   2   8   5
214   3   1   23
214   3   2   39
214   3   3   51
214   3   4   47
214   3   5   31
214   3   6   17
214   3   7   7
214   4   1   19
214   4   2   29
214   4   3   25
214   4   4   35
214   4   5   33
214   4   6   32
214   4   7   25
214   4   8   11
214   4   9   6
215   1   1   6
215   1   2   13
215   1   3   30
215   1   4   39
215   1   5   34
215   1   6   32
215   1   7   17
215   2   1   8
215   2   2   15
215   2   3   26
215   2   4   35
215   2   5   34
215   2   6   31
215   2   7   22
215   3   1   23
215   3   2   27
215   3   3   34
215   3   4   39
215   3   5   39
215   3   6   9
215   4   1   10
215   4   2   21
215   4   3   28
215   4   4   25
215   4   5   30
215   4   6   26
215   4   7   20
215   4   8   11
216   1   1   6
216   1   2   14
216   1   3   20
216   1   4   18
216   1   5   15
216   1   6   6
216   2   1   10
216   2   2   13
216   2   3   17
216   2   4   16
216   2   5   14
216   2   6   9
216   3   1   11
216   3   2   29
216   3   3   29
216   3   4   10
216   4   1   6
216   4   2   13
216   4   3   21
216   4   4   19
216   4   5   14
216   4   6   6
217   1   1   9
217   1   2   10
217   1   3   11
217   1   4   9
217   2   1   24
217   2   2   9
217   2   3   6
217   3   1   21
217   3   2   18
217   4   1   6
217   4   2   16
217   4   3   8
217   4   4   9
218   1   1   8
218   1   2   12
218   1   3   13
218   1   4   16
218   1   5   16
218   1   6   17
218   1   7   19
218   2   1   5
218   2   2   17
218   2   3   31
218   2   4   25
218   2   5   17
218   2   6   6
218   3   1   5
218   3   2   19
218   3   3   27
218   3   4   25
218   3   5   19
218   3   6   6
218   4   1   23
218   4   2   31
218   4   3   24
218   4   4   16
218   4   5   7
219   1   1   17
219   1   2   23
219   1   3   25
219   1   4   19
219   2   1   5
219   2   2   14
219   2   3   19
219   2   4   24
219   2   5   15
219   2   6   7
219   3   1   6
219   3   2   16
219   3   3   20
219   3   4   22
219   3   5   12
219   3   6   8
219   4   1   23
219   4   2   24
219   4   3   17
219   4   4   11
219   4   5   9
220   1   1   7
220   1   2   15
220   1   3   33
220   1   4   46
220   1   5   47
220   1   6   36
220   1   7   31
220   1   8   29
220   1   9   19
220   1   10   12
220   2   1   11
220   2   2   16
220   2   3   24
220   2   4   39
220   2   5   45
220   2   6   44
220   2   7   40
220   2   8   33
220   2   9   23
220   3   1   7
220   3   2   17
220   3   3   27
220   3   4   40
220   3   5   42
220   3   6   42
220   3   7   45
220   3   8   41
220   3   9   14
220   4   1   25
220   4   2   31
220   4   3   90
220   4   4   51
220   4   5   64
220   4   6   14
221   1   1   5
221   1   2   17
221   1   3   23
221   1   4   28
221   1   5   22
221   2   1   24
221   2   2   29
221   2   3   19
221   2   4   13
221   2   5   10
221   3   1   7
221   3   2   15
221   3   3   25
221   3   4   27
221   3   5   15
221   3   6   6
221   4   1   14
221   4   2   19
221   4   3   12
221   4   4   18
221   4   5   20
221   4   6   12
222   1   1   17
222   1   2   21
222   1   3   28
222   1   4   16
222   2   1   6
222   2   2   14
222   2   3   20
222   2   4   20
222   2   5   22
222   3   1   6
222   3   2   14
222   3   3   21
222   3   4   22
222   3   5   14
222   3   6   5
222   4   1   7
222   4   2   14
222   4   3   20
222   4   4   19
222   4   5   16
222   4   6   6
223   1   1   10
223   1   2   17
223   1   3   23
223   1   4   25
223   1   5   25
223   1   6   25
223   1   7   19
223   1   8   8
223   2   1   9
223   2   2   25
223   2   3   43
223   2   4   37
223   2   5   28
223   2   6   10
223   3   1   6
223   3   2   16
223   3   3   27
223   3   4   28
223   3   5   29
223   3   6   22
223   3   7   16
223   3   8   8
223   4   1   14
223   4   2   24
223   4   3   32
223   4   4   36
223   4   5   35
223   4   6   11
224   1   1   6
224   1   2   6
224   1   3   11
224   1   4   6
224   2   1   5
224   2   2   9
224   2   3   15
224   3   1   6
224   3   2   8
224   3   3   10
224   3   4   5
224   4   1   6
224   4   2   10
224   4   3   13
225   1   1   16
225   1   2   20
225   1   3   20
225   1   4   16
225   2   1   15
225   2   2   22
225   2   3   20
225   2   4   15
225   3   1   16
225   3   2   22
225   3   3   18
225   3   4   16
225   4   1   10
225   4   2   14
225   4   3   12
225   4   4   13
225   4   5   14
225   4   6   9
226   1   1   7
226   1   2   25
226   1   3   28
226   1   4   23
226   1   5   21
226   1   6   10
226   2   1   12
226   2   2   18
226   2   3   24
226   2   4   30
226   2   5   21
226   2   6   9
226   3   1   7
226   3   2   23
226   3   3   27
226   3   4   28
226   3   5   20
226   3   6   9
226   4   1   13
226   4   2   19
226   4   3   22
226   4   4   25
226   4   5   21
226   4   6   14
227   1   1   11
227   1   2   23
227   1   3   19
227   1   4   13
227   2   1   14
227   2   2   19
227   2   3   19
227   2   4   14
227   3   1   15
227   3   2   17
227   3   3   20
227   3   4   14
227   4   1   5
227   4   2   11
227   4   3   16
227   4   4   17
227   4   5   17
228   1   1   13
228   1   2   23
228   1   3   32
228   1   4   29
228   1   5   21
228   1   6   14
228   2   1   8
228   2   2   12
228   2   3   20
228   2   4   23
228   2   5   28
228   2   6   22
228   2   7   14
228   2   8   5
228   3   1   8
228   3   2   23
228   3   3   34
228   3   4   37
228   3   5   22
228   3   6   8
228   4   1   16
228   4   2   22
228   4   3   27
228   4   4   29
228   4   5   23
228   4   6   15
229   1   1   10
229   1   2   17
229   1   3   27
229   1   4   31
229   1   5   31
229   2   1   12
229   2   2   27
229   2   3   25
229   2   4   20
229   2   5   15
229   2   6   11
229   2   7   6
229   3   1   18
229   3   2   23
229   3   3   22
229   3   4   22
229   3   5   19
229   3   6   12
229   4   1   5
229   4   2   24
229   4   3   31
229   4   4   28
229   4   5   19
229   4   6   9
230   1   1   10
230   1   2   15
230   1   3   25
230   1   4   29
230   1   5   27
230   1   6   27
230   1   7   30
230   1   8   22
230   1   9   16
230   1   10   11
230   2   1   8
230   2   2   20
230   2   3   30
230   2   4   44
230   2   5   47
230   2   6   38
230   2   7   25
230   3   1   24
230   3   2   33
230   3   3   50
230   3   4   49
230   3   5   34
230   3   6   16
230   3   7   6
230   4   1   8
230   4   2   20
230   4   3   33
230   4   4   47
230   4   5   42
230   4   6   39
230   4   7   19
230   4   8   4
231   1   1   5
231   1   2   10
231   1   3   16
231   2   1   11
231   2   2   8
231   2   3   7
231   2   4   5
231   3   1   16
231   3   2   15
231   4   1   15
231   4   2   16
232   1   1   11
232   1   2   18
232   1   3   16
232   1   4   11
232   2   1   14
232   2   2   14
232   2   3   13
232   2   4   15
232   3   1   11
232   3   2   14
232   3   3   23
232   3   4   8
232   4   1   13
232   4   2   15
232   4   3   14
232   4   4   14
233   1   1   5
233   1   2   12
233   1   3   18
233   1   4   18
233   1   5   10
233   1   6   6
233   2   1   16
233   2   2   20
233   2   3   17
233   2   4   16
233   3   1   17
233   3   2   19
233   3   3   15
233   3   4   14
233   3   5   4
233   4   1   14
233   4   2   21
233   4   3   22
233   4   4   12
234   1   1   16
234   1   2   20
234   1   3   26
234   2   1   12
234   2   2   18
234   2   3   21
234   2   4   11
234   3   1   17
234   3   2   12
234   3   3   18
234   3   4   10
234   3   5   5
234   4   1   15
234   4   2   16
234   4   3   17
234   4   4   14
235   1   1   5
235   1   2   22
235   1   3   22
235   1   4   5
235   2   1   11
235   2   2   16
235   2   3   19
235   2   4   8
235   3   1   13
235   3   2   15
235   3   3   13
235   3   4   8
235   3   5   5
235   4   1   5
235   4   2   10
235   4   3   12
235   4   4   13
235   4   5   9
235   4   6   5
236   1   1   13
236   1   2   24
236   1   3   26
236   1   4   27
236   1   5   23
236   1   6   13
236   2   1   15
236   2   2   20
236   2   3   28
236   2   4   28
236   2   5   20
236   2   6   15
236   3   1   10
236   3   2   20
236   3   3   31
236   3   4   30
236   3   5   29
236   3   6   6
236   4   1   14
236   4   2   19
236   4   3   25
236   4   4   31
236   4   5   28
236   4   6   9
237   1   1   7
237   1   2   18
237   1   3   24
237   1   4   15
237   1   5   15
237   1   6   10
237   2   1   12
237   2   2   16
237   2   3   19
237   2   4   17
237   2   5   13
237   2   6   12
237   3   1   7
237   3   2   15
237   3   3   25
237   3   4   19
237   3   5   15
237   3   6   8
237   4   1   21
237   4   2   24
237   4   3   25
237   4   4   13
237   4   5   6
238   1   1   11
238   1   2   20
238   1   3   19
238   1   4   10
238   2   1   11
238   2   2   19
238   2   3   18
238   2   4   12
238   3   1   15
238   3   2   16
238   3   3   15
238   3   4   9
238   3   5   5
238   4   1   13
238   4   2   15
238   4   3   19
238   4   4   13
239   1   1   10
239   1   2   14
239   1   3   13
239   1   4   9
239   2   1   7
239   2   2   15
239   2   3   18
239   2   4   6
239   3   1   10
239   3   2   13
239   3   3   14
239   3   4   9
239   4   1   9
239   4   2   15
239   4   3   12
239   4   4   10
240   1   1   9
240   1   2   16
240   1   3   16
240   1   4   7
240   2   1   10
240   2   2   14
240   2   3   13
240   2   4   11
240   3   1   4
240   3   2   7
240   3   3   12
240   3   4   13
240   3   5   12
240   4   1   18
240   4   2   22
240   4   3   8
241   1   1   15
241   1   2   19
241   1   3   15
241   1   4   16
241   2   1   12
241   2   2   22
241   2   3   18
241   2   4   13
241   3   1   15
241   3   2   17
241   3   3   17
241   3   4   16
241   4   1   15
241   4   2   18
241   4   3   19
241   4   4   13
242   1   1   12
242   1   2   17
242   1   3   32
242   1   4   39
242   1   5   37
242   1   6   29
242   1   7   21
242   1   8   11
242   2   1   8
242   2   2   13
242   2   3   32
242   2   4   42
242   2   5   48
242   2   6   36
242   2   7   15
242   2   8   4
242   3   1   5
242   3   2   23
242   3   3   34
242   3   4   41
242   3   5   37
242   3   6   28
242   3   7   20
242   3   8   10
242   4   1   8
242   4   2   17
242   4   3   34
242   4   4   37
242   4   5   41
242   4   6   35
242   4   7   19
242   4   8   7
243   1   1   17
243   1   2   28
243   1   3   36
243   1   4   31
243   1   5   25
243   1   6   20
243   2   1   21
243   2   2   25
243   2   3   31
243   2   4   29
243   2   5   35
243   2   6   16
243   3   1   6
243   3   2   21
243   3   3   29
243   3   4   30
243   3   5   23
243   3   6   20
243   3   7   18
243   3   8   10
243   4   1   12
243   4   2   31
243   4   3   39
243   4   4   38
243   4   5   20
243   4   6   13
243   4   7   4
244   1   1   9
244   1   2   23
244   1   3   23
244   1   4   22
244   1   5   16
244   1   6   12
244   2   1   7
244   2   2   16
244   2   3   27
244   2   4   31
244   2   5   19
244   2   6   5
244   3   1   5
244   3   2   12
244   3   3   16
244   3   4   20
244   3   5   23
244   3   6   16
244   3   7   13
244   4   1   5
244   4   2   16
244   4   3   30
244   4   4   33
244   4   5   21
245   1   1   5
245   1   2   11
245   1   3   17
245   1   4   23
245   1   5   23
245   1   6   22
245   1   7   14
245   2   1   8
245   2   2   22
245   2   3   29
245   2   4   26
245   2   5   21
245   2   6   9
245   3   1   10
245   3   2   19
245   3   3   28
245   3   4   29
245   3   5   22
245   3   6   7
245   4   1   9
245   4   2   24
245   4   3   25
245   4   4   25
245   4   5   21
245   4   6   11
246   1   1   12
246   1   2   24
246   1   3   24
246   1   4   25
246   1   5   26
246   1   6   9
246   2   1   11
246   2   2   22
246   2   3   27
246   2   4   29
246   2   5   20
246   2   6   11
246   3   1   13
246   3   2   24
246   3   3   24
246   3   4   23
246   3   5   22
246   3   6   14
246   4   1   8
246   4   2   22
246   4   3   31
246   4   4   32
246   4   5   18
246   4   6   9
247   1   1   21
247   1   2   20
247   1   3   19
247   1   4   16
247   1   5   5
247   2   1   14
247   2   2   18
247   2   3   21
247   2   4   18
247   2   5   10
247   3   1   15
247   3   2   25
247   3   3   25
247   3   4   16
247   4   1   11
247   4   2   11
247   4   3   16
247   4   4   19
247   4   5   17
247   4   6   7
248   1   1   7
248   1   2   13
248   1   3   11
248   1   4   6
248   2   1   19
248   2   2   18
248   3   1   10
248   3   2   9
248   3   3   6
248   3   4   12
248   4   1   5
248   4   2   13
248   4   3   13
248   4   4   6
249   1   1   7
249   1   2   25
249   1   3   35
249   1   4   35
249   1   5   29
249   1   6   5
249   2   1   13
249   2   2   23
249   2   3   30
249   2   4   33
249   2   5   24
249   2   6   13
249   3   1   15
249   3   2   24
249   3   3   29
249   3   4   29
249   3   5   24
249   3   6   15
249   4   1   5
249   4   2   14
249   4   3   21
249   4   4   29
249   4   5   25
249   4   6   23
249   4   7   19
250   1   1   11
250   1   2   22
250   1   3   35
250   1   4   31
250   1   5   22
250   1   6   10
250   2   1   17
250   2   2   23
250   2   3   25
250   2   4   28
250   2   5   19
250   2   6   13
250   2   7   6
250   3   1   6
250   3   2   24
250   3   3   36
250   3   4   36
250   3   5   29
250   4   1   5
250   4   2   14
250   4   3   20
250   4   4   26
250   4   5   27
250   4   6   21
250   4   7   18
