1   1   1   10
1   1   2   6
1   1   3   5
1   2   1   5
1   2   2   5
1   2   3   6
1   2   4   5
1   3   1   11
1   3   2   10
1   4   1   8
1   4   2   1
1   4   3   1
1   4   4   1
1   4   5   3
1   4   6   7
2   1   1   14
2   1   2   12
2   1   3   13
2   1   4   12
2   2   1   11
2   2   2   14
2   2   3   16
2   2   4   10
2   3   1   9
2   3   2   18
2   3   3   16
2   3   4   8
2   4   1   8
2   4   2   19
2   4   3   15
2   4   4   9
3   1   1   9
3   1   2   29
3   1   3   38
3   1   4   37
3   1   5   25
3   1   6   11
3   2   1   15
3   2   2   32
3   2   3   35
3   2   4   27
3   2   5   19
3   2   6   13
3   2   7   8
3   3   1   21
3   3   2   29
3   3   3   32
3   3   4   28
3   3   5   18
3   3   6   14
3   3   7   7
3   4   1   17
3   4   2   24
3   4   3   33
3   4   4   35
3   4   5   24
3   4   6   16
4   1   1   10
4   1   2   16
4   1   3   35
4   1   4   31
4   1   5   30
4   1   6   25
4   1   7   23
4   1   8   10
4   2   1   18
4   2   2   26
4   2   3   53
4   2   4   34
4   2   5   32
4   2   6   17
4   3   1   22
4   3   2   32
4   3   3   35
4   3   4   35
4   3   5   33
4   3   6   23
4   4   1   7
4   4   2   15
4   4   3   27
4   4   4   37
4   4   5   41
4   4   6   33
4   4   7   20
5   1   1   10
5   1   2   11
5   1   3   20
5   1   4   23
5   1   5   16
5   1   6   8
5   2   1   7
5   2   2   20
5   2   3   21
5   2   4   18
5   2   5   13
5   2   6   9
5   3   1   7
5   3   2   14
5   3   3   22
5   3   4   24
5   3   5   21
5   4   1   5
5   4   2   15
5   4   3   23
5   4   4   26
5   4   5   19
6   1   1   11
6   1   2   31
6   1   3   42
6   1   4   26
6   1   5   29
6   1   6   9
6   1   7   5
6   2   1   11
6   2   2   12
6   2   3   22
6   2   4   27
6   2   5   31
6   2   6   27
6   2   7   18
6   2   8   5
6   3   1   5
6   3   2   10
6   3   3   26
6   3   4   28
6   3   5   42
6   3   6   27
6   3   7   15
6   4   1   4
6   4   2   11
6   4   3   23
6   4   4   35
6   4   5   35
6   4   6   33
6   4   7   12
7   1   1   15
7   1   2   17
7   1   3   20
7   1   4   16
7   2   1   5
7   2   2   13
7   2   3   14
7   2   4   16
7   2   5   13
7   2   6   7
7   3   1   14
7   3   2   21
7   3   3   19
7   3   4   14
7   4   1   13
7   4   2   22
7   4   3   21
7   4   4   12
8   1   1   12
8   1   2   19
8   1   3   23
8   1   4   27
8   1   5   19
8   1   6   10
8   2   1   10
8   2   2   22
8   2   3   25
8   2   4   23
8   2   5   18
8   2   6   12
8   3   1   7
8   3   2   18
8   3   3   29
8   3   4   33
8   3   5   17
8   3   6   6
8   4   1   8
8   4   2   22
8   4   3   26
8   4   4   23
8   4   5   21
8   4   6   10
9   1   1   7
9   1   2   10
9   1   3   14
9   1   4   19
9   1   5   18
9   2   1   9
9   2   2   26
9   2   3   21
9   2   4   12
9   3   1   5
9   3   2   6
9   3   3   10
9   3   4   13
9   3   5   12
9   3   6   9
9   3   7   13
9   4   1   12
9   4   2   20
9   4   3   24
9   4   4   12
10   1   1   8
10   1   2   11
10   1   3   17
10   1   4   13
10   1   5   23
10   2   1   8
10   2   2   13
10   2   3   14
10   2   4   15
10   2   5   13
10   2   6   6
10   2   7   3
10   3   1   12
10   3   2   23
10   3   3   27
10   3   4   10
10   4   1   16
10   4   2   21
10   4   3   21
10   4   4   14
11   1   1   6
11   1   2   19
11   1   3   17
11   1   4   6
11   2   1   10
11   2   2   12
11   2   3   17
11   2   4   9
11   3   1   13
11   3   2   10
11   3   3   14
11   3   4   11
11   4   1   13
11   4   2   12
11   4   3   12
11   4   4   7
11   4   5   4
12   1   1   5
12   1   2   15
12   1   3   15
12   1   4   17
12   1   5   15
12   1   6   5
12   2   1   7
12   2   2   11
12   2   3   17
12   2   4   18
12   2   5   15
12   2   6   4
12   3   1   5
12   3   2   12
12   3   3   17
12   3   4   19
12   3   5   19
12   4   1   8
12   4   2   9
12   4   3   18
12   4   4   17
12   4   5   15
12   4   6   5
13   1   1   8
13   1   2   11
13   1   3   9
13   1   4   8
13   2   1   7
13   2   2   10
13   2   3   10
13   2   4   9
13   3   1   6
13   3   2   12
13   3   3   13
13   3   4   5
13   4   1   17
13   4   2   19
14   1   1   6
14   1   2   11
14   1   3   17
14   1   4   18
14   1   5   19
14   2   1   15
14   2   2   21
14   2   3   21
14   2   4   14
14   3   1   8
14   3   2   12
14   3   3   17
14   3   4   12
14   3   5   14
14   3   6   8
14   4   1   14
14   4   2   23
14   4   3   20
14   4   4   14
15   1   1   16
15   1   2   26
15   1   3   24
15   1   4   17
15   2   1   18
15   2   2   24
15   2   3   24
15   2   4   17
15   3   1   10
15   3   2   12
15   3   3   16
15   3   4   21
15   3   5   17
15   3   6   7
15   4   1   7
15   4   2   18
15   4   3   12
15   4   4   25
15   4   5   14
15   4   6   7
16   1   1   20
16   1   2   32
16   1   3   43
16   1   4   36
16   1   5   31
16   1   6   24
16   2   1   22
16   2   2   42
16   2   3   37
16   2   4   34
16   2   5   21
16   2   6   17
16   2   7   13
16   3   1   27
16   3   2   33
16   3   3   39
16   3   4   35
16   3   5   20
16   3   6   18
16   3   7   14
16   4   1   20
16   4   2   36
16   4   3   43
16   4   4   34
16   4   5   31
16   4   6   13
16   4   7   9
17   1   1   8
17   1   2   16
17   1   3   15
17   1   4   22
17   1   5   24
17   1   6   25
17   1   7   20
17   2   1   6
17   2   2   26
17   2   3   36
17   2   4   31
17   2   5   22
17   2   6   9
17   3   1   18
17   3   2   22
17   3   3   26
17   3   4   24
17   3   5   22
17   3   6   18
17   4   1   5
17   4   2   28
17   4   3   36
17   4   4   28
17   4   5   25
17   4   6   8
18   1   1   5
18   1   2   14
18   1   3   23
18   1   4   22
18   1   5   19
18   2   1   11
18   2   2   11
18   2   3   17
18   2   4   20
18   2   5   15
18   2   6   9
18   3   1   22
18   3   2   20
18   3   3   23
18   3   4   13
18   3   5   5
18   4   1   7
18   4   2   17
18   4   3   19
18   4   4   17
18   4   5   16
18   4   6   7
19   1   1   5
19   1   2   25
19   1   3   37
19   1   4   37
19   1   5   31
19   2   1   8
19   2   2   15
19   2   3   22
19   2   4   22
19   2   5   22
19   2   6   22
19   2   7   17
19   2   8   7
19   3   1   12
19   3   2   26
19   3   3   29
19   3   4   33
19   3   5   22
19   3   6   13
19   4   1   5
19   4   2   12
19   4   3   20
19   4   4   28
19   4   5   33
19   4   6   23
19   4   7   14
20   1   1   6
20   1   2   9
20   1   3   12
20   1   4   14
20   1   5   15
20   2   1   14
20   2   2   14
20   2   3   13
20   2   4   15
20   3   1   6
20   3   2   23
20   3   3   27
20   4   1   8
20   4   2   10
20   4   3   13
20   4   4   9
20   4   5   9
20   4   6   7
21   1   1   9
21   1   2   17
21   1   3   22
21   1   4   22
21   1   5   16
21   1   6   8
21   2   1   8
21   2   2   19
21   2   3   21
21   2   4   20
21   2   5   17
21   2   6   9
21   3   1   6
21   3   2   16
21   3   3   19
21   3   4   36
21   3   5   12
21   3   6   5
21   4   1   11
21   4   2   11
21   4   3   24
21   4   4   20
21   4   5   19
21   4   6   9
22   1   1   14
22   1   2   30
22   1   3   33
22   1   4   31
22   1   5   19
22   1   6   15
22   1   7   5
22   2   1   19
22   2   2   24
22   2   3   28
22   2   4   35
22   2   5   26
22   2   6   12
22   2   7   3
22   3   1   4
22   3   2   14
22   3   3   29
22   3   4   21
22   3   5   39
22   3   6   19
22   3   7   21
22   4   1   13
22   4   2   28
22   4   3   33
22   4   4   35
22   4   5   23
22   4   6   15
23   1   1   17
23   1   2   40
23   1   3   37
23   1   4   31
23   1   5   37
23   1   6   11
23   1   7   8
23   2   1   12
23   2   2   17
23   2   3   26
23   2   4   33
23   2   5   36
23   2   6   29
23   2   7   18
23   2   8   10
23   3   1   21
23   3   2   28
23   3   3   43
23   3   4   39
23   3   5   30
23   3   6   20
23   4   1   20
23   4   2   33
23   4   3   39
23   4   4   37
23   4   5   30
23   4   6   22
24   1   1   13
24   1   2   24
24   1   3   28
24   1   4   23
24   1   5   18
24   1   6   16
24   2   1   9
24   2   2   20
24   2   3   32
24   2   4   31
24   2   5   20
24   2   6   10
24   3   1   16
24   3   2   18
24   3   3   23
24   3   4   30
24   3   5   22
24   3   6   13
24   4   1   7
24   4   2   25
24   4   3   31
24   4   4   28
24   4   5   24
24   4   6   7
25   1   1   12
25   1   2   21
25   1   3   26
25   1   4   12
25   2   1   12
25   2   2   26
25   2   3   21
25   2   4   12
25   3   1   19
25   3   2   19
25   3   3   14
25   3   4   12
25   3   5   7
25   4   1   7
25   4   2   12
25   4   3   16
25   4   4   16
25   4   5   14
25   4   6   6
26   1   1   6
26   1   2   19
26   1   3   30
26   1   4   40
26   1   5   35
26   1   6   29
26   1   7   21
26   1   8   6
26   2   1   9
26   2   2   16
26   2   3   29
26   2   4   36
26   2   5   36
26   2   6   34
26   2   7   26
26   3   1   7
26   3   2   24
26   3   3   27
26   3   4   33
26   3   5   34
26   3   6   34
26   3   7   22
26   3   8   5
26   4   1   16
26   4   2   32
26   4   3   47
26   4   4   41
26   4   5   33
26   4   6   17
27   1   1   8
27   1   2   14
27   1   3   22
27   1   4   23
27   1   5   15
27   1   6   7
27   2   1   20
27   2   2   26
27   2   3   24
27   2   4   19
27   3   1   11
27   3   2   15
27   3   3   18
27   3   4   19
27   3   5   16
27   3   6   10
27   4   1   20
27   4   2   24
27   4   3   26
27   4   4   19
28   1   1   9
28   1   2   18
28   1   3   27
28   1   4   30
28   1   5   17
28   1   6   8
28   2   1   10
28   2   2   21
28   2   3   24
28   2   4   23
28   2   5   19
28   2   6   12
28   3   1   12
28   3   2   19
28   3   3   24
28   3   4   23
28   3   5   19
28   3   6   12
28   4   1   5
28   4   2   23
28   4   3   27
28   4   4   27
28   4   5   22
28   4   6   5
29   1   1   13
29   1   2   25
29   1   3   26
29   1   4   21
29   1   5   16
29   1   6   10
29   1   7   6
29   2   1   5
29   2   2   10
29   2   3   15
29   2   4   25
29   2   5   27
29   2   6   23
29   2   7   12
29   3   1   6
29   3   2   20
29   3   3   34
29   3   4   31
29   3   5   20
29   3   6   6
29   4   1   5
29   4   2   8
29   4   3   16
29   4   4   25
29   4   5   30
29   4   6   20
29   4   7   13
30   1   1   13
30   1   2   9
30   1   3   16
30   1   4   9
30   1   5   15
30   1   6   10
30   2   1   10
30   2   2   28
30   2   3   23
30   2   4   11
30   3   1   9
30   3   2   27
30   3   3   25
30   3   4   11
30   4   1   8
30   4   2   12
30   4   3   19
30   4   4   14
30   4   5   9
30   4   6   10
31   1   1   9
31   1   2   18
31   1   3   16
31   1   4   10
31   2   1   8
31   2   2   18
31   2   3   15
31   2   4   12
31   3   1   11
31   3   2   16
31   3   3   16
31   3   4   10
31   4   1   6
31   4   2   9
31   4   3   11
31   4   4   12
31   4   5   10
31   4   6   5
32   1   1   10
32   1   2   17
32   1   3   23
32   1   4   28
32   1   5   23
32   1   6   6
32   2   1   24
32   2   2   34
32   2   3   26
32   2   4   16
32   2   5   7
32   3   1   8
32   3   2   22
32   3   3   26
32   3   4   24
32   3   5   16
32   3   6   11
32   4   1   12
32   4   2   20
32   4   3   22
32   4   4   22
32   4   5   19
32   4   6   12
33   1   1   14
33   1   2   24
33   1   3   22
33   1   4   13
33   2   1   21
33   2   2   16
33   2   3   18
33   2   4   12
33   2   5   6
33   3   1   16
33   3   2   20
33   3   3   25
33   3   4   12
33   4   1   10
33   4   2   12
33   4   3   14
33   4   4   15
33   4   5   12
33   4   6   10
34   1   1   6
34   1   2   21
34   1   3   26
34   1   4   27
34   1   5   18
34   1   6   6
34   2   1   7
34   2   2   18
34   2   3   26
34   2   4   28
34   2   5   20
34   2   6   5
34   3   1   15
34   3   2   16
34   3   3   19
34   3   4   20
34   3   5   20
34   3   6   14
34   4   1   9
34   4   2   17
34   4   3   23
34   4   4   28
34   4   5   22
34   4   6   5
35   1   1   9
35   1   2   15
35   1   3   26
35   1   4   30
35   1   5   25
35   2   1   6
35   2   2   22
35   2   3   27
35   2   4   25
35   2   5   17
35   2   6   8
35   3   1   7
35   3   2   20
35   3   3   26
35   3   4   31
35   3   5   11
35   3   6   10
35   4   1   11
35   4   2   19
35   4   3   23
35   4   4   23
35   4   5   16
35   4   6   13
36   1   1   14
36   1   2   12
36   1   3   18
36   1   4   13
36   2   1   13
36   2   2   14
36   2   3   17
36   2   4   13
36   3   1   17
36   3   2   12
36   3   3   13
36   3   4   9
36   3   5   6
36   4   1   9
36   4   2   17
36   4   3   22
36   4   4   9
37   1   1   17
37   1   2   28
37   1   3   30
37   1   4   30
37   1   5   23
37   1   6   13
37   1   7   6
37   2   1   16
37   2   2   27
37   2   3   30
37   2   4   31
37   2   5   28
37   2   6   15
37   3   1   5
37   3   2   12
37   3   3   26
37   3   4   33
37   3   5   30
37   3   6   22
37   3   7   12
37   3   8   7
37   4   1   8
37   4   2   32
37   4   3   38
37   4   4   31
37   4   5   25
37   4   6   13
38   1   1   5
38   1   2   8
38   1   3   13
38   1   4   14
38   1   5   14
38   2   1   11
38   2   2   18
38   2   3   13
38   2   4   12
38   3   1   11
38   3   2   17
38   3   3   15
38   3   4   11
38   4   1   12
38   4   2   14
38   4   3   17
38   4   4   11
39   1   1   13
39   1   2   14
39   1   3   19
39   1   4   12
39   2   1   12
39   2   2   18
39   2   3   16
39   2   4   12
39   3   1   12
39   3   2   15
39   3   3   18
39   3   4   13
39   4   1   7
39   4   2   10
39   4   3   13
39   4   4   16
39   4   5   12
40   1   1   9
40   1   2   18
40   1   3   22
40   1   4   18
40   1   5   13
40   1   6   12
40   2   1   13
40   2   2   13
40   2   3   17
40   2   4   22
40   2   5   18
40   2   6   9
40   3   1   17
40   3   2   26
40   3   3   30
40   3   4   19
40   4   1   5
40   4   2   16
40   4   3   22
40   4   4   24
40   4   5   18
40   4   6   7
41   1   1   5
41   1   2   10
41   1   3   18
41   1   4   25
41   1   5   28
41   1   6   21
41   1   7   14
41   2   1   11
41   2   2   26
41   2   3   26
41   2   4   28
41   2   5   14
41   2   6   16
41   3   1   11
41   3   2   27
41   3   3   24
41   3   4   26
41   3   5   19
41   3   6   14
41   4   1   8
41   4   2   25
41   4   3   32
41   4   4   26
41   4   5   15
41   4   6   15
42   1   1   19
42   1   2   29
42   1   3   41
42   1   4   36
42   1   5   30
42   1   6   18
42   2   1   13
42   2   2   13
42   2   3   23
42   2   4   35
42   2   5   35
42   2   6   28
42   2   7   18
42   2   8   8
42   3   1   22
42   3   2   29
42   3   3   33
42   3   4   39
42   3   5   29
42   3   6   21
42   4   1   21
42   4   2   32
42   4   3   36
42   4   4   32
42   4   5   28
42   4   6   24
43   1   1   8
43   1   2   24
43   1   3   26
43   1   4   20
43   1   5   20
43   1   6   11
43   2   1   5
43   2   2   17
43   2   3   34
43   2   4   28
43   2   5   20
43   2   6   5
43   3   1   14
43   3   2   19
43   3   3   21
43   3   4   22
43   3   5   18
43   3   6   15
43   4   1   8
43   4   2   7
43   4   3   15
43   4   4   19
43   4   5   25
43   4   6   23
43   4   7   12
44   1   1   12
44   1   2   23
44   1   3   24
44   1   4   13
44   2   1   7
44   2   2   13
44   2   3   17
44   2   4   13
44   2   5   15
44   2   6   7
44   3   1   18
44   3   2   20
44   3   3   17
44   3   4   10
44   3   5   7
44   4   1   6
44   4   2   13
44   4   3   17
44   4   4   20
44   4   5   16
45   1   1   7
45   1   2   15
45   1   3   35
45   1   4   44
45   1   5   40
45   1   6   34
45   1   7   27
45   2   1   6
45   2   2   25
45   2   3   30
45   2   4   42
45   2   5   37
45   2   6   33
45   2   7   19
45   2   8   10
45   3   1   6
45   3   2   21
45   3   3   36
45   3   4   40
45   3   5   37
45   3   6   31
45   3   7   23
45   3   8   8
45   4   1   7
45   4   2   22
45   4   3   37
45   4   4   36
45   4   5   40
45   4   6   29
45   4   7   21
45   4   8   10
46   1   1   15
46   1   2   38
46   1   3   42
46   1   4   38
46   1   5   30
46   1   6   16
46   1   7   5
46   2   1   22
46   2   2   34
46   2   3   35
46   2   4   38
46   2   5   31
46   2   6   24
46   3   1   24
46   3   2   32
46   3   3   36
46   3   4   40
46   3   5   28
46   3   6   17
46   3   7   7
46   4   1   9
46   4   2   23
46   4   3   31
46   4   4   28
46   4   5   34
46   4   6   25
46   4   7   24
46   4   8   10
47   1   1   16
47   1   2   17
47   1   3   19
47   1   4   29
47   1   5   27
47   1   6   10
47   2   1   5
47   2   2   25
47   2   3   32
47   2   4   29
47   2   5   18
47   2   6   9
47   3   1   15
47   3   2   20
47   3   3   26
47   3   4   23
47   3   5   19
47   3   6   15
47   4   1   6
47   4   2   26
47   4   3   29
47   4   4   28
47   4   5   21
47   4   6   8
48   1   1   14
48   1   2   26
48   1   3   30
48   1   4   10
48   2   1   9
48   2   2   13
48   2   3   16
48   2   4   19
48   2   5   13
48   2   6   10
48   3   1   7
48   3   2   10
48   3   3   25
48   3   4   18
48   3   5   13
48   3   6   7
48   4   1   7
48   4   2   16
48   4   3   18
48   4   4   17
48   4   5   12
48   4   6   10
49   1   1   14
49   1   2   15
49   1   3   11
49   1   4   9
49   1   5   5
49   2   1   4
49   2   2   9
49   2   3   13
49   2   4   14
49   2   5   14
49   3   1   24
49   3   2   30
49   4   1   6
49   4   2   8
49   4   3   11
49   4   4   13
49   4   5   16
50   1   1   11
50   1   2   18
50   1   3   19
50   1   4   17
50   1   5   14
50   1   6   9
50   1   7   4
50   2   1   7
50   2   2   16
50   2   3   22
50   2   4   23
50   2   5   24
50   3   1   5
50   3   2   16
50   3   3   22
50   3   4   28
50   3   5   21
50   4   1   7
50   4   2   19
50   4   3   21
50   4   4   18
50   4   5   19
50   4   6   8
51   1   1   1
51   1   2   1
51   2   1   1
51   2   2   1
51   3   1   1
51   3   2   1
51   4   1   1
51   4   2   1
52   1   1   9
52   1   2   15
52   1   3   19
52   1   4   20
52   1   5   23
52   1   6   26
52   1   7   22
52   2   1   9
52   2   2   13
52   2   3   15
52   2   4   28
52   2   5   26
52   2   6   22
52   2   7   16
52   2   8   5
52   3   1   21
52   3   2   22
52   3   3   24
52   3   4   26
52   3   5   22
52   3   6   19
52   4   1   19
52   4   2   50
52   4   3   48
52   4   4   17
53   1   1   7
53   1   2   10
53   1   3   10
53   1   4   7
53   2   1   6
53   2   2   11
53   2   3   9
53   2   4   8
53   3   1   6
53   3   2   13
53   3   3   9
53   3   4   6
53   4   1   7
53   4   2   13
53   4   3   7
53   4   4   2
53   4   5   5
54   1   1   16
54   1   2   37
54   1   3   48
54   1   4   44
54   1   5   36
54   1   6   18
54   2   1   11
54   2   2   24
54   2   3   32
54   2   4   37
54   2   5   31
54   2   6   28
54   2   7   20
54   2   8   16
54   3   1   20
54   3   2   38
54   3   3   46
54   3   4   41
54   3   5   30
54   3   6   18
54   3   7   6
54   4   1   12
54   4   2   20
54   4   3   31
54   4   4   40
54   4   5   33
54   4   6   28
54   4   7   22
54   4   8   13
55   1   1   5
55   1   2   7
55   1   3   11
55   1   4   13
55   1   5   13
55   2   1   10
55   2   2   15
55   2   3   15
55   2   4   9
55   3   1   8
55   3   2   18
55   3   3   16
55   3   4   7
55   4   1   11
55   4   2   15
55   4   3   11
55   4   4   12
56   1   1   5
56   1   2   11
56   1   3   21
56   1   4   18
56   1   5   19
56   2   1   18
56   2   2   18
56   2   3   19
56   2   4   19
56   3   1   19
56   3   2   20
56   3   3   18
56   3   4   12
56   3   5   5
56   4   1   7
56   4   2   12
56   4   3   15
56   4   4   19
56   4   5   16
56   4   6   5
57   1   1   10
57   1   2   27
57   1   3   46
57   1   4   52
57   1   5   48
57   1   6   38
57   1   7   27
57   1   8   17
57   2   1   5
57   2   2   27
57   2   3   49
57   2   4   52
57   2   5   53
57   2   6   45
57   2   7   34
57   3   1   11
57   3   2   35
57   3   3   44
57   3   4   47
57   3   5   46
57   3   6   35
57   3   7   26
57   3   8   21
57   4   1   21
57   4   2   34
57   4   3   42
57   4   4   39
57   4   5   39
57   4   6   36
57   4   7   28
57   4   8   17
57   4   9   9
58   1   1   11
58   1   2   22
58   1   3   32
58   1   4   29
58   1   5   22
58   1   6   12
58   2   1   8
58   2   2   23
58   2   3   32
58   2   4   32
58   2   5   26
58   2   6   7
58   3   1   5
58   3   2   16
58   3   3   20
58   3   4   24
58   3   5   22
58   3   6   20
58   3   7   15
58   3   8   6
58   4   1   11
58   4   2   25
58   4   3   30
58   4   4   27
58   4   5   22
58   4   6   13
59   1   1   10
59   1   2   16
59   1   3   18
59   1   4   11
59   2   1   10
59   2   2   18
59   2   3   17
59   2   4   10
59   3   1   12
59   3   2   15
59   3   3   17
59   3   4   11
59   4   1   12
59   4   2   16
59   4   3   14
59   4   4   13
60   1   1   5
60   1   2   33
60   1   3   42
60   1   4   37
60   1   5   36
60   1   6   28
60   1   7   23
60   1   8   11
60   1   9   6
60   2   1   7
60   2   2   13
60   2   3   17
60   2   4   29
60   2   5   42
60   2   6   37
60   2   7   37
60   2   8   32
60   2   9   7
60   3   1   13
60   3   2   19
60   3   3   33
60   3   4   50
60   3   5   39
60   3   6   31
60   3   7   26
60   3   8   10
60   4   1   6
60   4   2   21
60   4   3   34
60   4   4   46
60   4   5   54
60   4   6   40
60   4   7   20
61   1   1   29
61   1   2   35
61   1   3   31
61   1   4   17
61   1   5   9
61   2   1   9
61   2   2   23
61   2   3   27
61   2   4   32
61   2   5   20
61   2   6   10
61   3   1   5
61   3   2   12
61   3   3   18
61   3   4   25
61   3   5   26
61   3   6   18
61   3   7   11
61   3   8   6
61   4   1   16
61   4   2   18
61   4   3   24
61   4   4   27
61   4   5   21
61   4   6   15
62   1   1   11
62   1   2   13
62   1   3   21
62   1   4   22
62   1   5   20
62   1   6   8
62   2   1   24
62   2   2   25
62   2   3   22
62   2   4   18
62   2   5   6
62   3   1   10
62   3   2   18
62   3   3   22
62   3   4   20
62   3   5   14
62   3   6   11
62   4   1   19
62   4   2   30
62   4   3   26
62   4   4   20
63   1   1   8
63   1   2   19
63   1   3   28
63   1   4   25
63   1   5   16
63   1   6   10
63   2   1   6
63   2   2   21
63   2   3   27
63   2   4   28
63   2   5   16
63   2   6   8
63   3   1   5
63   3   2   22
63   3   3   28
63   3   4   24
63   3   5   20
63   3   6   7
63   4   1   15
63   4   2   15
63   4   3   22
63   4   4   21
63   4   5   16
63   4   6   17
64   1   1   8
64   1   2   11
64   1   3   10
64   1   4   16
64   1   5   13
64   1   6   7
64   2   1   12
64   2   2   15
64   2   3   27
64   2   4   11
64   3   1   5
64   3   2   15
64   3   3   13
64   3   4   12
64   3   5   15
64   3   6   5
64   4   1   12
64   4   2   20
64   4   3   18
64   4   4   15
65   1   1   15
65   1   2   29
65   1   3   18
65   1   4   16
65   2   1   16
65   2   2   22
65   2   3   23
65   2   4   17
65   3   1   8
65   3   2   15
65   3   3   15
65   3   4   15
65   3   5   15
65   3   6   10
65   4   1   6
65   4   2   14
65   4   3   18
65   4   4   21
65   4   5   13
65   4   6   6
66   1   1   5
66   1   2   10
66   1   3   13
66   1   4   18
66   1   5   19
66   1   6   16
66   1   7   11
66   2   1   8
66   2   2   17
66   2   3   21
66   2   4   20
66   2   5   19
66   2   6   7
66   3   1   17
66   3   2   30
66   3   3   28
66   3   4   17
66   4   1   6
66   4   2   19
66   4   3   22
66   4   4   22
66   4   5   15
66   4   6   8
67   1   1   11
67   1   2   20
67   1   3   29
67   1   4   32
67   1   5   23
67   1   6   9
67   2   1   2
67   2   2   10
67   2   3   19
67   2   4   29
67   2   5   30
67   2   6   23
67   2   7   11
67   3   1   7
67   3   2   27
67   3   3   30
67   3   4   28
67   3   5   23
67   3   6   9
67   4   1   15
67   4   2   23
67   4   3   26
67   4   4   25
67   4   5   20
67   4   6   15
68   1   1   14
68   1   2   12
68   1   3   20
68   1   4   20
68   1   5   20
68   1   6   10
68   2   1   13
68   2   2   32
68   2   3   35
68   2   4   16
68   3   1   7
68   3   2   11
68   3   3   15
68   3   4   15
68   3   5   13
68   3   6   16
68   3   7   19
68   4   1   5
68   4   2   19
68   4   3   27
68   4   4   19
68   4   5   18
68   4   6   8
69   1   1   12
69   1   2   22
69   1   3   25
69   1   4   23
69   1   5   20
69   1   6   16
69   2   1   25
69   2   2   35
69   2   3   31
69   2   4   27
69   3   1   9
69   3   2   25
69   3   3   27
69   3   4   26
69   3   5   19
69   3   6   12
69   4   1   13
69   4   2   21
69   4   3   26
69   4   4   26
69   4   5   18
69   4   6   14
70   1   1   17
70   1   2   22
70   1   3   22
70   1   4   18
70   2   1   17
70   2   2   24
70   2   3   18
70   2   4   20
70   3   1   22
70   3   2   17
70   3   3   20
70   3   4   15
70   3   5   5
70   4   1   5
70   4   2   17
70   4   3   20
70   4   4   17
70   4   5   14
70   4   6   6
71   1   1   5
71   1   2   16
71   1   3   28
71   1   4   40
71   1   5   47
71   1   6   40
71   1   7   15
71   2   1   9
71   2   2   22
71   2   3   32
71   2   4   36
71   2   5   34
71   2   6   27
71   2   7   20
71   2   8   11
71   3   1   11
71   3   2   19
71   3   3   25
71   3   4   34
71   3   5   41
71   3   6   34
71   3   7   22
71   3   8   5
71   4   1   8
71   4   2   20
71   4   3   35
71   4   4   36
71   4   5   33
71   4   6   26
71   4   7   20
71   4   8   13
72   1   1   1
72   2   1   1
72   3   1   1
72   4   1   1
73   1   1   11
73   1   2   23
73   1   3   36
73   1   4   35
73   1   5   30
73   1   6   7
73   2   1   6
73   2   2   19
73   2   3   22
73   2   4   28
73   2   5   24
73   2   6   18
73   2   7   14
73   2   8   11
73   3   1   14
73   3   2   28
73   3   3   33
73   3   4   27
73   3   5   22
73   3   6   13
73   3   7   5
73   4   1   15
73   4   2   24
73   4   3   32
73   4   4   31
73   4   5   23
73   4   6   17
74   1   1   9
74   1   2   14
74   1   3   12
74   1   4   9
74   2   1   8
74   2   2   14
74   2   3   14
74   2   4   8
74   3   1   7
74   3   2   15
74   3   3   16
74   3   4   6
74   4   1   10
74   4   2   12
74   4   3   12
74   4   4   10
75   1   1   14
75   1   2   24
75   1   3   22
75   1   4   15
75   2   1   5
75   2   2   17
75   2   3   18
75   2   4   15
75   2   5   11
75   2   6   9
75   3   1   5
75   3   2   17
75   3   3   19
75   3   4   13
75   3   5   14
75   3   6   7
75   4   1   13
75   4   2   20
75   4   3   22
75   4   4   20
76   1   1   20
76   1   2   24
76   1   3   20
76   1   4   16
76   2   1   8
76   2   2   12
76   2   3   21
76   2   4   19
76   2   5   12
76   2   6   8
76   3   1   8
76   3   2   12
76   3   3   17
76   3   4   24
76   3   5   19
76   4   1   9
76   4   2   14
76   4   3   19
76   4   4   16
76   4   5   12
76   4   6   10
77   1   1   15
77   1   2   24
77   1   3   35
77   1   4   35
77   1   5   24
77   1   6   15
77   2   1   11
77   2   2   17
77   2   3   21
77   2   4   25
77   2   5   25
77   2   6   21
77   2   7   16
77   2   8   12
77   3   1   7
77   3   2   13
77   3   3   25
77   3   4   30
77   3   5   30
77   3   6   21
77   3   7   14
77   3   8   8
77   4   1   12
77   4   2   23
77   4   3   35
77   4   4   34
77   4   5   44
78   1   1   9
78   1   2   25
78   1   3   25
78   1   4   19
78   1   5   15
78   1   6   11
78   1   7   4
78   2   1   12
78   2   2   15
78   2   3   22
78   2   4   27
78   2   5   25
78   2   6   7
78   3   1   10
78   3   2   18
78   3   3   24
78   3   4   25
78   3   5   26
78   3   6   5
78   4   1   8
78   4   2   17
78   4   3   25
78   4   4   24
78   4   5   27
78   4   6   7
79   1   1   9
79   1   2   28
79   1   3   45
79   1   4   47
79   1   5   46
79   1   6   40
79   1   7   34
79   1   8   8
79   2   1   7
79   2   2   27
79   2   3   48
79   2   4   46
79   2   5   45
79   2   6   47
79   2   7   28
79   2   8   9
79   3   1   11
79   3   2   29
79   3   3   38
79   3   4   47
79   3   5   54
79   3   6   41
79   3   7   26
79   3   8   11
79   4   1   18
79   4   2   31
79   4   3   35
79   4   4   49
79   4   5   39
79   4   6   35
79   4   7   31
79   4   8   19
80   1   1   12
80   1   2   15
80   1   3   26
80   1   4   25
80   1   5   21
80   1   6   9
80   2   1   10
80   2   2   20
80   2   3   25
80   2   4   24
80   2   5   17
80   2   6   12
80   3   1   6
80   3   2   23
80   3   3   28
80   3   4   25
80   3   5   16
80   3   6   10
80   4   1   9
80   4   2   20
80   4   3   23
80   4   4   28
80   4   5   20
80   4   6   8
81   1   1   13
81   1   2   24
81   1   3   23
81   1   4   13
81   2   1   5
81   2   2   13
81   2   3   17
81   2   4   18
81   2   5   20
81   3   1   20
81   3   2   21
81   3   3   13
81   3   4   12
81   3   5   7
81   4   1   10
81   4   2   13
81   4   3   12
81   4   4   14
81   4   5   14
81   4   6   10
82   1   1   6
82   1   2   8
82   1   3   12
82   1   4   7
82   2   1   5
82   2   2   11
82   2   3   17
82   3   1   5
82   3   2   12
82   3   3   11
82   3   4   5
82   4   1   8
82   4   2   10
82   4   3   6
82   4   4   9
83   1   1   1
83   2   1   1
83   3   1   1
83   4   1   1
84   1   1   18
84   1   2   24
84   1   3   23
84   1   4   31
84   1   5   19
84   1   6   14
84   1   7   5
84   2   1   13
84   2   2   28
84   2   3   33
84   2   4   26
84   2   5   16
84   2   6   11
84   2   7   7
84   3   1   13
84   3   2   27
84   3   3   31
84   3   4   27
84   3   5   18
84   3   6   12
84   3   7   6
84   4   1   13
84   4   2   24
84   4   3   31
84   4   4   29
84   4   5   21
84   4   6   16
85   1   1   15
85   1   2   22
85   1   3   26
85   1   4   27
85   1   5   20
85   1   6   11
85   1   7   5
85   2   1   13
85   2   2   22
85   2   3   28
85   2   4   27
85   2   5   24
85   2   6   12
85   3   1   14
85   3   2   19
85   3   3   25
85   3   4   31
85   3   5   28
85   3   6   9
85   4   1   6
85   4   2   25
85   4   3   34
85   4   4   34
85   4   5   21
85   4   6   6
86   1   1   5
86   1   2   6
86   2   1   7
86   2   2   1
86   2   3   3
86   3   1   5
86   3   2   6
86   4   1   3
86   4   2   2
86   4   3   6
87   1   1   18
87   1   2   29
87   1   3   22
87   1   4   13
87   1   5   5
87   2   1   9
87   2   2   12
87   2   3   23
87   2   4   18
87   2   5   19
87   2   6   6
87   3   1   8
87   3   2   13
87   3   3   21
87   3   4   24
87   3   5   18
87   3   6   3
87   4   1   8
87   4   2   15
87   4   3   19
87   4   4   20
87   4   5   20
87   4   6   5
88   1   1   14
88   1   2   18
88   1   3   24
88   1   4   23
88   1   5   18
88   1   6   14
88   2   1   10
88   2   2   22
88   2   3   24
88   2   4   24
88   2   5   20
88   2   6   11
88   3   1   8
88   3   2   19
88   3   3   25
88   3   4   31
88   3   5   20
88   3   6   8
88   4   1   8
88   4   2   21
88   4   3   27
88   4   4   27
88   4   5   20
88   4   6   8
89   1   1   13
89   1   2   18
89   1   3   23
89   1   4   26
89   1   5   20
89   1   6   12
89   2   1   13
89   2   2   19
89   2   3   22
89   2   4   24
89   2   5   26
89   2   6   8
89   3   1   24
89   3   2   30
89   3   3   35
89   3   4   23
89   4   1   12
89   4   2   28
89   4   3   17
89   4   4   21
89   4   5   17
89   4   6   17
90   1   1   8
90   1   2   10
90   1   3   17
90   1   4   13
90   1   5   11
90   1   6   8
90   2   1   11
90   2   2   23
90   2   3   21
90   2   4   12
90   3   1   16
90   3   2   21
90   3   3   18
90   3   4   12
90   4   1   18
90   4   2   15
90   4   3   16
90   4   4   18
91   1   1   15
91   1   2   17
91   1   3   19
91   1   4   15
91   2   1   13
91   2   2   20
91   2   3   21
91   2   4   12
91   3   1   9
91   3   2   9
91   3   3   14
91   3   4   14
91   3   5   13
91   3   6   7
91   4   1   6
91   4   2   10
91   4   3   14
91   4   4   18
91   4   5   18
92   1   1   5
92   1   2   14
92   1   3   25
92   1   4   39
92   1   5   44
92   1   6   35
92   1   7   14
92   2   1   6
92   2   2   16
92   2   3   29
92   2   4   39
92   2   5   35
92   2   6   27
92   2   7   19
92   2   8   5
92   3   1   10
92   3   2   13
92   3   3   23
92   3   4   37
92   3   5   42
92   3   6   32
92   3   7   19
92   4   1   10
92   4   2   23
92   4   3   28
92   4   4   27
92   4   5   26
92   4   6   30
92   4   7   22
92   4   8   10
93   1   1   6
93   1   2   28
93   1   3   33
93   1   4   36
93   1   5   23
93   1   6   9
93   2   1   11
93   2   2   24
93   2   3   31
93   2   4   33
93   2   5   29
93   2   6   7
93   3   1   14
93   3   2   23
93   3   3   34
93   3   4   24
93   3   5   26
93   3   6   14
93   4   1   7
93   4   2   8
93   4   3   11
93   4   4   17
93   4   5   23
93   4   6   21
93   4   7   20
93   4   8   18
93   4   9   10
94   1   1   5
94   1   2   15
94   1   3   19
94   1   4   25
94   1   5   25
94   1   6   21
94   1   7   20
94   2   1   12
94   2   2   19
94   2   3   32
94   2   4   36
94   2   5   20
94   2   6   11
94   3   1   9
94   3   2   23
94   3   3   34
94   3   4   30
94   3   5   23
94   3   6   11
94   4   1   8
94   4   2   11
94   4   3   20
94   4   4   25
94   4   5   27
94   4   6   21
94   4   7   12
94   4   8   6
95   1   1   6
95   1   2   9
95   1   3   14
95   1   4   12
95   1   5   7
95   1   6   6
95   2   1   5
95   2   2   12
95   2   3   12
95   2   4   11
95   2   5   8
95   2   6   3
95   2   7   3
95   3   1   10
95   3   2   17
95   3   3   16
95   3   4   11
95   4   1   11
95   4   2   18
95   4   3   15
95   4   4   10
96   1   1   21
96   1   2   29
96   1   3   43
96   1   4   35
96   1   5   28
96   1   6   23
96   2   1   5
96   2   2   21
96   2   3   31
96   2   4   33
96   2   5   35
96   2   6   28
96   2   7   18
96   2   8   8
96   3   1   18
96   3   2   31
96   3   3   40
96   3   4   44
96   3   5   28
96   3   6   18
96   4   1   7
96   4   2   21
96   4   3   28
96   4   4   32
96   4   5   36
96   4   6   29
96   4   7   19
96   4   8   7
97   1   1   6
97   1   2   21
97   1   3   27
97   1   4   20
97   1   5   14
97   1   6   11
97   2   1   8
97   2   2   17
97   2   3   24
97   2   4   22
97   2   5   19
97   2   6   9
97   3   1   11
97   3   2   13
97   3   3   25
97   3   4   22
97   3   5   20
97   3   6   8
97   4   1   8
97   4   2   15
97   4   3   22
97   4   4   29
97   4   5   25
98   1   1   5
98   1   2   7
98   1   3   9
98   1   4   10
98   1   5   9
98   1   6   12
98   1   7   12
98   2   1   7
98   2   2   23
98   2   3   29
98   2   4   5
98   3   1   14
98   3   2   18
98   3   3   17
98   3   4   15
98   4   1   10
98   4   2   13
98   4   3   11
98   4   4   7
98   4   5   11
98   4   6   12
99   1   1   9
99   1   2   25
99   1   3   33
99   1   4   29
99   1   5   22
99   1   6   11
99   2   1   7
99   2   2   17
99   2   3   18
99   2   4   23
99   2   5   22
99   2   6   18
99   2   7   18
99   2   8   6
99   3   1   11
99   3   2   21
99   3   3   28
99   3   4   36
99   3   5   23
99   3   6   10
99   4   1   9
99   4   2   12
99   4   3   22
99   4   4   22
99   4   5   21
99   4   6   21
99   4   7   14
99   4   8   8
100   1   1   16
100   1   2   18
100   1   3   22
100   1   4   21
100   1   5   16
100   1   6   17
100   2   1   7
100   2   2   21
100   2   3   24
100   2   4   25
100   2   5   21
100   2   6   12
100   3   1   25
100   3   2   33
100   3   3   26
100   3   4   18
100   3   5   8
100   4   1   9
100   4   2   21
100   4   3   26
100   4   4   28
100   4   5   18
100   4   6   8
101   1   1   20
101   1   2   21
101   1   3   22
101   1   4   20
101   2   1   6
101   2   2   15
101   2   3   23
101   2   4   20
101   2   5   19
101   3   1   10
101   3   2   12
101   3   3   18
101   3   4   19
101   3   5   16
101   3   6   8
101   4   1   18
101   4   2   26
101   4   3   21
101   4   4   18
102   1   1   10
102   1   2   7
102   2   1   7
102   2   2   10
102   3   1   9
102   3   2   8
102   4   1   9
102   4   2   8
103   1   1   12
103   1   2   35
103   1   3   33
103   1   4   13
103   2   1   10
103   2   2   18
103   2   3   21
103   2   4   18
103   2   5   11
103   2   6   15
103   3   1   6
103   3   2   11
103   3   3   14
103   3   4   15
103   3   5   14
103   3   6   15
103   3   7   13
103   3   8   5
103   4   1   7
103   4   2   15
103   4   3   25
103   4   4   20
103   4   5   26
104   1   1   6
104   1   2   9
104   1   3   13
104   1   4   5
104   2   1   5
104   2   2   12
104   2   3   9
104   2   4   7
104   3   1   17
104   3   2   16
104   4   1   7
104   4   2   10
104   4   3   10
104   4   4   6
105   1   1   14
105   1   2   25
105   1   3   17
105   1   4   8
105   1   5   5
105   2   1   7
105   2   2   10
105   2   3   15
105   2   4   17
105   2   5   13
105   2   6   7
105   3   1   9
105   3   2   11
105   3   3   12
105   3   4   19
105   3   5   11
105   3   6   7
105   4   1   12
105   4   2   21
105   4   3   25
105   4   4   11
106   1   1   6
106   1   2   13
106   1   3   19
106   1   4   23
106   1   5   20
106   2   1   19
106   2   2   23
106   2   3   19
106   2   4   15
106   2   5   5
106   3   1   14
106   3   2   28
106   3   3   24
106   3   4   15
106   4   1   10
106   4   2   16
106   4   3   20
106   4   4   14
106   4   5   12
106   4   6   9
107   1   1   19
107   1   2   28
107   1   3   31
107   1   4   35
107   1   5   31
107   1   6   17
107   2   1   15
107   2   2   30
107   2   3   37
107   2   4   37
107   2   5   24
107   2   6   18
107   3   1   19
107   3   2   28
107   3   3   34
107   3   4   35
107   3   5   26
107   3   6   13
107   3   7   6
107   4   1   20
107   4   2   27
107   4   3   37
107   4   4   27
107   4   5   28
107   4   6   22
108   1   1   5
108   1   2   9
108   1   3   8
108   1   4   7
108   2   1   5
108   2   2   10
108   2   3   14
108   3   1   5
108   3   2   11
108   3   3   8
108   3   4   5
108   4   1   5
108   4   2   9
108   4   3   10
108   4   4   5
109   1   1   17
109   1   2   22
109   1   3   34
109   1   4   43
109   1   5   40
109   1   6   33
109   1   7   18
109   1   8   11
109   1   9   5
109   2   1   7
109   2   2   26
109   2   3   35
109   2   4   44
109   2   5   43
109   2   6   35
109   2   7   26
109   2   8   7
109   3   1   8
109   3   2   28
109   3   3   36
109   3   4   41
109   3   5   37
109   3   6   35
109   3   7   33
109   3   8   5
109   4   1   6
109   4   2   19
109   4   3   37
109   4   4   47
109   4   5   50
109   4   6   37
109   4   7   27
110   1   1   1
110   2   1   1
110   3   1   1
110   4   1   1
111   1   1   9
111   1   2   16
111   1   3   12
111   1   4   10
111   2   1   9
111   2   2   15
111   2   3   11
111   2   4   12
111   3   1   10
111   3   2   11
111   3   3   17
111   3   4   9
111   4   1   6
111   4   2   16
111   4   3   20
111   4   4   5
112   1   1   8
112   1   2   12
112   1   3   12
112   1   4   8
112   2   1   5
112   2   2   15
112   2   3   15
112   2   4   5
112   3   1   6
112   3   2   15
112   3   3   12
112   3   4   7
112   4   1   9
112   4   2   11
112   4   3   11
112   4   4   9
113   1   1   15
113   1   2   19
113   1   3   20
113   1   4   14
113   2   1   16
113   2   2   16
113   2   3   19
113   2   4   17
113   3   1   6
113   3   2   9
113   3   3   19
113   3   4   15
113   3   5   19
113   4   1   16
113   4   2   20
113   4   3   18
113   4   4   14
114   1   1   15
114   1   2   15
114   1   3   18
114   1   4   10
114   2   1   11
114   2   2   21
114   2   3   16
114   2   4   10
114   3   1   10
114   3   2   21
114   3   3   17
114   3   4   10
114   4   1   6
114   4   2   12
114   4   3   12
114   4   4   10
114   4   5   11
114   4   6   7
115   1   1   20
115   1   2   23
115   1   3   20
115   1   4   15
115   1   5   5
115   2   1   21
115   2   2   20
115   2   3   21
115   2   4   15
115   2   5   6
115   3   1   10
115   3   2   14
115   3   3   18
115   3   4   17
115   3   5   13
115   3   6   11
115   4   1   18
115   4   2   24
115   4   3   23
115   4   4   18
116   1   1   19
116   1   2   28
116   1   3   32
116   1   4   38
116   1   5   27
116   1   6   18
116   2   1   9
116   2   2   37
116   2   3   38
116   2   4   38
116   2   5   24
116   2   6   16
116   3   1   6
116   3   2   21
116   3   3   22
116   3   4   33
116   3   5   33
116   3   6   23
116   3   7   15
116   3   8   9
116   4   1   6
116   4   2   17
116   4   3   27
116   4   4   32
116   4   5   31
116   4   6   24
116   4   7   20
116   4   8   5
117   1   1   10
117   1   2   25
117   1   3   31
117   1   4   25
117   1   5   18
117   1   6   11
117   2   1   12
117   2   2   21
117   2   3   29
117   2   4   26
117   2   5   18
117   2   6   14
117   3   1   5
117   3   2   30
117   3   3   28
117   3   4   26
117   3   5   18
117   3   6   13
117   4   1   15
117   4   2   20
117   4   3   25
117   4   4   24
117   4   5   23
117   4   6   13
118   1   1   5
118   1   2   16
118   1   3   12
118   1   4   20
118   1   5   12
118   1   6   5
118   2   1   8
118   2   2   12
118   2   3   14
118   2   4   15
118   2   5   13
118   2   6   8
118   3   1   12
118   3   2   25
118   3   3   19
118   3   4   14
118   4   1   9
118   4   2   10
118   4   3   17
118   4   4   14
118   4   5   13
118   4   6   7
119   1   1   11
119   1   2   21
119   1   3   41
119   1   4   49
119   1   5   42
119   1   6   36
119   1   7   29
119   1   8   9
119   2   1   19
119   2   2   31
119   2   3   35
119   2   4   36
119   2   5   32
119   2   6   33
119   2   7   33
119   2   8   19
119   3   1   15
119   3   2   27
119   3   3   39
119   3   4   41
119   3   5   41
119   3   6   34
119   3   7   23
119   3   8   12
119   3   9   6
119   4   1   5
119   4   2   19
119   4   3   40
119   4   4   53
119   4   5   56
119   4   6   40
119   4   7   25
120   1   1   11
120   1   2   15
120   1   3   22
120   1   4   22
120   1   5   23
120   1   6   8
120   2   1   10
120   2   2   19
120   2   3   21
120   2   4   22
120   2   5   18
120   2   6   11
120   3   1   22
120   3   2   29
120   3   3   28
120   3   4   22
120   4   1   11
120   4   2   18
120   4   3   20
120   4   4   24
120   4   5   17
120   4   6   11
121   1   1   5
121   1   2   13
121   1   3   22
121   1   4   27
121   1   5   28
121   1   6   26
121   1   7   17
121   2   1   14
121   2   2   24
121   2   3   36
121   2   4   26
121   2   5   19
121   2   6   19
121   3   1   4
121   3   2   12
121   3   3   23
121   3   4   29
121   3   5   34
121   3   6   18
121   3   7   13
121   3   8   5
121   4   1   7
121   4   2   29
121   4   3   34
121   4   4   32
121   4   5   28
121   4   6   8
122   1   1   23
122   1   2   15
122   1   3   6
122   2   1   8
122   2   2   14
122   2   3   15
122   2   4   7
122   3   1   10
122   3   2   10
122   3   3   14
122   3   4   10
122   4   1   10
122   4   2   13
122   4   3   12
122   4   4   9
123   1   1   7
123   1   2   21
123   1   3   24
123   1   4   7
123   2   1   6
123   2   2   11
123   2   3   12
123   2   4   14
123   2   5   11
123   2   6   5
123   3   1   14
123   3   2   15
123   3   3   15
123   3   4   15
123   4   1   13
123   4   2   15
123   4   3   18
123   4   4   13
124   1   1   17
124   1   2   30
124   1   3   47
124   1   4   47
124   1   5   39
124   1   6   12
124   2   1   9
124   2   2   27
124   2   3   29
124   2   4   34
124   2   5   34
124   2   6   23
124   2   7   22
124   2   8   14
124   3   1   3
124   3   2   31
124   3   3   32
124   3   4   29
124   3   5   34
124   3   6   33
124   3   7   24
124   3   8   6
124   4   1   6
124   4   2   25
124   4   3   27
124   4   4   36
124   4   5   36
124   4   6   35
124   4   7   22
124   4   8   5
125   1   1   15
125   1   2   25
125   1   3   40
125   1   4   42
125   1   5   50
125   1   6   46
125   1   7   33
125   1   8   6
125   2   1   13
125   2   2   28
125   2   3   40
125   2   4   49
125   2   5   47
125   2   6   37
125   2   7   27
125   2   8   16
125   3   1   12
125   3   2   40
125   3   3   41
125   3   4   41
125   3   5   40
125   3   6   33
125   3   7   27
125   3   8   16
125   3   9   7
125   4   1   6
125   4   2   30
125   4   3   45
125   4   4   50
125   4   5   50
125   4   6   40
125   4   7   25
125   4   8   11
126   1   1   17
126   1   2   20
126   1   3   24
126   1   4   16
126   2   1   6
126   2   2   17
126   2   3   19
126   2   4   13
126   2   5   12
126   2   6   10
126   3   1   14
126   3   2   24
126   3   3   25
126   3   4   14
126   4   1   6
126   4   2   17
126   4   3   17
126   4   4   16
126   4   5   13
126   4   6   4
126   4   7   4
127   1   1   14
127   1   2   22
127   1   3   20
127   1   4   13
127   1   5   5
127   2   1   17
127   2   2   20
127   2   3   22
127   2   4   15
127   3   1   17
127   3   2   19
127   3   3   20
127   3   4   18
127   4   1   7
127   4   2   13
127   4   3   19
127   4   4   14
127   4   5   12
127   4   6   9
128   1   1   15
128   1   2   31
128   1   3   30
128   1   4   14
128   2   1   10
128   2   2   16
128   2   3   20
128   2   4   19
128   2   5   15
128   2   6   10
128   3   1   10
128   3   2   15
128   3   3   18
128   3   4   24
128   3   5   13
128   3   6   10
128   4   1   9
128   4   2   17
128   4   3   17
128   4   4   22
128   4   5   15
128   4   6   10
129   1   1   15
129   1   2   18
129   1   3   21
129   1   4   16
129   2   1   7
129   2   2   15
129   2   3   15
129   2   4   12
129   2   5   13
129   2   6   8
129   3   1   15
129   3   2   17
129   3   3   23
129   3   4   15
129   4   1   13
129   4   2   22
129   4   3   22
129   4   4   13
130   1   1   16
130   1   2   16
130   1   3   15
130   1   4   9
130   1   5   4
130   2   1   11
130   2   2   15
130   2   3   19
130   2   4   15
130   3   1   7
130   3   2   23
130   3   3   22
130   3   4   8
130   4   1   7
130   4   2   8
130   4   3   14
130   4   4   14
130   4   5   12
130   4   6   5
131   1   1   9
131   1   2   16
131   1   3   17
131   1   4   17
131   1   5   16
131   1   6   9
131   2   1   5
131   2   2   13
131   2   3   24
131   2   4   21
131   2   5   15
131   2   6   6
131   3   1   19
131   3   2   19
131   3   3   32
131   3   4   14
131   4   1   8
131   4   2   13
131   4   3   19
131   4   4   22
131   4   5   15
131   4   6   7
132   1   1   7
132   1   2   15
132   1   3   12
132   1   4   8
132   2   1   10
132   2   2   10
132   2   3   11
132   2   4   11
132   3   1   11
132   3   2   16
132   3   3   15
132   4   1   6
132   4   2   15
132   4   3   15
132   4   4   6
133   1   1   7
133   1   2   13
133   1   3   18
133   1   4   22
133   1   5   32
133   1   6   34
133   1   7   5
133   2   1   15
133   2   2   24
133   2   3   28
133   2   4   28
133   2   5   20
133   2   6   9
133   2   7   7
133   3   1   14
133   3   2   24
133   3   3   32
133   3   4   27
133   3   5   19
133   3   6   9
133   3   7   6
133   4   1   14
133   4   2   19
133   4   3   34
133   4   4   32
133   4   5   20
133   4   6   12
134   1   1   6
134   1   2   12
134   1   3   21
134   1   4   21
134   1   5   15
134   1   6   7
134   2   1   8
134   2   2   13
134   2   3   18
134   2   4   19
134   2   5   19
134   2   6   5
134   3   1   7
134   3   2   11
134   3   3   19
134   3   4   24
134   3   5   21
134   4   1   20
134   4   2   20
134   4   3   23
134   4   4   19
135   1   1   13
135   1   2   13
135   1   3   9
135   1   4   12
135   2   1   7
135   2   2   17
135   2   3   15
135   2   4   8
135   3   1   10
135   3   2   12
135   3   3   16
135   3   4   9
135   4   1   9
135   4   2   14
135   4   3   16
135   4   4   8
136   1   1   5
136   1   2   10
136   1   3   17
136   1   4   18
136   1   5   20
136   1   6   17
136   1   7   10
136   1   8   5
136   2   1   21
136   2   2   32
136   2   3   28
136   2   4   21
136   3   1   9
136   3   2   17
136   3   3   25
136   3   4   27
136   3   5   15
136   3   6   9
136   4   1   6
136   4   2   16
136   4   3   32
136   4   4   25
136   4   5   18
136   4   6   5
137   1   1   9
137   1   2   11
137   1   3   10
137   1   4   11
137   2   1   11
137   2   2   10
137   2   3   9
137   2   4   11
137   3   1   9
137   3   2   11
137   3   3   13
137   3   4   8
137   4   1   21
137   4   2   20
138   1   1   11
138   1   2   18
138   1   3   25
138   1   4   32
138   1   5   43
138   1   6   34
138   1   7   17
138   1   8   6
138   2   1   5
138   2   2   21
138   2   3   35
138   2   4   33
138   2   5   34
138   2   6   30
138   2   7   21
138   2   8   7
138   3   1   9
138   3   2   17
138   3   3   29
138   3   4   39
138   3   5   41
138   3   6   23
138   3   7   12
138   3   8   9
138   3   9   7
138   4   1   9
138   4   2   15
138   4   3   27
138   4   4   41
138   4   5   36
138   4   6   36
138   4   7   17
138   4   8   5
139   1   1   16
139   1   2   20
139   1   3   15
139   1   4   9
139   1   5   6
139   2   1   14
139   2   2   23
139   2   3   15
139   2   4   8
139   2   5   6
139   3   1   15
139   3   2   18
139   3   3   18
139   3   4   15
139   4   1   8
139   4   2   13
139   4   3   14
139   4   4   12
139   4   5   9
139   4   6   6
139   4   7   4
140   1   1   19
140   1   2   28
140   1   3   34
140   1   4   32
140   1   5   24
140   1   6   14
140   1   7   7
140   2   1   5
140   2   2   17
140   2   3   30
140   2   4   28
140   2   5   31
140   2   6   24
140   2   7   15
140   2   8   8
140   3   1   7
140   3   2   19
140   3   3   26
140   3   4   32
140   3   5   29
140   3   6   24
140   3   7   13
140   3   8   8
140   4   1   14
140   4   2   27
140   4   3   37
140   4   4   40
140   4   5   27
140   4   6   13
141   1   1   6
141   1   2   13
141   1   3   18
141   1   4   26
141   1   5   21
141   2   1   13
141   2   2   14
141   2   3   15
141   2   4   16
141   2   5   15
141   2   6   11
141   3   1   5
141   3   2   6
141   3   3   16
141   3   4   19
141   3   5   16
141   3   6   13
141   3   7   9
141   4   1   20
141   4   2   25
141   4   3   19
141   4   4   15
141   4   5   5
142   1   1   11
142   1   2   17
142   1   3   16
142   1   4   9
142   2   1   6
142   2   2   9
142   2   3   13
142   2   4   9
142   2   5   9
142   2   6   7
142   3   1   6
142   3   2   10
142   3   3   10
142   3   4   12
142   3   5   9
142   3   6   6
142   4   1   6
142   4   2   9
142   4   3   10
142   4   4   13
142   4   5   10
142   4   6   5
143   1   1   8
143   1   2   19
143   1   3   27
143   1   4   25
143   1   5   21
143   1   6   7
143   2   1   5
143   2   2   21
143   2   3   30
143   2   4   24
143   2   5   19
143   2   6   8
143   3   1   6
143   3   2   25
143   3   3   26
143   3   4   21
143   3   5   19
143   3   6   10
143   4   1   10
143   4   2   22
143   4   3   18
143   4   4   24
143   4   5   25
143   4   6   8
144   1   1   20
144   1   2   26
144   1   3   23
144   1   4   19
144   2   1   18
144   2   2   25
144   2   3   26
144   2   4   19
144   3   1   13
144   3   2   13
144   3   3   15
144   3   4   17
144   3   5   20
144   3   6   10
144   4   1   12
144   4   2   14
144   4   3   20
144   4   4   20
144   4   5   9
144   4   6   10
144   4   7   3
145   1   1   6
145   1   2   16
145   1   3   22
145   1   4   32
145   1   5   35
145   1   6   29
145   1   7   19
145   2   1   11
145   2   2   29
145   2   3   36
145   2   4   46
145   2   5   27
145   2   6   10
145   3   1   5
145   3   2   15
145   3   3   23
145   3   4   37
145   3   5   34
145   3   6   26
145   3   7   19
145   4   1   11
145   4   2   15
145   4   3   22
145   4   4   28
145   4   5   29
145   4   6   27
145   4   7   27
146   1   1   10
146   1   2   13
146   1   3   14
146   1   4   9
146   2   1   8
146   2   2   16
146   2   3   16
146   2   4   6
146   3   1   12
146   3   2   11
146   3   3   12
146   3   4   11
146   4   1   7
146   4   2   14
146   4   3   14
146   4   4   11
147   1   1   8
147   1   2   23
147   1   3   28
147   1   4   28
147   1   5   20
147   1   6   10
147   2   1   10
147   2   2   23
147   2   3   28
147   2   4   27
147   2   5   18
147   2   6   11
147   3   1   13
147   3   2   20
147   3   3   25
147   3   4   25
147   3   5   22
147   3   6   12
147   4   1   7
147   4   2   22
147   4   3   33
147   4   4   25
147   4   5   21
147   4   6   9
148   1   1   11
148   1   2   22
148   1   3   25
148   1   4   10
148   2   1   5
148   2   2   14
148   2   3   13
148   2   4   17
148   2   5   19
148   3   1   5
148   3   2   14
148   3   3   17
148   3   4   15
148   3   5   10
148   3   6   7
148   4   1   14
148   4   2   18
148   4   3   20
148   4   4   16
149   1   1   1
149   2   1   1
149   3   1   1
149   4   1   1
150   1   1   16
150   1   2   28
150   1   3   36
150   1   4   38
150   1   5   29
150   1   6   16
150   2   1   18
150   2   2   27
150   2   3   38
150   2   4   32
150   2   5   31
150   2   6   17
150   3   1   13
150   3   2   32
150   3   3   36
150   3   4   38
150   3   5   30
150   3   6   14
150   4   1   6
150   4   2   23
150   4   3   25
150   4   4   28
150   4   5   29
150   4   6   23
150   4   7   24
150   4   8   5
151   1   1   7
151   1   2   7
151   1   3   9
151   1   4   7
151   2   1   7
151   2   2   7
151   2   3   9
151   2   4   7
151   3   1   4
151   3   2   9
151   3   3   17
151   4   1   7
151   4   2   7
151   4   3   11
151   4   4   5
152   1   1   12
152   1   2   18
152   1   3   24
152   1   4   22
152   1   5   17
152   1   6   14
152   2   1   5
152   2   2   19
152   2   3   24
152   2   4   28
152   2   5   21
152   2   6   10
152   3   1   6
152   3   2   19
152   3   3   27
152   3   4   30
152   3   5   20
152   3   6   5
152   4   1   7
152   4   2   20
152   4   3   27
152   4   4   25
152   4   5   17
152   4   6   11
153   1   1   8
153   1   2   20
153   1   3   23
153   1   4   22
153   1   5   19
153   1   6   9
153   2   1   5
153   2   2   20
153   2   3   25
153   2   4   26
153   2   5   18
153   2   6   7
153   3   1   11
153   3   2   16
153   3   3   23
153   3   4   23
153   3   5   18
153   3   6   10
153   4   1   7
153   4   2   21
153   4   3   16
153   4   4   30
153   4   5   27
154   1   1   5
154   1   2   15
154   1   3   24
154   1   4   13
154   1   5   16
154   1   6   5
154   2   1   6
154   2   2   12
154   2   3   17
154   2   4   20
154   2   5   16
154   2   6   7
154   3   1   19
154   3   2   22
154   3   3   19
154   3   4   18
154   4   1   16
154   4   2   21
154   4   3   26
154   4   4   15
155   1   1   6
155   1   2   19
155   1   3   37
155   1   4   43
155   1   5   34
155   1   6   32
155   1   7   24
155   1   8   6
155   2   1   8
155   2   2   22
155   2   3   36
155   2   4   35
155   2   5   40
155   2   6   29
155   2   7   21
155   2   8   10
155   3   1   16
155   3   2   36
155   3   3   51
155   3   4   46
155   3   5   36
155   3   6   16
155   4   1   15
155   4   2   25
155   4   3   30
155   4   4   33
155   4   5   31
155   4   6   27
155   4   7   22
155   4   8   18
156   1   1   5
156   1   2   16
156   1   3   22
156   1   4   24
156   1   5   15
156   1   6   5
156   2   1   10
156   2   2   12
156   2   3   19
156   2   4   22
156   2   5   13
156   2   6   11
156   3   1   20
156   3   2   22
156   3   3   25
156   3   4   20
156   4   1   18
156   4   2   28
156   4   3   22
156   4   4   13
156   4   5   6
157   1   1   12
157   1   2   19
157   1   3   16
157   1   4   13
157   2   1   5
157   2   2   8
157   2   3   15
157   2   4   19
157   2   5   13
157   3   1   10
157   3   2   18
157   3   3   19
157   3   4   13
157   4   1   13
157   4   2   16
157   4   3   19
157   4   4   12
158   1   1   9
158   1   2   28
158   1   3   31
158   1   4   46
158   1   5   22
158   1   6   8
158   2   1   15
158   2   2   25
158   2   3   35
158   2   4   29
158   2   5   25
158   2   6   15
158   3   1   5
158   3   2   15
158   3   3   29
158   3   4   28
158   3   5   22
158   3   6   20
158   3   7   15
158   3   8   10
158   4   1   5
158   4   2   15
158   4   3   25
158   4   4   26
158   4   5   33
158   4   6   16
158   4   7   19
158   4   8   5
159   1   1   6
159   1   2   14
159   1   3   19
159   1   4   19
159   1   5   14
159   1   6   6
159   2   1   17
159   2   2   23
159   2   3   21
159   2   4   17
159   3   1   18
159   3   2   22
159   3   3   20
159   3   4   18
159   4   1   16
159   4   2   24
159   4   3   20
159   4   4   18
160   1   1   11
160   1   2   15
160   1   3   13
160   1   4   9
160   2   1   11
160   2   2   13
160   2   3   14
160   2   4   10
160   3   1   8
160   3   2   17
160   3   3   15
160   3   4   8
160   4   1   5
160   4   2   5
160   4   3   13
160   4   4   13
160   4   5   12
161   1   1   10
161   1   2   15
161   1   3   19
161   1   4   11
161   2   1   10
161   2   2   17
161   2   3   16
161   2   4   12
161   3   1   14
161   3   2   15
161   3   3   14
161   3   4   8
161   3   5   4
161   4   1   11
161   4   2   17
161   4   3   16
161   4   4   11
162   1   1   13
162   1   2   26
162   1   3   32
162   1   4   33
162   1   5   23
162   1   6   14
162   2   1   15
162   2   2   26
162   2   3   32
162   2   4   29
162   2   5   22
162   2   6   12
162   2   7   5
162   3   1   6
162   3   2   20
162   3   3   25
162   3   4   25
162   3   5   20
162   3   6   16
162   3   7   16
162   3   8   13
162   4   1   9
162   4   2   22
162   4   3   33
162   4   4   47
162   4   5   30
163   1   1   16
163   1   2   44
163   1   3   45
163   1   4   46
163   1   5   35
163   1   6   20
163   2   1   15
163   2   2   23
163   2   3   30
163   2   4   33
163   2   5   35
163   2   6   31
163   2   7   24
163   2   8   15
163   3   1   5
163   3   2   20
163   3   3   35
163   3   4   38
163   3   5   44
163   3   6   41
163   3   7   23
163   4   1   14
163   4   2   23
163   4   3   30
163   4   4   36
163   4   5   35
163   4   6   29
163   4   7   26
163   4   8   13
164   1   1   22
164   1   2   19
164   1   3   19
164   1   4   15
164   1   5   5
164   2   1   9
164   2   2   12
164   2   3   17
164   2   4   19
164   2   5   16
164   2   6   7
164   3   1   17
164   3   2   24
164   3   3   21
164   3   4   18
164   4   1   15
164   4   2   25
164   4   3   22
164   4   4   18
165   1   1   9
165   1   2   16
165   1   3   24
165   1   4   20
165   1   5   16
165   1   6   9
165   2   1   5
165   2   2   16
165   2   3   27
165   2   4   24
165   2   5   16
165   2   6   6
165   3   1   9
165   3   2   20
165   3   3   20
165   3   4   18
165   3   5   15
165   3   6   12
165   4   1   20
165   4   2   28
165   4   3   27
165   4   4   19
166   1   1   5
166   1   2   19
166   1   3   20
166   1   4   21
166   1   5   16
166   1   6   6
166   2   1   22
166   2   2   23
166   2   3   22
166   2   4   14
166   2   5   6
166   3   1   8
166   3   2   14
166   3   3   22
166   3   4   21
166   3   5   12
166   3   6   10
166   4   1   6
166   4   2   14
166   4   3   23
166   4   4   23
166   4   5   21
167   1   1   6
167   1   2   14
167   1   3   19
167   1   4   22
167   1   5   16
167   1   6   5
167   2   1   19
167   2   2   24
167   2   3   20
167   2   4   14
167   2   5   5
167   3   1   14
167   3   2   26
167   3   3   27
167   3   4   15
167   4   1   10
167   4   2   14
167   4   3   18
167   4   4   15
167   4   5   14
167   4   6   11
168   1   1   3
168   1   2   4
168   1   3   15
168   1   4   20
168   1   5   21
168   1   6   18
168   1   7   7
168   2   1   18
168   2   2   27
168   2   3   24
168   2   4   19
168   3   1   19
168   3   2   26
168   3   3   24
168   3   4   19
168   4   1   11
168   4   2   15
168   4   3   18
168   4   4   18
168   4   5   13
168   4   6   13
169   1   1   16
169   1   2   20
169   1   3   18
169   1   4   14
169   2   1   13
169   2   2   19
169   2   3   23
169   2   4   13
169   3   1   10
169   3   2   10
169   3   3   11
169   3   4   14
169   3   5   16
169   3   6   7
169   4   1   7
169   4   2   11
169   4   3   16
169   4   4   16
169   4   5   12
169   4   6   6
170   1   1   15
170   1   2   31
170   1   3   37
170   1   4   34
170   1   5   24
170   1   6   12
170   1   7   6
170   2   1   23
170   2   2   22
170   2   3   25
170   2   4   51
170   2   5   20
170   2   6   18
170   3   1   20
170   3   2   33
170   3   3   34
170   3   4   26
170   3   5   20
170   3   6   14
170   3   7   12
170   4   1   20
170   4   2   30
170   4   3   29
170   4   4   30
170   4   5   29
170   4   6   21
171   1   1   6
171   1   2   12
171   1   3   21
171   1   4   24
171   1   5   21
171   2   1   10
171   2   2   13
171   2   3   19
171   2   4   17
171   2   5   15
171   2   6   10
171   3   1   11
171   3   2   11
171   3   3   18
171   3   4   20
171   3   5   17
171   3   6   7
171   4   1   16
171   4   2   26
171   4   3   26
171   4   4   16
172   1   1   6
172   1   2   14
172   1   3   22
172   1   4   28
172   1   5   22
172   2   1   6
172   2   2   21
172   2   3   21
172   2   4   21
172   2   5   14
172   2   6   9
172   3   1   22
172   3   2   26
172   3   3   25
172   3   4   14
172   3   5   5
172   4   1   7
172   4   2   13
172   4   3   20
172   4   4   24
172   4   5   17
172   4   6   11
173   1   1   3
173   1   2   11
173   1   3   18
173   1   4   21
173   1   5   14
173   2   1   15
173   2   2   20
173   2   3   16
173   2   4   16
173   3   1   17
173   3   2   18
173   3   3   16
173   3   4   16
173   4   1   18
173   4   2   17
173   4   3   16
173   4   4   16
174   1   1   13
174   1   2   13
174   1   3   22
174   1   4   19
174   1   5   18
174   1   6   11
174   2   1   21
174   2   2   25
174   2   3   33
174   2   4   17
174   3   1   21
174   3   2   27
174   3   3   27
174   3   4   21
174   4   1   16
174   4   2   17
174   4   3   16
174   4   4   17
174   4   5   13
174   4   6   12
174   4   7   5
175   1   1   9
175   1   2   15
175   1   3   24
175   1   4   21
175   1   5   23
175   1   6   17
175   1   7   17
175   1   8   11
175   2   1   14
175   2   2   22
175   2   3   30
175   2   4   31
175   2   5   28
175   2   6   12
175   3   1   5
175   3   2   13
175   3   3   20
175   3   4   29
175   3   5   27
175   3   6   23
175   3   7   20
175   4   1   5
175   4   2   26
175   4   3   42
175   4   4   34
175   4   5   20
175   4   6   10
176   1   1   1
176   2   1   1
176   3   1   1
176   4   1   1
177   1   1   9
177   1   2   26
177   1   3   35
177   1   4   31
177   1   5   24
177   1   6   11
177   2   1   5
177   2   2   21
177   2   3   23
177   2   4   23
177   2   5   17
177   2   6   21
177   2   7   16
177   2   8   10
177   3   1   7
177   3   2   27
177   3   3   34
177   3   4   35
177   3   5   25
177   3   6   8
177   4   1   24
177   4   2   22
177   4   3   23
177   4   4   23
177   4   5   22
177   4   6   17
177   4   7   5
178   1   1   8
178   1   2   10
178   1   3   13
178   1   4   18
178   1   5   15
178   1   6   4
178   2   1   6
178   2   2   14
178   2   3   15
178   2   4   15
178   2   5   11
178   2   6   7
178   3   1   5
178   3   2   14
178   3   3   18
178   3   4   14
178   3   5   10
178   3   6   7
178   4   1   10
178   4   2   27
178   4   3   22
178   4   4   9
179   1   1   14
179   1   2   24
179   1   3   33
179   1   4   39
179   1   5   33
179   1   6   7
179   2   1   16
179   2   2   31
179   2   3   33
179   2   4   27
179   2   5   21
179   2   6   16
179   2   7   6
179   3   1   22
179   3   2   27
179   3   3   28
179   3   4   25
179   3   5   25
179   3   6   23
179   4   1   6
179   4   2   13
179   4   3   22
179   4   4   35
179   4   5   28
179   4   6   26
179   4   7   20
180   1   1   7
180   1   2   17
180   1   3   23
180   1   4   23
180   1   5   18
180   1   6   6
180   2   1   7
180   2   2   16
180   2   3   25
180   2   4   21
180   2   5   19
180   2   6   6
180   3   1   9
180   3   2   15
180   3   3   22
180   3   4   25
180   3   5   17
180   3   6   6
180   4   1   22
180   4   2   25
180   4   3   25
180   4   4   17
180   4   5   5
181   1   1   8
181   1   2   6
181   1   3   7
181   1   4   8
181   2   1   15
181   2   2   14
181   3   1   6
181   3   2   7
181   3   3   16
181   4   1   6
181   4   2   9
181   4   3   8
181   4   4   6
182   1   1   8
182   1   2   9
182   1   3   12
182   1   4   15
182   1   5   23
182   1   6   21
182   1   7   15
182   2   1   20
182   2   2   33
182   2   3   28
182   2   4   22
182   3   1   7
182   3   2   18
182   3   3   24
182   3   4   28
182   3   5   20
182   3   6   6
182   4   1   12
182   4   2   14
182   4   3   25
182   4   4   22
182   4   5   20
182   4   6   10
183   1   1   13
183   1   2   19
183   1   3   23
183   1   4   13
183   2   1   5
183   2   2   10
183   2   3   20
183   2   4   17
183   2   5   11
183   2   6   5
183   3   1   16
183   3   2   19
183   3   3   17
183   3   4   16
183   4   1   19
183   4   2   16
183   4   3   16
183   4   4   11
183   4   5   6
184   1   1   15
184   1   2   22
184   1   3   18
184   1   4   10
184   1   5   5
184   2   1   15
184   2   2   20
184   2   3   20
184   2   4   15
184   3   1   10
184   3   2   13
184   3   3   14
184   3   4   9
184   3   5   12
184   3   6   12
184   4   1   12
184   4   2   11
184   4   3   12
184   4   4   12
184   4   5   10
184   4   6   13
185   1   1   7
185   1   2   9
185   1   3   15
185   1   4   16
185   1   5   31
185   1   6   16
185   1   7   16
185   2   1   4
185   2   2   10
185   2   3   16
185   2   4   21
185   2   5   28
185   2   6   21
185   2   7   10
185   3   1   9
185   3   2   19
185   3   3   22
185   3   4   33
185   3   5   21
185   3   6   6
185   4   1   8
185   4   2   16
185   4   3   28
185   4   4   32
185   4   5   19
185   4   6   7
186   1   1   5
186   1   2   17
186   1   3   23
186   1   4   24
186   1   5   19
186   1   6   7
186   2   1   10
186   2   2   19
186   2   3   21
186   2   4   20
186   2   5   14
186   2   6   11
186   3   1   24
186   3   2   23
186   3   3   29
186   3   4   14
186   3   5   5
186   4   1   7
186   4   2   17
186   4   3   25
186   4   4   22
186   4   5   16
186   4   6   8
187   1   1   6
187   1   2   6
187   1   3   8
187   1   4   5
187   2   1   1
187   2   2   11
187   2   3   13
187   3   1   12
187   3   2   13
187   4   1   5
187   4   2   6
187   4   3   8
187   4   4   6
188   1   1   13
188   1   2   16
188   1   3   17
188   1   4   6
188   2   1   8
188   2   2   19
188   2   3   17
188   2   4   8
188   3   1   11
188   3   2   13
188   3   3   17
188   3   4   11
188   4   1   3
188   4   2   11
188   4   3   10
188   4   4   16
188   4   5   10
188   4   6   2
189   1   1   5
189   1   2   13
189   1   3   16
189   1   4   21
189   1   5   18
189   2   1   16
189   2   2   21
189   2   3   19
189   2   4   17
189   3   1   19
189   3   2   17
189   3   3   20
189   3   4   17
189   4   1   15
189   4   2   23
189   4   3   19
189   4   4   16
190   1   1   14
190   1   2   33
190   1   3   37
190   1   4   40
190   1   5   36
190   1   6   11
190   2   1   12
190   2   2   38
190   2   3   38
190   2   4   36
190   2   5   29
190   2   6   18
190   3   1   8
190   3   2   22
190   3   3   26
190   3   4   30
190   3   5   30
190   3   6   29
190   3   7   15
190   3   8   11
190   4   1   5
190   4   2   24
190   4   3   24
190   4   4   31
190   4   5   35
190   4   6   24
190   4   7   18
190   4   8   10
191   1   1   1
191   1   2   1
191   1   3   1
191   2   1   1
191   2   2   2
191   3   1   2
191   3   2   1
191   4   1   1
191   4   2   2
192   1   1   13
192   1   2   28
192   1   3   32
192   1   4   37
192   1   5   36
192   1   6   33
192   1   7   29
192   1   8   12
192   2   1   17
192   2   2   23
192   2   3   33
192   2   4   35
192   2   5   37
192   2   6   36
192   2   7   25
192   2   8   14
192   3   1   9
192   3   2   26
192   3   3   38
192   3   4   42
192   3   5   37
192   3   6   31
192   3   7   22
192   3   8   15
192   4   1   17
192   4   2   44
192   4   3   50
192   4   4   49
192   4   5   44
192   4   6   16
193   1   1   8
193   1   2   15
193   1   3   23
193   1   4   29
193   1   5   17
193   1   6   5
193   2   1   6
193   2   2   17
193   2   3   28
193   2   4   22
193   2   5   16
193   2   6   8
193   3   1   9
193   3   2   15
193   3   3   24
193   3   4   23
193   3   5   18
193   3   6   8
193   4   1   8
193   4   2   18
193   4   3   21
193   4   4   25
193   4   5   18
193   4   6   7
194   1   1   8
194   1   2   4
194   1   3   9
194   1   4   11
194   1   5   8
194   1   6   6
194   2   1   5
194   2   2   19
194   2   3   17
194   2   4   5
194   3   1   5
194   3   2   18
194   3   3   18
194   3   4   5
194   4   1   11
194   4   2   12
194   4   3   13
194   4   4   10
195   1   1   12
195   1   2   16
195   1   3   22
195   1   4   8
195   2   1   15
195   2   2   15
195   2   3   14
195   2   4   8
195   2   5   6
195   3   1   13
195   3   2   14
195   3   3   18
195   3   4   13
195   4   1   5
195   4   2   10
195   4   3   14
195   4   4   14
195   4   5   15
196   1   1   20
196   1   2   30
196   1   3   25
196   1   4   14
196   1   5   6
196   2   1   8
196   2   2   15
196   2   3   26
196   2   4   25
196   2   5   15
196   2   6   6
196   3   1   15
196   3   2   14
196   3   3   18
196   3   4   18
196   3   5   17
196   3   6   13
196   4   1   5
196   4   2   19
196   4   3   24
196   4   4   23
196   4   5   18
196   4   6   6
197   1   1   13
197   1   2   11
197   1   3   10
197   1   4   14
197   2   1   12
197   2   2   14
197   2   3   16
197   2   4   6
197   3   1   7
197   3   2   16
197   3   3   15
197   3   4   10
197   4   1   11
197   4   2   13
197   4   3   13
197   4   4   11
198   1   1   14
198   1   2   19
198   1   3   24
198   1   4   23
198   1   5   20
198   1   6   13
198   2   1   8
198   2   2   18
198   2   3   32
198   2   4   28
198   2   5   21
198   2   6   6
198   3   1   8
198   3   2   20
198   3   3   25
198   3   4   31
198   3   5   24
198   3   6   5
198   4   1   11
198   4   2   21
198   4   3   24
198   4   4   25
198   4   5   23
198   4   6   9
199   1   1   18
199   1   2   23
199   1   3   30
199   1   4   18
199   2   1   9
199   2   2   12
199   2   3   21
199   2   4   23
199   2   5   18
199   2   6   6
199   3   1   5
199   3   2   16
199   3   3   25
199   3   4   23
199   3   5   14
199   3   6   6
199   4   1   9
199   4   2   18
199   4   3   17
199   4   4   19
199   4   5   15
199   4   6   11
200   1   1   3
200   1   2   2
200   1   3   2
200   1   4   7
200   1   5   8
200   2   1   5
200   2   2   6
200   2   3   11
200   3   1   11
200   3   2   11
200   4   1   6
200   4   2   3
200   4   3   6
200   4   4   7
201   1   1   12
201   1   2   19
201   1   3   29
201   1   4   10
201   2   1   6
201   2   2   13
201   2   3   16
201   2   4   15
201   2   5   15
201   2   6   5
201   3   1   7
201   3   2   12
201   3   3   18
201   3   4   15
201   3   5   9
201   3   6   9
201   4   1   15
201   4   2   19
201   4   3   20
201   4   4   16
202   1   1   14
202   1   2   24
202   1   3   29
202   1   4   35
202   1   5   27
202   1   6   11
202   2   1   16
202   2   2   26
202   2   3   31
202   2   4   27
202   2   5   23
202   2   6   17
202   3   1   20
202   3   2   28
202   3   3   25
202   3   4   25
202   3   5   24
202   3   6   9
202   3   7   9
202   4   1   11
202   4   2   30
202   4   3   35
202   4   4   28
202   4   5   19
202   4   6   12
202   4   7   5
203   1   1   21
203   1   2   19
203   1   3   19
203   1   4   14
203   1   5   5
203   2   1   16
203   2   2   24
203   2   3   22
203   2   4   16
203   3   1   15
203   3   2   23
203   3   3   22
203   3   4   13
203   3   5   5
203   4   1   10
203   4   2   14
203   4   3   14
203   4   4   16
203   4   5   16
203   4   6   8
204   1   1   22
204   1   2   29
204   1   3   27
204   1   4   16
204   1   5   5
204   2   1   11
204   2   2   20
204   2   3   16
204   2   4   21
204   2   5   22
204   2   6   9
204   3   1   15
204   3   2   15
204   3   3   18
204   3   4   21
204   3   5   17
204   3   6   13
204   4   1   7
204   4   2   16
204   4   3   28
204   4   4   25
204   4   5   15
204   4   6   8
205   1   1   34
205   1   2   36
205   1   3   40
205   1   4   22
205   1   5   8
205   2   1   5
205   2   2   17
205   2   3   26
205   2   4   26
205   2   5   21
205   2   6   20
205   2   7   18
205   2   8   7
205   3   1   17
205   3   2   24
205   3   3   26
205   3   4   31
205   3   5   28
205   3   6   14
205   4   1   17
205   4   2   25
205   4   3   27
205   4   4   30
205   4   5   24
205   4   6   17
206   1   1   6
206   1   2   10
206   1   3   14
206   1   4   17
206   1   5   12
206   1   6   5
206   2   1   11
206   2   2   10
206   2   3   13
206   2   4   12
206   2   5   12
206   2   6   6
206   3   1   11
206   3   2   21
206   3   3   22
206   3   4   10
206   4   1   17
206   4   2   15
206   4   3   16
206   4   4   16
207   1   1   12
207   1   2   19
207   1   3   20
207   1   4   14
207   2   1   13
207   2   2   17
207   2   3   23
207   2   4   12
207   3   1   11
207   3   2   6
207   3   3   14
207   3   4   15
207   3   5   8
207   3   6   11
207   4   1   14
207   4   2   20
207   4   3   18
207   4   4   13
208   1   1   6
208   1   2   17
208   1   3   27
208   1   4   24
208   1   5   15
208   1   6   7
208   2   1   9
208   2   2   24
208   2   3   19
208   2   4   18
208   2   5   12
208   2   6   7
208   2   7   7
208   3   1   10
208   3   2   20
208   3   3   15
208   3   4   25
208   3   5   15
208   3   6   11
208   4   1   20
208   4   2   28
208   4   3   29
208   4   4   19
209   1   1   15
209   1   2   16
209   1   3   15
209   1   4   17
209   2   1   13
209   2   2   16
209   2   3   17
209   2   4   12
209   2   5   5
209   3   1   16
209   3   2   18
209   3   3   14
209   3   4   11
209   3   5   4
209   4   1   15
209   4   2   17
209   4   3   14
209   4   4   17
210   1   1   11
210   1   2   7
210   1   3   9
210   1   4   11
210   1   5   22
210   1   6   21
210   1   7   13
210   2   1   5
210   2   2   5
210   2   3   11
210   2   4   27
210   2   5   19
210   2   6   18
210   2   7   7
210   2   8   2
210   3   1   23
210   3   2   27
210   3   3   24
210   3   4   13
210   3   5   7
210   4   1   22
210   4   2   29
210   4   3   24
210   4   4   14
210   4   5   5
211   1   1   11
211   1   2   23
211   1   3   35
211   1   4   31
211   1   5   21
211   1   6   14
211   2   1   5
211   2   2   13
211   2   3   22
211   2   4   27
211   2   5   29
211   2   6   20
211   2   7   14
211   2   8   5
211   3   1   6
211   3   2   10
211   3   3   19
211   3   4   29
211   3   5   30
211   3   6   26
211   3   7   15
211   4   1   5
211   4   2   9
211   4   3   20
211   4   4   31
211   4   5   33
211   4   6   25
211   4   7   12
212   1   1   8
212   1   2   29
212   1   3   36
212   1   4   53
212   1   5   49
212   1   6   33
212   1   7   21
212   1   8   14
212   2   1   15
212   2   2   26
212   2   3   43
212   2   4   40
212   2   5   37
212   2   6   38
212   2   7   27
212   2   8   17
212   3   1   6
212   3   2   24
212   3   3   46
212   3   4   51
212   3   5   52
212   3   6   34
212   3   7   19
212   3   8   11
212   4   1   9
212   4   2   38
212   4   3   37
212   4   4   39
212   4   5   36
212   4   6   40
212   4   7   30
212   4   8   14
213   1   1   12
213   1   2   12
213   2   1   12
213   2   2   12
213   3   1   5
213   3   2   8
213   3   3   11
213   4   1   12
213   4   2   12
214   1   1   7
214   1   2   22
214   1   3   36
214   1   4   40
214   1   5   24
214   1   6   5
214   2   1   14
214   2   2   22
214   2   3   33
214   2   4   27
214   2   5   23
214   2   6   15
214   3   1   7
214   3   2   14
214   3   3   22
214   3   4   26
214   3   5   25
214   3   6   18
214   3   7   11
214   3   8   11
214   4   1   5
214   4   2   18
214   4   3   19
214   4   4   23
214   4   5   26
214   4   6   22
214   4   7   15
214   4   8   6
215   1   1   14
215   1   2   17
215   1   3   16
215   1   4   15
215   2   1   16
215   2   2   14
215   2   3   19
215   2   4   8
215   2   5   5
215   3   1   12
215   3   2   19
215   3   3   19
215   3   4   12
215   4   1   14
215   4   2   16
215   4   3   19
215   4   4   13
216   1   1   3
216   1   2   13
216   1   3   20
216   1   4   33
216   1   5   29
216   1   6   27
216   1   7   14
216   2   1   14
216   2   2   25
216   2   3   30
216   2   4   32
216   2   5   24
216   2   6   14
216   3   1   33
216   3   2   38
216   3   3   35
216   3   4   24
216   3   5   9
216   4   1   13
216   4   2   17
216   4   3   18
216   4   4   19
216   4   5   22
216   4   6   22
216   4   7   16
216   4   8   12
217   1   1   5
217   1   2   15
217   1   3   20
217   1   4   18
217   1   5   13
217   1   6   6
217   2   1   16
217   2   2   20
217   2   3   26
217   2   4   15
217   3   1   6
217   3   2   11
217   3   3   21
217   3   4   21
217   3   5   13
217   3   6   5
217   4   1   21
217   4   2   18
217   4   3   17
217   4   4   14
217   4   5   7
218   1   1   9
218   1   2   10
218   1   3   14
218   1   4   16
218   1   5   13
218   1   6   6
218   2   1   5
218   2   2   10
218   2   3   17
218   2   4   21
218   2   5   15
218   3   1   5
218   3   2   11
218   3   3   16
218   3   4   25
218   3   5   11
218   4   1   5
218   4   2   11
218   4   3   19
218   4   4   16
218   4   5   13
218   4   6   4
219   1   1   20
219   1   2   35
219   1   3   45
219   1   4   39
219   1   5   26
219   1   6   15
219   1   7   9
219   2   1   9
219   2   2   23
219   2   3   31
219   2   4   36
219   2   5   36
219   2   6   24
219   2   7   17
219   2   8   13
219   3   1   6
219   3   2   11
219   3   3   31
219   3   4   46
219   3   5   47
219   3   6   32
219   3   7   16
219   4   1   11
219   4   2   23
219   4   3   28
219   4   4   32
219   4   5   32
219   4   6   31
219   4   7   22
219   4   8   10
220   1   1   7
220   1   2   15
220   1   3   27
220   1   4   27
220   1   5   19
220   1   6   5
220   2   1   13
220   2   2   22
220   2   3   21
220   2   4   15
220   2   5   14
220   2   6   10
220   2   7   5
220   3   1   10
220   3   2   17
220   3   3   21
220   3   4   26
220   3   5   17
220   3   6   9
220   4   1   10
220   4   2   17
220   4   3   23
220   4   4   23
220   4   5   16
220   4   6   11
221   1   1   12
221   1   2   14
221   1   3   13
221   1   4   14
221   2   1   8
221   2   2   19
221   2   3   18
221   2   4   8
221   3   1   6
221   3   2   10
221   3   3   10
221   3   4   11
221   3   5   10
221   3   6   6
221   4   1   9
221   4   2   19
221   4   3   16
221   4   4   9
222   1   1   8
222   1   2   23
222   1   3   37
222   1   4   41
222   1   5   23
222   1   6   8
222   2   1   10
222   2   2   26
222   2   3   35
222   2   4   32
222   2   5   25
222   2   6   12
222   3   1   8
222   3   2   12
222   3   3   23
222   3   4   27
222   3   5   27
222   3   6   20
222   3   7   18
222   3   8   5
222   4   1   19
222   4   2   26
222   4   3   24
222   4   4   30
222   4   5   23
222   4   6   13
222   4   7   5
223   1   1   7
223   1   2   16
223   1   3   19
223   1   4   20
223   1   5   13
223   1   6   11
223   2   1   9
223   2   2   15
223   2   3   20
223   2   4   19
223   2   5   15
223   2   6   8
223   3   1   6
223   3   2   15
223   3   3   21
223   3   4   23
223   3   5   16
223   3   6   5
223   4   1   20
223   4   2   21
223   4   3   26
223   4   4   19
224   1   1   12
224   1   2   24
224   1   3   20
224   1   4   14
224   2   1   15
224   2   2   17
224   2   3   24
224   2   4   14
224   3   1   8
224   3   2   11
224   3   3   14
224   3   4   17
224   3   5   14
224   3   6   6
224   4   1   7
224   4   2   9
224   4   3   17
224   4   4   18
224   4   5   19
225   1   1   7
225   1   2   16
225   1   3   17
225   1   4   8
225   2   1   10
225   2   2   15
225   2   3   11
225   2   4   12
225   3   1   10
225   3   2   15
225   3   3   12
225   3   4   11
225   4   1   12
225   4   2   11
225   4   3   14
225   4   4   11
226   1   1   6
226   1   2   19
226   1   3   22
226   1   4   24
226   1   5   22
226   1   6   19
226   1   7   15
226   1   8   11
226   2   1   9
226   2   2   27
226   2   3   35
226   2   4   31
226   2   5   25
226   2   6   11
226   3   1   5
226   3   2   29
226   3   3   36
226   3   4   35
226   3   5   33
226   4   1   5
226   4   2   16
226   4   3   20
226   4   4   25
226   4   5   32
226   4   6   22
226   4   7   18
227   1   1   9
227   1   2   16
227   1   3   28
227   1   4   37
227   1   5   30
227   1   6   24
227   1   7   19
227   1   8   9
227   2   1   8
227   2   2   17
227   2   3   31
227   2   4   34
227   2   5   28
227   2   6   26
227   2   7   19
227   2   8   9
227   3   1   5
227   3   2   13
227   3   3   24
227   3   4   37
227   3   5   39
227   3   6   37
227   3   7   17
227   4   1   9
227   4   2   18
227   4   3   25
227   4   4   28
227   4   5   36
227   4   6   34
227   4   7   17
227   4   8   5
228   1   1   8
228   1   2   23
228   1   3   32
228   1   4   27
228   1   5   21
228   1   6   12
228   2   1   13
228   2   2   19
228   2   3   30
228   2   4   27
228   2   5   22
228   2   6   12
228   3   1   12
228   3   2   21
228   3   3   27
228   3   4   28
228   3   5   25
228   3   6   10
228   4   1   14
228   4   2   21
228   4   3   26
228   4   4   27
228   4   5   28
228   4   6   7
229   1   1   8
229   1   2   14
229   1   3   14
229   1   4   8
229   1   5   11
229   1   6   10
229   2   1   13
229   2   2   20
229   2   3   18
229   2   4   14
229   3   1   16
229   3   2   17
229   3   3   15
229   3   4   12
229   3   5   5
229   4   1   12
229   4   2   19
229   4   3   21
229   4   4   13
230   1   1   32
230   1   2   51
230   1   3   74
230   1   4   63
230   1   5   45
230   1   6   11
230   2   1   6
230   2   2   18
230   2   3   30
230   2   4   39
230   2   5   44
230   2   6   41
230   2   7   40
230   2   8   36
230   2   9   22
230   3   1   9
230   3   2   11
230   3   3   29
230   3   4   34
230   3   5   51
230   3   6   46
230   3   7   46
230   3   8   35
230   3   9   15
230   4   1   14
230   4   2   22
230   4   3   29
230   4   4   28
230   4   5   41
230   4   6   36
230   4   7   41
230   4   8   37
230   4   9   28
231   1   1   2
231   1   2   3
231   2   1   2
231   2   2   3
231   3   1   1
231   3   2   4
231   4   1   2
231   4   2   3
232   1   1   10
232   1   2   26
232   1   3   35
232   1   4   32
232   1   5   27
232   1   6   13
232   2   1   15
232   2   2   23
232   2   3   31
232   2   4   37
232   2   5   26
232   2   6   11
232   3   1   17
232   3   2   27
232   3   3   29
232   3   4   28
232   3   5   24
232   3   6   18
232   4   1   17
232   4   2   22
232   4   3   33
232   4   4   28
232   4   5   28
232   4   6   15
233   1   1   22
233   1   2   25
233   1   3   25
233   1   4   26
233   1   5   29
233   1   6   22
233   2   1   5
233   2   2   14
233   2   3   25
233   2   4   32
233   2   5   29
233   2   6   23
233   2   7   16
233   2   8   5
233   3   1   10
233   3   2   16
233   3   3   19
233   3   4   24
233   3   5   31
233   3   6   29
233   3   7   20
233   4   1   5
233   4   2   28
233   4   3   43
233   4   4   38
233   4   5   29
233   4   6   6
234   1   1   5
234   1   2   16
234   1   3   18
234   1   4   18
234   1   5   13
234   1   6   6
234   2   1   14
234   2   2   23
234   2   3   25
234   2   4   14
234   3   1   16
234   3   2   22
234   3   3   21
234   3   4   17
234   4   1   7
234   4   2   13
234   4   3   15
234   4   4   21
234   4   5   15
234   4   6   5
235   1   1   18
235   1   2   26
235   1   3   26
235   1   4   27
235   1   5   23
235   1   6   14
235   1   7   5
235   2   1   11
235   2   2   26
235   2   3   34
235   2   4   32
235   2   5   22
235   2   6   14
235   3   1   11
235   3   2   21
235   3   3   35
235   3   4   36
235   3   5   31
235   3   6   5
235   4   1   22
235   4   2   23
235   4   3   24
235   4   4   27
235   4   5   24
235   4   6   14
235   4   7   5
236   1   1   11
236   1   2   19
236   1   3   20
236   1   4   24
236   1   5   21
236   1   6   9
236   2   1   5
236   2   2   19
236   2   3   30
236   2   4   24
236   2   5   19
236   2   6   7
236   3   1   8
236   3   2   19
236   3   3   28
236   3   4   24
236   3   5   14
236   3   6   11
236   4   1   8
236   4   2   21
236   4   3   24
236   4   4   20
236   4   5   23
236   4   6   8
237   1   1   14
237   1   2   17
237   1   3   17
237   1   4   14
237   2   1   7
237   2   2   12
237   2   3   14
237   2   4   15
237   2   5   9
237   2   6   5
237   3   1   11
237   3   2   20
237   3   3   20
237   3   4   11
237   4   1   11
237   4   2   21
237   4   3   19
237   4   4   11
238   1   1   12
238   1   2   17
238   1   3   18
238   1   4   11
238   2   1   6
238   2   2   24
238   2   3   18
238   2   4   10
238   3   1   5
238   3   2   11
238   3   3   15
238   3   4   11
238   3   5   9
238   3   6   7
238   4   1   7
238   4   2   12
238   4   3   11
238   4   4   10
238   4   5   11
238   4   6   7
239   1   1   7
239   1   2   12
239   1   3   20
239   1   4   24
239   1   5   19
239   1   6   5
239   2   1   10
239   2   2   15
239   2   3   17
239   2   4   21
239   2   5   13
239   2   6   11
239   3   1   5
239   3   2   17
239   3   3   23
239   3   4   21
239   3   5   14
239   3   6   7
239   4   1   5
239   4   2   15
239   4   3   23
239   4   4   24
239   4   5   14
239   4   6   6
240   1   1   13
240   1   2   28
240   1   3   31
240   1   4   22
240   1   5   21
240   1   6   18
240   2   1   13
240   2   2   28
240   2   3   29
240   2   4   26
240   2   5   22
240   2   6   15
240   3   1   7
240   3   2   20
240   3   3   36
240   3   4   44
240   3   5   20
240   3   6   6
240   4   1   8
240   4   2   16
240   4   3   18
240   4   4   22
240   4   5   25
240   4   6   23
240   4   7   15
240   4   8   6
241   1   1   5
241   1   2   13
241   1   3   21
241   1   4   23
241   1   5   13
241   1   6   5
241   2   1   6
241   2   2   12
241   2   3   20
241   2   4   23
241   2   5   14
241   2   6   5
241   3   1   18
241   3   2   22
241   3   3   23
241   3   4   17
241   4   1   5
241   4   2   17
241   4   3   18
241   4   4   18
241   4   5   22
242   1   1   21
242   1   2   38
242   1   3   36
242   1   4   34
242   1   5   24
242   1   6   13
242   1   7   13
242   2   1   8
242   2   2   18
242   2   3   23
242   2   4   32
242   2   5   43
242   2   6   37
242   2   7   18
242   3   1   5
242   3   2   15
242   3   3   27
242   3   4   43
242   3   5   39
242   3   6   30
242   3   7   20
242   4   1   10
242   4   2   17
242   4   3   26
242   4   4   32
242   4   5   36
242   4   6   32
242   4   7   20
242   4   8   6
243   1   1   12
243   1   2   17
243   1   3   14
243   1   4   11
243   2   1   10
243   2   2   15
243   2   3   15
243   2   4   14
243   3   1   8
243   3   2   7
243   3   3   10
243   3   4   12
243   3   5   10
243   3   6   7
243   4   1   8
243   4   2   16
243   4   3   24
243   4   4   6
244   1   1   9
244   1   2   17
244   1   3   22
244   1   4   27
244   1   5   22
244   1   6   10
244   2   1   14
244   2   2   23
244   2   3   22
244   2   4   24
244   2   5   17
244   2   6   7
244   3   1   26
244   3   2   29
244   3   3   26
244   3   4   19
244   3   5   7
244   4   1   7
244   4   2   23
244   4   3   24
244   4   4   25
244   4   5   21
244   4   6   7
245   1   1   9
245   1   2   28
245   1   3   42
245   1   4   48
245   1   5   56
245   1   6   54
245   1   7   30
245   2   1   5
245   2   2   14
245   2   3   35
245   2   4   36
245   2   5   42
245   2   6   47
245   2   7   34
245   2   8   32
245   2   9   15
245   2   10   7
245   3   1   12
245   3   2   32
245   3   3   40
245   3   4   48
245   3   5   54
245   3   6   43
245   3   7   23
245   3   8   15
245   4   1   10
245   4   2   20
245   4   3   28
245   4   4   33
245   4   5   45
245   4   6   38
245   4   7   37
245   4   8   26
245   4   9   18
245   4   10   12
246   1   1   9
246   1   2   9
246   1   3   8
246   1   4   11
246   2   1   6
246   2   2   13
246   2   3   11
246   2   4   7
246   3   1   20
246   3   2   11
246   3   3   6
246   4   1   7
246   4   2   12
246   4   3   11
246   4   4   7
