1   1   1   10
1   1   2   14
1   1   3   12
1   1   4   10
1   2   1   7
1   2   2   15
1   2   3   17
1   2   4   7
1   3   1   5
1   3   2   10
1   3   3   11
1   3   4   10
1   3   5   7
1   3   6   3
1   4   1   8
1   4   2   15
1   4   3   14
1   4   4   9
2   1   1   5
2   1   2   7
2   1   3   14
2   1   4   20
2   1   5   25
2   1   6   19
2   1   7   9
2   2   1   9
2   2   2   21
2   2   3   22
2   2   4   19
2   2   5   16
2   2   6   12
2   3   1   24
2   3   2   32
2   3   3   19
2   3   4   18
2   3   5   6
2   4   1   23
2   4   2   26
2   4   3   29
2   4   4   21
3   1   1   10
3   1   2   22
3   1   3   30
3   1   4   30
3   1   5   28
3   1   6   6
3   2   1   10
3   2   2   24
3   2   3   29
3   2   4   27
3   2   5   25
3   2   6   11
3   3   1   16
3   3   2   23
3   3   3   22
3   3   4   26
3   3   5   24
3   3   6   15
3   4   1   15
3   4   2   24
3   4   3   26
3   4   4   24
3   4   5   21
3   4   6   16
4   1   1   20
4   1   2   24
4   1   3   23
4   1   4   15
4   1   5   5
4   2   1   18
4   2   2   25
4   2   3   25
4   2   4   19
4   3   1   5
4   3   2   14
4   3   3   27
4   3   4   20
4   3   5   14
4   3   6   7
4   4   1   13
4   4   2   14
4   4   3   18
4   4   4   16
4   4   5   12
4   4   6   14
5   1   1   12
5   1   2   17
5   1   3   26
5   1   4   26
5   1   5   27
5   1   6   9
5   2   1   11
5   2   2   23
5   2   3   28
5   2   4   27
5   2   5   15
5   2   6   13
5   3   1   10
5   3   2   28
5   3   3   26
5   3   4   21
5   3   5   18
5   3   6   14
5   4   1   7
5   4   2   23
5   4   3   30
5   4   4   27
5   4   5   23
5   4   6   7
6   1   1   8
6   1   2   17
6   1   3   39
6   1   4   32
6   1   5   26
6   1   6   5
6   2   1   5
6   2   2   9
6   2   3   23
6   2   4   21
6   2   5   33
6   2   6   22
6   2   7   14
6   3   1   6
6   3   2   10
6   3   3   20
6   3   4   26
6   3   5   25
6   3   6   23
6   3   7   17
6   4   1   17
6   4   2   19
6   4   3   25
6   4   4   27
6   4   5   26
6   4   6   13
7   1   1   1
7   2   1   1
7   3   1   1
7   4   1   1
8   1   1   24
8   1   2   33
8   1   3   33
8   1   4   32
8   1   5   27
8   1   6   21
8   1   7   6
8   2   1   9
8   2   2   21
8   2   3   23
8   2   4   29
8   2   5   35
8   2   6   35
8   2   7   19
8   2   8   5
8   3   1   8
8   3   2   14
8   3   3   31
8   3   4   34
8   3   5   36
8   3   6   29
8   3   7   24
8   4   1   19
8   4   2   29
8   4   3   38
8   4   4   42
8   4   5   34
8   4   6   14
9   1   1   10
9   1   2   14
9   1   3   21
9   1   4   20
9   1   5   13
9   1   6   11
9   2   1   13
9   2   2   24
9   2   3   25
9   2   4   27
9   3   1   9
9   3   2   14
9   3   3   21
9   3   4   20
9   3   5   18
9   3   6   7
9   4   1   7
9   4   2   14
9   4   3   20
9   4   4   24
9   4   5   24
10   1   1   5
10   1   2   12
10   1   3   17
10   1   4   33
10   1   5   42
10   1   6   50
10   1   7   46
10   1   8   23
10   1   9   7
10   2   1   12
10   2   2   32
10   2   3   37
10   2   4   38
10   2   5   40
10   2   6   35
10   2   7   24
10   2   8   17
10   3   1   25
10   3   2   44
10   3   3   49
10   3   4   52
10   3   5   37
10   3   6   23
10   3   7   5
10   4   1   14
10   4   2   28
10   4   3   38
10   4   4   36
10   4   5   39
10   4   6   34
10   4   7   30
10   4   8   16
11   1   1   5
11   1   2   10
11   1   3   18
11   1   4   21
11   1   5   24
11   1   6   19
11   1   7   15
11   2   1   10
11   2   2   21
11   2   3   25
11   2   4   27
11   2   5   18
11   2   6   11
11   3   1   7
11   3   2   19
11   3   3   33
11   3   4   26
11   3   5   19
11   3   6   8
11   4   1   5
11   4   2   22
11   4   3   29
11   4   4   30
11   4   5   20
11   4   6   6
12   1   1   6
12   1   2   19
12   1   3   29
12   1   4   37
12   1   5   44
12   1   6   31
12   1   7   23
12   2   1   17
12   2   2   31
12   2   3   48
12   2   4   43
12   2   5   31
12   2   6   19
12   3   1   21
12   3   2   20
12   3   3   22
12   3   4   31
12   3   5   30
12   3   6   25
12   3   7   23
12   3   8   17
12   4   1   6
12   4   2   18
12   4   3   28
12   4   4   37
12   4   5   47
12   4   6   33
12   4   7   14
12   4   8   6
13   1   1   7
13   1   2   16
13   1   3   22
13   1   4   23
13   1   5   24
13   2   1   5
13   2   2   15
13   2   3   25
13   2   4   25
13   2   5   17
13   2   6   5
13   3   1   5
13   3   2   8
13   3   3   17
13   3   4   19
13   3   5   14
13   3   6   14
13   3   7   9
13   3   8   6
13   4   1   21
13   4   2   25
13   4   3   26
13   4   4   15
13   4   5   5
14   1   1   5
14   1   2   16
14   1   3   24
14   1   4   19
14   1   5   17
14   1   6   5
14   2   1   6
14   2   2   16
14   2   3   22
14   2   4   20
14   2   5   14
14   2   6   8
14   3   1   5
14   3   2   15
14   3   3   24
14   3   4   21
14   3   5   16
14   3   6   5
14   4   1   23
14   4   2   23
14   4   3   21
14   4   4   10
14   4   5   6
14   4   6   3
15   1   1   6
15   1   2   17
15   1   3   17
15   1   4   19
15   1   5   17
15   1   6   5
15   2   1   6
15   2   2   17
15   2   3   17
15   2   4   17
15   2   5   19
15   2   6   5
15   3   1   8
15   3   2   14
15   3   3   19
15   3   4   17
15   3   5   14
15   3   6   9
15   4   1   12
15   4   2   30
15   4   3   25
15   4   4   14
16   1   1   17
16   1   2   30
16   1   3   24
16   1   4   19
16   2   1   10
16   2   2   14
16   2   3   17
16   2   4   23
16   2   5   19
16   2   6   7
16   3   1   6
16   3   2   12
16   3   3   16
16   3   4   14
16   3   5   14
16   3   6   12
16   3   7   16
16   4   1   20
16   4   2   25
16   4   3   27
16   4   4   18
17   1   1   6
17   1   2   13
17   1   3   21
17   1   4   18
17   1   5   13
17   1   6   7
17   2   1   15
17   2   2   27
17   2   3   17
17   2   4   19
17   3   1   16
17   3   2   21
17   3   3   24
17   3   4   17
17   4   1   6
17   4   2   13
17   4   3   19
17   4   4   21
17   4   5   13
17   4   6   6
18   1   1   6
18   1   2   15
18   1   3   16
18   1   4   19
18   1   5   23
18   2   1   10
18   2   2   13
18   2   3   17
18   2   4   15
18   2   5   15
18   2   6   9
18   3   1   12
18   3   2   27
18   3   3   27
18   3   4   13
18   4   1   21
18   4   2   18
18   4   3   21
18   4   4   13
18   4   5   6
19   1   1   7
19   1   2   12
19   1   3   13
19   1   4   6
19   2   1   9
19   2   2   11
19   2   3   11
19   2   4   7
19   3   1   22
19   3   2   16
19   4   1   8
19   4   2   11
19   4   3   12
19   4   4   7
20   1   1   16
20   1   2   19
20   1   3   23
20   1   4   15
20   2   1   16
20   2   2   21
20   2   3   19
20   2   4   17
20   3   1   18
20   3   2   22
20   3   3   16
20   3   4   11
20   3   5   6
20   4   1   15
20   4   2   24
20   4   3   18
20   4   4   16
21   1   1   22
21   1   2   16
21   1   3   14
21   1   4   9
21   1   5   9
21   2   1   15
21   2   2   23
21   2   3   17
21   2   4   10
21   2   5   5
21   3   1   5
21   3   2   14
21   3   3   19
21   3   4   16
21   3   5   10
21   3   6   6
21   4   1   5
21   4   2   9
21   4   3   18
21   4   4   25
21   4   5   13
22   1   1   16
22   1   2   27
22   1   3   26
22   1   4   16
22   2   1   17
22   2   2   26
22   2   3   23
22   2   4   19
22   3   1   8
22   3   2   15
22   3   3   19
22   3   4   22
22   3   5   13
22   3   6   8
22   4   1   9
22   4   2   13
22   4   3   18
22   4   4   20
22   4   5   18
22   4   6   7
23   1   1   2
23   1   2   1
23   2   1   2
23   2   2   1
23   3   1   2
23   3   2   1
23   4   1   1
23   4   2   2
24   1   1   13
24   1   2   15
24   1   3   15
24   1   4   14
24   2   1   13
24   2   2   15
24   2   3   16
24   2   4   13
24   3   1   13
24   3   2   17
24   3   3   14
24   3   4   13
24   4   1   9
24   4   2   20
24   4   3   20
24   4   4   8
25   1   1   9
25   1   2   23
25   1   3   27
25   1   4   30
25   1   5   29
25   1   6   30
25   1   7   24
25   1   8   7
25   2   1   12
25   2   2   18
25   2   3   27
25   2   4   32
25   2   5   34
25   2   6   29
25   2   7   17
25   2   8   10
25   3   1   6
25   3   2   16
25   3   3   25
25   3   4   40
25   3   5   42
25   3   6   32
25   3   7   18
25   4   1   14
25   4   2   34
25   4   3   39
25   4   4   46
25   4   5   30
25   4   6   16
26   1   1   10
26   1   2   15
26   1   3   24
26   1   4   27
26   1   5   19
26   1   6   9
26   2   1   7
26   2   2   21
26   2   3   24
26   2   4   27
26   2   5   17
26   2   6   8
26   3   1   5
26   3   2   19
26   3   3   31
26   3   4   26
26   3   5   15
26   3   6   8
26   4   1   12
26   4   2   18
26   4   3   24
26   4   4   21
26   4   5   17
26   4   6   12
27   1   1   11
27   1   2   12
27   1   3   12
27   1   4   14
27   1   5   15
27   1   6   9
27   2   1   22
27   2   2   14
27   2   3   20
27   2   4   17
27   3   1   7
27   3   2   14
27   3   3   15
27   3   4   16
27   3   5   14
27   3   6   7
27   4   1   18
27   4   2   19
27   4   3   18
27   4   4   18
28   1   1   8
28   1   2   16
28   1   3   23
28   1   4   22
28   1   5   12
28   1   6   11
28   2   1   8
28   2   2   17
28   2   3   19
28   2   4   26
28   2   5   14
28   2   6   8
28   3   1   20
28   3   2   27
28   3   3   25
28   3   4   15
28   3   5   5
28   4   1   9
28   4   2   19
28   4   3   21
28   4   4   18
28   4   5   13
28   4   6   12
29   1   1   10
29   1   2   29
29   1   3   42
29   1   4   49
29   1   5   28
29   1   6   10
29   2   1   20
29   2   2   33
29   2   3   34
29   2   4   33
29   2   5   26
29   2   6   14
29   2   7   8
29   3   1   7
29   3   2   15
29   3   3   26
29   3   4   36
29   3   5   35
29   3   6   26
29   3   7   17
29   3   8   6
29   4   1   15
29   4   2   17
29   4   3   20
29   4   4   26
29   4   5   32
29   4   6   29
29   4   7   19
29   4   8   10
30   1   1   4
30   1   2   11
30   1   3   10
30   1   4   13
30   1   5   15
30   2   1   10
30   2   2   14
30   2   3   17
30   2   4   12
30   3   1   6
30   3   2   21
30   3   3   19
30   3   4   7
30   4   1   6
30   4   2   8
30   4   3   11
30   4   4   13
30   4   5   15
31   1   1   1
31   2   1   1
31   3   1   1
31   4   1   1
32   1   1   9
32   1   2   15
32   1   3   17
32   1   4   16
32   1   5   20
32   1   6   13
32   2   1   21
32   2   2   23
32   2   3   23
32   2   4   23
32   3   1   15
32   3   2   33
32   3   3   27
32   3   4   15
32   4   1   13
32   4   2   14
32   4   3   18
32   4   4   18
32   4   5   15
32   4   6   9
32   4   7   3
33   1   1   13
33   1   2   25
33   1   3   22
33   1   4   12
33   2   1   14
33   2   2   21
33   2   3   23
33   2   4   14
33   3   1   10
33   3   2   9
33   3   3   13
33   3   4   17
33   3   5   17
33   3   6   6
33   4   1   6
33   4   2   12
33   4   3   18
33   4   4   18
33   4   5   12
33   4   6   6
34   1   1   7
34   1   2   19
34   1   3   27
34   1   4   22
34   1   5   14
34   1   6   11
34   2   1   11
34   2   2   17
34   2   3   21
34   2   4   25
34   2   5   15
34   2   6   11
34   3   1   8
34   3   2   15
34   3   3   25
34   3   4   27
34   3   5   20
34   3   6   5
34   4   1   5
34   4   2   17
34   4   3   25
34   4   4   27
34   4   5   20
34   4   6   6
35   1   1   16
35   1   2   18
35   1   3   15
35   1   4   9
35   1   5   6
35   2   1   12
35   2   2   17
35   2   3   22
35   2   4   13
35   3   1   12
35   3   2   21
35   3   3   17
35   3   4   14
35   4   1   5
35   4   2   11
35   4   3   15
35   4   4   18
35   4   5   15
36   1   1   8
36   1   2   16
36   1   3   18
36   1   4   18
36   1   5   19
36   1   6   6
36   2   1   6
36   2   2   16
36   2   3   20
36   2   4   17
36   2   5   17
36   2   6   9
36   3   1   8
36   3   2   14
36   3   3   22
36   3   4   19
36   3   5   15
36   3   6   7
36   4   1   13
36   4   2   30
36   4   3   28
36   4   4   14
37   1   1   1
37   2   1   1
37   3   1   1
37   4   1   1
38   1   1   19
38   1   2   23
38   1   3   34
38   1   4   30
38   1   5   29
38   1   6   18
38   2   1   15
38   2   2   28
38   2   3   36
38   2   4   31
38   2   5   26
38   2   6   17
38   3   1   14
38   3   2   30
38   3   3   36
38   3   4   33
38   3   5   24
38   3   6   16
38   4   1   15
38   4   2   29
38   4   3   34
38   4   4   33
38   4   5   24
38   4   6   18
39   1   1   7
39   1   2   29
39   1   3   20
39   1   4   43
39   1   5   42
39   1   6   39
39   1   7   14
39   1   8   9
39   2   1   6
39   2   2   25
39   2   3   21
39   2   4   46
39   2   5   48
39   2   6   40
39   2   7   10
39   2   8   7
39   3   1   31
39   3   2   40
39   3   3   24
39   3   4   45
39   3   5   41
39   3   6   13
39   3   7   9
39   4   1   12
39   4   2   14
39   4   3   34
39   4   4   48
39   4   5   24
39   4   6   40
39   4   7   24
39   4   8   7
40   1   1   6
40   1   2   22
40   1   3   25
40   1   4   7
40   2   1   6
40   2   2   10
40   2   3   13
40   2   4   14
40   2   5   17
40   3   1   13
40   3   2   18
40   3   3   16
40   3   4   13
40   4   1   6
40   4   2   8
40   4   3   14
40   4   4   16
40   4   5   16
41   1   1   16
41   1   2   26
41   1   3   29
41   1   4   32
41   1   5   25
41   1   6   12
41   1   7   8
41   2   1   19
41   2   2   26
41   2   3   31
41   2   4   30
41   2   5   24
41   2   6   14
41   2   7   4
41   3   1   11
41   3   2   23
41   3   3   36
41   3   4   40
41   3   5   30
41   3   6   8
41   4   1   18
41   4   2   26
41   4   3   33
41   4   4   29
41   4   5   22
41   4   6   15
41   4   7   5
42   1   1   6
42   1   2   11
42   1   3   9
42   1   4   6
42   2   1   8
42   2   2   10
42   2   3   7
42   2   4   7
42   3   1   6
42   3   2   11
42   3   3   8
42   3   4   7
42   4   1   15
42   4   2   17
43   1   1   16
43   1   2   19
43   1   3   15
43   1   4   15
43   2   1   14
43   2   2   19
43   2   3   17
43   2   4   15
43   3   1   6
43   3   2   11
43   3   3   15
43   3   4   14
43   3   5   12
43   3   6   7
43   4   1   13
43   4   2   18
43   4   3   23
43   4   4   11
44   1   1   7
44   1   2   13
44   1   3   16
44   1   4   6
44   2   1   6
44   2   2   16
44   2   3   13
44   2   4   7
44   3   1   10
44   3   2   12
44   3   3   10
44   3   4   10
44   4   1   12
44   4   2   13
44   4   3   17
45   1   1   7
45   1   2   15
45   1   3   20
45   1   4   22
45   1   5   15
45   1   6   8
45   2   1   10
45   2   2   15
45   2   3   19
45   2   4   18
45   2   5   15
45   2   6   10
45   3   1   20
45   3   2   22
45   3   3   22
45   3   4   23
45   4   1   18
45   4   2   28
45   4   3   23
45   4   4   13
45   4   5   5
46   1   1   12
46   1   2   12
46   1   3   14
46   1   4   11
46   2   1   11
46   2   2   11
46   2   3   16
46   2   4   11
46   3   1   6
46   3   2   17
46   3   3   19
46   3   4   7
46   4   1   11
46   4   2   13
46   4   3   15
46   4   4   10
47   1   1   13
47   1   2   18
47   1   3   18
47   1   4   16
47   1   5   14
47   1   6   15
47   2   1   16
47   2   2   32
47   2   3   28
47   2   4   18
47   3   1   11
47   3   2   17
47   3   3   18
47   3   4   21
47   3   5   16
47   3   6   11
47   4   1   4
47   4   2   19
47   4   3   25
47   4   4   23
47   4   5   16
47   4   6   7
48   1   1   11
48   1   2   13
48   1   3   11
48   1   4   12
48   1   5   16
48   1   6   10
48   2   1   7
48   2   2   15
48   2   3   16
48   2   4   14
48   2   5   12
48   2   6   9
48   3   1   11
48   3   2   24
48   3   3   27
48   3   4   11
48   4   1   18
48   4   2   21
48   4   3   20
48   4   4   9
48   4   5   5
49   1   1   6
49   1   2   12
49   1   3   17
49   1   4   18
49   1   5   14
49   1   6   5
49   2   1   4
49   2   2   14
49   2   3   17
49   2   4   22
49   2   5   15
49   3   1   8
49   3   2   9
49   3   3   17
49   3   4   18
49   3   5   20
49   4   1   13
49   4   2   19
49   4   3   30
49   4   4   10
50   1   1   1
50   2   1   1
50   3   1   1
50   4   1   1
51   1   1   8
51   1   2   28
51   1   3   39
51   1   4   29
51   1   5   18
51   1   6   15
51   2   1   18
51   2   2   23
51   2   3   25
51   2   4   30
51   2   5   24
51   2   6   12
51   2   7   5
51   3   1   16
51   3   2   22
51   3   3   32
51   3   4   28
51   3   5   23
51   3   6   16
51   4   1   20
51   4   2   21
51   4   3   27
51   4   4   27
51   4   5   26
51   4   6   16
52   1   1   17
52   1   2   20
52   1   3   22
52   1   4   11
52   1   5   5
52   2   1   10
52   2   2   10
52   2   3   16
52   2   4   16
52   2   5   15
52   2   6   8
52   3   1   5
52   3   2   16
52   3   3   17
52   3   4   17
52   3   5   11
52   3   6   9
52   4   1   10
52   4   2   29
52   4   3   25
52   4   4   11
53   1   1   4
53   1   2   9
53   1   3   14
53   1   4   20
53   1   5   13
53   2   1   10
53   2   2   21
53   2   3   18
53   2   4   11
53   3   1   6
53   3   2   10
53   3   3   14
53   3   4   16
53   3   5   9
53   3   6   5
53   4   1   16
53   4   2   14
53   4   3   16
53   4   4   9
53   4   5   5
54   1   1   7
54   1   2   5
54   2   1   5
54   2   2   7
54   3   1   5
54   3   2   7
54   4   1   1
54   4   2   5
54   4   3   6
55   1   1   16
55   1   2   13
55   1   3   11
55   1   4   12
55   1   5   5
55   2   1   11
55   2   2   18
55   2   3   16
55   2   4   12
55   3   1   10
55   3   2   20
55   3   3   15
55   3   4   12
55   4   1   12
55   4   2   17
55   4   3   15
55   4   4   13
56   1   1   7
56   1   2   38
56   1   3   40
56   1   4   44
56   1   5   35
56   1   6   8
56   2   1   9
56   2   2   15
56   2   3   29
56   2   4   33
56   2   5   31
56   2   6   29
56   2   7   20
56   2   8   6
56   3   1   9
56   3   2   16
56   3   3   27
56   3   4   33
56   3   5   36
56   3   6   25
56   3   7   17
56   3   8   9
56   4   1   24
56   4   2   31
56   4   3   33
56   4   4   30
56   4   5   28
56   4   6   21
56   4   7   5
57   1   1   11
57   1   2   23
57   1   3   36
57   1   4   42
57   1   5   52
57   1   6   42
57   1   7   30
57   2   1   5
57   2   2   24
57   2   3   43
57   2   4   49
57   2   5   48
57   2   6   36
57   2   7   20
57   2   8   11
57   3   1   14
57   3   2   24
57   3   3   36
57   3   4   46
57   3   5   44
57   3   6   34
57   3   7   22
57   3   8   16
57   4   1   16
57   4   2   22
57   4   3   35
57   4   4   42
57   4   5   47
57   4   6   35
57   4   7   28
57   4   8   11
58   1   1   12
58   1   2   16
58   1   3   15
58   1   4   13
58   2   1   6
58   2   2   10
58   2   3   11
58   2   4   13
58   2   5   16
58   3   1   11
58   3   2   15
58   3   3   19
58   3   4   11
58   4   1   10
58   4   2   17
58   4   3   29
59   1   1   7
59   1   2   14
59   1   3   11
59   1   4   9
59   2   1   10
59   2   2   10
59   2   3   10
59   2   4   11
59   3   1   5
59   3   2   16
59   3   3   20
59   4   1   9
59   4   2   12
59   4   3   10
59   4   4   10
60   1   1   15
60   1   2   26
60   1   3   42
60   1   4   41
60   1   5   38
60   1   6   37
60   1   7   26
60   1   8   17
60   2   1   10
60   2   2   13
60   2   3   24
60   2   4   29
60   2   5   34
60   2   6   44
60   2   7   43
60   2   8   37
60   2   9   8
60   3   1   5
60   3   2   12
60   3   3   21
60   3   4   31
60   3   5   43
60   3   6   50
60   3   7   46
60   3   8   26
60   3   9   8
60   4   1   28
60   4   2   44
60   4   3   51
60   4   4   51
60   4   5   41
60   4   6   20
60   4   7   7
61   1   1   10
61   1   2   15
61   1   3   21
61   1   4   27
61   1   5   19
61   1   6   6
61   2   1   8
61   2   2   19
61   2   3   23
61   2   4   20
61   2   5   19
61   2   6   9
61   3   1   8
61   3   2   16
61   3   3   25
61   3   4   23
61   3   5   19
61   3   6   7
61   4   1   6
61   4   2   19
61   4   3   22
61   4   4   27
61   4   5   24
62   1   1   23
62   1   2   28
62   1   3   30
62   1   4   28
62   1   5   27
62   1   6   19
62   1   7   5
62   2   1   12
62   2   2   31
62   2   3   35
62   2   4   36
62   2   5   34
62   2   6   12
62   3   1   6
62   3   2   11
62   3   3   26
62   3   4   33
62   3   5   39
62   3   6   32
62   3   7   13
62   4   1   9
62   4   2   16
62   4   3   24
62   4   4   29
62   4   5   29
62   4   6   27
62   4   7   26
63   1   1   7
63   1   2   6
63   1   3   4
63   1   4   1
63   1   5   7
63   1   6   7
63   2   1   9
63   2   2   7
63   2   3   7
63   2   4   9
63   3   1   9
63   3   2   8
63   3   3   6
63   3   4   9
63   4   1   4
63   4   2   8
63   4   3   12
63   4   4   8
64   1   1   4
64   1   2   7
64   1   3   12
64   1   4   16
64   1   5   12
64   2   1   9
64   2   2   17
64   2   3   15
64   2   4   10
64   3   1   9
64   3   2   16
64   3   3   17
64   3   4   9
64   4   1   13
64   4   2   13
64   4   3   12
64   4   4   13
65   1   1   18
65   1   2   24
65   1   3   31
65   1   4   26
65   1   5   21
65   1   6   17
65   2   1   18
65   2   2   23
65   2   3   28
65   2   4   25
65   2   5   28
65   2   6   15
65   3   1   3
65   3   2   9
65   3   3   24
65   3   4   31
65   3   5   33
65   3   6   26
65   3   7   11
65   4   1   11
65   4   2   27
65   4   3   34
65   4   4   30
65   4   5   20
65   4   6   15
66   1   1   9
66   1   2   15
66   1   3   22
66   1   4   26
66   1   5   24
66   2   1   19
66   2   2   27
66   2   3   29
66   2   4   21
66   3   1   10
66   3   2   19
66   3   3   22
66   3   4   17
66   3   5   17
66   3   6   11
66   4   1   7
66   4   2   17
66   4   3   24
66   4   4   24
66   4   5   17
66   4   6   7
67   1   1   7
67   1   2   12
67   1   3   13
67   1   4   7
67   2   1   11
67   2   2   9
67   2   3   8
67   2   4   11
67   3   1   6
67   3   2   12
67   3   3   14
67   3   4   7
67   4   1   21
67   4   2   13
67   4   3   5
68   1   1   8
68   1   2   10
68   1   3   13
68   1   4   17
68   1   5   12
68   1   6   7
68   2   1   13
68   2   2   22
68   2   3   20
68   2   4   12
68   3   1   18
68   3   2   17
68   3   3   14
68   3   4   13
68   3   5   5
68   4   1   12
68   4   2   23
68   4   3   20
68   4   4   12
69   1   1   8
69   1   2   11
69   1   3   20
69   1   4   23
69   1   5   32
69   1   6   30
69   1   7   15
69   2   1   11
69   2   2   23
69   2   3   34
69   2   4   46
69   2   5   25
69   3   1   5
69   3   2   20
69   3   3   22
69   3   4   23
69   3   5   28
69   3   6   19
69   3   7   12
69   3   8   10
69   4   1   5
69   4   2   12
69   4   3   24
69   4   4   25
69   4   5   29
69   4   6   26
69   4   7   18
70   1   1   22
70   1   2   23
70   1   3   26
70   1   4   28
70   1   5   22
70   1   6   17
70   1   7   6
70   2   1   6
70   2   2   20
70   2   3   25
70   2   4   24
70   2   5   21
70   2   6   22
70   2   7   15
70   2   8   11
70   3   1   5
70   3   2   27
70   3   3   40
70   3   4   42
70   3   5   25
70   3   6   5
70   4   1   15
70   4   2   23
70   4   3   34
70   4   4   33
70   4   5   26
70   4   6   13
71   1   1   14
71   1   2   16
71   1   3   15
71   1   4   9
71   1   5   4
71   2   1   14
71   2   2   16
71   2   3   15
71   2   4   8
71   2   5   5
71   3   1   8
71   3   2   19
71   3   3   23
71   3   4   8
71   4   1   5
71   4   2   11
71   4   3   13
71   4   4   14
71   4   5   15
72   1   1   11
72   1   2   11
72   1   3   15
72   1   4   21
72   1   5   15
72   1   6   8
72   2   1   8
72   2   2   16
72   2   3   19
72   2   4   17
72   2   5   11
72   2   6   10
72   3   1   5
72   3   2   17
72   3   3   21
72   3   4   18
72   3   5   13
72   3   6   7
72   4   1   7
72   4   2   14
72   4   3   17
72   4   4   22
72   4   5   14
72   4   6   7
73   1   1   5
73   1   2   16
73   1   3   32
73   1   4   31
73   1   5   14
73   1   6   7
73   2   1   2
73   2   2   3
73   2   3   10
73   2   4   17
73   2   5   18
73   2   6   22
73   2   7   19
73   2   8   14
73   3   1   16
73   3   2   19
73   3   3   20
73   3   4   18
73   3   5   15
73   3   6   10
73   3   7   7
73   4   1   23
73   4   2   34
73   4   3   26
73   4   4   17
73   4   5   5
74   1   1   16
74   1   2   23
74   1   3   23
74   1   4   18
74   2   1   6
74   2   2   15
74   2   3   22
74   2   4   17
74   2   5   13
74   2   6   7
74   3   1   21
74   3   2   21
74   3   3   16
74   3   4   13
74   3   5   9
74   4   1   5
74   4   2   10
74   4   3   25
74   4   4   25
74   4   5   10
74   4   6   5
75   1   1   3
75   1   2   9
75   1   3   15
75   1   4   19
75   1   5   27
75   1   6   12
75   1   7   13
75   2   1   11
75   2   2   40
75   2   3   34
75   2   4   13
75   3   1   13
75   3   2   16
75   3   3   19
75   3   4   20
75   3   5   17
75   3   6   13
75   4   1   14
75   4   2   18
75   4   3   19
75   4   4   17
75   4   5   14
75   4   6   11
75   4   7   5
76   1   1   17
76   1   2   14
76   1   3   15
76   1   4   11
76   1   5   5
76   2   1   10
76   2   2   22
76   2   3   21
76   2   4   9
76   3   1   15
76   3   2   16
76   3   3   16
76   3   4   15
76   4   1   13
76   4   2   19
76   4   3   22
76   4   4   8
77   1   1   10
77   1   2   19
77   1   3   26
77   1   4   33
77   1   5   36
77   1   6   36
77   1   7   26
77   2   1   8
77   2   2   19
77   2   3   28
77   2   4   32
77   2   5   39
77   2   6   36
77   2   7   24
77   3   1   16
77   3   2   38
77   3   3   40
77   3   4   36
77   3   5   36
77   3   6   20
77   4   1   9
77   4   2   19
77   4   3   30
77   4   4   35
77   4   5   34
77   4   6   31
77   4   7   19
77   4   8   9
78   1   1   1
78   2   1   1
78   3   1   1
78   4   1   1
79   1   1   18
79   1   2   25
79   1   3   28
79   1   4   22
79   1   5   26
79   1   6   17
79   2   1   13
79   2   2   19
79   2   3   36
79   2   4   36
79   2   5   22
79   2   6   10
79   3   1   6
79   3   2   13
79   3   3   22
79   3   4   24
79   3   5   28
79   3   6   25
79   3   7   18
79   4   1   16
79   4   2   23
79   4   3   28
79   4   4   30
79   4   5   23
79   4   6   16
80   1   1   12
80   1   2   22
80   1   3   22
80   1   4   23
80   1   5   28
80   1   6   9
80   2   1   8
80   2   2   25
80   2   3   30
80   2   4   21
80   2   5   18
80   2   6   14
80   3   1   10
80   3   2   22
80   3   3   25
80   3   4   29
80   3   5   19
80   3   6   11
80   4   1   5
80   4   2   25
80   4   3   30
80   4   4   29
80   4   5   20
80   4   6   7
81   1   1   5
81   1   2   18
81   1   3   33
81   1   4   33
81   1   5   28
81   1   6   29
81   1   7   19
81   1   8   6
81   2   1   6
81   2   2   15
81   2   3   26
81   2   4   36
81   2   5   38
81   2   6   30
81   2   7   20
81   3   1   10
81   3   2   21
81   3   3   23
81   3   4   26
81   3   5   30
81   3   6   35
81   3   7   21
81   3   8   5
81   4   1   23
81   4   2   18
81   4   3   37
81   4   4   47
81   4   5   33
81   4   6   13
82   1   1   8
82   1   2   26
82   1   3   32
82   1   4   29
82   1   5   21
82   1   6   11
82   2   1   8
82   2   2   26
82   2   3   34
82   2   4   24
82   2   5   19
82   2   6   16
82   3   1   11
82   3   2   22
82   3   3   31
82   3   4   25
82   3   5   28
82   3   6   10
82   4   1   5
82   4   2   15
82   4   3   22
82   4   4   25
82   4   5   22
82   4   6   18
82   4   7   12
82   4   8   8
83   1   1   7
83   1   2   12
83   1   3   11
83   1   4   11
83   1   5   21
83   1   6   24
83   1   7   12
83   2   1   11
83   2   2   20
83   2   3   19
83   2   4   20
83   2   5   16
83   2   6   12
83   3   1   6
83   3   2   18
83   3   3   25
83   3   4   24
83   3   5   20
83   3   6   5
83   4   1   9
83   4   2   17
83   4   3   28
83   4   4   19
83   4   5   13
83   4   6   12
84   1   1   24
84   1   2   29
84   1   3   27
84   1   4   18
84   1   5   5
84   2   1   5
84   2   2   19
84   2   3   27
84   2   4   26
84   2   5   20
84   2   6   6
84   3   1   10
84   3   2   16
84   3   3   26
84   3   4   22
84   3   5   20
84   3   6   9
84   4   1   14
84   4   2   16
84   4   3   22
84   4   4   21
84   4   5   18
84   4   6   12
85   1   1   5
85   1   2   16
85   1   3   20
85   1   4   23
85   1   5   15
85   1   6   5
85   2   1   19
85   2   2   25
85   2   3   20
85   2   4   20
85   3   1   5
85   3   2   16
85   3   3   23
85   3   4   21
85   3   5   10
85   3   6   9
85   4   1   21
85   4   2   24
85   4   3   22
85   4   4   10
85   4   5   7
86   1   1   20
86   1   2   28
86   1   3   34
86   1   4   28
86   1   5   25
86   1   6   23
86   2   1   6
86   2   2   12
86   2   3   24
86   2   4   33
86   2   5   34
86   2   6   31
86   2   7   18
86   3   1   19
86   3   2   22
86   3   3   36
86   3   4   40
86   3   5   23
86   3   6   18
86   4   1   17
86   4   2   26
86   4   3   36
86   4   4   32
86   4   5   30
86   4   6   17
87   1   1   8
87   1   2   16
87   1   3   16
87   1   4   8
87   2   1   13
87   2   2   12
87   2   3   10
87   2   4   13
87   3   1   9
87   3   2   17
87   3   3   14
87   3   4   8
87   4   1   2
87   4   2   2
87   4   3   7
87   4   4   11
87   4   5   14
87   4   6   7
87   4   7   5
88   1   1   31
88   1   2   32
88   1   3   36
88   1   4   20
88   1   5   7
88   2   1   6
88   2   2   15
88   2   3   22
88   2   4   23
88   2   5   22
88   2   6   21
88   2   7   17
88   3   1   8
88   3   2   23
88   3   3   33
88   3   4   30
88   3   5   22
88   3   6   10
88   4   1   13
88   4   2   23
88   4   3   28
88   4   4   25
88   4   5   21
88   4   6   16
89   1   1   10
89   1   2   22
89   1   3   38
89   1   4   37
89   1   5   23
89   1   6   10
89   2   1   9
89   2   2   15
89   2   3   21
89   2   4   23
89   2   5   26
89   2   6   19
89   2   7   22
89   2   8   5
89   3   1   9
89   3   2   25
89   3   3   33
89   3   4   38
89   3   5   30
89   3   6   5
89   4   1   25
89   4   2   21
89   4   3   25
89   4   4   25
89   4   5   20
89   4   6   19
89   4   7   5
90   1   1   5
90   1   2   13
90   1   3   21
90   1   4   23
90   1   5   23
90   1   6   18
90   1   7   14
90   1   8   6
90   2   1   8
90   2   2   21
90   2   3   33
90   2   4   31
90   2   5   22
90   2   6   8
90   3   1   12
90   3   2   22
90   3   3   30
90   3   4   24
90   3   5   23
90   3   6   12
90   4   1   6
90   4   2   11
90   4   3   23
90   4   4   24
90   4   5   22
90   4   6   21
90   4   7   7
90   4   8   9
91   1   1   5
91   1   2   10
91   1   3   15
91   1   4   20
91   1   5   14
91   2   1   11
91   2   2   23
91   2   3   18
91   2   4   12
91   3   1   15
91   3   2   19
91   3   3   13
91   3   4   17
91   4   1   6
91   4   2   13
91   4   3   18
91   4   4   9
91   4   5   10
91   4   6   8
92   1   1   5
92   1   2   15
92   1   3   23
92   1   4   23
92   1   5   20
92   2   1   20
92   2   2   24
92   2   3   23
92   2   4   19
92   3   1   9
92   3   2   16
92   3   3   18
92   3   4   16
92   3   5   17
92   3   6   10
92   4   1   20
92   4   2   22
92   4   3   24
92   4   4   20
93   1   1   17
93   1   2   28
93   1   3   36
93   1   4   35
93   1   5   23
93   1   6   15
93   1   7   5
93   2   1   14
93   2   2   23
93   2   3   40
93   2   4   43
93   2   5   29
93   2   6   10
93   3   1   20
93   3   2   29
93   3   3   32
93   3   4   27
93   3   5   32
93   3   6   19
93   4   1   8
93   4   2   15
93   4   3   24
93   4   4   29
93   4   5   35
93   4   6   27
93   4   7   16
93   4   8   5
94   1   1   19
94   1   2   21
94   1   3   24
94   1   4   22
94   1   5   16
94   1   6   23
94   2   1   6
94   2   2   32
94   2   3   30
94   2   4   25
94   2   5   21
94   2   6   11
94   3   1   8
94   3   2   21
94   3   3   32
94   3   4   33
94   3   5   23
94   3   6   8
94   4   1   11
94   4   2   23
94   4   3   28
94   4   4   30
94   4   5   23
94   4   6   10
95   1   1   9
95   1   2   24
95   1   3   34
95   1   4   47
95   1   5   45
95   1   6   36
95   1   7   28
95   1   8   5
95   2   1   18
95   2   2   27
95   2   3   33
95   2   4   40
95   2   5   38
95   2   6   34
95   2   7   26
95   2   8   12
95   3   1   5
95   3   2   22
95   3   3   39
95   3   4   49
95   3   5   45
95   3   6   37
95   3   7   25
95   3   8   6
95   4   1   6
95   4   2   24
95   4   3   41
95   4   4   43
95   4   5   46
95   4   6   37
95   4   7   24
95   4   8   7
96   1   1   7
96   1   2   18
96   1   3   39
96   1   4   35
96   1   5   25
96   1   6   5
96   2   1   5
96   2   2   17
96   2   3   19
96   2   4   21
96   2   5   23
96   2   6   25
96   2   7   19
96   3   1   11
96   3   2   27
96   3   3   30
96   3   4   27
96   3   5   21
96   3   6   10
96   3   7   3
96   4   1   7
96   4   2   12
96   4   3   20
96   4   4   24
96   4   5   25
96   4   6   22
96   4   7   13
96   4   8   6
97   1   1   17
97   1   2   18
97   1   3   19
97   1   4   9
97   1   5   5
97   2   1   14
97   2   2   21
97   2   3   19
97   2   4   14
97   3   1   10
97   3   2   12
97   3   3   15
97   3   4   12
97   3   5   9
97   3   6   5
97   3   7   5
97   4   1   22
97   4   2   20
97   4   3   16
97   4   4   10
98   1   1   22
98   1   2   38
98   1   3   33
98   1   4   17
98   1   5   5
98   2   1   16
98   2   2   20
98   2   3   23
98   2   4   18
98   2   5   23
98   2   6   15
98   3   1   12
98   3   2   19
98   3   3   26
98   3   4   26
98   3   5   21
98   3   6   11
98   4   1   12
98   4   2   19
98   4   3   26
98   4   4   26
98   4   5   19
98   4   6   13
99   1   1   14
99   1   2   18
99   1   3   24
99   1   4   23
99   1   5   17
99   1   6   14
99   2   1   10
99   2   2   19
99   2   3   25
99   2   4   28
99   2   5   28
99   3   1   5
99   3   2   21
99   3   3   28
99   3   4   29
99   3   5   27
99   4   1   10
99   4   2   20
99   4   3   25
99   4   4   24
99   4   5   22
99   4   6   9
100   1   1   5
100   1   2   17
100   1   3   26
100   1   4   38
100   1   5   21
100   2   1   10
100   2   2   21
100   2   3   24
100   2   4   20
100   2   5   19
100   2   6   13
100   3   1   8
100   3   2   23
100   3   3   23
100   3   4   25
100   3   5   19
100   3   6   9
100   4   1   6
100   4   2   10
100   4   3   17
100   4   4   20
100   4   5   20
100   4   6   17
100   4   7   11
100   4   8   6
101   1   1   20
101   1   2   21
101   1   3   24
101   1   4   21
101   2   1   6
101   2   2   15
101   2   3   23
101   2   4   20
101   2   5   16
101   2   6   6
101   3   1   8
101   3   2   14
101   3   3   21
101   3   4   20
101   3   5   17
101   3   6   6
101   4   1   7
101   4   2   14
101   4   3   21
101   4   4   22
101   4   5   17
101   4   6   5
102   1   1   9
102   1   2   12
102   1   3   22
102   1   4   27
102   1   5   17
102   1   6   6
102   2   1   9
102   2   2   20
102   2   3   21
102   2   4   18
102   2   5   14
102   2   6   11
102   3   1   10
102   3   2   14
102   3   3   22
102   3   4   26
102   3   5   21
102   4   1   21
102   4   2   27
102   4   3   26
102   4   4   19
103   1   1   8
103   1   2   17
103   1   3   19
103   1   4   8
103   2   1   13
103   2   2   14
103   2   3   13
103   2   4   12
103   3   1   12
103   3   2   15
103   3   3   13
103   3   4   12
103   4   1   12
103   4   2   16
103   4   3   16
103   4   4   8
104   1   1   6
104   1   2   7
104   2   1   9
104   2   2   2
104   2   3   2
104   3   1   7
104   3   2   6
104   4   1   7
104   4   2   6
105   1   1   11
105   1   2   9
105   1   3   7
105   1   4   1
105   1   5   7
105   2   1   8
105   2   2   8
105   2   3   11
105   2   4   5
105   2   5   3
105   3   1   9
105   3   2   13
105   3   3   5
105   3   4   4
105   3   5   4
105   4   1   8
105   4   2   7
105   4   3   12
105   4   4   8
106   1   1   14
106   1   2   29
106   1   3   23
106   1   4   16
106   2   1   10
106   2   2   15
106   2   3   17
106   2   4   16
106   2   5   13
106   2   6   11
106   3   1   20
106   3   2   20
106   3   3   23
106   3   4   19
106   4   1   6
106   4   2   15
106   4   3   20
106   4   4   20
106   4   5   15
106   4   6   6
107   1   1   34
107   1   2   48
107   1   3   52
107   1   4   51
107   1   5   41
107   1   6   25
107   1   7   10
107   2   1   10
107   2   2   35
107   2   3   44
107   2   4   44
107   2   5   46
107   2   6   35
107   2   7   31
107   2   8   16
107   3   1   23
107   3   2   35
107   3   3   42
107   3   4   38
107   3   5   36
107   3   6   31
107   3   7   24
107   3   8   16
107   3   9   16
107   4   1   9
107   4   2   35
107   4   3   46
107   4   4   39
107   4   5   45
107   4   6   44
107   4   7   36
107   4   8   7
108   1   1   18
108   1   2   16
108   1   3   15
108   1   4   16
108   1   5   19
108   1   6   15
108   2   1   19
108   2   2   34
108   2   3   19
108   2   4   27
108   3   1   20
108   3   2   30
108   3   3   28
108   3   4   21
108   4   1   15
108   4   2   15
108   4   3   19
108   4   4   16
108   4   5   19
108   4   6   10
108   4   7   5
109   1   1   10
109   1   2   22
109   1   3   32
109   1   4   32
109   1   5   18
109   1   6   13
109   2   1   16
109   2   2   23
109   2   3   24
109   2   4   27
109   2   5   23
109   2   6   14
109   3   1   5
109   3   2   7
109   3   3   23
109   3   4   31
109   3   5   24
109   3   6   21
109   3   7   16
109   4   1   15
109   4   2   22
109   4   3   26
109   4   4   27
109   4   5   21
109   4   6   16
110   1   1   6
110   1   2   20
110   1   3   30
110   2   1   5
110   2   2   12
110   2   3   10
110   2   4   13
110   2   5   10
110   2   6   6
110   3   1   11
110   3   2   17
110   3   3   16
110   3   4   12
110   4   1   14
110   4   2   17
110   4   3   13
110   4   4   12
111   1   1   21
111   1   2   14
111   1   3   5
111   2   1   7
111   2   2   13
111   2   3   13
111   2   4   7
111   3   1   8
111   3   2   11
111   3   3   13
111   3   4   8
111   4   1   10
111   4   2   10
111   4   3   9
111   4   4   11
112   1   1   11
112   1   2   14
112   1   3   12
112   1   4   16
112   1   5   14
112   1   6   9
112   2   1   2
112   2   2   14
112   2   3   21
112   2   4   22
112   2   5   17
112   3   1   15
112   3   2   25
112   3   3   20
112   3   4   16
112   4   1   11
112   4   2   14
112   4   3   16
112   4   4   11
112   4   5   11
112   4   6   13
113   1   1   21
113   1   2   46
113   1   3   37
113   1   4   28
113   1   5   23
113   1   6   19
113   1   7   12
113   2   1   17
113   2   2   34
113   2   3   39
113   2   4   44
113   2   5   35
113   2   6   17
113   3   1   14
113   3   2   18
113   3   3   27
113   3   4   34
113   3   5   30
113   3   6   27
113   3   7   27
113   3   8   9
113   4   1   9
113   4   2   17
113   4   3   27
113   4   4   33
113   4   5   40
113   4   6   38
113   4   7   22
114   1   1   12
114   1   2   23
114   1   3   27
114   1   4   23
114   1   5   21
114   1   6   13
114   2   1   16
114   2   2   21
114   2   3   22
114   2   4   25
114   2   5   22
114   2   6   13
114   3   1   11
114   3   2   18
114   3   3   30
114   3   4   32
114   3   5   20
114   3   6   8
114   4   1   8
114   4   2   21
114   4   3   31
114   4   4   31
114   4   5   20
114   4   6   8
115   1   1   11
115   1   2   14
115   1   3   28
115   1   4   35
115   1   5   28
115   1   6   30
115   1   7   20
115   1   8   7
115   2   1   10
115   2   2   33
115   2   3   43
115   2   4   47
115   2   5   28
115   2   6   12
115   3   1   18
115   3   2   21
115   3   3   19
115   3   4   23
115   3   5   28
115   3   6   27
115   3   7   24
115   3   8   13
115   4   1   15
115   4   2   33
115   4   3   37
115   4   4   39
115   4   5   32
115   4   6   17
116   1   1   7
116   1   2   14
116   1   3   21
116   1   4   32
116   1   5   37
116   1   6   29
116   1   7   18
116   2   1   14
116   2   2   29
116   2   3   36
116   2   4   36
116   2   5   29
116   2   6   14
116   3   1   17
116   3   2   17
116   3   3   21
116   3   4   24
116   3   5   22
116   3   6   23
116   3   7   18
116   3   8   11
116   3   9   5
116   4   1   19
116   4   2   25
116   4   3   37
116   4   4   33
116   4   5   26
116   4   6   12
116   4   7   6
117   1   1   7
117   1   2   12
117   1   3   14
117   1   4   14
117   1   5   13
117   1   6   7
117   2   1   7
117   2   2   28
117   2   3   23
117   2   4   9
117   3   1   7
117   3   2   12
117   3   3   15
117   3   4   15
117   3   5   11
117   3   6   7
117   4   1   17
117   4   2   19
117   4   3   14
117   4   4   17
118   1   1   7
118   1   2   10
118   1   3   10
118   1   4   7
118   2   1   21
118   2   2   5
118   2   3   8
118   3   1   6
118   3   2   11
118   3   3   12
118   3   4   5
118   4   1   8
118   4   2   9
118   4   3   9
118   4   4   8
119   1   1   9
119   1   2   20
119   1   3   24
119   1   4   29
119   1   5   40
119   1   6   32
119   1   7   23
119   2   1   7
119   2   2   22
119   2   3   29
119   2   4   37
119   2   5   30
119   2   6   21
119   2   7   15
119   2   8   16
119   3   1   16
119   3   2   38
119   3   3   25
119   3   4   56
119   3   5   22
119   3   6   20
119   4   1   10
119   4   2   12
119   4   3   31
119   4   4   33
119   4   5   37
119   4   6   33
119   4   7   14
119   4   8   7
120   1   1   2
120   1   2   10
120   1   3   13
120   1   4   20
120   1   5   9
120   2   1   5
120   2   2   10
120   2   3   16
120   2   4   11
120   2   5   12
120   3   1   6
120   3   2   8
120   3   3   11
120   3   4   15
120   3   5   10
120   3   6   4
120   4   1   2
120   4   2   4
120   4   3   21
120   4   4   17
120   4   5   10
121   1   1   21
121   1   2   26
121   1   3   31
121   1   4   25
121   1   5   24
121   1   6   16
121   1   7   6
121   2   1   5
121   2   2   13
121   2   3   20
121   2   4   33
121   2   5   36
121   2   6   27
121   2   7   15
121   3   1   12
121   3   2   22
121   3   3   40
121   3   4   37
121   3   5   30
121   3   6   8
121   4   1   7
121   4   2   19
121   4   3   15
121   4   4   30
121   4   5   28
121   4   6   30
121   4   7   20
122   1   1   8
122   1   2   9
122   1   3   8
122   1   4   8
122   2   1   7
122   2   2   7
122   2   3   14
122   2   4   5
122   3   1   6
122   3   2   10
122   3   3   12
122   3   4   5
122   4   1   18
122   4   2   10
122   4   3   5
123   1   1   5
123   1   2   10
123   1   3   12
123   2   1   6
123   2   2   7
123   2   3   7
123   2   4   7
123   3   1   3
123   3   2   10
123   3   3   14
123   4   1   12
123   4   2   15
124   1   1   9
124   1   2   16
124   1   3   27
124   1   4   31
124   1   5   27
124   2   1   10
124   2   2   23
124   2   3   23
124   2   4   23
124   2   5   20
124   2   6   11
124   3   1   10
124   3   2   21
124   3   3   26
124   3   4   22
124   3   5   19
124   3   6   12
124   4   1   12
124   4   2   21
124   4   3   24
124   4   4   29
124   4   5   24
125   1   1   20
125   1   2   15
125   1   3   29
125   1   4   18
125   2   1   12
125   2   2   12
125   2   3   13
125   2   4   18
125   2   5   20
125   2   6   7
125   3   1   6
125   3   2   12
125   3   3   22
125   3   4   22
125   3   5   20
125   4   1   18
125   4   2   24
125   4   3   21
125   4   4   13
125   4   5   6
126   1   1   7
126   1   2   21
126   1   3   26
126   1   4   26
126   1   5   17
126   2   1   9
126   2   2   19
126   2   3   21
126   2   4   21
126   2   5   16
126   2   6   11
126   3   1   8
126   3   2   16
126   3   3   25
126   3   4   23
126   3   5   17
126   3   6   8
126   4   1   7
126   4   2   21
126   4   3   21
126   4   4   21
126   4   5   18
126   4   6   9
127   1   1   14
127   1   2   14
127   1   3   14
127   1   4   8
127   1   5   4
127   2   1   13
127   2   2   17
127   2   3   10
127   2   4   11
127   2   5   3
127   3   1   10
127   3   2   18
127   3   3   16
127   3   4   10
127   4   1   12
127   4   2   14
127   4   3   15
127   4   4   13
128   1   1   9
128   1   2   26
128   1   3   23
128   1   4   21
128   1   5   17
128   1   6   10
128   2   1   17
128   2   2   17
128   2   3   20
128   2   4   18
128   2   5   15
128   2   6   19
128   3   1   8
128   3   2   20
128   3   3   27
128   3   4   24
128   3   5   17
128   3   6   10
128   4   1   20
128   4   2   33
128   4   3   32
128   4   4   21
129   1   1   5
129   1   2   11
129   1   3   14
129   1   4   25
129   1   5   25
129   1   6   23
129   1   7   13
129   2   1   12
129   2   2   20
129   2   3   24
129   2   4   27
129   2   5   23
129   2   6   10
129   3   1   8
129   3   2   23
129   3   3   29
129   3   4   27
129   3   5   19
129   3   6   10
129   4   1   9
129   4   2   24
129   4   3   27
129   4   4   26
129   4   5   24
129   4   6   6
130   1   1   13
130   1   2   9
130   1   3   3
130   2   1   13
130   2   2   12
130   3   1   13
130   3   2   12
130   4   1   13
130   4   2   12
131   1   1   7
131   1   2   19
131   1   3   28
131   1   4   24
131   1   5   15
131   1   6   10
131   2   1   8
131   2   2   20
131   2   3   22
131   2   4   27
131   2   5   17
131   2   6   9
131   3   1   5
131   3   2   19
131   3   3   30
131   3   4   28
131   3   5   21
131   4   1   9
131   4   2   21
131   4   3   22
131   4   4   25
131   4   5   26
132   1   1   17
132   1   2   22
132   1   3   16
132   1   4   11
132   1   5   6
132   2   1   12
132   2   2   26
132   2   3   18
132   2   4   16
132   3   1   5
132   3   2   13
132   3   3   18
132   3   4   20
132   3   5   11
132   3   6   5
132   4   1   17
132   4   2   19
132   4   3   19
132   4   4   17
133   1   1   7
133   1   2   19
133   1   3   25
133   1   4   25
133   1   5   17
133   1   6   8
133   2   1   7
133   2   2   17
133   2   3   27
133   2   4   24
133   2   5   17
133   2   6   9
133   3   1   14
133   3   2   16
133   3   3   18
133   3   4   22
133   3   5   20
133   3   6   11
133   4   1   5
133   4   2   16
133   4   3   29
133   4   4   27
133   4   5   24
134   1   1   1
134   2   1   1
134   3   1   1
134   4   1   1
135   1   1   10
135   1   2   11
135   1   3   14
135   1   4   17
135   1   5   16
135   1   6   7
135   2   1   14
135   2   2   28
135   2   3   17
135   2   4   16
135   3   1   16
135   3   2   23
135   3   3   20
135   3   4   16
135   4   1   9
135   4   2   12
135   4   3   14
135   4   4   18
135   4   5   15
135   4   6   7
136   1   1   9
136   1   2   29
136   1   3   36
136   1   4   29
136   1   5   24
136   1   6   14
136   2   1   5
136   2   2   16
136   2   3   23
136   2   4   27
136   2   5   27
136   2   6   19
136   2   7   19
136   2   8   5
136   3   1   2
136   3   2   9
136   3   3   19
136   3   4   29
136   3   5   36
136   3   6   32
136   3   7   14
136   4   1   14
136   4   2   26
136   4   3   33
136   4   4   30
136   4   5   23
136   4   6   15
137   1   1   12
137   1   2   18
137   1   3   23
137   1   4   9
137   2   1   7
137   2   2   11
137   2   3   13
137   2   4   13
137   2   5   11
137   2   6   7
137   3   1   11
137   3   2   22
137   3   3   17
137   3   4   12
137   4   1   8
137   4   2   11
137   4   3   11
137   4   4   12
137   4   5   13
137   4   6   7
138   1   1   12
138   1   2   18
138   1   3   22
138   1   4   25
138   1   5   14
138   1   6   13
138   2   1   12
138   2   2   18
138   2   3   17
138   2   4   28
138   2   5   21
138   2   6   8
138   3   1   10
138   3   2   16
138   3   3   25
138   3   4   29
138   3   5   24
138   4   1   8
138   4   2   17
138   4   3   26
138   4   4   27
138   4   5   20
138   4   6   6
139   1   1   10
139   1   2   22
139   1   3   20
139   1   4   11
139   2   1   12
139   2   2   20
139   2   3   18
139   2   4   13
139   3   1   18
139   3   2   16
139   3   3   12
139   3   4   11
139   3   5   6
139   4   1   14
139   4   2   21
139   4   3   14
139   4   4   14
140   1   1   15
140   1   2   17
140   1   3   24
140   1   4   26
140   1   5   32
140   1   6   29
140   1   7   22
140   1   8   6
140   2   1   16
140   2   2   27
140   2   3   45
140   2   4   36
140   2   5   30
140   2   6   17
140   3   1   18
140   3   2   36
140   3   3   38
140   3   4   34
140   3   5   21
140   3   6   15
140   3   7   9
140   4   1   5
140   4   2   24
140   4   3   24
140   4   4   30
140   4   5   33
140   4   6   33
140   4   7   16
140   4   8   6
141   1   1   10
141   1   2   17
141   1   3   18
141   1   4   8
141   2   1   8
141   2   2   16
141   2   3   23
141   2   4   6
141   3   1   13
141   3   2   14
141   3   3   13
141   3   4   13
141   4   1   7
141   4   2   9
141   4   3   10
141   4   4   10
141   4   5   10
141   4   6   7
142   1   1   14
142   1   2   19
142   1   3   16
142   1   4   9
142   1   5   6
142   2   1   17
142   2   2   17
142   2   3   13
142   2   4   12
142   2   5   5
142   3   1   16
142   3   2   16
142   3   3   17
142   3   4   10
142   3   5   5
142   4   1   16
142   4   2   18
142   4   3   14
142   4   4   16
143   1   1   12
143   1   2   14
143   1   3   21
143   1   4   21
143   1   5   17
143   1   6   11
143   2   1   14
143   2   2   35
143   2   3   33
143   2   4   14
143   3   1   10
143   3   2   15
143   3   3   23
143   3   4   22
143   3   5   17
143   3   6   9
143   4   1   14
143   4   2   17
143   4   3   19
143   4   4   16
143   4   5   15
143   4   6   15
144   1   1   12
144   1   2   10
144   2   1   10
144   2   2   12
144   3   1   9
144   3   2   13
144   4   1   4
144   4   2   6
144   4   3   12
145   1   1   9
145   1   2   27
145   1   3   17
145   1   4   13
145   2   1   14
145   2   2   19
145   2   3   21
145   2   4   12
145   3   1   10
145   3   2   10
145   3   3   13
145   3   4   12
145   3   5   9
145   3   6   12
145   4   1   11
145   4   2   22
145   4   3   16
145   4   4   11
145   4   5   6
146   1   1   9
146   1   2   18
146   1   3   27
146   1   4   19
146   1   5   16
146   1   6   10
146   2   1   5
146   2   2   15
146   2   3   25
146   2   4   29
146   2   5   20
146   2   6   5
146   3   1   9
146   3   2   16
146   3   3   24
146   3   4   22
146   3   5   18
146   3   6   10
146   4   1   8
146   4   2   15
146   4   3   23
146   4   4   28
146   4   5   19
146   4   6   6
147   1   1   5
147   1   2   8
147   1   3   14
147   1   4   10
147   1   5   5
147   1   6   4
147   2   1   7
147   2   2   18
147   2   3   15
147   2   4   6
147   3   1   11
147   3   2   11
147   3   3   14
147   3   4   10
147   4   1   9
147   4   2   12
147   4   3   18
147   4   4   7
148   1   1   1
148   2   1   1
148   3   1   1
148   4   1   1
149   1   1   22
149   1   2   31
149   1   3   36
149   1   4   37
149   1   5   32
149   1   6   21
149   2   1   13
149   2   2   24
149   2   3   27
149   2   4   25
149   2   5   24
149   2   6   31
149   2   7   24
149   2   8   11
149   3   1   11
149   3   2   40
149   3   3   46
149   3   4   39
149   3   5   27
149   3   6   11
149   3   7   5
149   4   1   5
149   4   2   14
149   4   3   31
149   4   4   41
149   4   5   38
149   4   6   30
149   4   7   14
149   4   8   6
150   1   1   5
150   1   2   14
150   1   3   25
150   1   4   25
150   1   5   16
150   1   6   5
150   2   1   8
150   2   2   16
150   2   3   22
150   2   4   21
150   2   5   12
150   2   6   11
150   3   1   6
150   3   2   12
150   3   3   23
150   3   4   30
150   3   5   19
150   4   1   5
150   4   2   7
150   4   3   14
150   4   4   20
150   4   5   17
150   4   6   15
150   4   7   12
151   1   1   1
151   2   1   1
151   3   1   1
151   4   1   1
152   1   1   16
152   1   2   17
152   2   1   6
152   2   2   10
152   2   3   11
152   2   4   6
152   3   1   6
152   3   2   10
152   3   3   9
152   3   4   8
152   4   1   5
152   4   2   11
152   4   3   12
152   4   4   5
153   1   1   6
153   1   2   9
153   1   3   10
153   1   4   19
153   1   5   25
153   1   6   26
153   1   7   33
153   1   8   17
153   1   9   5
153   2   1   9
153   2   2   29
153   2   3   36
153   2   4   39
153   2   5   26
153   2   6   11
153   3   1   21
153   3   2   29
153   3   3   31
153   3   4   23
153   3   5   20
153   3   6   16
153   3   7   10
153   4   1   11
153   4   2   34
153   4   3   34
153   4   4   31
153   4   5   25
153   4   6   15
154   1   1   12
154   1   2   20
154   1   3   25
154   1   4   23
154   1   5   25
154   1   6   9
154   2   1   5
154   2   2   24
154   2   3   29
154   2   4   28
154   2   5   19
154   2   6   9
154   3   1   15
154   3   2   19
154   3   3   22
154   3   4   26
154   3   5   17
154   3   6   15
154   4   1   26
154   4   2   33
154   4   3   29
154   4   4   20
154   4   5   6
155   1   1   16
155   1   2   16
155   1   3   36
155   1   4   24
155   1   5   26
155   1   6   12
155   2   1   5
155   2   2   29
155   2   3   34
155   2   4   30
155   2   5   21
155   2   6   11
155   3   1   10
155   3   2   25
155   3   3   32
155   3   4   27
155   3   5   24
155   3   6   12
155   4   1   21
155   4   2   21
155   4   3   24
155   4   4   24
155   4   5   21
155   4   6   13
155   4   7   6
156   1   1   18
156   1   2   30
156   1   3   31
156   1   4   28
156   1   5   21
156   1   6   16
156   1   7   8
156   2   1   8
156   2   2   31
156   2   3   40
156   2   4   37
156   2   5   23
156   2   6   13
156   3   1   16
156   3   2   28
156   3   3   34
156   3   4   33
156   3   5   22
156   3   6   14
156   3   7   5
156   4   1   18
156   4   2   25
156   4   3   33
156   4   4   33
156   4   5   24
156   4   6   19
157   1   1   27
157   1   2   28
157   1   3   24
157   1   4   19
157   1   5   7
157   2   1   7
157   2   2   18
157   2   3   28
157   2   4   21
157   2   5   31
157   3   1   8
157   3   2   23
157   3   3   21
157   3   4   24
157   3   5   18
157   3   6   11
157   4   1   10
157   4   2   18
157   4   3   24
157   4   4   24
157   4   5   20
157   4   6   9
158   1   1   12
158   1   2   18
158   1   3   26
158   1   4   28
158   1   5   19
158   1   6   11
158   2   1   8
158   2   2   18
158   2   3   28
158   2   4   33
158   2   5   22
158   2   6   5
158   3   1   12
158   3   2   24
158   3   3   24
158   3   4   23
158   3   5   18
158   3   6   13
158   4   1   7
158   4   2   23
158   4   3   28
158   4   4   26
158   4   5   21
158   4   6   9
159   1   1   14
159   1   2   21
159   1   3   24
159   1   4   13
159   2   1   7
159   2   2   16
159   2   3   17
159   2   4   12
159   2   5   9
159   2   6   11
159   3   1   13
159   3   2   24
159   3   3   24
159   3   4   11
159   4   1   22
159   4   2   18
159   4   3   14
159   4   4   9
159   4   5   9
160   1   1   5
160   1   2   20
160   1   3   34
160   1   4   31
160   1   5   35
160   1   6   33
160   1   7   20
160   1   8   5
160   2   1   28
160   2   2   29
160   2   3   34
160   2   4   37
160   2   5   29
160   2   6   21
160   2   7   5
160   3   1   18
160   3   2   31
160   3   3   34
160   3   4   32
160   3   5   33
160   3   6   26
160   3   7   9
160   4   1   17
160   4   2   32
160   4   3   42
160   4   4   44
160   4   5   33
160   4   6   15
161   1   1   10
161   1   2   6
161   1   3   1
161   2   1   9
161   2   2   4
161   2   3   4
161   3   1   9
161   3   2   8
161   4   1   7
161   4   2   1
161   4   3   1
161   4   4   8
162   1   1   8
162   1   2   16
162   1   3   19
162   1   4   26
162   1   5   25
162   2   1   25
162   2   2   23
162   2   3   26
162   2   4   15
162   2   5   5
162   3   1   9
162   3   2   18
162   3   3   18
162   3   4   26
162   3   5   11
162   3   6   12
162   4   1   7
162   4   2   19
162   4   3   23
162   4   4   19
162   4   5   17
162   4   6   9
163   1   1   15
163   1   2   20
163   1   3   26
163   1   4   27
163   1   5   23
163   1   6   13
163   2   1   26
163   2   2   32
163   2   3   31
163   2   4   23
163   2   5   12
163   3   1   8
163   3   2   24
163   3   3   33
163   3   4   28
163   3   5   19
163   3   6   12
163   4   1   11
163   4   2   24
163   4   3   29
163   4   4   28
163   4   5   16
163   4   6   16
164   1   1   10
164   1   2   11
164   1   3   19
164   1   4   25
164   1   5   25
164   1   6   26
164   1   7   21
164   2   1   5
164   2   2   15
164   2   3   19
164   2   4   27
164   2   5   28
164   2   6   27
164   2   7   16
164   3   1   12
164   3   2   26
164   3   3   28
164   3   4   39
164   3   5   19
164   3   6   13
164   4   1   5
164   4   2   11
164   4   3   22
164   4   4   29
164   4   5   31
164   4   6   23
164   4   7   16
165   1   1   14
165   1   2   21
165   1   3   23
165   1   4   22
165   1   5   17
165   1   6   16
165   2   1   8
165   2   2   20
165   2   3   29
165   2   4   30
165   2   5   17
165   2   6   9
165   3   1   9
165   3   2   13
165   3   3   14
165   3   4   18
165   3   5   19
165   3   6   17
165   3   7   18
165   3   8   5
165   4   1   25
165   4   2   29
165   4   3   35
165   4   4   24
166   1   1   8
166   1   2   30
166   1   3   43
166   1   4   39
166   1   5   22
166   1   6   12
166   2   1   7
166   2   2   19
166   2   3   19
166   2   4   28
166   2   5   31
166   2   6   31
166   2   7   19
166   3   1   7
166   3   2   12
166   3   3   23
166   3   4   34
166   3   5   34
166   3   6   24
166   3   7   15
166   3   8   5
166   4   1   16
166   4   2   30
166   4   3   36
166   4   4   31
166   4   5   23
166   4   6   12
166   4   7   6
167   1   1   12
167   1   2   21
167   1   3   29
167   1   4   32
167   1   5   35
167   1   6   31
167   1   7   25
167   1   8   8
167   2   1   7
167   2   2   20
167   2   3   26
167   2   4   34
167   2   5   48
167   2   6   39
167   2   7   19
167   3   1   24
167   3   2   35
167   3   3   41
167   3   4   38
167   3   5   28
167   3   6   20
167   3   7   7
167   4   1   20
167   4   2   33
167   4   3   43
167   4   4   45
167   4   5   33
167   4   6   14
167   4   7   5
168   1   1   15
168   1   2   21
168   1   3   29
168   1   4   26
168   1   5   25
168   1   6   10
168   1   7   2
168   2   1   10
168   2   2   27
168   2   3   31
168   2   4   25
168   2   5   20
168   2   6   15
168   3   1   10
168   3   2   24
168   3   3   29
168   3   4   30
168   3   5   26
168   3   6   9
168   4   1   12
168   4   2   25
168   4   3   29
168   4   4   29
168   4   5   19
168   4   6   14
169   1   1   7
169   1   2   23
169   1   3   41
169   1   4   49
169   1   5   42
169   1   6   35
169   1   7   21
169   1   8   11
169   2   1   9
169   2   2   23
169   2   3   35
169   2   4   41
169   2   5   47
169   2   6   45
169   2   7   29
169   3   1   14
169   3   2   26
169   3   3   34
169   3   4   38
169   3   5   40
169   3   6   40
169   3   7   37
169   4   1   12
169   4   2   24
169   4   3   36
169   4   4   40
169   4   5   41
169   4   6   40
169   4   7   29
169   4   8   7
170   1   1   21
170   1   2   39
170   1   3   35
170   1   4   21
170   2   1   12
170   2   2   22
170   2   3   24
170   2   4   26
170   2   5   19
170   2   6   13
170   3   1   15
170   3   2   17
170   3   3   23
170   3   4   31
170   3   5   14
170   3   6   16
170   4   1   15
170   4   2   22
170   4   3   20
170   4   4   23
170   4   5   20
170   4   6   16
171   1   1   11
171   1   2   11
171   2   1   4
171   2   2   7
171   2   3   11
171   3   1   10
171   3   2   10
171   3   3   2
171   4   1   11
171   4   2   11
172   1   1   11
172   1   2   14
172   1   3   19
172   1   4   9
172   2   1   6
172   2   2   23
172   2   3   15
172   2   4   9
172   3   1   4
172   3   2   7
172   3   3   15
172   3   4   13
172   3   5   14
172   4   1   16
172   4   2   11
172   4   3   12
172   4   4   9
172   4   5   5
173   1   1   7
173   1   2   12
173   1   3   13
173   1   4   6
173   2   1   6
173   2   2   11
173   2   3   15
173   2   4   6
173   3   1   7
173   3   2   13
173   3   3   12
173   3   4   6
173   4   1   5
173   4   2   15
173   4   3   13
173   4   4   5
174   1   1   18
174   1   2   29
174   1   3   21
174   1   4   19
174   2   1   7
174   2   2   17
174   2   3   20
174   2   4   20
174   2   5   16
174   2   6   7
174   3   1   6
174   3   2   16
174   3   3   19
174   3   4   23
174   3   5   23
174   4   1   8
174   4   2   15
174   4   3   18
174   4   4   24
174   4   5   22
175   1   1   9
175   1   2   19
175   1   3   23
175   1   4   10
175   2   1   9
175   2   2   16
175   2   3   17
175   2   4   19
175   3   1   5
175   3   2   10
175   3   3   13
175   3   4   16
175   3   5   17
175   4   1   17
175   4   2   15
175   4   3   13
175   4   4   11
175   4   5   5
176   1   1   5
176   1   2   14
176   1   3   18
176   1   4   16
176   1   5   20
176   2   1   13
176   2   2   27
176   2   3   19
176   2   4   14
176   3   1   11
176   3   2   12
176   3   3   14
176   3   4   13
176   3   5   12
176   3   6   11
176   4   1   5
176   4   2   12
176   4   3   19
176   4   4   19
176   4   5   18
177   1   1   16
177   1   2   24
177   1   3   28
177   1   4   29
177   1   5   29
177   1   6   10
177   2   1   27
177   2   2   40
177   2   3   42
177   2   4   27
177   3   1   19
177   3   2   25
177   3   3   29
177   3   4   22
177   3   5   21
177   3   6   12
177   3   7   8
177   4   1   9
177   4   2   15
177   4   3   20
177   4   4   23
177   4   5   24
177   4   6   23
177   4   7   15
177   4   8   7
178   1   1   16
178   1   2   25
178   1   3   28
178   1   4   29
178   1   5   23
178   1   6   15
178   2   1   10
178   2   2   23
178   2   3   34
178   2   4   37
178   2   5   22
178   2   6   10
178   3   1   8
178   3   2   14
178   3   3   24
178   3   4   29
178   3   5   30
178   3   6   23
178   3   7   8
178   4   1   12
178   4   2   24
178   4   3   33
178   4   4   29
178   4   5   24
178   4   6   14
179   1   1   14
179   1   2   20
179   1   3   28
179   1   4   31
179   1   5   29
179   1   6   24
179   1   7   24
179   1   8   13
179   2   1   19
179   2   2   31
179   2   3   41
179   2   4   39
179   2   5   36
179   2   6   17
179   3   1   5
179   3   2   18
179   3   3   32
179   3   4   39
179   3   5   33
179   3   6   31
179   3   7   25
179   4   1   7
179   4   2   18
179   4   3   31
179   4   4   33
179   4   5   41
179   4   6   30
179   4   7   15
179   4   8   8
180   1   1   8
180   1   2   14
180   1   3   22
180   1   4   20
180   1   5   15
180   1   6   6
180   2   1   16
180   2   2   27
180   2   3   26
180   2   4   16
180   3   1   6
180   3   2   15
180   3   3   23
180   3   4   20
180   3   5   15
180   3   6   6
180   4   1   6
180   4   2   16
180   4   3   25
180   4   4   16
180   4   5   14
180   4   6   8
181   1   1   10
181   1   2   10
181   1   3   12
181   1   4   10
181   2   1   5
181   2   2   14
181   2   3   18
181   2   4   5
181   3   1   8
181   3   2   13
181   3   3   11
181   3   4   10
181   4   1   9
181   4   2   11
181   4   3   12
181   4   4   10
182   1   1   9
182   1   2   17
182   1   3   23
182   1   4   18
182   1   5   16
182   1   6   11
182   2   1   12
182   2   2   15
182   2   3   22
182   2   4   18
182   2   5   13
182   2   6   8
182   2   7   6
182   3   1   9
182   3   2   13
182   3   3   22
182   3   4   26
182   3   5   24
182   4   1   6
182   4   2   16
182   4   3   25
182   4   4   24
182   4   5   18
182   4   6   5
183   1   1   11
183   1   2   17
183   1   3   16
183   1   4   10
183   2   1   14
183   2   2   12
183   2   3   14
183   2   4   14
183   3   1   10
183   3   2   18
183   3   3   15
183   3   4   11
183   4   1   13
183   4   2   13
183   4   3   15
183   4   4   13
184   1   1   17
184   1   2   28
184   1   3   40
184   1   4   44
184   1   5   43
184   1   6   38
184   1   7   24
184   1   8   15
184   1   9   5
184   2   1   14
184   2   2   30
184   2   3   48
184   2   4   42
184   2   5   39
184   2   6   32
184   2   7   26
184   2   8   23
184   3   1   13
184   3   2   21
184   3   3   39
184   3   4   55
184   3   5   51
184   3   6   38
184   3   7   25
184   3   8   12
184   4   1   8
184   4   2   27
184   4   3   42
184   4   4   54
184   4   5   54
184   4   6   38
184   4   7   20
184   4   8   11
185   1   1   1
185   2   1   1
185   3   1   1
185   4   1   1
186   1   1   19
186   1   2   33
186   1   3   31
186   1   4   20
186   2   1   11
186   2   2   16
186   2   3   24
186   2   4   22
186   2   5   21
186   2   6   9
186   3   1   7
186   3   2   21
186   3   3   24
186   3   4   22
186   3   5   19
186   3   6   10
186   4   1   14
186   4   2   15
186   4   3   22
186   4   4   24
186   4   5   16
186   4   6   12
187   1   1   8
187   1   2   32
187   1   3   31
187   1   4   26
187   1   5   19
187   1   6   17
187   2   1   14
187   2   2   21
187   2   3   29
187   2   4   32
187   2   5   24
187   2   6   13
187   3   1   16
187   3   2   22
187   3   3   25
187   3   4   31
187   3   5   25
187   3   6   14
187   4   1   5
187   4   2   11
187   4   3   23
187   4   4   24
187   4   5   30
187   4   6   24
187   4   7   16
188   1   1   19
188   1   2   19
188   1   3   18
188   1   4   13
188   1   5   6
188   2   1   6
188   2   2   12
188   2   3   18
188   2   4   21
188   2   5   18
188   3   1   8
188   3   2   13
188   3   3   18
188   3   4   16
188   3   5   13
188   3   6   7
188   4   1   13
188   4   2   23
188   4   3   27
188   4   4   12
189   1   1   1
189   2   1   1
189   3   1   1
189   4   1   1
190   1   1   16
190   1   2   33
190   1   3   34
190   1   4   30
190   1   5   18
190   1   6   14
190   1   7   8
190   2   1   11
190   2   2   27
190   2   3   40
190   2   4   35
190   2   5   24
190   2   6   16
190   3   1   7
190   3   2   19
190   3   3   27
190   3   4   26
190   3   5   23
190   3   6   20
190   3   7   23
190   3   8   8
190   4   1   9
190   4   2   16
190   4   3   22
190   4   4   29
190   4   5   29
190   4   6   23
190   4   7   17
190   4   8   8
191   1   1   7
191   1   2   21
191   1   3   20
191   1   4   6
191   2   1   11
191   2   2   13
191   2   3   15
191   2   4   15
191   3   1   12
191   3   2   13
191   3   3   16
191   3   4   13
191   4   1   13
191   4   2   13
191   4   3   14
191   4   4   14
192   1   1   9
192   1   2   16
192   1   3   22
192   1   4   26
192   1   5   28
192   1   6   20
192   1   7   13
192   1   8   11
192   2   1   14
192   2   2   25
192   2   3   32
192   2   4   34
192   2   5   26
192   2   6   14
192   3   1   16
192   3   2   26
192   3   3   30
192   3   4   32
192   3   5   27
192   3   6   14
192   4   1   9
192   4   2   28
192   4   3   38
192   4   4   35
192   4   5   24
192   4   6   11
193   1   1   6
193   1   2   6
193   2   1   1
193   2   2   5
193   2   3   6
193   3   1   1
193   3   2   4
193   3   3   7
193   4   1   1
193   4   2   6
193   4   3   5
194   1   1   7
194   1   2   14
194   1   3   24
194   1   4   31
194   1   5   22
194   2   1   8
194   2   2   19
194   2   3   21
194   2   4   22
194   2   5   20
194   2   6   8
194   3   1   7
194   3   2   18
194   3   3   26
194   3   4   21
194   3   5   18
194   3   6   8
194   4   1   6
194   4   2   25
194   4   3   23
194   4   4   19
194   4   5   12
194   4   6   13
195   1   1   8
195   1   2   23
195   1   3   35
195   1   4   44
195   1   5   37
195   1   6   29
195   1   7   18
195   1   8   15
195   2   1   9
195   2   2   19
195   2   3   31
195   2   4   39
195   2   5   45
195   2   6   43
195   2   7   23
195   3   1   6
195   3   2   14
195   3   3   29
195   3   4   50
195   3   5   49
195   3   6   36
195   3   7   25
195   4   1   5
195   4   2   11
195   4   3   20
195   4   4   30
195   4   5   34
195   4   6   41
195   4   7   34
195   4   8   20
195   4   9   14
196   1   1   8
196   1   2   17
196   1   3   21
196   1   4   20
196   1   5   12
196   1   6   10
196   2   1   22
196   2   2   21
196   2   3   24
196   2   4   21
196   3   1   8
196   3   2   14
196   3   3   19
196   3   4   24
196   3   5   17
196   3   6   6
196   4   1   8
196   4   2   14
196   4   3   19
196   4   4   22
196   4   5   20
196   4   6   5
197   1   1   5
197   1   2   16
197   1   3   25
197   1   4   24
197   1   5   17
197   1   6   5
197   2   1   5
197   2   2   14
197   2   3   28
197   2   4   26
197   2   5   19
197   3   1   10
197   3   2   17
197   3   3   19
197   3   4   19
197   3   5   16
197   3   6   11
197   4   1   8
197   4   2   18
197   4   3   21
197   4   4   19
197   4   5   17
197   4   6   9
198   1   1   1
198   2   1   1
198   3   1   1
198   4   1   1
199   1   1   6
199   1   2   22
199   1   3   32
199   1   4   23
199   1   5   19
199   1   6   9
199   2   1   10
199   2   2   20
199   2   3   25
199   2   4   23
199   2   5   24
199   2   6   9
199   3   1   8
199   3   2   20
199   3   3   25
199   3   4   28
199   3   5   30
199   4   1   17
199   4   2   11
199   4   3   30
199   4   4   16
199   4   5   29
199   4   6   8
200   1   1   15
200   1   2   24
200   1   3   34
200   1   4   26
200   1   5   24
200   1   6   18
200   2   1   10
200   2   2   31
200   2   3   34
200   2   4   30
200   2   5   21
200   2   6   15
200   3   1   14
200   3   2   27
200   3   3   31
200   3   4   31
200   3   5   21
200   3   6   17
200   4   1   22
200   4   2   28
200   4   3   28
200   4   4   21
200   4   5   17
200   4   6   14
200   4   7   11
201   1   1   6
201   1   2   9
201   1   3   19
201   1   4   35
201   1   5   27
201   1   6   38
201   1   7   8
201   2   1   15
201   2   2   26
201   2   3   31
201   2   4   32
201   2   5   22
201   2   6   16
201   3   1   21
201   3   2   24
201   3   3   27
201   3   4   26
201   3   5   21
201   3   6   16
201   3   7   7
201   4   1   10
201   4   2   27
201   4   3   34
201   4   4   34
201   4   5   28
201   4   6   9
202   1   1   19
202   1   2   32
202   1   3   36
202   1   4   33
202   1   5   25
202   1   6   14
202   1   7   7
202   2   1   14
202   2   2   29
202   2   3   40
202   2   4   41
202   2   5   29
202   2   6   13
202   3   1   8
202   3   2   18
202   3   3   23
202   3   4   32
202   3   5   32
202   3   6   32
202   3   7   15
202   3   8   6
202   4   1   10
202   4   2   14
202   4   3   21
202   4   4   34
202   4   5   37
202   4   6   30
202   4   7   20
203   1   1   6
203   1   2   16
203   1   3   24
203   1   4   35
203   1   5   26
203   1   6   24
203   1   7   14
203   1   8   9
203   2   1   13
203   2   2   28
203   2   3   34
203   2   4   37
203   2   5   29
203   2   6   13
203   3   1   5
203   3   2   15
203   3   3   22
203   3   4   32
203   3   5   35
203   3   6   29
203   3   7   16
203   4   1   11
203   4   2   21
203   4   3   28
203   4   4   36
203   4   5   34
203   4   6   24
204   1   1   14
204   1   2   17
204   1   3   23
204   1   4   25
204   1   5   22
204   1   6   11
204   2   1   9
204   2   2   19
204   2   3   29
204   2   4   25
204   2   5   20
204   2   6   10
204   3   1   31
204   3   2   37
204   3   3   20
204   3   4   15
204   3   5   9
204   4   1   5
204   4   2   14
204   4   3   20
204   4   4   20
204   4   5   19
204   4   6   15
204   4   7   13
204   4   8   6
205   1   1   9
205   1   2   19
205   1   3   37
205   1   4   34
205   1   5   28
205   1   6   16
205   2   1   10
205   2   2   26
205   2   3   34
205   2   4   35
205   2   5   28
205   2   6   10
205   3   1   9
205   3   2   15
205   3   3   24
205   3   4   23
205   3   5   25
205   3   6   22
205   3   7   17
205   3   8   8
205   4   1   13
205   4   2   29
205   4   3   31
205   4   4   30
205   4   5   23
205   4   6   17
206   1   1   11
206   1   2   12
206   2   1   11
206   2   2   12
206   3   1   12
206   3   2   6
206   3   3   5
206   4   1   11
206   4   2   12
207   1   1   5
207   1   2   8
207   1   3   13
207   2   1   12
207   2   2   14
207   3   1   13
207   3   2   13
207   4   1   5
207   4   2   11
207   4   3   10
208   1   1   18
208   1   2   22
208   1   3   22
208   1   4   19
208   2   1   8
208   2   2   17
208   2   3   17
208   2   4   15
208   2   5   14
208   2   6   10
208   3   1   15
208   3   2   25
208   3   3   26
208   3   4   15
208   4   1   10
208   4   2   16
208   4   3   18
208   4   4   14
208   4   5   11
208   4   6   7
208   4   7   5
209   1   1   15
209   1   2   15
209   1   3   17
209   1   4   15
209   2   1   5
209   2   2   8
209   2   3   17
209   2   4   16
209   2   5   16
209   3   1   11
209   3   2   22
209   3   3   18
209   3   4   11
209   4   1   15
209   4   2   17
209   4   3   16
209   4   4   14
210   1   1   5
210   1   2   16
210   1   3   19
210   1   4   22
210   1   5   14
210   1   6   5
210   2   1   5
210   2   2   16
210   2   3   20
210   2   4   18
210   2   5   22
210   3   1   19
210   3   2   22
210   3   3   21
210   3   4   19
210   4   1   8
210   4   2   11
210   4   3   21
210   4   4   20
210   4   5   16
210   4   6   5
211   1   1   9
211   1   2   34
211   1   3   33
211   1   4   36
211   1   5   26
211   1   6   12
211   2   1   7
211   2   2   15
211   2   3   23
211   2   4   25
211   2   5   29
211   2   6   32
211   2   7   19
211   3   1   17
211   3   2   25
211   3   3   32
211   3   4   34
211   3   5   26
211   3   6   16
211   4   1   21
211   4   2   24
211   4   3   30
211   4   4   32
211   4   5   23
211   4   6   20
212   1   1   16
212   1   2   29
212   1   3   38
212   1   4   37
212   1   5   26
212   1   6   18
212   2   1   20
212   2   2   30
212   2   3   34
212   2   4   34
212   2   5   27
212   2   6   14
212   2   7   5
212   3   1   19
212   3   2   32
212   3   3   35
212   3   4   33
212   3   5   25
212   3   6   20
212   4   1   7
212   4   2   20
212   4   3   26
212   4   4   31
212   4   5   29
212   4   6   27
212   4   7   13
212   4   8   11
213   1   1   15
213   1   2   18
213   1   3   18
213   1   4   13
213   2   1   7
213   2   2   10
213   2   3   18
213   2   4   12
213   2   5   9
213   2   6   8
213   3   1   16
213   3   2   16
213   3   3   18
213   3   4   14
213   4   1   16
213   4   2   17
213   4   3   16
213   4   4   15
214   1   1   28
214   1   2   34
214   1   3   36
214   1   4   35
214   1   5   30
214   1   6   26
214   1   7   7
214   2   1   13
214   2   2   23
214   2   3   30
214   2   4   34
214   2   5   31
214   2   6   29
214   2   7   23
214   2   8   13
214   3   1   21
214   3   2   33
214   3   3   39
214   3   4   46
214   3   5   43
214   3   6   14
214   4   1   10
214   4   2   23
214   4   3   30
214   4   4   30
214   4   5   36
214   4   6   36
214   4   7   31
215   1   1   6
215   1   2   16
215   1   3   25
215   1   4   33
215   1   5   35
215   1   6   27
215   1   7   29
215   1   8   30
215   1   9   19
215   1   10   3
215   2   1   13
215   2   2   23
215   2   3   35
215   2   4   38
215   2   5   42
215   2   6   36
215   2   7   24
215   2   8   12
215   3   1   6
215   3   2   5
215   3   3   20
215   3   4   32
215   3   5   40
215   3   6   50
215   3   7   43
215   3   8   20
215   3   9   7
215   4   1   5
215   4   2   25
215   4   3   40
215   4   4   43
215   4   5   44
215   4   6   37
215   4   7   23
215   4   8   6
216   1   1   1
216   2   1   1
216   3   1   1
216   4   1   1
217   1   1   17
217   1   2   17
217   1   3   23
217   1   4   23
217   1   5   19
217   1   6   10
217   1   7   6
217   2   1   12
217   2   2   20
217   2   3   26
217   2   4   24
217   2   5   21
217   2   6   12
217   3   1   8
217   3   2   23
217   3   3   25
217   3   4   30
217   3   5   22
217   3   6   7
217   4   1   5
217   4   2   21
217   4   3   30
217   4   4   32
217   4   5   21
217   4   6   6
218   1   1   8
218   1   2   16
218   1   3   17
218   1   4   16
218   1   5   13
218   1   6   12
218   2   1   8
218   2   2   10
218   2   3   20
218   2   4   23
218   2   5   21
218   3   1   12
218   3   2   29
218   3   3   26
218   3   4   15
218   4   1   9
218   4   2   15
218   4   3   17
218   4   4   19
218   4   5   14
218   4   6   8
219   1   1   6
219   1   2   2
219   2   1   4
219   2   2   3
219   2   3   1
219   3   1   1
219   3   2   2
219   3   3   5
219   4   1   5
219   4   2   3
220   1   1   5
220   1   2   8
220   1   3   15
220   1   4   17
220   1   5   17
220   2   1   12
220   2   2   19
220   2   3   16
220   2   4   15
220   3   1   13
220   3   2   17
220   3   3   18
220   3   4   14
220   4   1   7
220   4   2   10
220   4   3   10
220   4   4   19
220   4   5   16
221   1   1   5
221   1   2   11
221   1   3   17
221   1   4   20
221   1   5   21
221   1   6   20
221   1   7   15
221   2   1   5
221   2   2   24
221   2   3   29
221   2   4   25
221   2   5   17
221   2   6   9
221   3   1   7
221   3   2   23
221   3   3   27
221   3   4   24
221   3   5   17
221   3   6   11
221   4   1   27
221   4   2   30
221   4   3   27
221   4   4   20
221   4   5   5
222   1   1   7
222   1   2   19
222   1   3   23
222   1   4   6
222   2   1   9
222   2   2   18
222   2   3   17
222   2   4   11
222   3   1   5
222   3   2   9
222   3   3   13
222   3   4   15
222   3   5   13
222   4   1   6
222   4   2   9
222   4   3   12
222   4   4   14
222   4   5   14
223   1   1   25
223   1   2   26
223   1   3   28
223   1   4   26
223   1   5   23
223   1   6   16
223   1   7   8
223   2   1   5
223   2   2   16
223   2   3   27
223   2   4   28
223   2   5   30
223   2   6   24
223   2   7   17
223   2   8   5
223   3   1   11
223   3   2   27
223   3   3   37
223   3   4   38
223   3   5   29
223   3   6   10
223   4   1   6
223   4   2   15
223   4   3   21
223   4   4   33
223   4   5   33
223   4   6   23
223   4   7   21
224   1   1   12
224   1   2   22
224   1   3   27
224   1   4   28
224   1   5   21
224   1   6   14
224   2   1   19
224   2   2   23
224   2   3   24
224   2   4   24
224   2   5   20
224   2   6   14
224   3   1   14
224   3   2   22
224   3   3   26
224   3   4   27
224   3   5   20
224   3   6   15
224   4   1   30
224   4   2   34
224   4   3   30
224   4   4   30
225   1   1   10
225   1   2   18
225   1   3   18
225   1   4   15
225   1   5   14
225   1   6   12
225   2   1   20
225   2   2   25
225   2   3   23
225   2   4   14
225   2   5   5
225   3   1   20
225   3   2   28
225   3   3   22
225   3   4   17
225   4   1   8
225   4   2   15
225   4   3   23
225   4   4   18
225   4   5   17
225   4   6   6
226   1   1   5
226   1   2   11
226   1   3   15
226   1   4   14
226   1   5   16
226   2   1   5
226   2   2   8
226   2   3   13
226   2   4   17
226   2   5   13
226   2   6   5
226   3   1   28
226   3   2   23
226   3   3   10
226   4   1   14
226   4   2   16
226   4   3   17
226   4   4   14
227   1   1   13
227   1   2   14
227   1   3   11
227   1   4   8
227   1   5   5
227   2   1   12
227   2   2   15
227   2   3   13
227   2   4   11
227   3   1   10
227   3   2   14
227   3   3   17
227   3   4   10
227   4   1   9
227   4   2   15
227   4   3   20
227   4   4   7
228   1   1   11
228   1   2   18
228   1   3   27
228   1   4   27
228   1   5   17
228   1   6   11
228   2   1   8
228   2   2   17
228   2   3   23
228   2   4   29
228   2   5   29
228   2   6   5
228   3   1   11
228   3   2   23
228   3   3   17
228   3   4   28
228   3   5   17
228   3   6   15
228   4   1   8
228   4   2   20
228   4   3   29
228   4   4   23
228   4   5   24
228   4   6   7
229   1   1   13
229   1   2   22
229   1   3   24
229   1   4   23
229   1   5   16
229   1   6   9
229   1   7   5
229   2   1   6
229   2   2   10
229   2   3   17
229   2   4   23
229   2   5   22
229   2   6   18
229   2   7   9
229   2   8   7
229   3   1   9
229   3   2   22
229   3   3   26
229   3   4   24
229   3   5   19
229   3   6   12
229   4   1   23
229   4   2   36
229   4   3   30
229   4   4   18
229   4   5   5
230   1   1   6
230   1   2   20
230   1   3   23
230   1   4   24
230   1   5   15
230   1   6   9
230   2   1   5
230   2   2   15
230   2   3   26
230   2   4   31
230   2   5   20
230   3   1   9
230   3   2   15
230   3   3   23
230   3   4   26
230   3   5   24
230   4   1   9
230   4   2   15
230   4   3   23
230   4   4   23
230   4   5   19
230   4   6   8
231   1   1   6
231   1   2   33
231   1   3   45
231   1   4   60
231   1   5   48
231   1   6   41
231   1   7   29
231   1   8   12
231   2   1   6
231   2   2   22
231   2   3   33
231   2   4   38
231   2   5   39
231   2   6   36
231   2   7   41
231   2   8   32
231   2   9   17
231   2   10   10
231   3   1   16
231   3   2   24
231   3   3   46
231   3   4   55
231   3   5   49
231   3   6   40
231   3   7   27
231   3   8   17
231   4   1   9
231   4   2   17
231   4   3   32
231   4   4   38
231   4   5   38
231   4   6   36
231   4   7   43
231   4   8   37
231   4   9   24
232   1   1   10
232   1   2   19
232   1   3   23
232   1   4   25
232   1   5   21
232   1   6   8
232   2   1   5
232   2   2   24
232   2   3   26
232   2   4   25
232   2   5   16
232   2   6   10
232   3   1   6
232   3   2   16
232   3   3   31
232   3   4   27
232   3   5   26
232   4   1   12
232   4   2   22
232   4   3   16
232   4   4   27
232   4   5   17
232   4   6   12
233   1   1   14
233   1   2   31
233   1   3   43
233   1   4   45
233   1   5   44
233   1   6   35
233   1   7   28
233   1   8   19
233   2   1   5
233   2   2   31
233   2   3   41
233   2   4   50
233   2   5   55
233   2   6   42
233   2   7   30
233   2   8   5
233   3   1   5
233   3   2   15
233   3   3   22
233   3   4   34
233   3   5   49
233   3   6   48
233   3   7   47
233   3   8   29
233   3   9   10
233   4   1   9
233   4   2   21
233   4   3   29
233   4   4   34
233   4   5   33
233   4   6   35
233   4   7   39
233   4   8   33
233   4   9   26
234   1   1   17
234   1   2   20
234   1   3   19
234   1   4   16
234   2   1   7
234   2   2   9
234   2   3   24
234   2   4   13
234   2   5   14
234   2   6   5
234   3   1   5
234   3   2   11
234   3   3   20
234   3   4   18
234   3   5   13
234   3   6   5
234   4   1   12
234   4   2   13
234   4   3   12
234   4   4   10
234   4   5   11
234   4   6   14
235   1   1   7
235   1   2   23
235   1   3   35
235   1   4   23
235   1   5   21
235   1   6   10
235   2   1   5
235   2   2   8
235   2   3   20
235   2   4   24
235   2   5   27
235   2   6   22
235   2   7   13
235   3   1   11
235   3   2   19
235   3   3   31
235   3   4   28
235   3   5   15
235   3   6   15
235   4   1   9
235   4   2   21
235   4   3   32
235   4   4   25
235   4   5   23
235   4   6   9
236   1   1   7
236   1   2   18
236   1   3   24
236   1   4   23
236   1   5   16
236   1   6   8
236   2   1   6
236   2   2   18
236   2   3   25
236   2   4   22
236   2   5   19
236   2   6   6
236   3   1   7
236   3   2   16
236   3   3   23
236   3   4   28
236   3   5   16
236   3   6   6
236   4   1   10
236   4   2   15
236   4   3   21
236   4   4   25
236   4   5   16
236   4   6   9
237   1   1   6
237   1   2   17
237   1   3   20
237   1   4   19
237   1   5   17
237   1   6   6
237   2   1   5
237   2   2   19
237   2   3   19
237   2   4   20
237   2   5   15
237   2   6   7
237   3   1   13
237   3   2   31
237   3   3   27
237   3   4   14
237   4   1   5
237   4   2   8
237   4   3   13
237   4   4   14
237   4   5   18
237   4   6   14
237   4   7   13
238   1   1   11
238   1   2   30
238   1   3   40
238   1   4   36
238   1   5   30
238   1   6   12
238   2   1   11
238   2   2   18
238   2   3   20
238   2   4   29
238   2   5   31
238   2   6   24
238   2   7   16
238   2   8   10
238   3   1   20
238   3   2   25
238   3   3   33
238   3   4   35
238   3   5   27
238   3   6   19
238   4   1   13
238   4   2   34
238   4   3   39
238   4   4   30
238   4   5   25
238   4   6   13
238   4   7   5
239   1   1   15
239   1   2   31
239   1   3   27
239   1   4   17
239   2   1   12
239   2   2   16
239   2   3   16
239   2   4   18
239   2   5   15
239   2   6   13
239   3   1   13
239   3   2   11
239   3   3   19
239   3   4   23
239   3   5   11
239   3   6   13
239   4   1   6
239   4   2   15
239   4   3   23
239   4   4   26
239   4   5   20
240   1   1   7
240   1   2   15
240   1   3   19
240   1   4   30
240   1   5   32
240   1   6   26
240   1   7   15
240   1   8   4
240   2   1   16
240   2   2   26
240   2   3   31
240   2   4   34
240   2   5   26
240   2   6   15
240   3   1   13
240   3   2   24
240   3   3   34
240   3   4   39
240   3   5   28
240   3   6   10
240   4   1   7
240   4   2   19
240   4   3   23
240   4   4   25
240   4   5   27
240   4   6   23
240   4   7   16
240   4   8   8
241   1   1   10
241   1   2   16
241   1   3   22
241   1   4   23
241   1   5   20
241   1   6   8
241   2   1   5
241   2   2   19
241   2   3   28
241   2   4   25
241   2   5   14
241   2   6   8
241   3   1   10
241   3   2   18
241   3   3   23
241   3   4   22
241   3   5   15
241   3   6   11
241   4   1   24
241   4   2   26
241   4   3   24
241   4   4   19
241   4   5   6
242   1   1   6
242   1   2   12
242   1   3   23
242   1   4   25
242   1   5   32
242   1   6   22
242   1   7   18
242   2   1   6
242   2   2   16
242   2   3   19
242   2   4   26
242   2   5   27
242   2   6   23
242   2   7   21
242   3   1   7
242   3   2   25
242   3   3   37
242   3   4   36
242   3   5   26
242   3   6   7
242   4   1   11
242   4   2   22
242   4   3   36
242   4   4   34
242   4   5   24
242   4   6   11
243   1   1   17
243   1   2   24
243   1   3   16
243   1   4   11
243   1   5   6
243   2   1   6
243   2   2   15
243   2   3   18
243   2   4   16
243   2   5   12
243   2   6   4
243   2   7   3
243   3   1   3
243   3   2   15
243   3   3   16
243   3   4   25
243   3   5   15
243   4   1   5
243   4   2   12
243   4   3   18
243   4   4   18
243   4   5   21
244   1   1   23
244   1   2   21
244   1   3   18
244   1   4   12
244   1   5   8
244   2   1   20
244   2   2   21
244   2   3   20
244   2   4   16
244   2   5   5
244   3   1   5
244   3   2   16
244   3   3   20
244   3   4   20
244   3   5   13
244   3   6   8
244   4   1   6
244   4   2   13
244   4   3   20
244   4   4   25
244   4   5   18
245   1   1   12
245   1   2   15
245   1   3   17
245   1   4   11
245   2   1   15
245   2   2   13
245   2   3   16
245   2   4   11
245   3   1   14
245   3   2   15
245   3   3   13
245   3   4   8
245   3   5   5
245   4   1   12
245   4   2   16
245   4   3   15
245   4   4   12
246   1   1   17
246   1   2   29
246   1   3   31
246   1   4   33
246   1   5   22
246   1   6   14
246   1   7   6
246   2   1   12
246   2   2   25
246   2   3   38
246   2   4   38
246   2   5   28
246   2   6   11
246   3   1   6
246   3   2   18
246   3   3   23
246   3   4   26
246   3   5   31
246   3   6   26
246   3   7   22
246   4   1   14
246   4   2   26
246   4   3   34
246   4   4   37
246   4   5   27
246   4   6   14
247   1   1   10
247   1   2   8
247   1   3   23
247   1   4   27
247   1   5   24
247   1   6   22
247   1   7   23
247   2   1   15
247   2   2   24
247   2   3   33
247   2   4   28
247   2   5   19
247   2   6   12
247   2   7   6
247   3   1   9
247   3   2   25
247   3   3   37
247   3   4   35
247   3   5   21
247   3   6   10
247   4   1   12
247   4   2   26
247   4   3   29
247   4   4   31
247   4   5   27
247   4   6   12
