1   1   1   10
1   1   2   18
1   1   3   27
1   1   4   32
1   1   5   34
1   1   6   32
1   1   7   27
1   2   1   26
1   2   2   29
1   2   3   31
1   2   4   38
1   2   5   33
1   2   6   17
1   2   7   6
1   3   1   6
1   3   2   18
1   3   3   28
1   3   4   34
1   3   5   38
1   3   6   32
1   3   7   24
1   4   1   8
1   4   2   18
1   4   3   27
1   4   4   34
1   4   5   37
1   4   6   33
1   4   7   18
1   4   8   5
2   1   1   6
2   1   2   13
2   1   3   21
2   1   4   18
2   1   5   12
2   1   6   8
2   2   1   17
2   2   2   23
2   2   3   20
2   2   4   18
2   3   1   18
2   3   2   22
2   3   3   21
2   3   4   12
2   3   5   5
2   4   1   5
2   4   2   14
2   4   3   22
2   4   4   18
2   4   5   12
2   4   6   7
3   1   1   7
3   1   2   13
3   1   3   15
3   1   4   14
3   1   5   13
3   1   6   8
3   2   1   13
3   2   2   19
3   2   3   19
3   2   4   19
3   3   1   19
3   3   2   16
3   3   3   16
3   3   4   19
3   4   1   12
3   4   2   25
3   4   3   20
3   4   4   13
4   1   1   7
4   1   2   10
4   1   3   11
4   1   4   9
4   2   1   6
4   2   2   11
4   2   3   14
4   2   4   6
4   3   1   5
4   3   2   15
4   3   3   12
4   3   4   5
4   4   1   8
4   4   2   9
4   4   3   12
4   4   4   8
5   1   1   7
5   1   2   11
5   1   3   17
5   1   4   22
5   1   5   20
5   2   1   17
5   2   2   22
5   2   3   20
5   2   4   13
5   2   5   5
5   3   1   19
5   3   2   21
5   3   3   19
5   3   4   12
5   3   5   6
5   4   1   19
5   4   2   21
5   4   3   21
5   4   4   11
5   4   5   5
6   1   1   18
6   1   2   34
6   1   3   42
6   1   4   53
6   1   5   60
6   1   6   49
6   1   7   35
6   1   8   15
6   2   1   5
6   2   2   15
6   2   3   39
6   2   4   49
6   2   5   47
6   2   6   48
6   2   7   42
6   2   8   35
6   2   9   26
6   3   1   25
6   3   2   40
6   3   3   44
6   3   4   51
6   3   5   60
6   3   6   50
6   3   7   24
6   3   8   12
6   4   1   15
6   4   2   37
6   4   3   49
6   4   4   57
6   4   5   53
6   4   6   42
6   4   7   33
6   4   8   20
7   1   1   12
7   1   2   24
7   1   3   30
7   1   4   23
7   1   5   24
7   1   6   13
7   2   1   13
7   2   2   20
7   2   3   27
7   2   4   30
7   2   5   27
7   2   6   9
7   3   1   11
7   3   2   23
7   3   3   28
7   3   4   29
7   3   5   24
7   3   6   11
7   4   1   7
7   4   2   19
7   4   3   31
7   4   4   31
7   4   5   26
7   4   6   12
8   1   1   17
8   1   2   19
8   1   3   21
8   1   4   17
8   2   1   7
8   2   2   13
8   2   3   16
8   2   4   15
8   2   5   14
8   2   6   9
8   3   1   14
8   3   2   22
8   3   3   21
8   3   4   17
8   4   1   7
8   4   2   9
8   4   3   18
8   4   4   22
8   4   5   18
9   1   1   21
9   1   2   24
9   1   3   26
9   1   4   20
9   2   1   18
9   2   2   27
9   2   3   29
9   2   4   17
9   3   1   10
9   3   2   16
9   3   3   20
9   3   4   16
9   3   5   18
9   3   6   11
9   4   1   12
9   4   2   14
9   4   3   19
9   4   4   19
9   4   5   15
9   4   6   12
10   1   1   11
10   1   2   10
10   1   3   12
10   1   4   10
10   1   5   11
10   1   6   11
10   2   1   13
10   2   2   20
10   2   3   18
10   2   4   14
10   3   1   7
10   3   2   11
10   3   3   14
10   3   4   17
10   3   5   16
10   4   1   9
10   4   2   23
10   4   3   23
10   4   4   10
11   1   1   15
11   1   2   18
11   1   3   27
11   1   4   28
11   1   5   22
11   1   6   13
11   2   1   10
11   2   2   21
11   2   3   31
11   2   4   31
11   2   5   20
11   2   6   10
11   3   1   10
11   3   2   24
11   3   3   31
11   3   4   25
11   3   5   21
11   3   6   12
11   4   1   12
11   4   2   22
11   4   3   27
11   4   4   28
11   4   5   24
11   4   6   10
12   1   1   9
12   1   2   12
12   1   3   21
12   1   4   19
12   1   5   13
12   1   6   9
12   2   1   11
12   2   2   31
12   2   3   29
12   2   4   12
12   3   1   9
12   3   2   15
12   3   3   18
12   3   4   18
12   3   5   17
12   3   6   6
12   4   1   7
12   4   2   16
12   4   3   21
12   4   4   16
12   4   5   13
12   4   6   10
13   1   1   5
13   1   2   21
13   1   3   28
13   1   4   23
13   1   5   15
13   1   6   11
13   2   1   8
13   2   2   21
13   2   3   23
13   2   4   19
13   2   5   17
13   2   6   15
13   3   1   12
13   3   2   18
13   3   3   23
13   3   4   21
13   3   5   18
13   3   6   11
13   4   1   6
13   4   2   16
13   4   3   28
13   4   4   29
13   4   5   24
14   1   1   5
14   1   2   17
14   1   3   19
14   1   4   23
14   1   5   13
14   1   6   6
14   2   1   7
14   2   2   14
14   2   3   19
14   2   4   20
14   2   5   23
14   3   1   5
14   3   2   16
14   3   3   22
14   3   4   19
14   3   5   13
14   3   6   8
14   4   1   7
14   4   2   14
14   4   3   23
14   4   4   16
14   4   5   15
14   4   6   8
15   1   1   7
15   1   2   20
15   1   3   26
15   1   4   30
15   1   5   18
15   1   6   6
15   2   1   6
15   2   2   21
15   2   3   26
15   2   4   29
15   2   5   17
15   2   6   8
15   3   1   8
15   3   2   21
15   3   3   29
15   3   4   21
15   3   5   17
15   3   6   11
15   4   1   13
15   4   2   20
15   4   3   24
15   4   4   23
15   4   5   18
15   4   6   9
16   1   1   16
16   1   2   19
16   1   3   18
16   1   4   15
16   2   1   14
16   2   2   17
16   2   3   22
16   2   4   15
16   3   1   4
16   3   2   10
16   3   3   16
16   3   4   18
16   3   5   20
16   4   1   17
16   4   2   15
16   4   3   20
16   4   4   16
17   1   1   19
17   1   2   17
17   1   3   16
17   1   4   18
17   2   1   19
17   2   2   18
17   2   3   16
17   2   4   11
17   2   5   6
17   3   1   14
17   3   2   21
17   3   3   21
17   3   4   14
17   4   1   17
17   4   2   18
17   4   3   17
17   4   4   18
18   1   1   6
18   1   2   19
18   1   3   22
18   1   4   18
18   1   5   13
18   1   6   10
18   2   1   21
18   2   2   22
18   2   3   27
18   2   4   18
18   3   1   10
18   3   2   16
18   3   3   16
18   3   4   21
18   3   5   18
18   3   6   7
18   4   1   6
18   4   2   14
18   4   3   21
18   4   4   23
18   4   5   24
19   1   1   5
19   1   2   16
19   1   3   29
19   1   4   23
19   1   5   14
19   1   6   7
19   2   1   9
19   2   2   17
19   2   3   18
19   2   4   24
19   2   5   20
19   2   6   6
19   3   1   8
19   3   2   18
19   3   3   22
19   3   4   21
19   3   5   16
19   3   6   9
19   4   1   7
19   4   2   16
19   4   3   21
19   4   4   29
19   4   5   21
20   1   1   7
20   1   2   13
20   1   3   10
20   1   4   8
20   2   1   7
20   2   2   11
20   2   3   14
20   2   4   6
20   3   1   8
20   3   2   11
20   3   3   10
20   3   4   9
20   4   1   15
20   4   2   13
20   4   3   10
21   1   1   15
21   1   2   19
21   1   3   22
21   1   4   24
21   1   5   26
21   1   6   12
21   2   1   13
21   2   2   21
21   2   3   25
21   2   4   25
21   2   5   21
21   2   6   13
21   3   1   2
21   3   2   11
21   3   3   19
21   3   4   28
21   3   5   26
21   3   6   19
21   3   7   13
21   4   1   6
21   4   2   22
21   4   3   28
21   4   4   33
21   4   5   23
21   4   6   6
22   1   1   5
22   1   2   10
22   1   3   14
22   1   4   19
22   1   5   14
22   2   1   12
22   2   2   19
22   2   3   19
22   2   4   12
22   3   1   13
22   3   2   17
22   3   3   20
22   3   4   12
22   4   1   5
22   4   2   9
22   4   3   14
22   4   4   17
22   4   5   17
23   1   1   18
23   1   2   17
23   1   3   15
23   1   4   11
23   1   5   6
23   2   1   14
23   2   2   20
23   2   3   19
23   2   4   14
23   3   1   14
23   3   2   18
23   3   3   22
23   3   4   13
23   4   1   13
23   4   2   22
23   4   3   17
23   4   4   15
24   1   1   11
24   1   2   11
24   1   3   7
24   1   4   9
24   1   5   4
24   2   1   10
24   2   2   12
24   2   3   10
24   2   4   7
24   2   5   3
24   3   1   6
24   3   2   15
24   3   3   15
24   3   4   6
24   4   1   18
24   4   2   17
24   4   3   7
25   1   1   8
25   1   2   11
25   1   3   17
25   1   4   17
25   1   5   26
25   1   6   27
25   1   7   14
25   2   1   8
25   2   2   26
25   2   3   30
25   2   4   23
25   2   5   21
25   2   6   12
25   3   1   7
25   3   2   21
25   3   3   35
25   3   4   31
25   3   5   14
25   3   6   12
25   4   1   10
25   4   2   26
25   4   3   25
25   4   4   30
25   4   5   13
25   4   6   16
26   1   1   8
26   1   2   18
26   1   3   29
26   1   4   27
26   1   5   20
26   1   6   8
26   2   1   9
26   2   2   18
26   2   3   27
26   2   4   27
26   2   5   22
26   2   6   7
26   3   1   13
26   3   2   19
26   3   3   23
26   3   4   24
26   3   5   19
26   3   6   12
26   4   1   8
26   4   2   18
26   4   3   29
26   4   4   26
26   4   5   23
26   4   6   6
27   1   1   15
27   1   2   22
27   1   3   40
27   1   4   40
27   1   5   36
27   1   6   35
27   1   7   30
27   1   8   13
27   2   1   13
27   2   2   26
27   2   3   36
27   2   4   42
27   2   5   38
27   2   6   34
27   2   7   29
27   2   8   13
27   3   1   7
27   3   2   23
27   3   3   40
27   3   4   47
27   3   5   46
27   3   6   36
27   3   7   21
27   3   8   11
27   4   1   26
27   4   2   42
27   4   3   46
27   4   4   49
27   4   5   43
27   4   6   25
28   1   1   7
28   1   2   25
28   1   3   22
28   1   4   22
28   1   5   20
28   1   6   10
28   2   1   6
28   2   2   18
28   2   3   24
28   2   4   33
28   2   5   25
28   3   1   16
28   3   2   15
28   3   3   20
28   3   4   19
28   3   5   21
28   3   6   15
28   4   1   11
28   4   2   18
28   4   3   21
28   4   4   27
28   4   5   23
28   4   6   6
29   1   1   14
29   1   2   15
29   1   3   18
29   1   4   12
29   2   1   10
29   2   2   19
29   2   3   17
29   2   4   13
29   3   1   5
29   3   2   9
29   3   3   15
29   3   4   14
29   3   5   16
29   4   1   11
29   4   2   19
29   4   3   18
29   4   4   11
30   1   1   10
30   1   2   15
30   1   3   14
30   1   4   10
30   2   1   9
30   2   2   15
30   2   3   15
30   2   4   10
30   3   1   11
30   3   2   14
30   3   3   13
30   3   4   11
30   4   1   11
30   4   2   13
30   4   3   15
30   4   4   10
31   1   1   21
31   1   2   27
31   1   3   20
31   1   4   12
31   1   5   8
31   2   1   10
31   2   2   16
31   2   3   15
31   2   4   21
31   2   5   17
31   2   6   9
31   3   1   6
31   3   2   16
31   3   3   22
31   3   4   22
31   3   5   16
31   3   6   6
31   4   1   6
31   4   2   15
31   4   3   23
31   4   4   23
31   4   5   16
31   4   6   5
32   1   1   12
32   1   2   17
32   1   3   24
32   1   4   28
32   1   5   22
32   1   6   9
32   2   1   8
32   2   2   22
32   2   3   22
32   2   4   35
32   2   5   20
32   2   6   5
32   3   1   9
32   3   2   21
32   3   3   29
32   3   4   22
32   3   5   20
32   3   6   11
32   4   1   10
32   4   2   21
32   4   3   25
32   4   4   24
32   4   5   22
32   4   6   10
33   1   1   27
33   1   2   30
33   1   3   29
33   1   4   15
33   1   5   9
33   2   1   11
33   2   2   19
33   2   3   22
33   2   4   25
33   2   5   27
33   2   6   6
33   3   1   9
33   3   2   18
33   3   3   27
33   3   4   26
33   3   5   23
33   3   6   7
33   4   1   10
33   4   2   19
33   4   3   25
33   4   4   25
33   4   5   21
33   4   6   10
34   1   1   9
34   1   2   18
34   1   3   14
34   1   4   12
34   2   1   13
34   2   2   11
34   2   3   15
34   2   4   14
34   3   1   9
34   3   2   18
34   3   3   16
34   3   4   10
34   4   1   13
34   4   2   12
34   4   3   14
34   4   4   14
35   1   1   10
35   1   2   16
35   1   3   26
35   1   4   25
35   1   5   20
35   1   6   16
35   2   1   2
35   2   2   10
35   2   3   14
35   2   4   24
35   2   5   33
35   2   6   30
35   3   1   9
35   3   2   18
35   3   3   27
35   3   4   31
35   3   5   22
35   3   6   6
35   4   1   15
35   4   2   18
35   4   3   23
35   4   4   22
35   4   5   21
35   4   6   14
36   1   1   15
36   1   2   23
36   1   3   22
36   1   4   20
36   1   5   21
36   1   6   16
36   2   1   12
36   2   2   17
36   2   3   26
36   2   4   31
36   2   5   23
36   2   6   8
36   3   1   12
36   3   2   20
36   3   3   26
36   3   4   26
36   3   5   21
36   3   6   12
36   4   1   8
36   4   2   20
36   4   3   29
36   4   4   33
36   4   5   21
36   4   6   6
37   1   1   15
37   1   2   24
37   1   3   19
37   1   4   17
37   2   1   14
37   2   2   24
37   2   3   21
37   2   4   16
37   3   1   6
37   3   2   14
37   3   3   17
37   3   4   17
37   3   5   16
37   3   6   5
37   4   1   7
37   4   2   11
37   4   3   17
37   4   4   20
37   4   5   20
38   1   1   9
38   1   2   14
38   1   3   18
38   1   4   22
38   1   5   13
38   1   6   10
38   2   1   18
38   2   2   22
38   2   3   26
38   2   4   20
38   3   1   20
38   3   2   22
38   3   3   25
38   3   4   19
38   4   1   9
38   4   2   14
38   4   3   19
38   4   4   20
38   4   5   16
38   4   6   8
39   1   1   17
39   1   2   28
39   1   3   32
39   1   4   27
39   1   5   39
39   1   6   14
39   2   1   9
39   2   2   12
39   2   3   23
39   2   4   30
39   2   5   34
39   2   6   32
39   2   7   17
39   3   1   7
39   3   2   14
39   3   3   23
39   3   4   31
39   3   5   33
39   3   6   28
39   3   7   21
39   4   1   15
39   4   2   27
39   4   3   38
39   4   4   34
39   4   5   28
39   4   6   15
40   1   1   16
40   1   2   28
40   1   3   37
40   1   4   38
40   1   5   28
40   1   6   16
40   2   1   19
40   2   2   28
40   2   3   36
40   2   4   34
40   2   5   28
40   2   6   13
40   2   7   5
40   3   1   19
40   3   2   32
40   3   3   31
40   3   4   34
40   3   5   26
40   3   6   16
40   3   7   5
40   4   1   19
40   4   2   30
40   4   3   31
40   4   4   37
40   4   5   28
40   4   6   18
41   1   1   28
41   1   2   32
41   1   3   32
41   1   4   20
41   1   5   5
41   2   1   16
41   2   2   18
41   2   3   23
41   2   4   22
41   2   5   24
41   2   6   14
41   3   1   11
41   3   2   19
41   3   3   26
41   3   4   27
41   3   5   24
41   3   6   10
41   4   1   5
41   4   2   13
41   4   3   17
41   4   4   21
41   4   5   24
41   4   6   22
41   4   7   15
42   1   1   11
42   1   2   26
42   1   3   31
42   1   4   32
42   1   5   23
42   1   6   12
42   2   1   11
42   2   2   28
42   2   3   30
42   2   4   29
42   2   5   24
42   2   6   13
42   3   1   10
42   3   2   27
42   3   3   35
42   3   4   29
42   3   5   18
42   3   6   16
42   4   1   17
42   4   2   27
42   4   3   23
42   4   4   28
42   4   5   21
42   4   6   14
42   4   7   5
43   1   1   15
43   1   2   18
43   1   3   19
43   1   4   13
43   1   5   12
43   1   6   13
43   1   7   17
43   1   8   21
43   2   1   15
43   2   2   20
43   2   3   29
43   2   4   27
43   2   5   22
43   2   6   15
43   3   1   29
43   3   2   38
43   3   3   33
43   3   4   22
43   3   5   6
43   4   1   11
43   4   2   23
43   4   3   31
43   4   4   31
43   4   5   18
43   4   6   14
44   1   1   18
44   1   2   17
44   1   3   17
44   1   4   17
44   2   1   15
44   2   2   20
44   2   3   18
44   2   4   16
44   3   1   14
44   3   2   20
44   3   3   21
44   3   4   14
44   4   1   14
44   4   2   23
44   4   3   19
44   4   4   8
44   4   5   5
45   1   1   11
45   1   2   15
45   1   3   14
45   1   4   13
45   2   1   10
45   2   2   17
45   2   3   17
45   2   4   9
45   3   1   5
45   3   2   8
45   3   3   13
45   3   4   13
45   3   5   14
45   4   1   8
45   4   2   18
45   4   3   20
45   4   4   7
46   1   1   19
46   1   2   20
46   1   3   27
46   1   4   31
46   1   5   23
46   1   6   16
46   2   1   13
46   2   2   27
46   2   3   32
46   2   4   27
46   2   5   18
46   2   6   19
46   3   1   21
46   3   2   21
46   3   3   28
46   3   4   27
46   3   5   21
46   3   6   11
46   3   7   7
46   4   1   8
46   4   2   28
46   4   3   35
46   4   4   30
46   4   5   24
46   4   6   11
47   1   1   4
47   1   2   6
47   1   3   8
47   1   4   8
47   1   5   7
47   1   6   3
47   2   1   7
47   2   2   9
47   2   3   20
47   3   1   13
47   3   2   15
47   3   3   8
47   4   1   7
47   4   2   10
47   4   3   11
47   4   4   8
48   1   1   5
48   1   2   14
48   1   3   18
48   1   4   32
48   1   5   35
48   1   6   33
48   1   7   12
48   2   1   23
48   2   2   26
48   2   3   29
48   2   4   29
48   2   5   22
48   2   6   11
48   2   7   9
48   3   1   13
48   3   2   27
48   3   3   38
48   3   4   34
48   3   5   21
48   3   6   16
48   4   1   14
48   4   2   31
48   4   3   34
48   4   4   28
48   4   5   22
48   4   6   14
48   4   7   6
49   1   1   15
49   1   2   23
49   1   3   30
49   1   4   14
49   2   1   5
49   2   2   15
49   2   3   21
49   2   4   25
49   2   5   10
49   2   6   6
49   3   1   6
49   3   2   16
49   3   3   23
49   3   4   15
49   3   5   12
49   3   6   10
49   4   1   10
49   4   2   15
49   4   3   16
49   4   4   16
49   4   5   13
49   4   6   12
50   1   1   6
50   1   2   13
50   1   3   20
50   1   4   25
50   1   5   20
50   1   6   9
50   2   1   5
50   2   2   14
50   2   3   24
50   2   4   30
50   2   5   20
50   3   1   9
50   3   2   20
50   3   3   18
50   3   4   17
50   3   5   17
50   3   6   12
50   4   1   5
50   4   2   19
50   4   3   21
50   4   4   23
50   4   5   25
51   1   1   24
51   1   2   34
51   1   3   41
51   1   4   42
51   1   5   35
51   1   6   24
51   2   1   19
51   2   2   36
51   2   3   45
51   2   4   47
51   2   5   35
51   2   6   18
51   3   1   15
51   3   2   25
51   3   3   33
51   3   4   32
51   3   5   30
51   3   6   26
51   3   7   19
51   3   8   14
51   3   9   6
51   4   1   28
51   4   2   35
51   4   3   40
51   4   4   37
51   4   5   30
51   4   6   22
51   4   7   8
52   1   1   11
52   1   2   18
52   1   3   22
52   1   4   22
52   1   5   17
52   1   6   13
52   2   1   5
52   2   2   17
52   2   3   31
52   2   4   25
52   2   5   25
52   3   1   10
52   3   2   19
52   3   3   22
52   3   4   24
52   3   5   19
52   3   6   9
52   4   1   24
52   4   2   28
52   4   3   26
52   4   4   25
53   1   1   4
53   1   2   8
53   1   3   14
53   1   4   5
53   2   1   7
53   2   2   9
53   2   3   10
53   2   4   5
53   3   1   15
53   3   2   16
53   4   1   6
53   4   2   10
53   4   3   9
53   4   4   6
54   1   1   14
54   1   2   19
54   1   3   18
54   1   4   14
54   2   1   15
54   2   2   18
54   2   3   17
54   2   4   10
54   2   5   5
54   3   1   19
54   3   2   15
54   3   3   15
54   3   4   11
54   3   5   5
54   4   1   14
54   4   2   17
54   4   3   19
54   4   4   15
55   1   1   11
55   1   2   30
55   1   3   38
55   1   4   34
55   1   5   24
55   1   6   14
55   2   1   9
55   2   2   13
55   2   3   24
55   2   4   26
55   2   5   32
55   2   6   25
55   2   7   15
55   2   8   7
55   3   1   14
55   3   2   28
55   3   3   32
55   3   4   35
55   3   5   30
55   3   6   12
55   4   1   21
55   4   2   23
55   4   3   28
55   4   4   31
55   4   5   33
55   4   6   15
56   1   1   6
56   1   2   18
56   1   3   17
56   1   4   17
56   1   5   15
56   1   6   7
56   2   1   6
56   2   2   13
56   2   3   19
56   2   4   21
56   2   5   16
56   2   6   5
56   3   1   5
56   3   2   13
56   3   3   20
56   3   4   26
56   3   5   11
56   3   6   5
56   4   1   16
56   4   2   22
56   4   3   23
56   4   4   19
57   1   1   6
57   1   2   15
57   1   3   20
57   1   4   20
57   1   5   15
57   1   6   7
57   2   1   6
57   2   2   14
57   2   3   23
57   2   4   17
57   2   5   18
57   2   6   5
57   3   1   19
57   3   2   24
57   3   3   23
57   3   4   17
57   4   1   5
57   4   2   15
57   4   3   23
57   4   4   19
57   4   5   17
57   4   6   4
58   1   1   9
58   1   2   26
58   1   3   22
58   1   4   9
58   2   1   7
58   2   2   9
58   2   3   15
58   2   4   16
58   2   5   14
58   2   6   5
58   3   1   15
58   3   2   15
58   3   3   22
58   3   4   14
58   4   1   9
58   4   2   13
58   4   3   14
58   4   4   12
58   4   5   18
59   1   1   5
59   1   2   16
59   1   3   22
59   1   4   26
59   1   5   21
59   2   1   7
59   2   2   16
59   2   3   22
59   2   4   22
59   2   5   15
59   2   6   8
59   3   1   5
59   3   2   18
59   3   3   23
59   3   4   21
59   3   5   15
59   3   6   8
59   4   1   7
59   4   2   18
59   4   3   20
59   4   4   23
59   4   5   15
59   4   6   7
60   1   1   11
60   1   2   15
60   1   3   16
60   1   4   11
60   2   1   5
60   2   2   10
60   2   3   10
60   2   4   14
60   2   5   8
60   2   6   6
60   3   1   11
60   3   2   12
60   3   3   19
60   3   4   11
60   4   1   8
60   4   2   17
60   4   3   20
60   4   4   8
61   1   1   7
61   1   2   18
61   1   3   22
61   1   4   22
61   1   5   18
61   1   6   8
61   2   1   24
61   2   2   23
61   2   3   19
61   2   4   16
61   2   5   13
61   3   1   7
61   3   2   17
61   3   3   23
61   3   4   24
61   3   5   15
61   3   6   9
61   4   1   23
61   4   2   24
61   4   3   28
61   4   4   20
62   1   1   11
62   1   2   16
62   1   3   13
62   1   4   11
62   2   1   6
62   2   2   10
62   2   3   11
62   2   4   10
62   2   5   9
62   2   6   5
62   3   1   6
62   3   2   20
62   3   3   18
62   3   4   7
62   4   1   10
62   4   2   16
62   4   3   14
62   4   4   11
63   1   1   14
63   1   2   24
63   1   3   39
63   1   4   38
63   1   5   28
63   1   6   13
63   2   1   19
63   2   2   27
63   2   3   31
63   2   4   33
63   2   5   28
63   2   6   18
63   3   1   18
63   3   2   25
63   3   3   31
63   3   4   38
63   3   5   28
63   3   6   16
63   4   1   21
63   4   2   25
63   4   3   33
63   4   4   31
63   4   5   26
63   4   6   13
63   4   7   7
64   1   1   8
64   1   2   6
64   1   3   8
64   1   4   7
64   2   1   17
64   2   2   11
64   2   3   1
64   3   1   14
64   3   2   10
64   3   3   5
64   4   1   7
64   4   2   10
64   4   3   6
64   4   4   6
65   1   1   13
65   1   2   17
65   1   3   20
65   1   4   12
65   2   1   15
65   2   2   15
65   2   3   17
65   2   4   15
65   3   1   13
65   3   2   18
65   3   3   18
65   3   4   13
65   4   1   14
65   4   2   18
65   4   3   17
65   4   4   13
66   1   1   13
66   1   2   21
66   1   3   29
66   1   4   28
66   1   5   18
66   1   6   13
66   2   1   7
66   2   2   23
66   2   3   33
66   2   4   30
66   2   5   19
66   2   6   10
66   3   1   10
66   3   2   21
66   3   3   30
66   3   4   30
66   3   5   21
66   3   6   10
66   4   1   9
66   4   2   29
66   4   3   30
66   4   4   18
66   4   5   19
66   4   6   17
67   1   1   15
67   1   2   26
67   1   3   38
67   1   4   32
67   1   5   27
67   1   6   14
67   2   1   13
67   2   2   27
67   2   3   39
67   2   4   34
67   2   5   23
67   2   6   16
67   3   1   18
67   3   2   28
67   3   3   29
67   3   4   29
67   3   5   28
67   3   6   20
67   4   1   23
67   4   2   25
67   4   3   28
67   4   4   29
67   4   5   24
67   4   6   23
68   1   1   13
68   1   2   12
68   2   1   14
68   2   2   7
68   2   3   4
68   3   1   12
68   3   2   13
68   4   1   13
68   4   2   8
68   4   3   4
69   1   1   5
69   1   2   12
69   1   3   23
69   1   4   19
69   1   5   19
69   2   1   16
69   2   2   22
69   2   3   21
69   2   4   19
69   3   1   20
69   3   2   21
69   3   3   17
69   3   4   13
69   3   5   7
69   4   1   19
69   4   2   22
69   4   3   19
69   4   4   13
69   4   5   5
70   1   1   7
70   1   2   7
70   2   1   7
70   2   2   7
70   3   1   6
70   3   2   8
70   4   1   8
70   4   2   6
71   1   1   6
71   1   2   15
71   1   3   21
71   1   4   25
71   1   5   16
71   1   6   6
71   2   1   16
71   2   2   29
71   2   3   25
71   2   4   19
71   3   1   7
71   3   2   18
71   3   3   24
71   3   4   17
71   3   5   14
71   3   6   9
71   4   1   8
71   4   2   19
71   4   3   20
71   4   4   16
71   4   5   17
71   4   6   9
72   1   1   12
72   1   2   30
72   1   3   37
72   1   4   34
72   1   5   35
72   1   6   10
72   2   1   4
72   2   2   6
72   2   3   15
72   2   4   21
72   2   5   28
72   2   6   31
72   2   7   29
72   2   8   19
72   2   9   5
72   3   1   8
72   3   2   18
72   3   3   24
72   3   4   31
72   3   5   32
72   3   6   29
72   3   7   16
72   4   1   15
72   4   2   30
72   4   3   36
72   4   4   34
72   4   5   26
72   4   6   17
73   1   1   1
73   1   2   6
73   1   3   9
73   2   1   2
73   2   2   6
73   2   3   8
73   3   1   8
73   3   2   5
73   3   3   3
73   4   1   7
73   4   2   9
74   1   1   12
74   1   2   10
74   2   1   5
74   2   2   5
74   2   3   12
74   3   1   10
74   3   2   12
74   4   1   14
74   4   2   8
75   1   1   5
75   1   2   14
75   1   3   19
75   1   4   19
75   1   5   19
75   2   1   17
75   2   2   20
75   2   3   23
75   2   4   16
75   3   1   5
75   3   2   14
75   3   3   18
75   3   4   19
75   3   5   15
75   3   6   5
75   4   1   17
75   4   2   20
75   4   3   20
75   4   4   19
76   1   1   7
76   1   2   14
76   1   3   20
76   1   4   26
76   1   5   17
76   1   6   5
76   2   1   14
76   2   2   12
76   2   3   15
76   2   4   19
76   2   5   19
76   2   6   10
76   3   1   9
76   3   2   14
76   3   3   23
76   3   4   21
76   3   5   14
76   3   6   8
76   4   1   8
76   4   2   16
76   4   3   20
76   4   4   22
76   4   5   13
76   4   6   10
77   1   1   6
77   1   2   18
77   1   3   13
77   1   4   20
77   1   5   17
77   1   6   6
77   2   1   13
77   2   2   27
77   2   3   26
77   2   4   14
77   3   1   6
77   3   2   14
77   3   3   21
77   3   4   18
77   3   5   16
77   3   6   5
77   4   1   9
77   4   2   13
77   4   3   16
77   4   4   18
77   4   5   18
77   4   6   6
78   1   1   14
78   1   2   23
78   1   3   34
78   1   4   41
78   1   5   44
78   1   6   49
78   1   7   32
78   2   1   7
78   2   2   29
78   2   3   44
78   2   4   41
78   2   5   39
78   2   6   40
78   2   7   27
78   2   8   10
78   3   1   7
78   3   2   12
78   3   3   18
78   3   4   30
78   3   5   46
78   3   6   47
78   3   7   35
78   3   8   31
78   3   9   11
78   4   1   14
78   4   2   26
78   4   3   39
78   4   4   43
78   4   5   39
78   4   6   34
78   4   7   26
78   4   8   16
79   1   1   11
79   1   2   19
79   1   3   29
79   1   4   29
79   1   5   21
79   1   6   11
79   2   1   9
79   2   2   23
79   2   3   30
79   2   4   28
79   2   5   17
79   2   6   13
79   3   1   8
79   3   2   25
79   3   3   29
79   3   4   29
79   3   5   18
79   3   6   11
79   4   1   13
79   4   2   19
79   4   3   27
79   4   4   29
79   4   5   19
79   4   6   13
80   1   1   8
80   1   2   34
80   1   3   51
80   1   4   53
80   1   5   52
80   1   6   45
80   1   7   31
80   1   8   13
80   2   1   19
80   2   2   33
80   2   3   42
80   2   4   53
80   2   5   46
80   2   6   40
80   2   7   31
80   2   8   23
80   3   1   17
80   3   2   35
80   3   3   42
80   3   4   50
80   3   5   47
80   3   6   50
80   3   7   25
80   3   8   21
80   4   1   10
80   4   2   38
80   4   3   47
80   4   4   53
80   4   5   46
80   4   6   43
80   4   7   33
80   4   8   17
81   1   1   22
81   1   2   26
81   1   3   35
81   1   4   38
81   1   5   32
81   1   6   20
81   2   1   18
81   2   2   31
81   2   3   37
81   2   4   38
81   2   5   32
81   2   6   17
81   3   1   21
81   3   2   29
81   3   3   36
81   3   4   37
81   3   5   32
81   3   6   18
81   4   1   8
81   4   2   20
81   4   3   28
81   4   4   30
81   4   5   32
81   4   6   28
81   4   7   21
81   4   8   6
82   1   1   14
82   1   2   17
82   1   3   18
82   1   4   15
82   2   1   8
82   2   2   22
82   2   3   19
82   2   4   15
82   3   1   15
82   3   2   18
82   3   3   18
82   3   4   8
82   3   5   5
82   4   1   18
82   4   2   16
82   4   3   13
82   4   4   12
82   4   5   5
83   1   1   7
83   1   2   19
83   1   3   15
83   1   4   9
83   2   1   3
83   2   2   6
83   2   3   19
83   2   4   10
83   2   5   12
83   3   1   12
83   3   2   12
83   3   3   14
83   3   4   12
83   4   1   10
83   4   2   16
83   4   3   15
83   4   4   9
84   1   1   11
84   1   2   19
84   1   3   22
84   1   4   20
84   1   5   15
84   1   6   12
84   2   1   23
84   2   2   25
84   2   3   29
84   2   4   22
84   3   1   27
84   3   2   23
84   3   3   26
84   3   4   16
84   3   5   7
84   4   1   9
84   4   2   18
84   4   3   21
84   4   4   24
84   4   5   18
84   4   6   9
85   1   1   7
85   1   2   10
85   1   3   12
85   1   4   16
85   1   5   17
85   2   1   14
85   2   2   18
85   2   3   16
85   2   4   14
85   3   1   11
85   3   2   20
85   3   3   20
85   3   4   11
85   4   1   5
85   4   2   10
85   4   3   15
85   4   4   15
85   4   5   17
86   1   1   6
86   1   2   15
86   1   3   22
86   1   4   23
86   1   5   18
86   1   6   6
86   2   1   9
86   2   2   17
86   2   3   19
86   2   4   20
86   2   5   14
86   2   6   11
86   3   1   21
86   3   2   25
86   3   3   25
86   3   4   14
86   3   5   5
86   4   1   21
86   4   2   24
86   4   3   24
86   4   4   21
87   1   1   5
87   1   2   22
87   1   3   28
87   1   4   24
87   1   5   14
87   1   6   9
87   2   1   22
87   2   2   28
87   2   3   29
87   2   4   23
87   3   1   9
87   3   2   19
87   3   3   24
87   3   4   24
87   3   5   16
87   3   6   10
87   4   1   16
87   4   2   15
87   4   3   18
87   4   4   20
87   4   5   19
87   4   6   14
88   1   1   11
88   1   2   23
88   1   3   23
88   1   4   22
88   1   5   17
88   1   6   13
88   2   1   27
88   2   2   31
88   2   3   26
88   2   4   16
88   2   5   9
88   3   1   7
88   3   2   17
88   3   3   29
88   3   4   31
88   3   5   25
88   4   1   13
88   4   2   21
88   4   3   23
88   4   4   20
88   4   5   15
88   4   6   12
88   4   7   5
89   1   1   12
89   1   2   16
89   1   3   15
89   1   4   23
89   1   5   21
89   1   6   5
89   2   1   18
89   2   2   25
89   2   3   31
89   2   4   18
89   3   1   10
89   3   2   18
89   3   3   19
89   3   4   19
89   3   5   16
89   3   6   10
89   4   1   10
89   4   2   17
89   4   3   21
89   4   4   18
89   4   5   18
89   4   6   8
90   1   1   18
90   1   2   20
90   1   3   24
90   1   4   15
90   2   1   14
90   2   2   26
90   2   3   22
90   2   4   15
90   3   1   6
90   3   2   15
90   3   3   18
90   3   4   16
90   3   5   13
90   3   6   9
90   4   1   7
90   4   2   12
90   4   3   19
90   4   4   18
90   4   5   21
91   1   1   1
91   2   1   1
91   3   1   1
91   4   1   1
92   1   1   8
92   1   2   11
92   1   3   14
92   1   4   16
92   1   5   14
92   1   6   5
92   2   1   7
92   2   2   11
92   2   3   15
92   2   4   17
92   2   5   12
92   2   6   6
92   3   1   10
92   3   2   28
92   3   3   17
92   3   4   13
92   4   1   10
92   4   2   25
92   4   3   24
92   4   4   9
93   1   1   6
93   1   2   8
93   1   3   14
93   1   4   14
93   1   5   14
93   2   1   12
93   2   2   17
93   2   3   15
93   2   4   12
93   3   1   8
93   3   2   23
93   3   3   17
93   3   4   8
93   4   1   11
93   4   2   16
93   4   3   17
93   4   4   12
94   1   1   6
94   1   2   16
94   1   3   24
94   1   4   24
94   1   5   23
94   2   1   3
94   2   2   10
94   2   3   14
94   2   4   19
94   2   5   19
94   2   6   15
94   2   7   13
94   3   1   22
94   3   2   26
94   3   3   24
94   3   4   16
94   3   5   5
94   4   1   5
94   4   2   19
94   4   3   22
94   4   4   24
94   4   5   17
94   4   6   6
95   1   1   7
95   1   2   21
95   1   3   28
95   1   4   27
95   1   5   19
95   1   6   8
95   2   1   7
95   2   2   11
95   2   3   16
95   2   4   19
95   2   5   22
95   2   6   17
95   2   7   13
95   2   8   5
95   3   1   5
95   3   2   22
95   3   3   28
95   3   4   29
95   3   5   19
95   3   6   7
95   4   1   9
95   4   2   20
95   4   3   25
95   4   4   31
95   4   5   15
95   4   6   10
96   1   1   6
96   1   2   16
96   1   3   27
96   1   4   21
96   1   5   14
96   1   6   9
96   2   1   14
96   2   2   30
96   2   3   34
96   2   4   15
96   3   1   13
96   3   2   15
96   3   3   20
96   3   4   18
96   3   5   13
96   3   6   14
96   4   1   15
96   4   2   14
96   4   3   17
96   4   4   19
96   4   5   13
96   4   6   15
97   1   1   13
97   1   2   15
97   1   3   18
97   1   4   13
97   2   1   15
97   2   2   13
97   2   3   17
97   2   4   14
97   3   1   12
97   3   2   21
97   3   3   14
97   3   4   12
97   4   1   10
97   4   2   21
97   4   3   18
97   4   4   10
98   1   1   14
98   1   2   29
98   1   3   36
98   1   4   31
98   1   5   18
98   1   6   11
98   1   7   8
98   2   1   6
98   2   2   19
98   2   3   21
98   2   4   29
98   2   5   21
98   2   6   27
98   2   7   19
98   2   8   5
98   3   1   14
98   3   2   26
98   3   3   35
98   3   4   32
98   3   5   27
98   3   6   13
98   4   1   8
98   4   2   15
98   4   3   21
98   4   4   28
98   4   5   28
98   4   6   27
98   4   7   14
98   4   8   6
99   1   1   7
99   1   2   11
99   1   3   16
99   1   4   24
99   1   5   17
99   2   1   14
99   2   2   23
99   2   3   23
99   2   4   15
99   3   1   19
99   3   2   21
99   3   3   18
99   3   4   12
99   3   5   5
99   4   1   7
99   4   2   14
99   4   3   15
99   4   4   17
99   4   5   15
99   4   6   7
100   1   1   9
100   1   2   12
100   1   3   18
100   1   4   17
100   1   5   16
100   1   6   5
100   2   1   17
100   2   2   20
100   2   3   25
100   2   4   15
100   3   1   20
100   3   2   20
100   3   3   16
100   3   4   21
100   4   1   5
100   4   2   14
100   4   3   17
100   4   4   22
100   4   5   19
101   1   1   6
101   1   2   14
101   1   3   19
101   1   4   17
101   1   5   13
101   1   6   7
101   2   1   16
101   2   2   19
101   2   3   28
101   2   4   13
101   3   1   6
101   3   2   13
101   3   3   18
101   3   4   16
101   3   5   23
101   4   1   15
101   4   2   21
101   4   3   24
101   4   4   16
102   1   1   17
102   1   2   21
102   1   3   20
102   1   4   17
102   2   1   17
102   2   2   18
102   2   3   28
102   2   4   12
102   3   1   18
102   3   2   21
102   3   3   19
102   3   4   12
102   3   5   5
102   4   1   6
102   4   2   16
102   4   3   17
102   4   4   15
102   4   5   12
102   4   6   9
103   1   1   7
103   1   2   19
103   1   3   29
103   1   4   43
103   1   5   50
103   1   6   47
103   1   7   46
103   1   8   31
103   1   9   17
103   1   10   7
103   2   1   15
103   2   2   28
103   2   3   49
103   2   4   57
103   2   5   52
103   2   6   49
103   2   7   37
103   2   8   9
103   3   1   8
103   3   2   28
103   3   3   36
103   3   4   36
103   3   5   42
103   3   6   39
103   3   7   38
103   3   8   31
103   3   9   24
103   3   10   14
103   4   1   39
103   4   2   57
103   4   3   62
103   4   4   52
103   4   5   40
103   4   6   29
103   4   7   17
104   1   1   5
104   1   2   15
104   1   3   30
104   1   4   32
104   1   5   32
104   1   6   28
104   1   7   21
104   2   1   17
104   2   2   32
104   2   3   34
104   2   4   33
104   2   5   26
104   2   6   21
104   3   1   21
104   3   2   29
104   3   3   33
104   3   4   29
104   3   5   28
104   3   6   23
104   4   1   17
104   4   2   28
104   4   3   40
104   4   4   36
104   4   5   25
104   4   6   17
105   1   1   6
105   1   2   12
105   1   3   24
105   1   4   36
105   1   5   34
105   1   6   33
105   1   7   15
105   2   1   7
105   2   2   14
105   2   3   27
105   2   4   33
105   2   5   31
105   2   6   23
105   2   7   25
105   3   1   23
105   3   2   27
105   3   3   31
105   3   4   31
105   3   5   26
105   3   6   22
105   4   1   20
105   4   2   28
105   4   3   31
105   4   4   36
105   4   5   25
105   4   6   20
106   1   1   5
106   1   2   20
106   1   3   24
106   1   4   29
106   1   5   23
106   2   1   9
106   2   2   19
106   2   3   21
106   2   4   28
106   2   5   15
106   2   6   9
106   3   1   7
106   3   2   18
106   3   3   26
106   3   4   24
106   3   5   18
106   3   6   8
106   4   1   7
106   4   2   17
106   4   3   29
106   4   4   22
106   4   5   17
106   4   6   9
107   1   1   12
107   1   2   19
107   1   3   17
107   1   4   12
107   2   1   9
107   2   2   22
107   2   3   20
107   2   4   9
107   3   1   5
107   3   2   11
107   3   3   13
107   3   4   14
107   3   5   17
107   4   1   6
107   4   2   10
107   4   3   12
107   4   4   17
107   4   5   15
108   1   1   9
108   1   2   15
108   1   3   25
108   1   4   28
108   1   5   34
108   1   6   33
108   1   7   13
108   1   8   6
108   2   1   18
108   2   2   30
108   2   3   38
108   2   4   32
108   2   5   23
108   2   6   18
108   2   7   4
108   3   1   5
108   3   2   26
108   3   3   22
108   3   4   29
108   3   5   35
108   3   6   29
108   3   7   17
108   4   1   5
108   4   2   18
108   4   3   27
108   4   4   36
108   4   5   30
108   4   6   22
108   4   7   17
108   4   8   8
109   1   1   9
109   1   2   22
109   1   3   28
109   1   4   31
109   1   5   21
109   1   6   9
109   2   1   12
109   2   2   25
109   2   3   25
109   2   4   23
109   2   5   24
109   2   6   5
109   2   7   6
109   3   1   11
109   3   2   22
109   3   3   25
109   3   4   27
109   3   5   22
109   3   6   13
109   4   1   10
109   4   2   20
109   4   3   30
109   4   4   28
109   4   5   23
109   4   6   9
110   1   1   10
110   1   2   20
110   1   3   27
110   1   4   26
110   1   5   24
110   1   6   9
110   2   1   29
110   2   2   33
110   2   3   26
110   2   4   21
110   2   5   7
110   3   1   10
110   3   2   23
110   3   3   26
110   3   4   26
110   3   5   19
110   3   6   12
110   4   1   12
110   4   2   21
110   4   3   28
110   4   4   24
110   4   5   16
110   4   6   15
111   1   1   16
111   1   2   28
111   1   3   21
111   1   4   18
111   2   1   12
111   2   2   10
111   2   3   16
111   2   4   22
111   2   5   15
111   2   6   8
111   3   1   17
111   3   2   21
111   3   3   23
111   3   4   22
111   4   1   2
111   4   2   6
111   4   3   14
111   4   4   17
111   4   5   21
111   4   6   23
112   1   1   5
112   1   2   15
112   1   3   37
112   1   4   40
112   1   5   40
112   1   6   35
112   1   7   17
112   1   8   5
112   2   1   22
112   2   2   36
112   2   3   37
112   2   4   40
112   2   5   37
112   2   6   22
112   3   1   25
112   3   2   35
112   3   3   38
112   3   4   38
112   3   5   33
112   3   6   18
112   3   7   7
112   4   1   5
112   4   2   9
112   4   3   23
112   4   4   30
112   4   5   31
112   4   6   30
112   4   7   29
112   4   8   20
112   4   9   17
113   1   1   6
113   1   2   19
113   1   3   24
113   1   4   29
113   1   5   28
113   1   6   24
113   1   7   26
113   2   1   6
113   2   2   19
113   2   3   26
113   2   4   28
113   2   5   27
113   2   6   23
113   2   7   19
113   2   8   8
113   3   1   12
113   3   2   31
113   3   3   37
113   3   4   35
113   3   5   29
113   3   6   12
113   4   1   15
113   4   2   27
113   4   3   35
113   4   4   34
113   4   5   33
113   4   6   12
114   1   1   12
114   1   2   21
114   1   3   23
114   1   4   26
114   1   5   18
114   1   6   13
114   2   1   14
114   2   2   16
114   2   3   25
114   2   4   27
114   2   5   20
114   2   6   11
114   3   1   13
114   3   2   13
114   3   3   24
114   3   4   33
114   3   5   23
114   3   6   7
114   4   1   9
114   4   2   18
114   4   3   28
114   4   4   30
114   4   5   20
114   4   6   8
115   1   1   20
115   1   2   21
115   1   3   24
115   1   4   26
115   1   5   20
115   1   6   13
115   1   7   7
115   2   1   14
115   2   2   22
115   2   3   34
115   2   4   28
115   2   5   19
115   2   6   8
115   2   7   6
115   3   1   34
115   3   2   35
115   3   3   33
115   3   4   21
115   3   5   8
115   4   1   15
115   4   2   24
115   4   3   29
115   4   4   23
115   4   5   22
115   4   6   18
116   1   1   7
116   1   2   8
116   1   3   23
116   2   1   19
116   2   2   14
116   2   3   5
116   3   1   9
116   3   2   10
116   3   3   9
116   3   4   10
116   4   1   8
116   4   2   11
116   4   3   11
116   4   4   8
117   1   1   17
117   1   2   16
117   1   3   37
117   1   4   19
117   1   5   22
117   1   6   17
117   2   1   8
117   2   2   24
117   2   3   33
117   2   4   32
117   2   5   24
117   2   6   7
117   3   1   16
117   3   2   21
117   3   3   24
117   3   4   28
117   3   5   27
117   3   6   12
117   4   1   20
117   4   2   18
117   4   3   28
117   4   4   20
117   4   5   23
117   4   6   19
118   1   1   5
118   1   2   13
118   1   3   14
118   1   4   14
118   1   5   10
118   1   6   5
118   2   1   12
118   2   2   18
118   2   3   19
118   2   4   12
118   3   1   5
118   3   2   9
118   3   3   14
118   3   4   18
118   3   5   15
118   4   1   10
118   4   2   23
118   4   3   18
118   4   4   10
119   1   1   6
119   1   2   17
119   1   3   27
119   1   4   35
119   1   5   33
119   1   6   27
119   1   7   18
119   1   8   9
119   2   1   7
119   2   2   16
119   2   3   29
119   2   4   33
119   2   5   35
119   2   6   29
119   2   7   18
119   2   8   5
119   3   1   11
119   3   2   31
119   3   3   42
119   3   4   45
119   3   5   34
119   3   6   9
119   4   1   6
119   4   2   17
119   4   3   27
119   4   4   37
119   4   5   35
119   4   6   27
119   4   7   23
120   1   1   19
120   1   2   23
120   1   3   19
120   1   4   15
120   1   5   4
120   2   1   18
120   2   2   24
120   2   3   21
120   2   4   17
120   3   1   19
120   3   2   22
120   3   3   20
120   3   4   14
120   3   5   5
120   4   1   7
120   4   2   14
120   4   3   20
120   4   4   16
120   4   5   17
120   4   6   6
121   1   1   10
121   1   2   16
121   1   3   19
121   1   4   16
121   1   5   16
121   1   6   10
121   2   1   5
121   2   2   18
121   2   3   19
121   2   4   22
121   2   5   23
121   3   1   5
121   3   2   12
121   3   3   22
121   3   4   30
121   3   5   18
121   4   1   6
121   4   2   15
121   4   3   24
121   4   4   21
121   4   5   16
121   4   6   5
122   1   1   4
122   1   2   15
122   1   3   21
122   1   4   25
122   1   5   24
122   1   6   28
122   1   7   16
122   2   1   5
122   2   2   28
122   2   3   35
122   2   4   34
122   2   5   25
122   2   6   6
122   3   1   5
122   3   2   17
122   3   3   21
122   3   4   21
122   3   5   26
122   3   6   23
122   3   7   13
122   3   8   7
122   4   1   5
122   4   2   10
122   4   3   21
122   4   4   29
122   4   5   32
122   4   6   23
122   4   7   13
123   1   1   15
123   1   2   24
123   1   3   34
123   1   4   23
123   1   5   20
123   1   6   12
123   1   7   6
123   2   1   5
123   2   2   12
123   2   3   23
123   2   4   28
123   2   5   27
123   2   6   21
123   2   7   13
123   2   8   5
123   3   1   7
123   3   2   23
123   3   3   40
123   3   4   32
123   3   5   23
123   3   6   9
123   4   1   15
123   4   2   18
123   4   3   30
123   4   4   35
123   4   5   25
123   4   6   11
124   1   1   19
124   1   2   17
124   1   3   12
124   1   4   11
124   1   5   7
124   2   1   5
124   2   2   10
124   2   3   16
124   2   4   20
124   2   5   15
124   3   1   6
124   3   2   13
124   3   3   14
124   3   4   15
124   3   5   11
124   3   6   7
124   4   1   10
124   4   2   26
124   4   3   21
124   4   4   9
125   1   1   29
125   1   2   35
125   1   3   29
125   1   4   21
125   1   5   8
125   2   1   12
125   2   2   20
125   2   3   27
125   2   4   31
125   2   5   22
125   2   6   10
125   3   1   11
125   3   2   23
125   3   3   31
125   3   4   25
125   3   5   19
125   3   6   13
125   4   1   5
125   4   2   11
125   4   3   16
125   4   4   27
125   4   5   29
125   4   6   19
125   4   7   15
126   1   1   5
126   1   2   3
126   1   3   1
126   2   1   4
126   2   2   5
126   3   1   4
126   3   2   4
126   3   3   1
126   4   1   4
126   4   2   5
127   1   1   14
127   1   2   24
127   1   3   21
127   1   4   16
127   2   1   6
127   2   2   13
127   2   3   20
127   2   4   19
127   2   5   9
127   2   6   8
127   3   1   10
127   3   2   11
127   3   3   15
127   3   4   16
127   3   5   15
127   3   6   8
127   4   1   7
127   4   2   11
127   4   3   20
127   4   4   18
127   4   5   12
127   4   6   7
128   1   1   10
128   1   2   21
128   1   3   33
128   1   4   32
128   1   5   29
128   1   6   5
128   2   1   12
128   2   2   21
128   2   3   27
128   2   4   36
128   2   5   25
128   2   6   9
128   3   1   5
128   3   2   15
128   3   3   20
128   3   4   25
128   3   5   25
128   3   6   20
128   3   7   14
128   3   8   6
128   4   1   13
128   4   2   23
128   4   3   30
128   4   4   27
128   4   5   22
128   4   6   15
129   1   1   16
129   1   2   22
129   1   3   27
129   1   4   30
129   1   5   25
129   1   6   15
129   2   1   34
129   2   2   34
129   2   3   31
129   2   4   22
129   2   5   14
129   3   1   14
129   3   2   28
129   3   3   29
129   3   4   25
129   3   5   23
129   3   6   16
129   4   1   9
129   4   2   28
129   4   3   34
129   4   4   29
129   4   5   21
129   4   6   14
130   1   1   8
130   1   2   25
130   1   3   28
130   1   4   24
130   1   5   18
130   1   6   13
130   2   1   9
130   2   2   18
130   2   3   27
130   2   4   35
130   2   5   22
130   2   6   5
130   3   1   13
130   3   2   18
130   3   3   25
130   3   4   27
130   3   5   20
130   3   6   13
130   4   1   9
130   4   2   24
130   4   3   29
130   4   4   22
130   4   5   20
130   4   6   12
131   1   1   10
131   1   2   18
131   1   3   21
131   1   4   9
131   2   1   7
131   2   2   9
131   2   3   14
131   2   4   13
131   2   5   9
131   2   6   6
131   3   1   15
131   3   2   12
131   3   3   17
131   3   4   14
131   4   1   11
131   4   2   18
131   4   3   17
131   4   4   12
132   1   1   10
132   1   2   18
132   1   3   19
132   1   4   10
132   2   1   11
132   2   2   18
132   2   3   17
132   2   4   11
132   3   1   17
132   3   2   13
132   3   3   12
132   3   4   10
132   3   5   5
132   4   1   12
132   4   2   16
132   4   3   12
132   4   4   17
133   1   1   10
133   1   2   15
133   1   3   15
133   1   4   15
133   1   5   15
133   1   6   13
133   2   1   17
133   2   2   24
133   2   3   26
133   2   4   16
133   3   1   5
133   3   2   13
133   3   3   22
133   3   4   24
133   3   5   19
133   4   1   18
133   4   2   23
133   4   3   23
133   4   4   14
133   4   5   5
134   1   1   7
134   1   2   24
134   1   3   30
134   1   4   21
134   1   5   21
134   1   6   10
134   2   1   7
134   2   2   21
134   2   3   30
134   2   4   30
134   2   5   16
134   2   6   9
134   3   1   10
134   3   2   19
134   3   3   28
134   3   4   26
134   3   5   21
134   3   6   9
134   4   1   15
134   4   2   18
134   4   3   23
134   4   4   24
134   4   5   18
134   4   6   11
134   4   7   4
135   1   1   12
135   1   2   15
135   1   3   17
135   1   4   13
135   2   1   11
135   2   2   15
135   2   3   21
135   2   4   10
135   3   1   15
135   3   2   13
135   3   3   14
135   3   4   15
135   4   1   11
135   4   2   16
135   4   3   18
135   4   4   12
136   1   1   12
136   1   2   13
136   1   3   22
136   1   4   28
136   1   5   30
136   1   6   29
136   1   7   25
136   2   1   13
136   2   2   22
136   2   3   43
136   2   4   41
136   2   5   28
136   2   6   12
136   3   1   10
136   3   2   16
136   3   3   26
136   3   4   33
136   3   5   33
136   3   6   24
136   3   7   17
136   4   1   17
136   4   2   28
136   4   3   33
136   4   4   36
136   4   5   29
136   4   6   16
137   1   1   25
137   1   2   28
137   1   3   29
137   1   4   16
137   1   5   6
137   2   1   12
137   2   2   20
137   2   3   24
137   2   4   19
137   2   5   15
137   2   6   9
137   2   7   5
137   3   1   14
137   3   2   18
137   3   3   23
137   3   4   17
137   3   5   15
137   3   6   12
137   3   7   5
137   4   1   22
137   4   2   28
137   4   3   32
137   4   4   22
138   1   1   22
138   1   2   23
138   1   3   20
138   1   4   15
138   1   5   6
138   2   1   11
138   2   2   16
138   2   3   18
138   2   4   15
138   2   5   14
138   2   6   12
138   3   1   16
138   3   2   30
138   3   3   27
138   3   4   13
138   4   1   10
138   4   2   12
138   4   3   21
138   4   4   21
138   4   5   12
138   4   6   10
139   1   1   8
139   1   2   11
139   1   3   11
139   1   4   8
139   2   1   8
139   2   2   10
139   2   3   14
139   2   4   6
139   3   1   19
139   3   2   19
139   4   1   9
139   4   2   10
139   4   3   9
139   4   4   10
140   1   1   5
140   1   2   10
140   1   3   13
140   1   4   16
140   1   5   17
140   2   1   6
140   2   2   10
140   2   3   13
140   2   4   15
140   2   5   17
140   3   1   14
140   3   2   17
140   3   3   16
140   3   4   14
140   4   1   12
140   4   2   15
140   4   3   18
140   4   4   16
141   1   1   7
141   1   2   17
141   1   3   19
141   1   4   21
141   1   5   17
141   1   6   6
141   2   1   5
141   2   2   16
141   2   3   24
141   2   4   21
141   2   5   13
141   2   6   8
141   3   1   20
141   3   2   23
141   3   3   24
141   3   4   20
141   4   1   5
141   4   2   20
141   4   3   20
141   4   4   19
141   4   5   14
141   4   6   9
142   1   1   9
142   1   2   13
142   1   3   15
142   1   4   15
142   1   5   14
142   1   6   9
142   2   1   7
142   2   2   12
142   2   3   19
142   2   4   17
142   2   5   14
142   2   6   6
142   3   1   18
142   3   2   19
142   3   3   19
142   3   4   19
142   4   1   11
142   4   2   25
142   4   3   22
142   4   4   17
143   1   1   11
143   1   2   13
143   1   3   19
143   1   4   10
143   2   1   7
143   2   2   20
143   2   3   18
143   2   4   8
143   3   1   15
143   3   2   11
143   3   3   14
143   3   4   13
143   4   1   13
143   4   2   16
143   4   3   10
143   4   4   14
144   1   1   8
144   1   2   12
144   1   3   14
144   1   4   8
144   2   1   8
144   2   2   13
144   2   3   13
144   2   4   8
144   3   1   5
144   3   2   19
144   3   3   12
144   3   4   6
144   4   1   11
144   4   2   11
144   4   3   8
144   4   4   12
145   1   1   10
145   1   2   12
145   1   3   19
145   1   4   17
145   1   5   16
145   1   6   8
145   2   1   18
145   2   2   21
145   2   3   25
145   2   4   18
145   3   1   6
145   3   2   16
145   3   3   19
145   3   4   21
145   3   5   13
145   3   6   7
145   4   1   5
145   4   2   16
145   4   3   21
145   4   4   19
145   4   5   15
145   4   6   6
146   1   1   13
146   1   2   21
146   1   3   24
146   1   4   22
146   1   5   19
146   1   6   14
146   2   1   6
146   2   2   22
146   2   3   27
146   2   4   31
146   2   5   21
146   2   6   6
146   3   1   8
146   3   2   24
146   3   3   28
146   3   4   23
146   3   5   20
146   3   6   10
146   4   1   9
146   4   2   19
146   4   3   30
146   4   4   26
146   4   5   21
146   4   6   8
147   1   1   6
147   1   2   11
147   1   3   9
147   1   4   7
147   2   1   6
147   2   2   12
147   2   3   10
147   2   4   5
147   3   1   5
147   3   2   11
147   3   3   12
147   3   4   5
147   4   1   6
147   4   2   10
147   4   3   17
148   1   1   13
148   1   2   25
148   1   3   17
148   1   4   14
148   2   1   17
148   2   2   14
148   2   3   21
148   2   4   17
148   3   1   7
148   3   2   9
148   3   3   16
148   3   4   21
148   3   5   16
148   4   1   14
148   4   2   21
148   4   3   19
148   4   4   15
149   1   1   6
149   1   2   16
149   1   3   26
149   1   4   29
149   1   5   31
149   1   6   27
149   1   7   22
149   2   1   11
149   2   2   27
149   2   3   41
149   2   4   39
149   2   5   27
149   2   6   12
149   3   1   5
149   3   2   16
149   3   3   28
149   3   4   30
149   3   5   30
149   3   6   24
149   3   7   15
149   3   8   9
149   4   1   20
149   4   2   25
149   4   3   31
149   4   4   37
149   4   5   27
149   4   6   17
150   1   1   17
150   1   2   30
150   1   3   25
150   1   4   18
150   2   1   5
150   2   2   11
150   2   3   14
150   2   4   17
150   2   5   20
150   2   6   16
150   2   7   7
150   3   1   5
150   3   2   17
150   3   3   22
150   3   4   23
150   3   5   18
150   3   6   5
150   4   1   21
150   4   2   21
150   4   3   27
150   4   4   16
150   4   5   5
151   1   1   13
151   1   2   16
151   1   3   14
151   1   4   15
151   2   1   8
151   2   2   20
151   2   3   23
151   2   4   7
151   3   1   8
151   3   2   10
151   3   3   11
151   3   4   11
151   3   5   10
151   3   6   8
151   4   1   5
151   4   2   10
151   4   3   12
151   4   4   17
151   4   5   14
152   1   1   13
152   1   2   12
152   2   1   12
152   2   2   13
152   3   1   12
152   3   2   13
152   4   1   11
152   4   2   14
153   1   1   5
153   1   2   19
153   1   3   16
153   1   4   6
153   2   1   13
153   2   2   9
153   2   3   11
153   2   4   13
153   3   1   8
153   3   2   14
153   3   3   17
153   3   4   7
153   4   1   12
153   4   2   13
153   4   3   9
153   4   4   9
153   4   5   3
154   1   1   6
154   1   2   15
154   1   3   20
154   1   4   21
154   1   5   15
154   1   6   6
154   2   1   18
154   2   2   24
154   2   3   23
154   2   4   13
154   2   5   5
154   3   1   9
154   3   2   14
154   3   3   19
154   3   4   17
154   3   5   14
154   3   6   10
154   4   1   6
154   4   2   16
154   4   3   18
154   4   4   22
154   4   5   15
154   4   6   6
155   1   1   22
155   1   2   29
155   1   3   28
155   1   4   16
155   1   5   6
155   2   1   16
155   2   2   14
155   2   3   18
155   2   4   18
155   2   5   23
155   2   6   12
155   3   1   11
155   3   2   15
155   3   3   20
155   3   4   25
155   3   5   22
155   3   6   8
155   4   1   7
155   4   2   18
155   4   3   22
155   4   4   28
155   4   5   26
156   1   1   8
156   1   2   21
156   1   3   26
156   1   4   25
156   1   5   28
156   1   6   25
156   1   7   21
156   1   8   8
156   2   1   19
156   2   2   29
156   2   3   34
156   2   4   32
156   2   5   28
156   2   6   20
156   3   1   17
156   3   2   32
156   3   3   34
156   3   4   31
156   3   5   29
156   3   6   19
156   4   1   15
156   4   2   29
156   4   3   37
156   4   4   39
156   4   5   28
156   4   6   14
157   1   1   11
157   1   2   35
157   1   3   37
157   1   4   38
157   1   5   24
157   1   6   16
157   2   1   7
157   2   2   19
157   2   3   27
157   2   4   28
157   2   5   27
157   2   6   27
157   2   7   20
157   2   8   6
157   3   1   23
157   3   2   26
157   3   3   27
157   3   4   37
157   3   5   33
157   3   6   15
157   4   1   11
157   4   2   17
157   4   3   25
157   4   4   28
157   4   5   26
157   4   6   24
157   4   7   19
157   4   8   11
158   1   1   12
158   1   2   17
158   1   3   16
158   1   4   10
158   2   1   10
158   2   2   17
158   2   3   19
158   2   4   9
158   3   1   5
158   3   2   9
158   3   3   13
158   3   4   13
158   3   5   15
158   4   1   6
158   4   2   12
158   4   3   15
158   4   4   14
158   4   5   8
159   1   1   5
159   1   2   14
159   1   3   20
159   1   4   28
159   1   5   32
159   1   6   32
159   1   7   13
159   2   1   18
159   2   2   26
159   2   3   28
159   2   4   31
159   2   5   24
159   2   6   11
159   2   7   6
159   3   1   20
159   3   2   23
159   3   3   32
159   3   4   25
159   3   5   25
159   3   6   19
159   4   1   9
159   4   2   33
159   4   3   34
159   4   4   29
159   4   5   23
159   4   6   16
160   1   1   12
160   1   2   13
160   1   3   15
160   1   4   16
160   1   5   16
160   1   6   11
160   2   1   17
160   2   2   23
160   2   3   25
160   2   4   18
160   3   1   13
160   3   2   24
160   3   3   29
160   3   4   17
160   4   1   10
160   4   2   14
160   4   3   17
160   4   4   17
160   4   5   15
160   4   6   10
161   1   1   5
161   1   2   7
161   1   3   2
161   1   4   6
161   2   1   8
161   2   2   2
161   2   3   1
161   2   4   9
161   3   1   4
161   3   2   5
161   3   3   7
161   3   4   4
161   4   1   9
161   4   2   11
162   1   1   13
162   1   2   17
162   1   3   16
162   1   4   14
162   2   1   5
162   2   2   12
162   2   3   13
162   2   4   15
162   2   5   8
162   2   6   7
162   3   1   12
162   3   2   19
162   3   3   18
162   3   4   11
162   4   1   9
162   4   2   17
162   4   3   19
162   4   4   15
163   1   1   18
163   1   2   22
163   1   3   32
163   1   4   25
163   1   5   20
163   1   6   13
163   1   7   6
163   2   1   13
163   2   2   23
163   2   3   32
163   2   4   33
163   2   5   23
163   2   6   12
163   3   1   18
163   3   2   24
163   3   3   30
163   3   4   27
163   3   5   18
163   3   6   13
163   3   7   6
163   4   1   10
163   4   2   24
163   4   3   35
163   4   4   31
163   4   5   28
163   4   6   8
164   1   1   6
164   1   2   26
164   1   3   26
164   1   4   8
164   2   1   9
164   2   2   10
164   2   3   13
164   2   4   15
164   2   5   11
164   2   6   8
164   3   1   2
164   3   2   3
164   3   3   10
164   3   4   14
164   3   5   24
164   3   6   8
164   3   7   5
164   4   1   6
164   4   2   11
164   4   3   17
164   4   4   14
164   4   5   11
164   4   6   7
165   1   1   6
165   1   2   9
165   2   1   7
165   2   2   8
165   3   1   7
165   3   2   8
165   4   1   7
165   4   2   8
166   1   1   8
166   1   2   11
166   1   3   15
166   1   4   7
166   2   1   8
166   2   2   13
166   2   3   12
166   2   4   8
166   3   1   11
166   3   2   8
166   3   3   14
166   3   4   8
166   4   1   7
166   4   2   14
166   4   3   14
166   4   4   6
167   1   1   18
167   1   2   32
167   1   3   41
167   1   4   41
167   1   5   33
167   1   6   17
167   2   1   7
167   2   2   20
167   2   3   30
167   2   4   38
167   2   5   33
167   2   6   26
167   2   7   18
167   2   8   10
167   3   1   23
167   3   2   32
167   3   3   38
167   3   4   35
167   3   5   30
167   3   6   19
167   3   7   5
167   4   1   21
167   4   2   31
167   4   3   39
167   4   4   41
167   4   5   28
167   4   6   17
167   4   7   5
168   1   1   6
168   1   2   11
168   1   3   16
168   1   4   20
168   1   5   17
168   2   1   6
168   2   2   13
168   2   3   15
168   2   4   17
168   2   5   13
168   2   6   6
168   3   1   13
168   3   2   19
168   3   3   21
168   3   4   11
168   3   5   6
168   4   1   13
168   4   2   20
168   4   3   25
168   4   4   12
169   1   1   4
169   1   2   8
169   1   3   13
169   1   4   8
169   1   5   14
169   2   1   8
169   2   2   15
169   2   3   16
169   2   4   8
169   3   1   9
169   3   2   15
169   3   3   14
169   3   4   9
169   4   1   7
169   4   2   15
169   4   3   16
169   4   4   9
170   1   1   12
170   1   2   19
170   1   3   21
170   1   4   11
170   2   1   13
170   2   2   18
170   2   3   18
170   2   4   14
170   3   1   5
170   3   2   9
170   3   3   18
170   3   4   15
170   3   5   11
170   3   6   5
170   4   1   5
170   4   2   9
170   4   3   15
170   4   4   17
170   4   5   17
171   1   1   20
171   1   2   42
171   1   3   48
171   1   4   44
171   1   5   22
171   1   6   12
171   1   7   10
171   2   1   8
171   2   2   23
171   2   3   31
171   2   4   35
171   2   5   35
171   2   6   37
171   2   7   29
171   3   1   7
171   3   2   23
171   3   3   33
171   3   4   36
171   3   5   36
171   3   6   32
171   3   7   23
171   3   8   8
171   4   1   13
171   4   2   17
171   4   3   28
171   4   4   38
171   4   5   42
171   4   6   31
171   4   7   19
171   4   8   10
172   1   1   17
172   1   2   28
172   1   3   30
172   1   4   31
172   1   5   31
172   1   6   16
172   2   1   16
172   2   2   33
172   2   3   31
172   2   4   28
172   2   5   25
172   2   6   15
172   2   7   5
172   3   1   18
172   3   2   30
172   3   3   31
172   3   4   30
172   3   5   23
172   3   6   16
172   3   7   5
172   4   1   10
172   4   2   30
172   4   3   38
172   4   4   36
172   4   5   27
172   4   6   12
173   1   1   10
173   1   2   13
173   1   3   14
173   1   4   9
173   2   1   13
173   2   2   10
173   2   3   12
173   2   4   11
173   3   1   6
173   3   2   17
173   3   3   16
173   3   4   7
173   4   1   7
173   4   2   15
173   4   3   15
173   4   4   9
174   1   1   8
174   1   2   13
174   1   3   19
174   1   4   24
174   1   5   15
174   1   6   6
174   2   1   12
174   2   2   17
174   2   3   14
174   2   4   14
174   2   5   14
174   2   6   14
174   3   1   7
174   3   2   18
174   3   3   20
174   3   4   20
174   3   5   20
174   4   1   14
174   4   2   27
174   4   3   30
174   4   4   14
175   1   1   9
175   1   2   20
175   1   3   16
175   1   4   34
175   1   5   22
175   1   6   10
175   2   1   16
175   2   2   17
175   2   3   22
175   2   4   21
175   2   5   21
175   2   6   14
175   3   1   17
175   3   2   21
175   3   3   16
175   3   4   20
175   3   5   21
175   3   6   16
175   4   1   26
175   4   2   31
175   4   3   28
175   4   4   26
176   1   1   5
176   1   2   9
176   1   3   14
176   1   4   21
176   1   5   14
176   2   1   6
176   2   2   13
176   2   3   13
176   2   4   14
176   2   5   10
176   2   6   7
176   3   1   12
176   3   2   22
176   3   3   16
176   3   4   13
176   4   1   15
176   4   2   16
176   4   3   17
176   4   4   15
177   1   1   14
177   1   2   21
177   1   3   28
177   1   4   28
177   1   5   26
177   1   6   12
177   2   1   7
177   2   2   25
177   2   3   31
177   2   4   35
177   2   5   26
177   2   6   5
177   3   1   16
177   3   2   25
177   3   3   25
177   3   4   22
177   3   5   23
177   3   6   18
177   4   1   8
177   4   2   14
177   4   3   18
177   4   4   20
177   4   5   23
177   4   6   26
177   4   7   15
177   4   8   5
178   1   1   3
178   1   2   9
178   1   3   12
178   2   1   12
178   2   2   12
178   3   1   13
178   3   2   11
178   4   1   12
178   4   2   12
179   1   1   9
179   1   2   24
179   1   3   41
179   1   4   34
179   1   5   29
179   1   6   24
179   1   7   18
179   1   8   13
179   1   9   6
179   2   1   5
179   2   2   10
179   2   3   16
179   2   4   25
179   2   5   35
179   2   6   44
179   2   7   36
179   2   8   20
179   2   9   7
179   3   1   5
179   3   2   27
179   3   3   30
179   3   4   36
179   3   5   40
179   3   6   31
179   3   7   21
179   3   8   8
179   4   1   6
179   4   2   18
179   4   3   32
179   4   4   43
179   4   5   42
179   4   6   32
179   4   7   19
179   4   8   6
180   1   1   19
180   1   2   36
180   1   3   37
180   1   4   28
180   1   5   25
180   1   6   18
180   1   7   7
180   2   1   15
180   2   2   29
180   2   3   40
180   2   4   41
180   2   5   30
180   2   6   12
180   2   7   3
180   3   1   15
180   3   2   17
180   3   3   17
180   3   4   27
180   3   5   32
180   3   6   35
180   3   7   27
180   4   1   20
180   4   2   27
180   4   3   36
180   4   4   37
180   4   5   31
180   4   6   19
181   1   1   10
181   1   2   30
181   1   3   31
181   1   4   29
181   1   5   26
181   1   6   11
181   2   1   14
181   2   2   22
181   2   3   29
181   2   4   33
181   2   5   31
181   2   6   8
181   3   1   15
181   3   2   23
181   3   3   29
181   3   4   31
181   3   5   27
181   3   6   12
181   4   1   6
181   4   2   13
181   4   3   20
181   4   4   26
181   4   5   29
181   4   6   28
181   4   7   15
182   1   1   10
182   1   2   18
182   1   3   18
182   1   4   23
182   1   5   19
182   1   6   7
182   2   1   20
182   2   2   26
182   2   3   28
182   2   4   21
182   3   1   9
182   3   2   15
182   3   3   21
182   3   4   24
182   3   5   21
182   3   6   5
182   4   1   8
182   4   2   14
182   4   3   26
182   4   4   24
182   4   5   15
182   4   6   8
183   1   1   13
183   1   2   18
183   1   3   26
183   1   4   41
183   1   5   46
183   1   6   41
183   1   7   18
183   1   8   7
183   2   1   6
183   2   2   34
183   2   3   34
183   2   4   37
183   2   5   27
183   2   6   30
183   2   7   31
183   2   8   11
183   3   1   12
183   3   2   24
183   3   3   34
183   3   4   34
183   3   5   42
183   3   6   32
183   3   7   14
183   3   8   18
183   4   1   5
183   4   2   28
183   4   3   33
183   4   4   41
183   4   5   45
183   4   6   29
183   4   7   18
183   4   8   11
184   1   1   10
184   1   2   20
184   1   3   25
184   1   4   24
184   1   5   17
184   1   6   12
184   2   1   5
184   2   2   16
184   2   3   30
184   2   4   34
184   2   5   18
184   2   6   5
184   3   1   6
184   3   2   19
184   3   3   33
184   3   4   25
184   3   5   15
184   3   6   10
184   4   1   14
184   4   2   19
184   4   3   21
184   4   4   23
184   4   5   17
184   4   6   14
185   1   1   19
185   1   2   20
185   1   3   20
185   1   4   18
185   2   1   16
185   2   2   20
185   2   3   26
185   2   4   15
185   3   1   6
185   3   2   17
185   3   3   17
185   3   4   14
185   3   5   14
185   3   6   9
185   4   1   16
185   4   2   23
185   4   3   22
185   4   4   16
186   1   1   12
186   1   2   19
186   1   3   19
186   1   4   10
186   2   1   5
186   2   2   8
186   2   3   14
186   2   4   18
186   2   5   15
186   3   1   13
186   3   2   18
186   3   3   16
186   3   4   13
186   4   1   5
186   4   2   11
186   4   3   13
186   4   4   13
186   4   5   18
187   1   1   5
187   1   2   19
187   1   3   15
187   1   4   6
187   2   1   9
187   2   2   13
187   2   3   12
187   2   4   11
187   3   1   5
187   3   2   7
187   3   3   3
187   3   4   7
187   3   5   4
187   3   6   9
187   3   7   10
187   4   1   10
187   4   2   11
187   4   3   15
187   4   4   9
188   1   1   5
188   1   2   22
188   1   3   37
188   1   4   32
188   1   5   23
188   1   6   5
188   2   1   14
188   2   2   20
188   2   3   26
188   2   4   30
188   2   5   29
188   2   6   5
188   3   1   8
188   3   2   12
188   3   3   15
188   3   4   21
188   3   5   26
188   3   6   26
188   3   7   16
188   4   1   6
188   4   2   13
188   4   3   19
188   4   4   22
188   4   5   26
188   4   6   19
188   4   7   12
188   4   8   7
189   1   1   16
189   1   2   31
189   1   3   32
189   1   4   32
189   1   5   27
189   1   6   18
189   1   7   5
189   2   1   13
189   2   2   29
189   2   3   35
189   2   4   40
189   2   5   35
189   2   6   9
189   3   1   9
189   3   2   17
189   3   3   29
189   3   4   27
189   3   5   30
189   3   6   23
189   3   7   14
189   3   8   12
189   4   1   6
189   4   2   16
189   4   3   24
189   4   4   30
189   4   5   35
189   4   6   35
189   4   7   15
190   1   1   7
190   1   2   13
190   1   3   17
190   1   4   14
190   1   5   12
190   1   6   9
190   2   1   11
190   2   2   9
190   2   3   15
190   2   4   14
190   2   5   11
190   2   6   12
190   3   1   14
190   3   2   24
190   3   3   22
190   3   4   12
190   4   1   14
190   4   2   21
190   4   3   23
190   4   4   14
191   1   1   8
191   1   2   14
191   1   3   15
191   1   4   18
191   1   5   16
191   1   6   7
191   2   1   6
191   2   2   14
191   2   3   15
191   2   4   25
191   2   5   12
191   2   6   6
191   3   1   11
191   3   2   16
191   3   3   12
191   3   4   11
191   3   5   19
191   3   6   9
191   4   1   12
191   4   2   27
191   4   3   27
191   4   4   12
192   1   1   13
192   1   2   28
192   1   3   41
192   1   4   54
192   1   5   58
192   1   6   42
192   1   7   25
192   1   8   14
192   2   1   8
192   2   2   31
192   2   3   47
192   2   4   52
192   2   5   48
192   2   6   47
192   2   7   42
192   3   1   17
192   3   2   30
192   3   3   39
192   3   4   50
192   3   5   49
192   3   6   46
192   3   7   30
192   3   8   14
192   4   1   7
192   4   2   20
192   4   3   29
192   4   4   36
192   4   5   42
192   4   6   44
192   4   7   40
192   4   8   34
192   4   9   23
193   1   1   15
193   1   2   14
193   2   1   5
193   2   2   10
193   2   3   8
193   2   4   6
193   3   1   5
193   3   2   10
193   3   3   9
193   3   4   5
193   4   1   15
193   4   2   14
194   1   1   12
194   1   2   29
194   1   3   39
194   1   4   35
194   1   5   29
194   1   6   19
194   2   1   20
194   2   2   28
194   2   3   33
194   2   4   35
194   2   5   26
194   2   6   21
194   3   1   16
194   3   2   26
194   3   3   37
194   3   4   38
194   3   5   31
194   3   6   15
194   4   1   24
194   4   2   28
194   4   3   30
194   4   4   31
194   4   5   27
194   4   6   23
195   1   1   14
195   1   2   30
195   1   3   37
195   1   4   32
195   1   5   26
195   1   6   16
195   2   1   6
195   2   2   12
195   2   3   25
195   2   4   32
195   2   5   35
195   2   6   27
195   2   7   18
195   3   1   17
195   3   2   25
195   3   3   32
195   3   4   36
195   3   5   34
195   3   6   11
195   4   1   6
195   4   2   15
195   4   3   22
195   4   4   34
195   4   5   34
195   4   6   24
195   4   7   20
196   1   1   17
196   1   2   33
196   1   3   29
196   1   4   30
196   1   5   26
196   1   6   20
196   2   1   14
196   2   2   26
196   2   3   38
196   2   4   38
196   2   5   23
196   2   6   16
196   3   1   6
196   3   2   16
196   3   3   22
196   3   4   29
196   3   5   32
196   3   6   24
196   3   7   18
196   3   8   8
196   4   1   3
196   4   2   4
196   4   3   12
196   4   4   23
196   4   5   28
196   4   6   36
196   4   7   32
196   4   8   17
197   1   1   5
197   1   2   12
197   1   3   10
197   1   4   6
197   2   1   15
197   2   2   18
197   3   1   7
197   3   2   8
197   3   3   10
197   3   4   8
197   4   1   2
197   4   2   5
197   4   3   9
197   4   4   10
197   4   5   7
198   1   1   5
198   1   2   9
198   1   3   20
198   1   4   26
198   1   5   24
198   1   6   13
198   1   7   10
198   1   8   7
198   2   1   6
198   2   2   20
198   2   3   28
198   2   4   35
198   2   5   20
198   2   6   5
198   3   1   19
198   3   2   15
198   3   3   20
198   3   4   22
198   3   5   24
198   3   6   14
198   4   1   7
198   4   2   23
198   4   3   29
198   4   4   29
198   4   5   17
198   4   6   9
199   1   1   13
199   1   2   23
199   1   3   36
199   1   4   40
199   1   5   40
199   1   6   41
199   1   7   27
199   1   8   9
199   2   1   10
199   2   2   23
199   2   3   38
199   2   4   42
199   2   5   43
199   2   6   38
199   2   7   28
199   2   8   7
199   3   1   9
199   3   2   22
199   3   3   35
199   3   4   49
199   3   5   48
199   3   6   35
199   3   7   21
199   3   8   10
199   4   1   8
199   4   2   23
199   4   3   40
199   4   4   39
199   4   5   45
199   4   6   44
199   4   7   30
200   1   1   11
200   1   2   26
200   1   3   22
200   1   4   13
200   2   1   3
200   2   2   12
200   2   3   22
200   2   4   21
200   2   5   14
200   3   1   5
200   3   2   14
200   3   3   17
200   3   4   19
200   3   5   17
200   4   1   5
200   4   2   13
200   4   3   19
200   4   4   17
200   4   5   13
200   4   6   5
201   1   1   3
201   1   2   10
201   1   3   12
201   1   4   18
201   1   5   13
201   2   1   12
201   2   2   18
201   2   3   14
201   2   4   12
201   3   1   11
201   3   2   15
201   3   3   17
201   3   4   13
201   4   1   12
201   4   2   15
201   4   3   18
201   4   4   11
202   1   1   8
202   1   2   14
202   1   3   21
202   1   4   20
202   1   5   14
202   1   6   8
202   2   1   5
202   2   2   16
202   2   3   23
202   2   4   21
202   2   5   14
202   2   6   6
202   3   1   5
202   3   2   12
202   3   3   25
202   3   4   25
202   3   5   18
202   4   1   23
202   4   2   20
202   4   3   22
202   4   4   12
202   4   5   8
203   1   1   22
203   1   2   29
203   1   3   38
203   1   4   51
203   1   5   58
203   1   6   53
203   1   7   33
203   1   8   12
203   2   1   5
203   2   2   16
203   2   3   40
203   2   4   46
203   2   5   45
203   2   6   41
203   2   7   41
203   2   8   35
203   2   9   27
203   3   1   15
203   3   2   35
203   3   3   48
203   3   4   50
203   3   5   51
203   3   6   48
203   3   7   36
203   3   8   13
203   4   1   18
203   4   2   36
203   4   3   48
203   4   4   56
203   4   5   46
203   4   6   38
203   4   7   29
203   4   8   17
203   4   9   8
204   1   1   14
204   1   2   30
204   1   3   41
204   1   4   55
204   1   5   60
204   1   6   56
204   1   7   33
204   1   8   5
204   2   1   9
204   2   2   16
204   2   3   29
204   2   4   41
204   2   5   49
204   2   6   49
204   2   7   43
204   2   8   30
204   2   9   15
204   2   10   13
204   3   1   19
204   3   2   29
204   3   3   42
204   3   4   53
204   3   5   54
204   3   6   48
204   3   7   38
204   3   8   11
204   4   1   19
204   4   2   37
204   4   3   42
204   4   4   46
204   4   5   49
204   4   6   47
204   4   7   37
204   4   8   17
205   1   1   13
205   1   2   19
205   1   3   19
205   1   4   13
205   2   1   6
205   2   2   10
205   2   3   16
205   2   4   17
205   2   5   10
205   2   6   5
205   3   1   12
205   3   2   20
205   3   3   20
205   3   4   12
205   4   1   12
205   4   2   20
205   4   3   19
205   4   4   13
206   1   1   22
206   1   2   23
206   2   1   9
206   2   2   14
206   2   3   12
206   2   4   10
206   3   1   14
206   3   2   9
206   3   3   10
206   3   4   12
206   4   1   12
206   4   2   11
206   4   3   11
206   4   4   11
207   1   1   10
207   1   2   21
207   1   3   11
207   1   4   15
207   2   1   10
207   2   2   20
207   2   3   16
207   2   4   11
207   3   1   16
207   3   2   12
207   3   3   13
207   3   4   16
207   4   1   12
207   4   2   19
207   4   3   13
207   4   4   13
208   1   1   6
208   1   2   18
208   1   3   27
208   1   4   26
208   1   5   15
208   1   6   7
208   2   1   10
208   2   2   13
208   2   3   22
208   2   4   28
208   2   5   20
208   2   6   6
208   3   1   12
208   3   2   20
208   3   3   18
208   3   4   19
208   3   5   17
208   3   6   13
208   4   1   23
208   4   2   26
208   4   3   29
208   4   4   16
208   4   5   5
209   1   1   19
209   1   2   26
209   1   3   24
209   1   4   18
209   2   1   7
209   2   2   15
209   2   3   21
209   2   4   20
209   2   5   18
209   2   6   6
209   3   1   6
209   3   2   15
209   3   3   22
209   3   4   23
209   3   5   21
209   4   1   6
209   4   2   15
209   4   3   23
209   4   4   22
209   4   5   16
209   4   6   5
210   1   1   7
210   1   2   22
210   1   3   28
210   1   4   23
210   1   5   15
210   1   6   6
210   2   1   9
210   2   2   17
210   2   3   21
210   2   4   28
210   2   5   21
210   2   6   5
210   3   1   9
210   3   2   20
210   3   3   21
210   3   4   23
210   3   5   19
210   3   6   9
210   4   1   7
210   4   2   19
210   4   3   24
210   4   4   24
210   4   5   20
210   4   6   7
211   1   1   5
211   1   2   10
211   1   3   18
211   1   4   28
211   1   5   27
211   1   6   31
211   1   7   21
211   1   8   26
211   1   9   12
211   2   1   7
211   2   2   17
211   2   3   23
211   2   4   41
211   2   5   39
211   2   6   27
211   2   7   24
211   3   1   18
211   3   2   34
211   3   3   39
211   3   4   35
211   3   5   30
211   3   6   22
211   4   1   6
211   4   2   20
211   4   3   29
211   4   4   32
211   4   5   31
211   4   6   34
211   4   7   26
212   1   1   5
212   1   2   13
212   1   3   18
212   1   4   17
212   1   5   19
212   2   1   4
212   2   2   13
212   2   3   16
212   2   4   23
212   2   5   16
212   3   1   16
212   3   2   21
212   3   3   21
212   3   4   10
212   3   5   4
212   4   1   5
212   4   2   14
212   4   3   16
212   4   4   20
212   4   5   11
212   4   6   6
213   1   1   19
213   1   2   16
213   1   3   14
213   1   4   11
213   1   5   7
213   2   1   5
213   2   2   13
213   2   3   16
213   2   4   14
213   2   5   13
213   2   6   6
213   3   1   5
213   3   2   13
213   3   3   16
213   3   4   16
213   3   5   12
213   3   6   5
213   4   1   10
213   4   2   23
213   4   3   25
213   4   4   9
214   1   1   11
214   1   2   27
214   1   3   36
214   1   4   34
214   1   5   27
214   1   6   11
214   2   1   17
214   2   2   24
214   2   3   32
214   2   4   31
214   2   5   25
214   2   6   12
214   2   7   5
214   3   1   7
214   3   2   14
214   3   3   21
214   3   4   29
214   3   5   28
214   3   6   28
214   3   7   19
214   4   1   18
214   4   2   28
214   4   3   30
214   4   4   32
214   4   5   32
214   4   6   6
215   1   1   11
215   1   2   22
215   1   3   33
215   1   4   25
215   1   5   16
215   1   6   15
215   2   1   14
215   2   2   19
215   2   3   27
215   2   4   30
215   2   5   21
215   2   6   11
215   3   1   10
215   3   2   22
215   3   3   30
215   3   4   26
215   3   5   24
215   3   6   10
215   4   1   12
215   4   2   22
215   4   3   26
215   4   4   26
215   4   5   23
215   4   6   13
216   1   1   5
216   1   2   11
216   1   3   22
216   1   4   28
216   1   5   27
216   1   6   20
216   1   7   13
216   1   8   5
216   2   1   13
216   2   2   22
216   2   3   27
216   2   4   35
216   2   5   22
216   2   6   12
216   3   1   15
216   3   2   23
216   3   3   30
216   3   4   25
216   3   5   21
216   3   6   17
216   4   1   5
216   4   2   31
216   4   3   36
216   4   4   26
216   4   5   21
216   4   6   12
217   1   1   16
217   1   2   19
217   1   3   20
217   1   4   18
217   2   1   9
217   2   2   15
217   2   3   14
217   2   4   13
217   2   5   12
217   2   6   10
217   3   1   14
217   3   2   26
217   3   3   15
217   3   4   18
217   4   1   5
217   4   2   12
217   4   3   18
217   4   4   21
217   4   5   17
218   1   1   18
218   1   2   23
218   1   3   30
218   1   4   38
218   1   5   43
218   1   6   36
218   1   7   32
218   1   8   9
218   2   1   28
218   2   2   40
218   2   3   45
218   2   4   49
218   2   5   41
218   2   6   26
218   3   1   8
218   3   2   25
218   3   3   39
218   3   4   48
218   3   5   39
218   3   6   33
218   3   7   21
218   3   8   16
218   4   1   5
218   4   2   24
218   4   3   42
218   4   4   50
218   4   5   41
218   4   6   32
218   4   7   26
218   4   8   9
219   1   1   11
219   1   2   15
219   1   3   16
219   1   4   10
219   2   1   9
219   2   2   17
219   2   3   16
219   2   4   10
219   3   1   7
219   3   2   20
219   3   3   17
219   3   4   8
219   4   1   6
219   4   2   7
219   4   3   13
219   4   4   12
219   4   5   9
219   4   6   5
220   1   1   5
220   1   2   17
220   1   3   22
220   1   4   24
220   1   5   22
220   2   1   25
220   2   2   24
220   2   3   18
220   2   4   14
220   2   5   9
220   3   1   22
220   3   2   27
220   3   3   21
220   3   4   15
220   3   5   5
220   4   1   6
220   4   2   17
220   4   3   23
220   4   4   21
220   4   5   16
220   4   6   7
221   1   1   8
221   1   2   19
221   1   3   33
221   1   4   30
221   1   5   18
221   1   6   9
221   2   1   16
221   2   2   22
221   2   3   19
221   2   4   24
221   2   5   21
221   2   6   11
221   2   7   4
221   3   1   12
221   3   2   17
221   3   3   27
221   3   4   30
221   3   5   25
221   3   6   6
221   4   1   11
221   4   2   17
221   4   3   28
221   4   4   32
221   4   5   22
221   4   6   7
222   1   1   10
222   1   2   9
222   1   3   11
222   1   4   11
222   2   1   7
222   2   2   15
222   2   3   12
222   2   4   7
222   3   1   7
222   3   2   15
222   3   3   12
222   3   4   7
222   4   1   6
222   4   2   15
222   4   3   11
222   4   4   9
223   1   1   14
223   1   2   13
223   1   3   15
223   1   4   12
223   2   1   10
223   2   2   19
223   2   3   13
223   2   4   12
223   3   1   13
223   3   2   14
223   3   3   15
223   3   4   8
223   3   5   4
223   4   1   14
223   4   2   13
223   4   3   13
223   4   4   14
224   1   1   19
224   1   2   24
224   1   3   18
224   1   4   13
224   1   5   5
224   2   1   5
224   2   2   14
224   2   3   19
224   2   4   22
224   2   5   19
224   3   1   20
224   3   2   17
224   3   3   18
224   3   4   15
224   3   5   9
224   4   1   5
224   4   2   14
224   4   3   23
224   4   4   18
224   4   5   10
224   4   6   9
225   1   1   7
225   1   2   28
225   1   3   35
225   1   4   28
225   1   5   20
225   1   6   13
225   2   1   5
225   2   2   11
225   2   3   20
225   2   4   29
225   2   5   26
225   2   6   25
225   2   7   15
225   3   1   8
225   3   2   12
225   3   3   18
225   3   4   25
225   3   5   24
225   3   6   27
225   3   7   17
225   4   1   8
225   4   2   29
225   4   3   28
225   4   4   31
225   4   5   25
225   4   6   10
226   1   1   6
226   1   2   22
226   1   3   29
226   1   4   36
226   1   5   36
226   1   6   30
226   1   7   19
226   1   8   8
226   2   1   9
226   2   2   16
226   2   3   27
226   2   4   36
226   2   5   43
226   2   6   31
226   2   7   18
226   2   8   6
226   3   1   10
226   3   2   16
226   3   3   27
226   3   4   32
226   3   5   43
226   3   6   35
226   3   7   23
226   4   1   6
226   4   2   16
226   4   3   29
226   4   4   38
226   4   5   41
226   4   6   38
226   4   7   18
227   1   1   10
227   1   2   22
227   1   3   27
227   1   4   30
227   1   5   22
227   1   6   9
227   2   1   6
227   2   2   14
227   2   3   22
227   2   4   26
227   2   5   27
227   2   6   17
227   2   7   8
227   3   1   13
227   3   2   21
227   3   3   21
227   3   4   30
227   3   5   24
227   3   6   11
227   4   1   9
227   4   2   19
227   4   3   30
227   4   4   34
227   4   5   23
227   4   6   5
228   1   1   8
228   1   2   14
228   1   3   24
228   1   4   26
228   1   5   24
228   2   1   9
228   2   2   18
228   2   3   21
228   2   4   22
228   2   5   14
228   2   6   12
228   3   1   25
228   3   2   24
228   3   3   22
228   3   4   18
228   3   5   7
228   4   1   6
228   4   2   20
228   4   3   22
228   4   4   22
228   4   5   20
228   4   6   6
229   1   1   12
229   1   2   13
229   2   1   5
229   2   2   8
229   2   3   6
229   2   4   6
229   3   1   5
229   3   2   8
229   3   3   8
229   3   4   4
229   4   1   16
229   4   2   8
229   4   3   1
230   1   1   7
230   1   2   18
230   1   3   15
230   1   4   24
230   1   5   32
230   1   6   20
230   1   7   23
230   2   1   18
230   2   2   26
230   2   3   27
230   2   4   27
230   2   5   22
230   2   6   14
230   2   7   5
230   3   1   10
230   3   2   19
230   3   3   41
230   3   4   36
230   3   5   27
230   3   6   6
230   4   1   13
230   4   2   28
230   4   3   27
230   4   4   34
230   4   5   22
230   4   6   15
231   1   1   7
231   1   2   22
231   1   3   31
231   1   4   30
231   1   5   21
231   1   6   6
231   2   1   17
231   2   2   19
231   2   3   21
231   2   4   22
231   2   5   22
231   2   6   16
231   3   1   7
231   3   2   23
231   3   3   30
231   3   4   27
231   3   5   21
231   3   6   9
231   4   1   12
231   4   2   20
231   4   3   26
231   4   4   23
231   4   5   24
231   4   6   12
232   1   1   5
232   1   2   18
232   1   3   19
232   1   4   22
232   1   5   18
232   2   1   17
232   2   2   28
232   2   3   21
232   2   4   9
232   2   5   7
232   3   1   19
232   3   2   23
232   3   3   19
232   3   4   21
232   4   1   6
232   4   2   17
232   4   3   20
232   4   4   18
232   4   5   12
232   4   6   9
233   1   1   15
233   1   2   15
233   1   3   21
233   1   4   24
233   1   5   24
233   1   6   10
233   2   1   12
233   2   2   17
233   2   3   25
233   2   4   25
233   2   5   20
233   2   6   10
233   3   1   6
233   3   2   14
233   3   3   18
233   3   4   21
233   3   5   15
233   3   6   12
233   3   7   14
233   3   8   9
233   4   1   17
233   4   2   45
233   4   3   30
233   4   4   17
234   1   1   13
234   1   2   15
234   2   1   5
234   2   2   10
234   2   3   7
234   2   4   6
234   3   1   15
234   3   2   7
234   3   3   6
234   4   1   13
234   4   2   8
234   4   3   7
235   1   1   10
235   1   2   11
235   1   3   14
235   1   4   9
235   2   1   6
235   2   2   15
235   2   3   15
235   2   4   8
235   3   1   8
235   3   2   14
235   3   3   14
235   3   4   8
235   4   1   8
235   4   2   13
235   4   3   15
235   4   4   8
236   1   1   18
236   1   2   16
236   1   3   17
236   1   4   14
236   1   5   5
236   2   1   16
236   2   2   20
236   2   3   18
236   2   4   16
236   3   1   18
236   3   2   19
236   3   3   17
236   3   4   9
236   3   5   7
236   4   1   14
236   4   2   24
236   4   3   17
236   4   4   10
236   4   5   5
237   1   1   6
237   1   2   20
237   1   3   29
237   1   4   29
237   1   5   16
237   1   6   9
237   2   1   12
237   2   2   14
237   2   3   25
237   2   4   26
237   2   5   24
237   2   6   8
237   3   1   10
237   3   2   17
237   3   3   28
237   3   4   26
237   3   5   18
237   3   6   10
237   4   1   10
237   4   2   19
237   4   3   27
237   4   4   23
237   4   5   19
237   4   6   11
238   1   1   10
238   1   2   24
238   1   3   34
238   1   4   34
238   1   5   21
238   1   6   11
238   2   1   11
238   2   2   23
238   2   3   31
238   2   4   36
238   2   5   23
238   2   6   10
238   3   1   14
238   3   2   21
238   3   3   32
238   3   4   32
238   3   5   21
238   3   6   14
238   4   1   6
238   4   2   12
238   4   3   19
238   4   4   27
238   4   5   30
238   4   6   24
238   4   7   16
239   1   1   15
239   1   2   26
239   1   3   29
239   1   4   26
239   1   5   21
239   1   6   11
239   1   7   6
239   2   1   11
239   2   2   24
239   2   3   32
239   2   4   33
239   2   5   22
239   2   6   12
239   3   1   17
239   3   2   22
239   3   3   27
239   3   4   28
239   3   5   25
239   3   6   15
239   4   1   13
239   4   2   22
239   4   3   31
239   4   4   33
239   4   5   21
239   4   6   14
240   1   1   26
240   1   2   17
240   1   3   29
240   1   4   20
240   2   1   7
240   2   2   15
240   2   3   24
240   2   4   24
240   2   5   14
240   2   6   8
240   3   1   22
240   3   2   22
240   3   3   27
240   3   4   16
240   3   5   5
240   4   1   9
240   4   2   15
240   4   3   22
240   4   4   21
240   4   5   16
240   4   6   9
241   1   1   10
241   1   2   12
241   1   3   14
241   1   4   10
241   2   1   7
241   2   2   18
241   2   3   14
241   2   4   7
241   3   1   5
241   3   2   18
241   3   3   17
241   3   4   6
241   4   1   14
241   4   2   10
241   4   3   9
241   4   4   13
242   1   1   19
242   1   2   21
242   1   3   29
242   1   4   28
242   1   5   28
242   1   6   15
242   2   1   6
242   2   2   31
242   2   3   34
242   2   4   34
242   2   5   22
242   2   6   13
242   3   1   18
242   3   2   22
242   3   3   33
242   3   4   29
242   3   5   22
242   3   6   9
242   3   7   7
242   4   1   18
242   4   2   27
242   4   3   30
242   4   4   24
242   4   5   20
242   4   6   13
242   4   7   8
243   1   1   8
243   1   2   21
243   1   3   20
243   1   4   8
243   2   1   13
243   2   2   14
243   2   3   17
243   2   4   13
243   3   1   15
243   3   2   13
243   3   3   15
243   3   4   14
243   4   1   14
243   4   2   14
243   4   3   16
243   4   4   13
244   1   1   14
244   1   2   6
244   1   3   4
244   2   1   13
244   2   2   11
244   3   1   3
244   3   2   10
244   3   3   11
244   4   1   3
244   4   2   3
244   4   3   6
244   4   4   6
244   4   5   6
