# object 1 are the regular positions. The grid is 29 29 29. The origin is
# at [0 0 0], and the deltas are 1 in the first and third dimensions, and
# 2 in the second dimension
#
object 1 class gridpositions counts 29 29 29
origin 0 0 0
delta  1 0 0
delta  0 1 0
delta  0 0 1
#
# object 2 are the regular connections
#
object 2 class gridconnections counts 29 29 29
#
# object 3 are the data, which are in a one-to-one correspondence with
# the positions ("dep" on positions). The positions increment in the order
# "last index varies fastest", i.e. (x0, y0, z0), (x0, y0, z1), (x0, y0, z2),
# (x0, y1, z0), etc.
#
object 3 class array type int rank 0 items 24389 data follows
2 2 32 32 63 63 63 60 60 60 60 144 144 144 38 38 38 38 38 138 138 138 46 46 46 2 2 2 2 
32 32 32 32 194 63 63 63 60 60 60 6 162 162 38 38 38 38 38 38 138 138 201 201 201 2 2 2 2 
32 32 32 32 194 194 63 63 60 60 6 162 162 162 162 162 38 38 222 222 222 222 201 201 201 201 2 2 32 
32 32 32 32 194 194 194 63 60 202 6 162 162 162 162 162 7 7 222 222 222 222 201 201 201 94 94 32 32 
32 32 32 32 194 194 194 202 202 202 202 162 162 162 162 162 7 7 222 222 222 222 201 94 94 94 94 94 32 
100 100 100 100 194 194 194 202 202 202 202 202 162 162 162 16 16 16 222 222 222 68 68 94 94 94 94 94 32 
100 100 100 135 135 135 135 202 202 202 202 202 151 151 16 16 16 16 16 222 68 68 68 68 94 94 94 94 94 
100 100 100 135 135 135 135 135 202 202 202 202 151 151 16 16 16 16 16 68 68 68 68 68 150 150 150 150 150 
100 100 100 135 135 135 135 135 202 202 202 151 151 151 16 16 16 16 16 68 68 68 68 68 150 150 150 150 150 
41 100 41 135 135 112 112 112 112 48 48 151 151 151 16 16 16 16 120 120 68 68 68 150 150 150 150 150 150 
41 41 41 112 112 112 112 112 112 48 110 122 122 122 122 122 120 120 120 120 104 104 104 154 150 150 150 150 150 
41 41 41 112 112 112 112 112 112 66 110 122 122 122 122 122 120 120 120 120 104 104 104 154 154 154 154 154 41 
41 41 41 41 112 112 112 112 66 66 66 122 122 122 122 120 120 120 120 120 104 104 104 154 154 154 154 154 41 
41 41 41 41 112 112 112 112 66 66 66 66 122 122 122 120 120 120 120 120 120 109 109 154 154 154 154 41 41 
41 41 41 41 41 112 112 28 28 28 66 66 122 122 120 120 120 120 120 120 109 109 109 109 154 34 34 34 41 
41 41 41 41 41 41 28 28 28 28 28 28 28 122 120 120 120 120 120 120 109 109 109 109 34 34 34 34 34 
34 34 34 41 41 47 28 28 28 28 28 28 28 28 120 120 120 120 120 111 109 109 109 109 34 34 34 34 34 
34 34 34 34 47 47 47 28 28 28 28 28 28 28 45 45 45 45 111 111 111 109 109 34 34 34 34 34 34 
34 34 34 34 47 47 47 28 28 28 28 28 28 45 45 45 45 45 111 111 23 23 23 23 34 34 34 34 34 
34 34 34 34 47 47 28 28 28 28 28 28 28 45 45 45 45 45 45 111 23 23 23 23 34 34 34 34 34 
34 34 34 93 30 47 28 28 28 28 28 28 97 45 45 45 45 45 39 23 23 23 23 23 124 34 34 34 34 
34 93 93 93 30 116 116 55 55 55 55 55 97 65 65 65 21 21 21 21 23 23 23 124 124 124 124 124 34 
93 93 93 93 30 30 30 55 55 55 55 55 97 65 65 65 21 21 21 148 148 148 124 124 124 124 124 124 124 
93 93 93 93 30 30 30 55 55 55 55 55 55 65 65 21 21 21 21 148 148 148 124 124 124 124 124 124 124 
93 93 93 93 93 30 30 55 55 55 55 55 55 65 65 21 21 21 21 148 148 148 124 124 124 124 124 124 93 
93 93 93 93 93 93 157 55 55 55 55 55 55 65 38 38 21 21 21 138 138 138 138 124 124 124 124 124 93 
93 93 93 93 93 93 157 60 55 55 55 55 38 38 38 38 38 38 138 138 138 138 138 46 124 124 124 93 93 
93 93 93 93 93 60 60 60 60 60 60 60 38 38 38 38 38 38 138 138 138 138 138 46 46 46 2 2 2 
2 2 2 2 2 60 60 60 60 60 60 60 144 38 38 38 38 38 138 138 138 138 138 46 46 2 2 2 2 
2 2 32 32 194 63 63 63 60 60 60 144 144 144 38 38 38 38 38 138 138 46 46 46 46 46 2 2 2 
32 32 32 32 194 63 63 63 63 60 60 144 144 144 38 38 38 38 38 38 38 46 46 46 46 46 2 2 2 
32 32 32 32 194 194 63 63 63 60 60 162 162 162 162 38 38 38 38 38 222 222 201 201 201 201 2 2 32 
32 32 32 194 194 194 194 63 63 202 202 162 162 162 162 162 38 38 38 222 222 222 201 201 201 94 94 32 32 
32 32 32 194 194 194 194 202 202 202 202 162 162 162 162 162 162 38 222 222 222 222 201 94 94 94 94 94 32 
32 32 32 135 135 194 135 202 202 202 202 202 162 162 162 16 16 16 222 222 222 68 68 94 94 94 94 94 32 
100 100 135 135 135 135 135 202 202 202 202 202 202 16 16 16 16 16 16 222 68 68 68 68 68 94 94 94 94 
100 100 135 135 135 135 135 135 202 202 202 202 151 16 16 16 16 16 16 16 68 68 68 68 150 150 150 150 150 
100 100 135 135 135 135 135 135 135 48 202 202 151 16 16 16 16 16 16 68 68 68 68 150 150 150 150 150 150 
41 41 135 135 135 112 112 135 48 48 48 110 110 16 16 16 16 16 120 120 104 104 68 150 150 150 150 150 150 
41 41 41 112 112 112 112 112 112 48 110 110 110 122 122 120 120 120 120 120 104 104 104 150 150 150 150 150 150 
41 41 41 112 112 112 112 112 112 110 110 110 122 122 122 120 120 120 120 120 104 104 104 104 150 150 150 150 41 
41 41 41 41 112 112 112 112 112 110 110 110 122 122 122 120 120 120 120 120 104 104 104 104 154 154 154 41 41 
41 41 41 41 112 112 112 112 112 66 110 110 122 122 122 120 120 120 120 120 120 109 109 109 154 154 88 41 41 
41 41 41 41 41 112 112 28 28 28 28 28 122 122 120 120 120 120 120 120 109 109 109 109 109 88 88 88 41 
41 41 41 41 41 47 47 28 28 28 28 28 28 120 120 120 120 120 120 120 109 109 109 109 34 34 34 34 34 
34 34 34 41 47 47 47 28 28 28 28 28 28 28 15 15 15 15 15 15 109 109 109 109 34 34 34 34 34 
34 34 34 47 47 47 47 28 28 28 28 28 28 45 45 45 45 15 15 15 109 109 109 109 34 34 34 34 34 
34 34 34 47 47 47 47 28 28 28 28 28 28 45 45 45 45 39 39 39 109 109 109 34 34 34 34 34 34 
34 34 34 34 47 47 47 28 28 28 28 28 28 45 45 45 45 39 39 39 23 23 23 34 34 34 34 34 34 
34 34 34 34 47 47 47 28 28 28 28 28 97 97 45 45 45 39 39 39 23 23 23 23 34 34 34 34 34 
34 93 147 147 116 116 116 55 55 55 55 55 97 97 97 45 21 21 21 21 21 23 23 124 124 124 124 124 34 
93 93 93 93 116 116 116 55 55 55 55 55 97 97 97 21 21 21 21 21 21 21 124 124 124 124 124 124 124 
93 93 93 93 93 116 116 55 55 55 55 55 55 97 97 21 21 21 21 21 21 21 124 124 124 124 124 124 93 
93 93 93 93 93 157 157 55 55 55 55 55 55 65 65 21 21 21 21 21 21 21 124 124 124 124 124 124 93 
93 93 93 93 93 157 157 157 55 55 55 55 55 38 38 38 21 21 21 138 138 138 46 46 124 124 124 93 93 
93 93 93 93 93 157 157 60 55 55 55 55 38 38 38 38 38 38 138 138 138 138 46 46 46 46 124 93 93 
93 93 93 93 157 157 63 60 60 60 60 144 38 38 38 38 38 38 138 138 138 138 46 46 46 46 46 2 93 
2 2 2 2 157 63 63 60 60 60 60 144 144 38 38 38 38 38 138 138 138 138 46 46 46 46 2 2 2 
2 32 32 32 63 63 63 63 60 60 60 144 144 144 38 38 38 38 38 38 138 46 46 46 46 46 2 2 2 
32 32 32 32 194 194 63 63 63 60 144 144 144 144 144 38 38 38 38 38 38 46 46 46 46 46 2 2 2 
32 32 32 32 194 194 194 63 63 60 144 144 144 144 144 38 38 38 38 38 38 46 46 46 46 46 2 2 2 
32 32 32 194 194 194 194 63 202 202 202 144 162 162 162 38 38 38 38 38 222 222 201 46 201 94 94 32 32 
32 32 32 194 194 194 194 202 202 202 202 162 162 162 162 162 162 38 38 222 222 80 80 80 94 94 94 94 32 
32 32 135 135 135 135 135 202 202 202 202 202 162 162 162 16 16 16 16 222 222 80 80 80 80 80 94 204 107 
100 135 135 135 135 135 135 135 202 202 202 202 202 16 16 16 16 16 16 16 80 80 80 80 80 80 150 204 204 
204 135 135 135 135 135 135 135 135 202 202 202 16 16 16 16 16 16 16 16 80 80 80 80 150 150 150 150 204 
135 135 135 135 135 135 135 135 48 48 48 48 110 16 16 16 16 16 16 16 156 68 80 150 150 150 150 150 150 
41 135 135 135 135 135 135 135 48 48 48 110 110 110 16 16 16 16 120 120 156 104 68 150 150 150 150 150 150 
41 41 41 112 112 112 112 112 48 48 110 110 110 110 122 120 120 120 120 120 104 104 104 150 150 150 150 150 150 
41 41 41 112 112 112 112 112 112 110 110 110 110 110 122 120 120 120 120 120 104 104 104 104 150 150 150 150 41 
41 41 41 41 112 112 112 112 110 110 110 110 110 122 120 120 120 120 120 120 104 104 104 104 150 150 150 88 41 
41 41 41 41 112 112 112 112 110 110 110 110 110 122 120 120 120 120 120 120 120 109 109 109 88 88 88 88 41 
41 41 41 41 41 112 47 47 28 28 28 110 110 120 120 120 120 120 120 120 109 109 109 109 88 88 88 88 88 
88 41 41 41 41 47 47 47 28 28 28 28 28 15 15 15 15 15 15 15 109 109 109 109 34 88 88 88 88 
34 34 34 47 47 47 47 47 28 28 28 28 28 15 15 15 15 15 15 15 109 109 109 109 34 34 88 88 34 
34 34 34 47 47 47 47 47 28 28 28 28 28 45 45 15 15 15 15 15 109 109 109 34 34 34 34 34 34 
34 34 34 47 47 47 47 47 28 28 28 28 28 45 45 45 39 39 39 39 39 109 109 34 34 34 34 34 34 
34 34 34 47 47 47 47 47 28 28 28 28 97 97 45 45 39 39 39 39 39 39 23 34 34 34 34 34 34 
34 34 147 147 47 47 47 47 47 28 28 97 97 97 97 45 39 39 39 39 39 39 23 160 160 160 34 34 34 
93 93 147 147 116 116 116 116 55 55 55 97 97 97 97 97 39 39 39 39 39 39 160 160 160 160 160 160 34 
93 93 93 147 116 116 116 116 55 55 55 97 97 97 97 21 21 21 21 21 21 21 124 124 124 124 124 124 124 
93 93 93 93 116 116 116 116 55 55 55 55 97 97 97 21 21 21 21 21 21 21 124 124 124 124 124 124 93 
93 93 93 93 157 157 157 157 55 55 55 55 55 97 38 21 21 21 21 21 21 46 46 124 124 124 124 124 93 
93 93 93 93 157 157 157 157 55 55 55 55 38 38 38 38 38 21 21 138 138 46 46 46 46 124 124 93 93 
93 93 93 93 157 157 157 157 145 145 145 145 38 38 38 38 38 38 138 138 138 46 46 46 46 46 46 93 93 
93 93 93 93 157 157 157 145 145 145 145 145 144 38 38 38 38 38 138 138 138 46 46 46 46 46 46 93 93 
2 2 93 93 157 63 63 63 145 145 145 144 144 144 38 38 38 38 38 138 138 46 46 46 46 46 46 2 2 
2 32 32 234 63 63 63 63 145 145 144 144 144 144 144 38 38 38 38 38 38 46 46 46 46 46 46 2 2 
32 32 32 32 194 194 63 63 213 213 213 144 144 144 144 38 38 38 38 38 38 46 46 46 46 46 46 2 2 
32 32 32 32 194 194 194 63 213 213 213 144 144 144 144 38 38 38 38 38 38 46 46 46 46 46 46 2 2 
32 32 32 194 194 194 194 63 213 213 144 144 144 144 144 144 38 38 38 38 38 197 46 46 46 46 46 204 32 
107 107 32 14 14 14 14 14 202 202 202 144 144 144 144 144 144 38 38 220 220 80 80 80 80 80 204 204 107 
107 107 107 135 135 135 135 135 202 202 202 202 144 144 144 16 16 16 220 220 80 80 80 80 80 80 204 204 107 
107 107 135 135 135 135 135 135 135 202 202 202 202 16 16 16 16 16 16 220 80 80 80 80 80 80 204 204 204 
204 107 135 135 135 135 135 135 135 48 202 202 16 16 16 16 16 16 16 49 80 80 80 80 80 80 204 204 204 
204 135 135 135 135 135 135 135 48 48 48 48 110 16 16 22 22 22 49 156 156 80 80 80 80 150 150 204 204 
204 135 135 135 135 135 135 135 48 48 48 110 110 110 22 22 22 22 49 156 156 156 156 80 150 150 150 150 150 
41 41 41 135 135 135 135 135 48 48 110 110 110 110 22 22 22 22 120 156 156 156 156 156 150 150 150 150 150 
41 41 41 112 112 112 112 112 48 110 110 110 110 110 22 120 120 120 120 156 156 156 156 156 150 150 150 150 41 
41 41 41 41 112 112 112 112 110 110 110 110 110 110 120 120 120 120 120 120 156 156 156 156 156 150 88 88 41 
41 41 41 41 112 112 73 73 110 110 110 110 110 110 120 120 120 120 120 120 156 156 156 156 156 88 88 88 88 
88 41 41 41 41 73 47 47 47 28 110 110 110 15 15 15 15 15 15 15 15 109 109 109 88 88 88 88 88 
88 41 41 41 47 47 47 47 47 28 28 28 28 15 15 15 15 15 15 15 15 109 109 109 88 88 88 88 88 
88 88 88 47 47 47 47 47 47 28 28 28 28 15 15 15 15 15 15 15 15 109 109 88 88 88 88 88 88 
88 34 34 47 47 47 47 47 47 28 28 28 28 15 15 15 15 15 39 15 15 109 109 34 34 88 88 88 88 
34 34 34 47 47 47 47 47 47 47 28 28 97 97 45 39 39 39 39 39 39 109 182 182 153 34 34 34 34 
34 34 34 47 47 47 47 47 47 47 28 97 97 97 97 39 39 39 39 39 39 182 182 153 153 153 34 34 34 
34 147 147 147 47 47 47 47 47 47 123 97 97 97 97 39 39 39 39 39 39 182 182 160 160 160 160 160 34 
147 147 147 147 116 116 116 116 116 55 55 97 97 97 97 97 39 39 39 39 178 178 160 160 160 160 160 160 160 
93 147 147 147 116 116 116 116 116 55 55 97 97 97 97 97 21 21 21 178 178 178 160 160 160 160 160 160 160 
93 93 147 147 116 116 116 116 116 55 55 183 97 97 97 21 21 21 21 178 178 178 46 160 160 160 160 160 93 
93 93 93 147 116 157 157 157 116 55 55 183 183 97 97 21 21 21 21 178 178 46 46 46 124 124 124 124 93 
93 93 93 157 157 157 157 157 145 145 145 183 38 38 38 38 38 38 21 178 138 46 46 46 46 228 124 93 93 
93 93 93 157 157 157 157 157 145 145 145 145 38 38 38 38 38 38 38 138 138 46 46 46 46 46 46 93 93 
93 93 93 157 157 157 157 145 145 145 145 145 144 38 38 38 38 38 38 138 138 46 46 46 46 46 46 93 93 
2 2 93 157 157 157 63 145 145 145 145 144 144 144 38 38 38 38 38 138 138 46 46 46 46 46 46 2 2 
234 234 234 234 113 113 113 113 213 213 213 144 144 144 144 38 38 38 38 38 46 46 46 46 46 46 46 234 234 
234 234 234 234 113 113 113 113 213 213 213 144 144 144 144 38 38 38 38 38 38 46 46 46 46 46 46 234 234 
234 234 234 234 14 194 113 213 213 213 213 144 144 144 144 144 38 38 38 38 38 197 197 197 197 197 197 234 234 
107 107 107 107 14 14 14 213 213 213 213 144 144 144 144 144 38 38 38 38 220 197 197 197 197 197 197 204 107 
107 107 107 14 14 14 14 14 14 213 213 144 144 144 144 144 38 38 220 220 220 80 197 197 197 80 204 204 107 
107 107 107 14 14 14 14 14 14 202 202 144 144 144 144 144 16 220 220 220 220 80 80 80 80 80 204 204 107 
107 107 107 135 135 135 135 135 135 135 202 202 144 16 16 16 16 16 220 220 80 80 80 80 80 80 204 204 204 
204 107 107 135 135 135 135 135 135 48 48 48 110 22 22 22 22 22 49 49 80 80 80 80 80 80 204 204 204 
204 107 107 135 135 135 135 135 48 48 48 48 110 22 22 22 22 22 49 49 80 80 80 80 80 80 204 204 204 
204 107 87 87 87 87 87 87 48 48 48 110 110 22 22 22 22 22 49 156 156 156 156 80 80 80 204 204 204 
41 87 87 87 87 87 87 87 48 48 110 110 110 110 22 22 22 22 156 156 156 156 156 156 156 156 150 204 204 
41 41 41 87 87 87 87 87 48 110 110 110 110 110 22 22 51 51 51 156 156 156 156 156 156 156 52 52 52 
41 41 41 20 73 73 73 73 110 110 110 110 110 110 110 51 51 51 51 156 156 156 156 156 156 156 52 52 52 
41 41 41 20 73 73 73 73 73 110 110 110 110 110 120 51 51 51 51 156 156 156 156 156 156 88 88 88 88 
88 88 41 20 73 73 73 73 47 47 110 110 110 15 15 15 15 15 15 15 15 156 156 156 88 88 88 88 88 
88 88 41 20 47 47 47 47 47 47 47 152 152 15 15 15 15 15 15 15 15 15 156 156 88 88 88 88 88 
88 88 88 47 47 47 47 47 47 47 47 152 152 152 15 15 15 15 15 15 15 109 109 182 88 88 88 88 88 
88 88 88 47 47 47 47 47 47 47 47 152 152 152 15 15 15 15 39 39 39 182 182 182 153 88 88 88 88 
88 88 88 47 47 47 47 47 47 47 47 152 152 133 133 39 39 39 39 39 39 182 182 182 153 153 153 88 88 
88 88 50 50 47 47 47 47 47 47 123 123 133 133 133 39 39 39 39 39 39 182 182 153 153 153 153 153 34 
147 147 147 147 47 47 47 47 47 123 123 97 97 133 97 39 39 39 39 39 39 182 182 160 160 160 160 160 34 
147 147 147 147 116 116 116 116 123 123 123 97 97 97 97 97 39 39 39 178 178 178 160 160 160 160 160 160 160 
147 147 147 147 116 116 116 116 116 123 183 183 97 97 97 97 39 39 178 178 178 178 160 160 160 160 160 160 160 
93 147 147 147 116 116 116 116 116 183 183 183 183 97 97 97 21 178 178 178 178 178 160 160 160 160 160 160 160 
93 147 147 147 116 116 116 116 116 183 183 183 183 183 97 56 21 178 178 178 178 178 46 46 228 228 228 160 160 
93 147 147 147 157 157 157 116 116 145 145 183 183 56 56 56 38 38 178 178 178 46 46 46 228 228 228 228 228 
93 147 147 157 157 157 157 157 145 145 145 145 38 56 56 56 56 38 38 38 138 46 46 46 46 228 228 228 93 
93 234 234 157 157 157 157 145 145 145 145 145 144 56 56 56 56 38 38 38 138 46 46 46 46 46 228 228 93 
234 234 234 157 157 157 113 113 145 145 213 144 144 144 38 38 38 38 38 38 138 46 46 46 46 46 46 46 2 
234 234 234 234 113 113 113 113 213 213 213 213 144 144 144 56 56 38 38 38 46 46 46 46 46 46 234 234 234 
234 234 234 234 113 113 113 113 213 213 213 213 144 144 144 144 38 38 38 38 38 46 218 218 218 218 234 234 234 
234 234 234 234 234 113 113 113 213 213 213 144 144 144 144 144 38 38 38 38 220 197 197 197 197 197 197 234 234 
107 107 107 107 14 14 14 113 213 213 213 144 144 144 144 144 38 38 220 220 220 197 197 197 197 197 197 107 107 
107 107 107 107 14 14 14 14 14 213 213 144 144 144 144 144 38 220 220 220 220 197 197 197 197 197 204 204 107 
107 107 107 107 14 14 14 14 14 14 213 144 144 144 144 131 131 220 220 220 220 80 80 80 80 80 204 204 107 
107 107 107 107 14 14 14 14 14 14 202 202 144 22 22 22 22 220 220 220 220 80 80 80 80 80 204 204 204 
107 107 107 135 135 135 135 135 135 48 48 48 22 22 22 22 22 22 49 49 80 80 80 80 80 80 204 204 204 
204 107 107 87 87 87 87 87 87 48 48 48 22 22 22 22 22 22 49 49 49 80 80 80 80 80 204 204 204 
204 107 107 87 87 87 87 87 48 48 48 110 110 22 22 22 22 22 49 49 156 156 156 80 80 80 204 204 204 
52 107 87 87 87 87 87 87 87 48 110 110 110 22 22 22 22 22 49 156 156 156 156 156 156 156 204 204 204 
52 20 20 87 87 87 87 87 87 110 110 110 110 110 22 22 51 51 51 156 156 156 156 156 156 52 52 52 52 
52 20 20 20 73 73 73 73 73 110 110 110 110 110 22 51 51 51 51 156 156 156 156 156 156 52 52 52 52 
52 20 20 20 73 73 73 73 73 110 110 110 110 69 51 51 51 51 51 51 156 156 156 156 156 52 52 52 52 
52 52 20 20 73 73 73 73 73 73 110 110 110 69 51 51 51 51 51 51 156 156 156 156 52 52 52 52 52 
88 88 20 20 73 73 47 47 47 47 152 152 152 152 15 15 15 15 15 15 15 156 156 156 88 88 88 88 88 
88 88 20 20 47 47 47 47 47 47 47 152 152 152 152 15 15 15 15 15 15 182 182 182 182 88 88 88 88 
88 88 50 50 47 47 47 47 47 47 47 152 152 152 152 15 15 15 15 15 182 182 182 182 182 153 88 88 88 
88 50 50 50 47 47 47 47 47 47 47 152 152 152 152 39 39 39 39 39 182 182 182 182 153 153 153 88 88 
88 50 50 50 47 47 47 47 47 123 123 123 133 133 133 133 39 39 39 39 182 182 182 182 153 153 153 153 153 
50 50 147 147 47 47 47 47 123 123 123 123 133 133 133 133 39 39 39 39 182 182 182 182 153 153 160 160 160 
147 147 147 147 116 116 116 116 123 123 123 123 133 133 133 133 39 39 178 178 178 182 182 160 160 160 160 160 160 
147 147 147 147 116 116 116 116 123 123 183 183 183 133 133 133 133 178 178 178 178 178 160 160 160 160 160 160 160 
147 147 147 147 116 116 116 116 123 123 183 183 183 133 133 133 178 178 178 178 178 178 160 160 160 160 160 160 160 
147 147 147 147 116 116 116 116 116 183 183 183 183 183 183 56 56 178 178 178 178 178 178 160 228 228 228 228 228 
147 147 147 147 116 116 116 116 116 183 183 183 183 56 56 56 56 56 178 178 137 137 46 228 228 228 228 228 228 
147 147 147 147 116 157 157 116 145 145 183 183 56 56 56 56 56 56 137 137 137 46 46 46 228 228 228 228 228 
234 234 234 147 116 157 113 113 145 145 145 213 56 56 56 56 56 56 56 137 137 46 46 46 46 228 228 228 228 
234 234 234 234 234 113 113 113 113 213 213 213 144 56 56 56 56 56 56 137 137 46 46 46 46 46 228 228 234 
234 234 234 234 113 113 113 113 113 213 213 213 144 144 56 56 56 56 56 218 218 218 218 218 218 218 218 234 234 
234 234 234 234 113 113 113 113 113 213 213 213 144 144 144 144 56 38 38 220 218 218 218 218 218 218 234 234 234 
234 234 234 234 234 113 113 113 113 213 213 213 144 144 144 144 38 38 220 220 220 197 197 197 197 197 197 234 234 
107 107 107 107 14 14 113 113 113 113 213 144 144 144 144 144 53 220 220 220 220 197 197 197 197 197 197 107 107 
107 107 107 107 14 14 14 14 113 113 213 144 144 144 131 131 131 220 220 220 220 197 197 197 197 197 197 204 107 
107 107 107 107 14 14 14 14 14 14 213 144 144 131 131 131 131 220 220 220 220 220 80 80 80 80 204 204 107 
107 107 107 107 14 14 14 14 14 14 118 118 131 131 131 131 131 220 220 220 220 80 80 80 80 80 204 204 107 
107 107 107 107 14 14 14 14 14 118 118 118 22 22 22 22 22 49 49 49 49 80 80 80 80 80 204 204 204 
107 107 107 87 87 87 87 87 87 48 48 22 22 22 22 22 22 49 49 49 49 49 80 80 80 231 204 204 204 
107 107 107 87 87 87 87 87 87 48 48 110 22 22 22 22 22 49 49 49 49 156 156 80 231 231 231 231 204 
52 20 20 87 87 87 87 87 87 96 110 110 110 22 22 22 22 49 49 49 49 156 156 156 231 231 231 231 52 
52 20 20 20 73 73 73 73 73 96 110 110 110 69 22 22 51 51 49 156 156 156 156 156 156 52 52 52 52 
52 20 20 20 73 73 73 73 73 96 110 110 69 69 69 51 51 51 51 156 156 156 156 156 156 52 52 52 52 
52 20 20 20 73 73 73 73 73 73 110 69 69 69 69 51 51 51 51 51 156 156 156 156 52 52 52 52 52 
52 52 20 20 73 73 73 73 73 152 152 152 69 69 69 51 51 51 51 51 156 156 156 156 52 52 52 52 52 
52 52 20 20 73 73 73 73 47 152 152 152 152 152 152 152 51 51 51 51 156 156 182 182 52 52 52 52 52 
52 52 20 20 73 73 47 47 47 215 215 152 152 152 152 152 15 15 15 15 15 182 182 182 182 88 88 88 88 
88 50 50 50 50 47 47 47 47 215 215 152 152 152 152 152 15 15 15 229 182 182 182 182 182 182 88 88 88 
50 50 50 50 50 47 47 47 47 215 215 152 152 152 152 152 39 39 39 229 182 182 182 182 182 153 153 153 88 
50 50 50 50 50 47 47 47 123 123 123 123 152 133 133 133 39 39 229 229 182 182 182 182 182 153 153 153 153 
50 50 50 50 50 102 102 102 123 123 123 123 133 133 133 133 39 39 39 229 182 182 182 182 182 153 153 160 160 
147 147 147 147 116 116 102 102 123 123 123 123 133 133 133 133 133 39 178 178 178 182 182 182 160 160 160 160 160 
147 147 147 147 116 116 116 102 123 123 123 183 133 133 133 133 133 178 178 178 178 178 182 160 160 160 160 160 160 
147 147 147 147 116 116 116 116 123 123 183 183 183 133 133 133 178 178 178 178 178 178 178 160 160 160 160 160 160 
147 147 147 147 116 116 116 116 123 123 183 183 183 183 133 56 56 178 178 137 137 137 137 160 228 228 228 228 228 
147 147 147 147 116 116 116 116 116 123 183 183 183 56 56 56 56 137 137 137 137 137 137 228 228 228 228 228 228 
234 147 147 147 116 116 116 116 116 123 183 183 183 56 56 56 56 56 137 137 137 137 137 228 228 228 228 228 228 
234 234 234 234 116 116 113 113 113 213 213 213 56 56 56 56 56 56 137 137 137 137 46 46 228 228 228 228 234 
234 234 234 234 234 113 113 113 113 213 213 213 213 56 56 56 56 56 56 137 137 137 46 46 46 228 228 234 234 
234 234 234 234 113 113 113 113 113 113 213 213 144 144 56 56 56 56 56 218 218 218 218 218 218 218 218 234 234 
234 234 234 234 113 113 113 113 113 113 213 213 144 144 53 53 53 53 220 220 218 218 218 218 218 218 218 234 234 
234 234 234 234 234 113 113 113 113 113 113 113 144 53 53 53 53 53 220 220 220 197 197 197 197 197 197 234 234 
234 234 234 234 234 113 113 113 113 113 113 113 131 131 53 53 53 53 220 220 220 197 197 197 197 197 197 234 234 
107 107 107 107 14 14 14 113 113 113 113 131 131 131 131 131 131 220 220 220 220 197 197 197 197 197 197 107 107 
107 107 107 107 14 14 14 14 113 113 113 131 131 131 131 131 131 220 220 220 220 220 197 197 197 197 204 204 107 
107 107 107 107 14 14 14 14 14 118 118 118 131 131 131 131 131 220 220 220 220 220 80 80 80 80 204 204 107 
107 107 107 107 14 14 14 14 118 118 118 118 131 131 131 131 131 49 49 49 49 49 80 80 80 231 231 204 107 
107 107 107 107 87 87 87 87 118 118 118 118 22 184 22 22 49 49 49 49 49 49 80 80 231 231 231 231 231 
107 107 107 87 87 87 87 87 118 118 96 96 96 184 184 184 184 49 49 49 49 49 156 231 231 231 231 231 231 
52 20 20 87 87 87 87 87 96 96 96 96 96 96 184 184 184 49 49 49 49 49 156 156 231 231 231 231 231 
52 20 20 20 73 73 73 73 73 96 96 96 96 69 69 184 184 49 49 49 49 156 156 156 231 231 52 52 52 
52 20 20 20 73 73 73 73 73 96 96 96 69 69 69 69 51 51 51 156 156 156 156 156 52 52 52 52 52 
52 20 20 20 73 73 73 73 73 96 96 69 69 69 69 69 51 51 51 51 156 156 156 156 52 52 52 52 52 
52 20 20 20 73 73 73 73 73 152 152 152 69 69 69 69 51 51 51 51 156 156 156 52 52 52 52 52 52 
52 20 20 20 73 73 73 73 73 152 152 152 152 152 152 152 51 51 51 51 156 156 182 182 52 52 52 52 52 
52 50 20 20 73 73 73 73 215 215 152 152 152 152 152 152 152 15 15 229 229 182 182 182 182 182 52 52 52 
50 50 50 50 50 50 47 47 215 215 215 152 152 152 152 152 152 229 229 229 229 182 182 182 182 182 182 52 52 
50 50 50 50 50 50 47 47 215 215 215 152 152 152 152 152 152 229 229 229 229 182 182 182 182 182 182 182 182 
50 50 50 50 50 50 102 102 123 123 123 123 152 152 152 152 229 229 229 229 229 182 182 182 182 182 153 153 153 
209 50 50 50 50 50 102 102 123 123 123 123 123 133 133 133 229 229 229 229 229 182 182 182 182 182 153 153 209 
209 50 50 50 50 102 102 102 123 123 123 123 123 133 133 133 229 229 229 229 229 182 182 182 182 160 160 160 209 
209 147 147 147 116 116 102 102 123 123 123 123 123 133 133 133 178 178 178 178 178 178 182 182 160 160 160 160 160 
147 147 147 147 116 116 116 116 123 123 123 123 183 133 133 133 137 137 137 137 137 137 182 160 160 160 160 160 160 
147 147 147 147 116 116 116 116 123 123 123 183 183 183 133 240 137 137 137 137 137 137 137 160 160 228 160 160 237 
147 147 147 116 116 116 116 116 123 123 123 183 183 56 26 56 56 137 137 137 137 137 137 228 228 228 228 228 237 
234 234 147 116 116 116 116 113 113 113 123 183 183 26 26 56 56 137 137 137 137 137 137 228 228 228 228 228 237 
234 234 234 234 136 113 113 113 113 113 213 213 26 26 26 26 56 56 137 137 137 137 218 218 218 228 228 234 234 
234 234 234 234 234 113 113 113 113 113 213 213 213 26 26 26 56 56 137 137 137 218 218 218 218 218 218 234 234 
234 234 234 234 113 113 113 113 113 113 113 113 144 26 26 26 26 26 26 218 218 218 218 218 218 218 218 234 234 
234 234 234 234 113 113 113 113 113 113 113 113 53 53 53 53 53 53 53 210 218 218 218 218 218 218 234 234 234 
234 234 234 234 234 113 113 113 113 113 113 113 53 53 53 53 53 53 53 210 210 197 197 197 197 197 197 234 234 
234 234 234 234 234 113 113 113 113 113 113 113 131 131 53 53 53 53 210 210 210 197 197 197 197 197 197 234 234 
107 107 107 107 107 113 113 113 113 113 113 131 131 131 131 131 131 131 210 210 210 210 197 197 197 197 197 107 107 
107 107 107 107 107 14 14 113 113 118 118 131 131 131 131 131 131 131 210 210 210 210 197 197 197 197 197 107 107 
107 107 107 107 107 12 14 12 118 118 118 118 131 131 131 131 131 131 210 210 210 210 210 80 197 80 231 204 107 
107 107 107 107 12 12 12 12 118 118 118 118 119 131 131 131 131 49 49 49 49 49 80 80 231 231 231 231 107 
107 107 107 107 87 12 87 118 118 118 118 118 119 184 184 184 184 49 49 49 49 49 49 231 231 231 231 231 231 
107 107 107 87 87 87 87 87 118 118 96 96 96 184 184 184 184 49 49 49 49 49 49 231 231 231 231 231 231 
52 20 20 20 73 73 73 186 186 96 96 96 96 96 184 184 184 49 49 49 49 49 156 231 231 231 231 231 231 
52 20 20 20 73 73 73 73 73 96 96 96 96 69 69 184 184 49 49 49 49 49 156 156 231 231 52 52 52 
52 20 20 20 73 73 73 73 73 96 96 96 69 69 69 69 69 49 49 49 49 156 156 156 52 52 52 52 52 
52 20 20 20 73 73 73 73 73 96 96 69 69 69 69 69 69 51 51 49 49 156 156 52 52 52 52 52 52 
52 20 20 20 73 73 73 73 73 152 152 152 69 69 69 69 69 51 51 51 51 156 156 52 52 52 52 52 52 
52 20 20 20 73 73 73 73 73 152 152 152 152 152 152 152 152 51 51 51 229 182 182 182 52 52 52 52 52 
52 50 20 20 73 73 73 73 215 215 152 152 152 152 152 152 152 229 229 229 229 182 182 182 182 52 52 52 52 
50 50 50 50 50 50 50 47 215 215 92 152 152 152 152 152 152 229 229 229 229 182 182 182 182 182 182 52 52 
50 50 50 50 50 50 50 47 215 215 92 152 152 152 152 152 152 229 229 229 229 182 182 182 182 182 182 182 209 
209 50 50 50 50 50 102 123 123 123 123 152 152 152 152 152 229 229 229 229 229 182 182 182 182 182 182 182 209 
209 50 50 50 50 50 102 102 123 123 123 123 123 123 152 152 229 229 229 229 229 182 182 182 182 182 182 209 209 
209 209 50 50 50 102 102 102 123 123 123 123 123 123 133 133 229 229 229 229 229 182 182 182 182 182 182 209 209 
209 209 209 50 116 116 102 102 123 123 123 123 123 123 133 240 240 229 229 229 229 182 182 182 182 182 160 209 209 
209 209 209 116 116 116 116 102 123 123 123 123 123 240 240 240 240 137 137 137 137 137 182 182 70 70 70 70 209 
209 147 147 116 116 116 116 116 123 123 123 123 183 240 240 240 240 137 137 137 137 137 137 70 70 70 70 70 237 
237 147 147 116 116 116 116 116 123 123 123 123 183 26 26 26 26 137 137 137 137 137 137 70 70 70 70 70 237 
234 234 147 136 136 136 136 136 136 123 123 26 26 26 26 26 26 26 137 137 137 137 137 70 70 70 70 70 237 
234 234 234 136 136 136 136 113 113 113 113 26 26 26 26 26 26 26 137 137 137 137 218 218 70 70 70 70 234 
234 234 234 234 136 113 113 113 113 113 113 113 26 26 26 26 26 26 26 137 137 137 218 218 218 70 70 234 234 
234 234 234 234 136 136 81 81 81 81 81 172 172 26 26 26 26 26 26 26 218 218 218 218 218 218 234 234 234 
234 234 234 234 136 81 81 81 81 81 81 172 172 53 53 53 53 53 53 210 210 218 218 218 218 218 234 234 234 
234 234 234 234 234 81 81 81 81 81 81 172 53 53 53 53 53 53 53 210 210 197 197 197 197 197 197 234 234 
234 234 234 234 81 81 81 81 81 81 81 131 131 53 53 53 53 53 210 210 210 210 197 197 197 197 197 234 234 
107 107 107 107 107 81 81 81 81 81 118 131 131 131 131 131 131 131 210 210 210 210 197 197 197 197 197 107 107 
107 107 107 107 12 12 12 12 118 118 118 118 131 131 131 131 131 131 210 126 210 210 197 197 197 197 142 107 107 
107 107 107 12 12 12 12 12 118 118 118 118 131 131 131 131 131 131 210 210 210 210 210 91 91 91 91 91 107 
107 107 107 12 12 12 12 12 118 118 118 118 119 131 131 131 131 131 210 210 210 210 210 91 91 91 91 91 107 
107 107 12 12 12 12 12 118 118 118 118 119 119 184 184 184 184 49 49 49 49 49 49 91 231 231 231 91 217 
217 217 12 12 12 12 12 186 118 118 118 119 119 184 184 184 184 184 49 49 49 49 49 91 231 231 231 91 217 
217 217 20 12 73 73 186 186 186 96 96 96 96 96 184 184 184 184 49 49 49 49 49 91 231 231 231 91 217 
52 20 20 20 73 73 73 186 186 96 96 96 96 69 69 184 184 184 49 49 49 49 156 91 91 91 52 52 52 
52 20 20 20 73 73 73 171 171 171 96 96 69 69 69 69 69 49 49 49 49 156 156 156 52 52 52 52 52 
52 20 20 20 73 73 73 171 171 171 171 69 69 69 69 69 69 69 49 49 49 156 156 52 52 52 52 52 52 
52 20 20 20 73 73 73 73 171 171 152 152 69 69 69 69 69 69 51 51 51 156 156 52 52 52 52 52 52 
52 20 20 20 73 73 73 73 171 152 152 152 152 152 152 152 152 152 229 229 229 229 182 182 52 52 52 52 52 
52 50 50 50 73 73 73 143 152 152 152 152 152 152 152 152 152 229 229 229 229 229 182 182 182 52 52 52 52 
209 50 50 50 50 50 143 143 152 92 92 92 152 152 152 152 152 229 229 229 229 229 182 182 182 182 117 117 52 
209 50 50 50 50 50 50 143 215 92 92 92 152 152 152 152 152 229 229 229 229 229 182 182 182 182 182 182 209 
209 50 50 50 50 50 50 123 123 123 123 92 152 152 152 152 229 229 229 229 229 229 182 182 182 182 182 209 209 
209 209 50 50 50 50 102 123 123 123 123 123 123 152 152 152 229 229 229 229 229 229 182 182 182 182 182 209 209 
209 209 209 50 50 50 102 123 123 123 123 123 123 123 123 240 229 229 229 229 229 229 182 182 182 182 182 209 209 
209 209 209 209 209 116 102 102 123 123 123 123 123 123 240 240 240 229 188 188 188 188 182 182 182 182 70 209 209 
209 209 209 209 116 116 116 123 123 123 123 123 123 240 240 240 240 240 188 188 188 188 188 182 70 70 70 237 209 
209 209 209 209 116 116 136 123 123 123 123 123 240 240 240 240 240 240 137 146 146 146 146 70 70 70 70 237 237 
237 237 136 136 136 136 136 136 136 123 123 240 240 240 240 240 240 240 137 146 146 146 70 70 70 70 70 237 237 
237 237 136 136 136 136 136 136 136 136 129 26 26 26 26 26 26 26 146 146 146 146 146 70 70 70 70 237 237 
234 234 136 136 136 136 136 136 136 81 81 26 26 26 26 26 26 26 146 146 146 146 70 70 70 70 70 237 237 
234 234 234 136 136 136 136 81 81 81 81 81 26 26 26 26 26 26 26 146 146 146 218 218 70 70 70 237 234 
36 36 36 136 136 136 136 81 81 81 81 172 172 172 26 26 26 26 26 26 168 168 218 218 218 218 234 234 234 
36 36 36 36 136 81 81 81 81 81 172 172 172 53 53 53 53 53 210 210 168 168 218 218 218 142 142 234 234 
36 36 36 36 136 81 81 81 81 81 81 172 172 53 53 53 53 53 210 210 168 168 197 197 197 142 142 234 234 
207 207 207 207 207 81 81 81 81 81 81 172 131 53 53 53 53 53 210 210 210 210 197 197 197 197 142 142 207 
207 207 107 207 12 12 81 81 81 118 118 118 131 131 131 131 131 131 210 210 210 210 210 197 197 142 142 142 207 
107 107 107 12 12 12 12 12 118 118 118 118 131 131 131 131 131 131 210 210 210 210 210 197 142 142 142 142 207 
107 107 107 12 12 12 12 12 118 118 118 118 131 131 131 131 131 131 210 210 210 210 210 91 91 91 91 91 91 
107 107 43 12 12 12 12 12 118 118 118 118 119 131 131 131 131 131 210 210 210 210 91 91 91 91 91 91 91 
217 217 12 12 12 12 12 118 118 118 118 119 119 184 184 184 184 184 49 49 49 49 91 91 91 91 91 217 217 
217 217 12 12 12 12 12 186 118 118 119 119 119 119 184 184 184 184 49 49 49 49 91 91 91 91 91 217 217 
217 217 12 12 12 186 186 186 186 119 119 119 119 119 184 184 184 184 184 49 49 49 91 91 91 91 91 217 217 
52 74 20 20 73 186 186 186 186 171 96 96 96 69 69 69 184 184 49 49 49 49 91 91 91 91 91 91 91 
52 74 20 20 73 73 186 186 171 171 171 96 69 69 69 69 69 69 49 49 49 156 91 91 91 52 52 52 52 
52 74 20 20 73 73 171 171 171 171 171 171 69 69 69 69 69 69 49 49 49 156 91 91 52 52 52 52 52 
52 74 20 20 73 73 73 171 171 171 171 171 69 69 69 69 69 69 71 71 229 229 1 52 52 52 52 52 52 
74 74 74 174 73 73 73 171 171 171 152 152 152 152 152 152 152 71 71 71 229 229 117 117 117 52 52 52 52 
74 74 74 174 174 174 143 143 143 152 152 152 152 152 152 152 152 71 71 229 229 229 117 117 117 117 117 52 52 
209 74 50 50 50 143 143 143 143 92 92 92 152 152 152 152 152 229 229 229 229 229 117 117 117 117 117 117 209 
209 209 50 50 50 50 143 143 143 92 92 92 92 152 152 152 152 229 229 229 229 229 117 117 117 117 117 117 209 
209 209 209 50 50 50 176 176 123 123 92 92 152 152 152 152 106 229 229 229 229 229 117 117 117 117 117 209 209 
209 209 209 209 50 50 176 176 123 123 123 123 123 152 152 19 106 229 229 229 229 229 117 117 117 117 117 209 209 
209 209 209 209 209 176 176 176 123 123 123 123 123 123 240 240 229 229 229 229 229 229 117 117 117 117 117 209 209 
209 209 209 209 209 176 176 176 123 123 123 123 123 240 240 240 240 188 188 188 188 188 188 117 117 117 192 209 209 
209 209 209 209 209 116 176 176 164 164 164 164 240 240 240 240 240 188 188 188 188 188 188 70 70 70 237 237 209 
237 209 209 209 136 136 136 136 164 164 164 164 240 240 240 240 240 240 188 146 146 146 146 70 70 70 237 237 237 
237 237 136 136 136 136 136 136 136 129 129 240 240 240 240 240 240 240 146 146 146 146 146 70 70 70 237 237 237 
237 237 136 136 136 136 136 136 136 136 129 129 240 240 240 240 240 240 146 146 146 146 146 70 70 70 237 237 237 
237 136 136 136 136 136 136 136 136 136 129 172 26 26 26 26 26 26 146 146 146 146 146 70 70 70 237 237 237 
234 234 136 136 136 136 136 136 81 81 172 172 26 26 26 26 26 26 26 146 146 146 146 218 70 70 237 237 237 
36 36 36 136 136 136 136 136 81 172 172 172 172 172 54 54 54 54 54 168 168 168 168 168 58 58 58 169 169 
36 36 36 36 136 136 136 81 81 172 172 172 172 172 53 53 53 53 210 168 168 168 168 168 142 142 142 36 36 
36 36 36 207 207 81 81 81 81 172 172 172 172 172 53 53 53 53 210 168 168 168 168 168 142 142 142 207 207 
207 207 207 207 207 81 81 81 81 172 172 172 172 53 53 53 53 53 210 210 168 168 168 168 142 142 142 142 207 
207 207 207 207 207 12 12 81 118 118 118 118 131 131 131 131 131 131 210 210 210 168 168 142 142 142 142 142 207 
207 207 207 12 12 12 12 12 118 118 118 118 130 131 131 131 131 131 210 210 210 210 168 142 142 142 142 142 207 
207 207 43 12 12 12 12 12 118 118 118 118 130 130 131 131 131 131 210 210 210 210 210 91 142 91 142 91 207 
217 43 43 12 12 12 12 12 118 118 118 119 119 130 130 131 131 131 210 210 210 210 91 91 91 91 91 91 91 
217 217 43 12 12 12 12 118 118 118 118 119 119 130 130 184 184 184 184 210 210 91 91 91 91 91 91 217 217 
217 217 43 12 12 12 12 186 118 118 119 119 119 119 184 184 184 184 184 49 49 91 91 91 91 91 91 217 217 
217 217 43 12 12 186 186 186 186 119 119 119 119 119 184 184 184 184 184 49 49 91 91 91 91 91 91 217 217 
217 74 74 12 186 186 186 186 186 171 171 119 119 69 69 69 184 184 49 49 49 91 91 91 91 91 91 91 91 
74 74 74 20 186 186 186 186 171 171 171 171 69 69 69 69 69 69 49 49 49 91 18 18 18 18 18 18 18 
74 74 74 74 174 174 186 171 171 171 171 171 69 69 69 69 69 69 71 71 1 1 1 18 18 18 18 18 52 
74 74 74 74 174 174 174 171 171 171 171 171 69 69 69 69 69 71 71 71 71 1 1 1 18 18 18 18 74 
74 74 74 174 174 174 174 143 171 171 171 152 152 152 152 152 71 71 71 71 71 117 117 117 117 117 117 74 74 
74 74 74 174 174 174 143 143 143 143 152 152 152 152 152 152 71 71 71 71 71 117 117 117 117 117 117 29 74 
74 74 74 174 174 143 143 143 143 143 92 92 152 152 152 152 19 71 71 71 229 117 117 117 117 117 117 29 209 
209 209 209 209 143 143 143 143 143 143 92 92 92 152 19 19 19 106 229 229 229 117 117 117 117 117 117 29 209 
209 209 209 209 166 176 176 176 176 176 92 92 92 152 19 19 106 106 229 229 229 117 117 117 117 117 117 29 209 
209 209 209 209 166 176 176 176 176 176 176 92 92 19 19 19 106 106 229 229 229 117 117 117 117 117 117 209 209 
209 209 209 209 166 176 176 176 176 176 164 164 164 19 19 19 106 188 188 188 188 188 117 117 117 117 192 192 209 
209 209 209 209 209 176 176 176 176 164 164 164 164 240 240 240 240 188 188 188 188 188 188 117 117 117 192 192 209 
209 209 209 209 209 176 176 176 164 164 164 164 164 240 240 240 240 188 188 188 188 188 188 67 117 237 237 237 209 
237 209 209 209 136 136 136 164 164 164 164 164 240 240 240 240 240 240 188 146 146 146 146 67 70 237 237 237 237 
237 237 61 136 136 136 136 136 129 129 129 129 240 240 240 198 240 240 146 146 146 146 146 67 70 237 237 237 237 
237 61 61 136 136 136 136 136 136 129 129 129 240 240 240 240 240 240 146 146 146 146 146 70 70 237 237 237 237 
237 61 61 136 136 136 136 136 136 129 129 172 240 240 240 240 240 240 146 146 146 146 146 70 70 237 237 237 237 
169 36 61 136 136 136 136 136 136 136 172 172 172 54 54 54 26 26 146 146 146 146 146 218 70 237 237 237 237 
169 169 169 61 136 136 136 136 136 172 172 172 172 172 54 54 54 54 54 168 168 168 168 168 58 58 58 169 169 
169 169 169 169 136 136 136 136 172 172 172 172 172 172 172 54 54 54 168 168 168 168 168 168 58 58 58 169 169 
207 207 207 207 207 136 81 81 81 172 172 172 172 172 172 226 226 226 168 168 168 168 168 168 142 142 142 142 207 
207 207 207 207 207 207 81 81 81 172 172 172 172 226 226 226 226 226 226 168 168 168 168 168 142 142 142 142 207 
207 207 207 207 207 12 12 12 118 232 232 232 172 226 226 226 226 226 226 168 168 168 168 142 142 142 142 142 207 
207 207 207 43 12 12 12 12 118 232 232 232 130 130 226 226 226 226 226 168 168 168 168 142 142 142 142 142 207 
207 207 43 43 12 12 12 12 118 118 118 130 130 130 226 226 226 226 226 210 168 168 168 142 142 142 142 142 207 
155 43 43 43 12 12 12 12 118 118 118 119 130 130 130 226 226 226 82 210 82 82 91 91 91 91 91 91 91 
155 155 43 43 12 12 12 12 118 118 119 119 130 130 130 130 130 82 82 82 82 82 91 91 91 91 91 217 217 
217 155 43 43 12 12 12 186 118 118 119 119 119 130 130 130 184 184 82 82 82 82 91 91 91 91 91 217 217 
217 155 43 43 12 186 186 186 186 119 119 119 119 119 119 184 184 82 82 82 82 82 91 91 91 91 91 217 217 
155 155 64 64 186 186 186 186 186 171 119 119 119 119 69 69 184 82 82 82 82 82 18 18 18 18 18 18 18 
74 74 64 64 64 186 186 186 171 171 171 171 171 69 69 69 69 82 82 82 82 1 18 18 18 18 18 18 18 
74 74 74 74 174 174 174 171 171 171 171 171 171 69 69 69 69 71 71 71 1 1 1 18 18 18 18 18 74 
74 74 74 74 174 174 174 171 171 171 171 171 171 69 69 69 69 71 71 71 71 1 1 1 18 18 18 18 74 
74 74 74 174 174 174 174 143 143 171 171 171 152 152 152 152 71 71 71 71 71 117 117 117 117 117 117 74 74 
74 74 74 174 174 174 143 143 143 143 143 152 152 152 152 152 71 71 71 71 71 117 117 117 117 117 117 29 74 
74 74 74 174 174 143 143 143 143 143 141 152 152 152 19 19 19 71 71 71 71 117 117 117 117 117 117 29 29 
209 209 209 209 143 143 143 143 143 141 141 141 141 19 19 19 19 106 71 71 71 117 117 117 117 117 117 29 29 
209 209 209 166 166 176 176 176 176 176 141 141 141 19 19 19 106 106 106 106 106 117 117 117 117 117 29 29 29 
209 209 209 166 166 176 176 176 176 176 176 141 235 19 19 19 106 106 106 106 106 117 117 117 117 117 192 192 209 
209 209 209 166 166 176 176 176 176 176 164 164 164 19 19 19 19 106 188 188 188 117 117 117 117 117 192 192 192 
209 209 209 166 166 176 176 176 176 164 164 164 164 179 240 240 19 188 188 188 188 188 67 117 117 192 192 192 192 
209 209 209 166 166 176 176 176 164 164 164 164 164 240 240 240 240 188 188 188 188 188 67 67 67 67 237 192 209 
209 209 209 209 136 136 176 164 164 164 164 164 164 240 240 240 240 240 146 146 146 146 67 67 67 237 237 237 237 
237 61 61 61 136 136 136 129 129 129 129 129 240 240 240 240 240 240 146 146 146 146 146 67 67 237 237 237 237 
237 61 61 61 136 136 136 136 129 129 129 129 240 240 240 240 240 240 146 146 146 146 146 67 237 237 237 237 237 
237 61 61 61 136 136 136 136 136 129 129 129 172 54 54 54 54 54 146 146 146 146 146 67 237 237 237 237 237 
169 169 61 61 136 136 136 136 136 172 172 172 172 54 54 54 54 54 54 146 146 146 146 58 58 237 237 237 237 
169 169 169 61 61 136 136 136 172 172 172 172 172 172 54 54 54 54 54 168 168 168 168 58 58 58 58 58 169 
169 169 169 169 169 136 136 172 172 172 172 172 172 172 172 172 54 54 168 168 168 168 168 58 58 58 58 58 169 
207 207 207 207 207 136 136 172 172 172 172 172 172 172 172 226 226 226 168 168 168 168 168 168 58 58 142 142 207 
207 207 207 207 207 207 207 81 172 172 172 172 172 226 226 226 226 226 226 168 168 168 168 168 142 142 142 142 207 
207 207 207 207 207 12 12 12 232 232 232 232 232 226 226 226 226 226 226 168 168 168 168 142 142 142 142 142 207 
207 207 207 43 43 12 12 12 232 232 232 232 130 130 226 226 226 226 226 168 168 168 168 142 142 142 142 142 207 
207 43 43 43 43 12 12 12 232 232 232 232 130 130 226 226 226 226 82 82 82 168 168 142 142 142 142 142 142 
155 43 43 43 43 12 12 12 232 232 232 232 130 130 130 226 226 226 82 82 82 82 140 140 91 91 91 91 91 
155 155 43 43 43 12 12 12 118 232 232 130 130 130 130 130 82 82 82 82 82 82 140 140 91 91 91 91 91 
155 155 43 43 43 12 12 186 118 232 119 119 130 130 130 130 82 82 82 82 82 82 140 140 91 91 91 91 91 
155 155 155 43 43 12 186 186 186 119 119 119 119 130 130 130 82 82 82 82 82 82 140 18 18 18 18 18 18 
155 155 64 64 64 186 186 186 186 171 119 119 119 119 119 130 82 82 82 82 82 82 18 18 18 18 18 18 18 
74 64 64 64 64 64 186 186 171 171 171 171 171 69 69 239 208 82 82 82 82 1 1 18 18 18 18 18 18 
74 74 74 64 64 174 174 171 171 171 171 171 171 69 69 69 208 208 82 82 1 1 1 1 18 18 18 18 74 
74 74 74 64 174 174 174 174 171 171 171 171 171 69 69 69 161 161 161 71 1 1 1 1 1 18 18 18 74 
74 74 74 174 174 174 174 143 143 143 171 171 78 78 78 78 161 71 71 71 71 1 1 1 1 18 18 74 74 
74 74 74 174 174 174 143 143 143 143 143 78 78 78 78 78 71 71 71 71 71 117 117 117 117 117 117 29 74 
74 74 74 174 174 143 143 143 143 141 141 141 78 78 78 19 71 71 71 71 71 117 117 117 117 117 117 29 29 
29 209 74 174 143 143 143 143 143 141 141 141 235 19 19 19 19 106 71 71 71 117 117 117 117 117 29 29 29 
29 209 166 166 166 143 143 176 176 141 141 141 235 19 19 19 19 106 106 106 106 117 117 117 117 117 29 29 29 
209 209 166 166 166 176 176 176 176 176 141 141 235 19 19 19 19 106 106 106 106 117 117 117 117 117 192 192 192 
209 209 166 166 166 176 176 176 176 176 164 164 179 179 19 19 19 106 227 227 188 117 117 117 117 192 192 192 192 
209 209 166 166 166 176 176 176 176 164 164 164 164 179 179 19 19 188 188 188 188 67 67 67 67 192 192 192 192 
209 209 166 166 166 176 176 176 164 164 164 164 164 240 240 240 240 37 188 188 188 67 67 67 67 67 192 192 192 
209 209 166 166 166 136 176 164 164 164 164 164 164 240 240 240 240 37 146 146 146 67 67 67 67 67 237 237 237 
237 61 61 61 61 136 136 129 129 129 129 129 240 240 240 240 240 37 146 146 146 67 67 67 67 67 237 237 237 
237 61 61 61 61 136 136 129 129 129 129 129 129 54 54 54 54 54 146 146 146 67 67 67 67 237 237 237 237 
169 61 61 61 61 136 136 136 129 129 129 129 172 54 54 54 54 54 146 146 146 67 67 67 67 237 237 237 237 
169 169 61 61 61 136 136 136 136 172 172 172 172 54 54 54 54 54 54 146 146 67 67 58 58 58 58 169 169 
169 169 169 61 61 61 136 84 84 172 172 172 172 172 54 54 54 54 54 168 168 168 168 58 58 58 58 58 169 
169 169 169 169 169 169 136 84 172 172 172 172 172 172 172 54 54 54 168 168 168 168 168 58 58 58 58 58 169 
207 207 207 207 207 207 136 172 172 172 172 172 172 172 172 226 226 226 168 168 168 168 168 58 58 58 58 58 207 
207 207 207 207 207 207 9 9 232 172 172 172 172 226 226 226 226 226 226 168 168 168 168 168 142 142 142 142 207 
207 207 207 207 207 207 9 9 232 232 232 232 232 226 226 226 226 226 226 168 168 168 168 142 142 142 142 142 207 
207 207 207 43 43 43 9 232 232 232 232 232 130 130 226 226 226 226 226 168 168 168 168 142 142 142 142 142 207 
155 155 43 43 43 12 12 232 232 232 232 232 130 130 130 226 226 226 82 82 82 82 168 142 142 142 142 142 207 
155 155 43 43 43 12 12 232 232 232 232 232 130 130 130 226 226 82 82 82 82 82 140 140 140 140 142 142 155 
155 155 43 43 43 12 12 232 232 232 232 232 130 130 130 130 82 82 82 82 82 82 140 140 140 140 140 91 155 
155 155 155 43 43 12 62 62 62 232 232 130 130 130 130 130 82 82 82 82 82 82 140 140 140 18 18 18 155 
155 155 155 155 155 12 62 62 62 134 134 130 130 130 130 82 82 82 82 82 82 82 140 140 18 18 18 18 155 
155 155 64 64 64 64 62 62 62 134 134 134 119 119 239 239 82 82 82 82 82 82 140 18 18 18 18 18 18 
155 64 64 64 64 64 62 62 62 134 134 171 171 239 239 239 208 82 82 82 82 1 1 1 18 18 18 18 18 
74 74 64 64 64 64 174 62 171 134 171 171 171 239 239 239 208 208 82 82 1 1 1 1 1 18 18 18 74 
74 74 74 64 64 174 174 174 143 143 171 171 78 78 239 239 161 161 161 161 1 1 1 1 1 1 1 18 74 
74 74 74 174 174 174 174 143 143 143 143 78 78 78 78 78 161 161 161 71 1 1 1 1 1 1 1 74 74 
74 74 74 174 174 174 143 143 143 143 141 78 78 78 78 78 161 161 71 71 71 1 1 1 117 117 117 29 74 
74 74 74 174 174 143 143 143 143 141 141 141 78 78 78 78 227 71 71 71 71 117 117 117 117 117 117 29 29 
29 74 74 166 143 143 143 143 141 141 141 141 235 235 78 19 227 227 71 71 71 125 117 117 117 117 29 29 29 
29 166 166 166 166 143 143 176 141 141 141 141 235 235 19 19 227 227 227 227 227 125 125 117 117 117 29 29 29 
192 166 166 166 166 176 176 176 176 176 141 141 235 179 19 19 227 227 227 227 125 125 125 117 117 117 192 192 192 
192 166 166 166 166 176 176 176 176 176 164 179 179 179 179 19 227 227 227 227 125 125 125 67 67 192 192 192 192 
192 166 166 166 166 176 176 176 176 164 164 164 179 179 179 179 179 227 227 227 67 67 67 67 67 67 192 192 192 
209 209 166 166 166 176 176 176 164 164 164 164 164 179 179 179 37 37 37 188 67 67 67 67 67 67 67 192 192 
221 209 166 166 166 176 176 164 164 164 164 164 164 179 240 37 37 37 37 37 67 67 67 67 67 67 67 67 192 
221 61 61 61 61 136 136 129 129 129 129 129 129 54 54 54 37 37 37 37 67 67 67 67 67 67 67 237 237 
61 61 61 61 61 136 136 129 129 129 129 129 129 54 54 54 54 37 37 37 67 67 67 67 67 67 237 237 237 
169 61 61 61 61 61 136 136 129 129 129 129 172 54 54 54 54 54 54 54 67 67 67 67 67 58 58 237 237 
169 169 61 61 61 61 136 136 129 172 172 172 172 54 54 54 54 54 54 54 54 67 67 58 58 58 58 58 169 
169 169 169 61 61 61 84 84 84 84 172 172 172 172 121 121 121 121 121 121 168 168 57 58 58 58 58 58 58 
169 169 169 99 99 99 84 84 84 172 172 172 172 172 172 121 121 121 121 168 168 168 168 58 58 58 58 58 58 
207 207 207 207 207 207 9 84 84 172 172 172 172 172 172 226 226 121 168 168 168 168 168 58 58 58 58 58 207 
207 207 207 207 207 9 9 9 59 59 172 172 172 172 226 226 226 226 226 168 168 168 168 168 58 58 58 58 207 
207 207 207 207 207 9 9 9 59 59 232 232 232 226 226 226 226 226 159 159 168 168 168 142 142 142 142 142 207 
207 207 207 43 43 9 9 9 59 232 232 232 232 130 226 226 226 226 159 159 168 168 168 142 142 142 142 142 207 
155 155 43 43 43 9 9 9 232 232 232 232 130 130 130 226 226 226 82 82 82 82 140 140 142 142 142 142 155 
155 155 155 43 43 43 9 9 232 232 232 232 130 130 130 223 223 82 82 82 82 82 140 140 140 140 142 155 155 
155 155 155 155 43 43 62 62 232 232 232 232 130 130 130 223 223 82 82 82 82 82 140 140 140 140 140 155 155 
155 155 155 155 155 62 62 62 62 134 134 134 130 130 130 223 82 82 82 82 82 82 140 140 140 140 18 155 155 
155 155 155 155 155 62 62 62 62 134 134 134 134 130 130 82 82 82 82 82 82 82 140 140 140 18 18 18 155 
155 155 64 64 64 62 62 62 62 134 134 134 134 239 239 239 208 82 82 82 82 82 140 140 18 18 18 18 155 
155 64 64 64 64 64 62 62 62 134 134 134 134 239 239 239 208 208 82 82 82 1 1 1 1 18 18 18 18 
74 64 64 64 64 64 62 62 62 134 134 134 134 239 239 239 208 208 208 208 1 1 1 1 1 1 18 18 74 
74 74 64 64 64 174 174 199 199 134 134 134 78 78 239 239 161 161 161 161 1 1 1 1 1 1 1 18 74 
74 74 74 64 174 174 199 199 199 199 199 78 78 78 78 78 161 161 161 161 1 1 1 1 1 1 1 74 74 
74 74 74 174 174 199 199 199 199 143 141 78 78 78 78 78 161 161 161 71 71 1 1 1 1 1 1 29 74 
74 74 74 199 199 199 199 199 141 141 141 78 78 78 78 78 227 227 71 71 71 1 83 83 117 117 29 29 29 
3 74 3 166 199 199 199 199 141 141 141 141 235 235 78 78 227 227 227 227 227 125 125 83 83 117 29 29 29 
29 3 166 166 166 199 199 176 141 141 141 141 235 235 235 227 227 227 227 227 125 125 125 125 83 117 29 29 29 
192 166 166 166 166 176 176 176 176 141 141 179 235 235 179 227 227 227 227 227 125 125 125 125 83 83 192 192 192 
192 166 166 166 166 176 176 176 176 176 164 179 179 179 179 179 227 227 227 227 125 125 125 67 67 67 192 192 192 
221 166 166 166 166 176 176 176 176 164 164 179 179 179 179 179 227 227 227 227 67 67 67 67 67 67 221 221 221 
221 221 166 166 166 176 176 176 164 164 164 164 179 179 179 179 37 37 37 37 67 67 67 67 67 67 221 221 221 
221 221 166 166 166 176 176 164 164 164 164 164 164 179 179 37 37 37 37 37 67 67 67 67 67 67 221 221 221 
221 221 61 61 61 61 136 129 129 129 129 129 129 121 121 121 37 37 37 37 67 67 67 67 67 67 67 221 221 
221 61 61 61 61 61 136 129 129 129 129 129 121 121 121 121 37 37 37 37 67 67 67 67 67 67 67 221 221 
169 61 61 61 61 61 136 84 129 129 129 129 121 121 121 121 121 121 121 121 121 67 67 67 67 67 58 58 221 
169 169 61 61 61 61 84 84 84 84 84 172 172 121 121 121 121 121 121 121 121 67 67 58 58 58 58 58 58 
169 99 99 99 99 99 84 84 84 84 84 172 172 121 121 121 121 121 121 121 230 230 57 57 58 58 58 58 58 
169 99 99 99 99 99 84 84 84 84 84 172 172 172 121 121 121 121 121 121 230 57 57 57 58 58 58 58 58 
207 99 99 99 99 99 9 84 84 84 84 172 172 172 95 121 121 121 121 159 168 57 57 57 58 58 58 58 58 
207 207 99 99 99 9 9 9 59 59 59 59 172 203 226 226 226 159 159 159 168 27 27 57 58 58 58 58 207 
207 207 207 99 13 9 9 9 59 59 59 59 108 203 226 226 226 159 159 159 159 27 27 27 58 58 58 58 207 
155 207 13 13 13 9 9 9 59 59 59 59 108 223 223 223 223 159 159 159 159 159 27 27 142 142 142 142 207 
155 155 155 155 13 9 9 9 9 59 59 232 108 223 223 223 223 223 159 159 159 159 24 140 140 142 236 236 236 
155 155 155 155 13 9 9 9 9 232 232 232 232 223 223 223 223 223 82 82 82 82 140 140 140 140 236 236 155 
155 155 155 155 155 149 62 62 62 232 232 232 130 223 223 223 223 82 82 82 82 82 140 140 140 140 140 236 155 
155 155 155 155 155 62 62 62 62 134 134 134 134 223 223 223 223 82 82 82 82 82 140 140 140 140 140 236 155 
155 155 155 155 155 62 62 62 62 134 134 134 134 196 223 223 82 82 82 82 82 82 140 140 140 140 140 155 155 
155 155 155 64 64 62 62 62 62 134 134 134 134 196 239 239 208 82 82 82 82 82 140 140 140 140 18 18 155 
155 64 64 64 64 62 62 62 62 134 134 134 134 239 239 239 208 208 208 82 82 1 1 1 1 1 18 42 155 
64 64 64 64 64 64 62 62 62 134 134 134 134 239 239 239 208 208 208 208 1 1 1 1 1 1 1 42 42 
74 64 64 64 64 64 199 199 199 134 134 134 78 78 239 239 208 208 161 208 1 1 1 1 1 1 1 132 132 
74 64 64 64 64 199 199 199 199 199 199 78 78 78 78 78 161 161 161 161 1 1 1 1 1 1 1 132 74 
3 3 64 64 199 199 199 199 199 199 199 78 78 78 78 78 161 161 161 161 1 1 1 1 1 1 132 132 132 
3 3 3 3 199 199 199 199 199 141 141 78 78 78 78 78 78 227 227 227 227 83 83 83 83 83 115 115 3 
3 3 3 3 199 199 199 199 199 141 141 78 78 78 78 78 227 227 227 227 227 125 83 83 83 83 115 115 115 
3 3 3 3 199 199 199 199 141 141 141 141 235 235 235 227 227 227 227 227 125 125 125 83 83 83 115 115 115 
3 3 3 166 199 176 176 176 176 141 141 179 179 235 235 227 227 227 227 227 125 125 125 83 83 83 115 115 115 
221 166 166 166 166 176 176 176 176 176 141 179 179 179 179 179 227 227 227 227 125 125 125 67 67 67 221 221 221 
221 221 166 166 166 176 176 176 176 164 164 179 179 179 179 179 179 227 227 227 67 67 67 67 67 67 221 221 221 
221 221 166 166 166 176 176 176 164 164 164 164 179 179 179 179 37 37 37 90 67 67 67 67 67 67 221 221 221 
221 221 190 190 190 190 205 164 164 164 164 164 179 179 121 121 37 37 37 37 67 67 67 67 67 67 221 221 221 
221 221 190 190 190 190 205 129 129 164 129 129 121 121 121 121 37 37 37 37 67 67 67 67 67 67 221 221 221 
221 190 61 190 61 190 190 84 129 129 129 129 121 121 121 121 121 121 121 121 67 67 67 67 67 67 221 221 221 
221 190 61 61 61 61 84 84 84 84 84 84 121 121 121 121 121 121 121 121 121 67 67 67 67 76 58 58 221 
169 169 99 99 99 84 84 84 84 84 84 84 121 121 121 121 121 121 121 121 121 121 57 57 58 58 58 58 58 
99 99 99 99 99 99 84 84 84 84 84 84 95 95 121 121 121 121 121 121 230 230 57 57 57 57 58 58 58 
99 99 99 99 99 99 84 84 84 84 84 84 95 95 95 95 95 121 121 230 230 230 57 57 57 57 58 58 58 
99 99 99 99 99 99 84 84 84 84 84 108 108 95 95 95 95 95 159 159 230 27 57 57 57 58 58 58 58 
99 99 99 99 99 13 9 9 59 59 59 108 108 203 203 95 95 159 159 159 27 27 27 27 57 58 58 58 207 
207 13 13 13 13 13 9 9 59 59 59 108 108 203 203 203 223 159 159 159 159 27 27 27 27 27 58 236 236 
155 13 13 13 13 13 9 9 59 59 59 108 108 203 203 223 223 159 159 159 159 159 27 27 27 236 236 236 236 
155 155 13 13 13 13 9 9 9 59 59 108 108 203 223 223 223 223 159 159 159 24 24 24 140 236 236 236 236 
155 155 155 155 13 13 9 9 9 59 59 108 108 223 223 223 223 223 159 159 24 24 24 24 140 236 236 236 236 
155 155 155 155 155 149 149 149 149 149 149 108 108 223 223 223 223 223 82 82 82 24 24 140 140 140 236 236 236 
155 155 155 155 149 149 62 62 62 134 134 134 134 223 223 223 223 82 82 82 82 82 140 140 140 140 236 236 155 
155 155 155 155 149 62 62 62 62 134 134 134 134 196 223 223 82 82 82 82 82 82 140 140 140 42 42 42 155 
155 155 155 64 149 62 62 62 134 134 134 134 134 196 239 239 239 208 208 82 82 82 140 140 42 42 42 42 155 
155 64 64 64 85 62 62 62 134 134 134 134 134 196 239 239 208 208 208 208 82 1 1 1 42 42 42 42 42 
64 64 64 85 85 62 62 62 149 134 134 134 134 239 239 239 208 208 208 208 1 1 1 1 42 42 42 42 42 
132 64 64 85 85 149 149 149 149 149 149 134 78 239 239 239 208 208 208 208 1 1 1 1 42 42 42 132 132 
132 85 85 85 85 199 199 199 199 199 199 78 78 78 78 239 208 208 208 208 1 1 1 1 42 42 132 132 132 
3 3 3 85 199 199 199 199 199 199 199 78 78 78 78 78 78 78 208 208 1 1 1 1 42 42 132 132 132 
3 3 3 3 199 199 199 199 199 199 199 78 78 78 78 78 78 227 227 227 83 83 83 83 83 115 115 115 3 
3 3 3 3 199 199 199 199 199 199 224 224 78 78 78 78 227 227 227 227 227 83 83 83 83 115 115 115 115 
3 3 3 3 199 199 199 11 11 11 224 224 224 235 78 78 227 227 227 227 125 125 83 83 83 115 115 115 115 
115 3 3 3 199 11 11 11 11 11 224 224 224 235 235 227 227 227 227 227 125 125 83 83 83 115 115 115 115 
221 221 221 166 199 205 205 205 17 17 17 224 179 179 179 179 227 227 227 227 67 67 67 83 83 115 115 221 221 
221 221 190 190 190 205 205 205 17 17 17 17 179 179 179 179 90 90 90 90 67 67 67 67 67 221 221 221 221 
221 221 190 190 190 205 205 205 17 17 17 17 179 179 179 90 90 90 90 90 67 67 67 67 67 221 221 221 221 
221 190 190 190 190 190 205 205 17 17 17 17 179 121 121 121 121 90 90 90 67 67 67 67 67 221 221 221 221 
221 190 190 190 190 190 205 205 17 17 17 17 121 121 121 121 121 121 121 90 67 67 67 67 76 76 221 221 221 
221 190 190 190 190 190 190 84 84 84 17 121 121 121 121 121 121 121 121 121 121 67 67 67 76 76 76 76 221 
190 190 190 190 190 190 84 84 84 84 84 84 121 121 121 121 121 121 121 121 121 67 67 67 76 76 76 76 221 
99 99 99 99 99 99 84 84 84 84 84 84 121 121 121 121 121 121 121 121 121 121 57 57 57 57 57 57 57 
99 99 99 99 99 99 127 84 84 84 84 84 95 95 95 95 95 121 121 121 230 230 57 57 57 57 57 57 57 
99 99 99 99 99 99 127 127 84 84 84 84 95 95 95 95 95 95 95 230 230 230 57 57 57 57 57 57 57 
187 99 99 99 99 99 127 127 127 84 84 108 108 95 95 95 95 95 95 159 230 27 27 57 57 57 57 57 187 
187 99 99 99 13 13 9 9 9 59 108 108 108 203 203 95 95 95 159 159 27 27 27 27 27 27 27 236 187 
187 187 13 13 13 13 9 9 9 59 108 108 108 203 203 203 203 159 159 159 159 27 27 27 27 27 236 236 236 
236 13 13 13 13 13 9 9 9 59 108 108 108 203 203 203 223 159 159 159 159 159 27 27 27 236 236 236 236 
236 236 13 13 13 13 9 9 9 59 108 108 108 203 203 223 223 159 159 159 159 24 24 24 31 236 236 236 236 
236 155 155 13 13 13 9 9 9 59 108 108 108 203 223 223 223 223 159 159 24 24 24 24 31 236 236 236 236 
236 155 155 155 149 149 149 149 149 149 149 108 108 223 223 223 223 223 223 24 24 24 24 31 31 236 236 236 236 
155 155 155 155 149 149 149 149 149 149 134 134 196 196 223 223 223 223 191 24 24 24 24 31 31 236 236 236 236 
155 155 155 155 149 149 149 149 149 134 134 134 196 196 196 196 191 191 191 191 191 24 24 140 42 42 42 42 42 
155 85 85 85 149 149 149 149 149 134 134 134 196 196 196 239 239 191 191 191 191 191 42 42 42 42 42 42 42 
42 85 85 85 85 149 149 149 149 134 134 134 196 196 239 239 239 208 208 191 191 195 42 42 42 42 42 42 42 
42 85 85 85 85 149 149 149 149 149 134 134 196 196 239 239 208 208 208 208 208 1 42 42 42 42 42 42 42 
132 85 85 85 85 85 149 149 149 149 149 149 196 196 239 239 208 208 208 208 208 1 42 42 42 42 42 132 132 
132 85 85 85 85 85 199 149 149 149 149 78 78 78 239 239 208 208 208 208 195 1 42 42 42 42 132 132 132 
3 3 3 3 199 199 199 199 199 199 199 78 78 78 78 78 78 208 208 208 195 1 83 42 42 42 132 132 132 
3 3 3 3 199 199 199 199 199 199 224 224 78 78 78 78 78 227 227 227 83 83 83 83 83 115 115 115 3 
3 3 3 3 199 199 11 11 11 11 224 224 224 78 78 78 78 227 227 227 83 83 83 83 83 115 115 115 115 
3 3 3 3 3 11 11 11 11 11 224 224 224 224 78 78 227 227 227 227 98 83 83 83 83 115 115 115 115 
115 3 3 3 11 11 11 11 11 11 224 224 224 224 224 227 227 227 90 98 98 98 83 83 83 115 115 115 115 
115 115 115 3 11 205 205 205 17 17 17 224 224 224 179 90 90 90 90 90 98 98 98 83 83 115 115 115 115 
221 221 190 190 190 205 205 205 17 17 17 17 17 179 179 90 90 90 90 90 98 98 67 67 67 221 221 221 221 
221 190 190 190 190 205 205 205 17 17 17 17 17 179 90 90 90 90 90 90 67 67 67 67 67 221 221 221 221 
221 190 190 190 190 190 205 205 17 17 17 17 17 121 121 90 90 90 90 90 67 67 67 67 76 76 221 221 221 
221 190 190 190 190 190 205 205 17 17 17 17 121 121 121 121 121 90 90 90 67 67 67 76 76 76 76 76 221 
190 190 190 190 190 190 190 205 17 17 17 17 121 121 121 121 121 121 121 121 121 67 67 76 76 76 76 76 76 
190 190 190 190 190 190 84 84 84 84 84 84 121 121 121 121 121 121 121 121 121 230 67 76 76 76 76 76 76 
190 190 99 99 99 99 84 84 84 84 84 84 121 121 121 121 121 121 121 121 121 230 57 57 57 57 57 76 76 
187 99 99 99 99 99 127 127 127 84 84 5 95 95 95 95 95 95 95 230 230 230 230 57 57 57 206 206 206 
187 99 99 99 99 99 127 127 127 84 84 5 5 95 95 95 95 95 95 230 230 230 230 57 57 206 206 206 206 
187 187 99 99 99 99 127 127 127 84 108 108 108 95 95 95 95 95 95 230 230 230 27 27 27 206 206 206 187 
187 187 187 13 13 13 13 127 127 108 108 108 108 203 203 95 95 95 159 159 27 27 27 27 27 206 206 206 187 
187 187 13 13 13 13 13 9 9 108 108 108 108 203 203 203 203 159 159 159 159 27 27 27 27 27 236 236 187 
187 187 13 13 13 13 13 9 9 108 108 108 108 203 203 203 223 159 159 159 159 24 27 27 27 236 236 236 236 
236 236 13 13 13 13 13 9 9 108 108 108 108 203 203 203 223 159 159 159 24 24 24 31 31 236 236 236 236 
236 236 13 13 13 13 103 9 149 108 108 108 108 203 203 223 223 223 159 24 24 24 24 31 31 236 236 236 236 
236 236 155 103 103 149 149 149 149 149 149 108 108 196 223 223 223 223 191 24 24 24 24 31 31 236 236 236 236 
236 236 155 149 149 149 149 149 149 149 149 196 196 196 196 196 223 191 191 191 24 24 24 31 31 31 236 236 236 
236 155 155 149 149 149 149 149 149 149 149 196 196 196 196 196 191 191 191 191 191 191 24 42 42 42 42 163 163 
163 85 85 85 149 149 149 149 149 149 134 196 196 196 196 196 191 191 191 191 191 195 42 42 42 42 42 42 163 
42 85 85 85 85 149 149 149 149 149 149 196 196 196 196 196 191 191 191 191 195 195 42 42 42 42 42 42 42 
42 85 85 85 85 149 149 149 149 149 149 196 196 196 196 239 239 208 195 195 195 195 42 42 42 42 42 42 42 
132 85 85 85 85 85 149 149 149 149 149 196 196 196 239 239 239 208 195 195 195 195 42 42 42 42 42 132 132 
132 85 85 85 85 85 149 149 149 149 149 196 196 196 239 239 75 208 195 195 195 195 42 42 42 42 132 132 132 
3 3 3 3 85 85 149 149 149 212 224 224 78 78 78 75 75 75 75 75 195 195 42 42 42 42 132 132 132 
3 3 3 3 3 11 11 11 11 11 224 224 224 224 78 75 75 75 75 75 75 83 83 83 42 115 115 115 115 
3 3 3 3 3 11 11 11 11 11 224 224 224 224 224 75 75 75 75 75 98 83 83 83 115 115 115 115 115 
115 3 3 3 11 11 11 11 11 11 224 224 224 224 224 75 75 75 75 98 98 98 83 83 115 115 115 115 115 
115 115 115 3 11 11 11 11 11 11 224 224 224 224 224 90 90 90 90 98 98 98 98 83 115 115 115 115 115 
115 115 115 190 11 205 205 205 17 17 17 224 224 224 90 90 90 90 90 98 98 98 98 98 115 115 115 115 115 
221 221 190 190 190 205 205 205 17 17 17 17 17 90 90 90 90 90 90 90 98 98 98 98 115 115 221 221 221 
221 190 190 190 190 205 205 205 17 17 17 17 17 90 90 90 90 90 90 90 98 98 67 76 76 76 221 221 221 
221 190 190 190 190 190 205 205 17 17 17 17 17 175 90 90 90 90 90 90 90 67 67 76 76 76 76 76 221 
190 190 190 190 190 190 205 205 17 17 17 17 175 175 121 90 90 90 90 90 90 67 67 76 76 76 76 76 221 
190 190 190 190 190 190 190 205 17 17 17 17 175 121 121 121 121 121 121 121 121 67 76 76 76 76 76 76 76 
190 190 190 190 190 190 84 84 84 84 84 175 175 121 121 121 121 121 121 121 121 230 76 76 76 76 76 76 76 
190 190 99 99 99 99 84 84 84 84 84 84 95 95 95 95 121 121 121 121 230 230 230 57 57 57 76 76 76 
187 187 99 99 99 127 127 127 127 5 5 5 5 95 95 95 95 95 95 230 230 230 230 206 206 206 206 206 206 
187 187 187 99 99 99 127 127 127 5 5 5 5 95 95 95 95 95 95 230 230 230 230 206 206 206 206 206 206 
187 187 187 187 13 13 127 127 127 5 5 5 5 95 95 95 95 95 95 230 230 230 27 219 206 206 206 206 187 
187 187 187 13 13 13 13 127 127 108 108 108 108 203 203 95 95 95 159 159 27 27 27 219 219 206 206 206 187 
187 187 187 13 13 13 13 13 108 108 108 108 108 203 203 203 203 159 159 159 159 27 27 219 219 219 219 236 187 
187 187 13 13 13 13 13 9 108 108 108 108 108 203 203 203 203 159 159 159 159 24 31 31 31 236 236 236 236 
236 236 13 13 13 103 103 103 114 114 108 108 108 203 203 203 203 159 159 159 24 24 31 31 31 31 236 236 236 
236 236 13 103 103 103 103 103 114 114 114 108 108 203 203 203 223 223 24 24 24 24 31 31 31 31 236 236 236 
236 236 103 103 103 103 103 149 149 114 114 108 196 196 196 196 223 191 191 24 24 24 31 31 31 31 236 236 236 
77 77 77 103 149 149 149 149 149 149 149 196 196 196 196 196 196 191 191 191 24 24 31 31 31 31 163 163 77 
163 163 85 149 149 149 149 149 149 149 149 196 196 196 196 196 191 191 191 191 191 191 42 42 42 42 163 163 163 
163 85 85 85 149 149 149 149 149 149 149 196 196 196 196 196 191 191 191 191 191 195 42 42 42 42 163 163 163 
163 85 85 85 85 149 149 149 149 149 149 196 196 196 196 196 191 191 191 195 195 195 42 42 42 42 42 42 163 
42 85 85 85 85 149 149 149 149 149 149 196 196 196 196 196 196 195 195 195 195 195 42 42 42 42 42 42 42 
42 85 85 85 85 85 149 149 149 149 149 196 196 196 196 196 196 195 195 195 195 195 42 42 42 42 42 42 42 
132 85 85 85 85 85 149 149 149 149 149 196 196 196 196 75 75 75 195 195 195 195 42 42 42 42 42 132 132 
132 3 3 85 85 212 212 212 212 212 212 177 177 196 75 75 75 75 75 75 75 195 42 42 42 42 132 132 132 
3 3 3 3 3 212 212 212 212 212 224 224 224 224 75 75 75 75 75 75 75 83 42 42 42 115 115 115 115 
115 3 3 3 11 11 11 11 11 11 224 224 224 224 224 75 75 75 75 75 35 83 83 83 115 115 115 115 115 
115 115 3 3 11 11 11 11 11 11 224 224 224 224 224 75 75 75 75 35 35 98 98 83 115 115 115 115 115 
115 115 115 115 11 11 11 11 11 11 224 224 224 224 224 90 75 90 90 98 98 98 98 98 115 115 115 115 115 
115 115 115 190 11 205 205 205 17 17 17 224 224 224 90 90 90 90 90 98 98 98 98 98 115 115 115 115 115 
115 165 165 190 190 205 205 205 17 17 17 17 17 175 90 90 90 90 90 90 98 98 98 98 76 115 115 115 115 
221 165 165 190 190 205 205 205 17 17 17 17 175 175 90 90 90 90 90 90 98 216 216 76 76 76 76 76 115 
165 165 165 190 190 190 205 205 17 17 17 17 175 175 175 90 90 90 90 90 90 216 216 76 76 76 76 76 76 
190 190 190 190 190 190 205 205 17 17 17 17 175 175 175 90 90 90 90 90 216 216 216 76 76 76 76 76 76 
190 190 190 165 165 165 165 205 17 17 17 175 175 175 175 121 121 121 90 90 211 211 211 76 76 76 76 76 76 
190 190 190 165 165 165 165 84 84 84 5 175 175 175 175 121 121 121 121 121 211 211 211 76 76 76 76 76 76 
190 190 190 165 165 165 165 84 84 84 5 5 5 95 95 95 95 121 121 121 211 230 211 206 206 206 206 206 206 
187 187 167 167 167 167 127 127 127 5 5 5 5 5 95 95 95 95 95 230 230 230 230 206 206 206 206 206 206 
187 187 187 167 167 167 8 127 127 5 5 5 5 5 95 95 95 95 95 230 230 230 219 206 206 206 206 206 206 
187 187 187 187 167 8 8 8 8 5 5 5 5 5 95 95 95 95 95 230 230 219 219 219 206 206 206 206 187 
187 187 187 187 13 13 8 8 8 8 5 5 108 203 203 95 95 95 159 159 27 219 219 219 219 206 206 206 187 
187 187 187 13 13 13 13 8 8 108 108 108 108 203 203 203 203 159 159 159 219 219 219 219 219 219 219 236 187 
187 187 13 13 13 13 103 103 8 114 108 108 108 203 203 203 203 159 159 159 31 31 31 31 31 31 236 236 187 
187 187 13 103 103 103 103 103 114 114 114 108 108 203 203 203 203 159 159 159 31 31 31 31 31 31 236 236 236 
77 77 103 103 103 103 103 103 114 114 114 114 108 203 203 196 196 196 185 185 24 31 31 31 31 31 236 236 236 
77 77 77 103 103 103 103 103 114 114 114 196 196 196 196 196 196 191 185 185 24 31 31 31 31 31 236 77 77 
77 77 77 103 103 103 149 149 149 149 196 196 196 196 196 196 196 191 105 185 185 31 31 31 31 31 163 77 77 
77 77 77 149 149 149 149 149 149 149 196 196 196 196 196 196 196 191 191 105 105 105 105 42 42 163 163 163 163 
163 77 85 85 149 149 149 149 149 149 196 196 196 196 196 196 196 191 191 195 105 105 42 42 42 42 163 163 163 
163 85 85 85 85 149 149 149 149 149 196 196 196 196 196 196 196 191 195 195 195 195 42 42 42 42 42 163 163 
42 85 85 85 85 149 149 149 149 149 196 196 196 196 196 196 196 195 195 195 195 195 42 42 42 42 42 42 42 
42 85 85 85 85 149 149 149 149 149 66 66 196 196 196 196 196 195 195 195 195 195 42 42 42 42 42 42 42 
42 42 85 85 85 212 212 212 212 212 212 66 196 196 196 75 75 75 195 195 195 195 42 42 42 42 42 42 42 
42 3 3 85 212 212 212 212 212 212 212 177 177 177 75 75 75 75 75 75 75 195 42 42 42 42 42 42 132 
115 115 3 3 212 212 212 212 212 212 177 177 177 238 238 75 75 75 75 75 75 75 42 42 42 42 115 115 115 
115 115 115 115 212 212 212 212 212 212 224 224 224 238 238 75 75 75 75 75 35 35 35 42 115 115 115 115 115 
115 115 115 115 212 212 11 11 212 212 224 224 224 238 238 238 75 75 35 35 35 35 35 35 115 115 115 115 115 
115 115 115 115 11 11 11 11 11 11 224 224 238 238 238 238 75 75 35 35 35 35 35 216 115 115 115 115 115 
115 115 115 165 165 205 205 205 17 17 17 224 238 238 238 90 90 90 90 35 98 98 216 216 115 115 115 115 115 
115 165 165 165 165 205 205 205 17 17 17 17 175 175 175 90 90 90 90 216 216 216 216 216 216 115 115 115 115 
165 165 165 165 165 165 205 205 17 17 17 175 175 175 175 90 90 90 90 216 216 216 216 216 76 76 76 76 115 
165 165 165 165 165 165 205 205 17 17 17 175 175 175 175 175 90 90 90 216 216 216 216 216 76 76 76 76 76 
165 165 165 165 165 165 214 214 214 17 17 175 175 175 175 175 90 90 90 216 216 216 216 76 76 76 76 76 76 
165 165 165 165 165 165 214 214 214 17 175 175 175 175 175 175 175 175 90 211 211 211 211 76 76 76 76 76 76 
165 165 165 165 165 165 165 214 214 5 5 175 175 175 175 175 175 121 121 211 211 211 211 211 33 33 33 33 33 
165 165 165 165 165 165 165 214 5 5 5 5 5 175 175 95 95 121 211 211 211 211 211 211 206 206 206 206 206 
187 167 167 167 167 167 167 8 5 5 5 5 5 5 5 95 95 95 211 211 211 211 211 206 206 206 206 206 206 
187 167 167 167 167 167 8 8 8 5 5 5 5 5 5 5 95 95 95 211 211 219 219 206 206 206 206 206 206 
187 187 187 167 167 8 8 8 8 5 5 5 5 5 5 95 95 180 180 180 219 219 219 219 206 206 206 206 187 
187 187 187 187 167 8 8 8 8 8 5 5 5 5 5 95 180 180 180 180 219 219 219 219 219 206 206 206 187 
187 187 187 13 13 8 8 8 8 8 5 5 5 5 203 203 180 180 180 180 219 219 219 219 219 219 219 187 187 
187 187 187 13 103 103 8 8 8 139 139 108 108 108 203 203 200 180 180 159 31 31 31 31 31 31 31 236 187 
187 187 187 103 103 103 103 103 114 114 114 108 108 203 203 200 200 200 185 185 31 31 31 31 31 31 31 31 236 
77 77 77 103 103 103 103 103 114 114 114 114 114 203 200 200 200 200 185 185 31 31 31 31 31 31 31 77 77 
77 77 77 103 103 103 103 103 114 114 114 114 196 196 196 196 200 185 185 185 185 31 31 31 31 31 77 77 77 
77 77 77 103 103 103 103 149 149 114 196 196 196 196 196 196 196 105 185 185 185 185 31 31 31 31 163 77 77 
77 77 77 40 40 149 149 149 149 149 196 196 196 196 196 196 196 105 105 105 105 105 105 42 42 163 163 163 77 
77 77 77 40 40 149 149 149 149 149 196 196 196 196 196 196 196 105 105 105 105 105 105 42 42 42 163 163 163 
163 163 85 40 40 149 149 149 149 66 66 196 196 196 196 196 196 105 105 195 105 105 42 42 42 42 42 163 163 
42 42 85 85 40 149 149 149 149 66 66 66 66 196 196 196 196 195 195 195 195 195 42 42 42 42 42 42 42 
42 42 85 181 85 149 212 212 212 66 66 66 66 66 66 196 196 195 195 195 195 195 42 42 42 42 42 42 42 
42 181 181 181 181 212 212 212 212 212 66 66 66 66 66 75 75 75 195 195 195 195 42 42 42 42 42 42 42 
89 89 181 181 212 212 212 212 212 212 177 177 177 177 75 75 75 75 75 75 75 195 42 42 42 42 42 42 42 
89 89 89 89 212 212 212 212 212 212 177 177 177 238 238 75 75 75 75 75 75 35 42 42 42 42 42 115 115 
89 89 89 89 212 212 212 212 212 212 177 177 177 238 238 75 75 75 35 35 35 35 35 42 42 115 115 115 115 
89 89 89 89 212 212 212 212 212 212 177 177 238 238 238 238 75 35 35 35 35 35 35 35 115 115 115 115 115 
89 89 89 89 89 212 212 212 212 212 25 238 238 238 238 238 238 35 35 35 35 35 35 216 115 115 115 115 115 
89 89 89 89 165 212 25 25 25 25 25 238 238 238 238 238 90 90 35 35 216 216 216 216 101 101 115 115 115 
89 89 165 165 165 165 25 25 25 25 25 175 175 175 175 175 90 90 216 216 216 216 216 216 101 101 101 101 115 
165 165 165 165 165 165 25 25 25 25 25 175 175 175 175 175 175 90 216 216 216 216 216 216 101 101 101 101 101 
165 165 165 165 165 165 214 214 214 25 175 175 175 175 175 175 175 175 216 216 216 216 216 216 101 101 101 101 101 
165 165 165 165 165 165 214 214 214 214 175 175 175 175 175 175 175 175 216 216 216 216 216 216 101 33 33 33 33 
165 165 165 165 165 165 214 214 214 214 175 175 175 175 175 175 175 175 211 211 211 211 211 211 33 33 33 33 33 
165 165 165 165 165 165 214 214 214 5 5 175 175 175 175 175 175 175 211 211 211 211 211 211 33 33 33 33 33 
167 167 167 167 167 167 214 214 5 5 5 5 5 175 175 175 175 211 211 211 211 211 211 211 33 33 33 33 33 
167 167 167 167 167 167 167 8 5 5 5 5 5 5 5 5 180 180 211 211 211 211 211 211 33 33 206 206 206 
167 167 167 167 167 167 8 8 8 5 5 5 5 5 5 5 180 180 180 211 211 211 219 206 206 206 206 206 206 
187 167 167 167 167 8 8 8 8 5 5 5 5 5 5 5 180 180 180 180 180 219 219 219 219 206 206 206 187 
187 187 167 167 167 8 8 8 8 8 5 5 5 5 5 180 180 180 180 180 180 219 219 219 189 189 206 206 187 
187 187 187 187 167 8 8 8 8 139 139 139 5 5 200 180 180 180 180 180 180 219 219 189 189 189 189 189 187 
187 187 187 13 103 8 8 8 139 139 139 139 139 200 200 200 200 180 180 180 31 31 31 31 189 189 189 236 187 
77 77 187 103 103 103 103 139 139 139 139 139 139 200 200 200 200 200 185 185 31 31 31 31 31 31 31 77 77 
77 77 77 103 103 103 103 139 139 139 139 139 44 200 200 200 200 200 185 185 185 31 31 31 31 31 31 77 77 
77 77 77 103 103 103 103 103 114 114 44 44 44 196 200 200 200 185 185 185 185 185 31 31 31 31 77 77 77 
77 77 77 40 40 40 40 40 149 114 44 44 196 196 196 196 196 185 185 185 185 185 31 31 31 31 77 77 77 
77 77 40 40 40 40 40 40 40 44 44 196 196 196 196 196 196 105 105 105 105 105 105 105 42 163 163 77 77 
77 77 40 40 40 40 40 40 66 66 66 66 196 196 196 196 105 105 105 105 105 105 105 42 42 42 163 163 77 
77 77 40 40 40 40 40 40 66 66 66 66 66 196 196 196 105 105 105 105 105 105 105 42 42 42 42 163 163 
42 181 181 181 40 40 40 40 66 66 66 66 66 66 66 196 196 105 105 105 105 105 42 42 42 42 42 42 42 
42 181 181 181 181 181 212 212 212 66 66 66 66 66 66 66 66 195 195 195 195 195 42 42 42 42 42 42 42 
181 181 181 181 181 212 212 212 212 212 66 66 66 66 66 66 75 75 195 195 195 195 42 42 42 42 42 42 42 
89 89 181 181 181 212 212 212 212 212 177 177 177 177 177 75 75 75 75 75 75 195 42 42 42 42 42 42 42 
89 89 89 181 212 212 212 212 212 212 177 177 177 238 238 238 75 75 75 35 35 35 35 128 128 128 128 128 89 
89 89 89 89 212 212 212 212 212 212 177 177 238 238 238 238 75 35 35 35 35 35 35 128 128 128 128 89 89 
89 89 89 89 89 212 212 212 212 212 177 177 238 238 238 238 75 35 35 35 35 35 35 35 158 128 128 89 89 
89 89 89 89 89 212 212 212 212 25 25 238 238 238 238 238 238 35 35 35 35 35 35 216 158 158 101 89 89 
89 89 89 89 89 212 25 25 25 25 25 238 238 238 238 238 65 35 35 35 216 216 216 216 101 101 101 101 89 
89 89 89 165 165 25 25 25 25 25 25 25 175 175 175 175 65 216 216 216 216 216 216 216 101 101 101 101 101 
89 165 165 165 165 25 25 25 25 25 25 175 175 175 175 175 175 216 216 216 216 216 216 216 101 101 101 101 101 
165 165 165 165 165 165 214 214 214 25 175 175 175 175 175 175 175 175 216 216 216 216 216 216 101 101 101 101 101 
165 165 165 165 165 214 214 214 214 214 175 175 175 175 175 175 175 175 216 216 216 216 216 216 101 33 101 101 101 
165 165 165 165 165 214 214 214 214 214 175 175 175 175 175 175 175 175 211 211 211 211 211 211 33 33 33 33 33 
165 165 165 165 165 214 214 214 214 5 5 175 175 175 175 175 175 175 211 211 211 211 211 211 33 33 33 33 33 
167 167 167 167 167 167 214 214 5 5 5 5 5 5 175 175 175 211 211 211 211 211 211 211 33 33 33 33 33 
167 167 167 167 167 167 167 6 5 5 5 5 5 5 5 5 180 180 180 211 211 211 211 211 33 33 33 33 2 
167 167 167 167 167 167 8 8 8 5 5 5 5 5 5 180 180 180 180 222 211 211 211 189 189 33 206 206 2 
167 167 167 167 167 8 8 8 8 5 5 5 5 5 5 180 180 180 180 180 180 222 189 189 189 189 189 189 2 
187 167 167 167 167 8 8 8 8 139 139 5 5 5 5 180 180 180 180 180 180 222 189 189 189 189 189 189 189 
187 187 167 167 8 8 8 8 139 139 139 139 139 139 200 180 180 180 180 180 180 189 189 189 189 189 189 189 189 
100 100 100 100 86 8 8 139 139 139 139 139 139 200 200 200 200 180 180 180 180 189 189 189 189 189 189 94 94 
100 100 100 86 86 86 86 139 139 139 139 139 139 200 200 200 200 200 200 185 185 31 31 189 189 189 94 94 77 
77 77 77 86 86 86 86 139 139 139 139 44 44 200 200 200 200 200 185 185 185 31 31 31 31 31 94 77 77 
77 77 77 40 86 86 86 86 139 44 44 44 44 200 200 200 200 200 185 185 185 185 31 31 31 31 77 77 77 
77 77 40 40 40 40 40 40 40 44 44 44 44 44 200 200 200 185 185 185 185 105 105 31 154 154 154 77 77 
77 77 40 40 40 40 40 40 40 44 44 44 44 196 196 196 196 105 105 105 105 105 105 105 154 154 154 77 77 
77 79 40 40 40 40 40 40 66 66 66 66 66 66 196 196 105 105 105 105 105 105 105 105 42 154 154 154 77 
77 79 40 40 40 40 40 40 66 66 66 66 66 66 66 196 105 105 105 105 105 105 105 42 42 42 42 42 77 
181 181 181 181 40 40 40 40 66 66 66 66 66 66 66 66 105 105 105 105 105 105 105 42 42 42 42 42 42 
181 181 181 181 181 181 212 212 66 66 66 66 66 66 66 66 66 105 105 105 105 105 42 42 42 42 170 170 170 
181 181 181 181 181 181 212 212 212 66 66 66 66 66 66 66 75 75 173 105 72 72 42 42 42 42 170 170 170 
89 89 181 181 181 212 212 212 212 212 177 177 177 66 66 66 75 75 75 173 111 111 128 128 128 128 128 170 170 
89 89 89 181 181 212 212 212 212 212 177 177 177 238 238 238 75 35 35 35 35 35 128 128 128 128 128 128 89 
89 89 89 89 212 212 212 212 212 212 177 177 238 238 238 238 75 35 35 35 35 35 23 128 128 128 128 89 89 
89 89 89 89 89 212 212 212 212 212 177 238 238 238 238 238 238 35 35 35 35 35 35 158 158 158 128 89 89 
89 89 89 89 89 212 212 212 25 25 25 238 238 238 238 65 65 35 35 35 35 35 35 158 158 158 101 89 89 
89 89 89 89 89 25 25 25 25 25 25 25 238 65 65 65 65 65 35 35 216 216 216 101 101 101 101 101 89 
89 89 89 89 30 30 25 25 25 25 25 25 175 65 65 65 65 65 216 216 216 216 216 101 101 101 101 101 101 
89 89 89 165 30 30 25 25 25 25 25 175 175 175 175 65 65 65 216 216 216 216 216 101 101 101 101 101 101 
165 165 165 165 165 214 214 214 25 25 25 175 175 175 175 175 175 175 216 216 216 216 216 101 101 101 101 101 101 
165 165 165 165 165 214 214 214 214 214 175 175 175 175 175 175 175 175 193 193 193 193 193 193 101 101 101 101 101 
165 165 165 165 165 214 214 214 214 214 175 175 175 175 175 175 175 175 193 193 193 193 193 193 33 33 33 33 33 
2 165 165 165 10 10 214 214 214 5 5 175 175 175 175 175 175 175 211 211 211 211 211 211 33 33 33 33 33 
2 167 167 167 167 10 10 214 6 5 5 5 5 5 175 175 175 211 211 211 211 211 211 211 33 33 33 33 33 
2 2 167 167 10 10 10 6 6 6 5 5 5 5 5 5 180 180 180 222 211 211 211 211 33 33 33 2 2 
2 167 167 167 167 167 8 6 6 6 5 5 5 5 5 180 180 180 180 222 222 222 189 189 189 189 189 2 2 
2 167 167 167 167 8 8 8 6 6 5 5 5 5 5 180 180 180 180 222 222 222 189 189 189 189 189 189 2 
100 225 167 225 225 8 8 8 139 139 139 139 5 5 180 180 180 180 180 222 222 222 189 189 189 189 189 189 189 
100 100 100 225 225 8 8 139 139 139 139 139 139 139 200 180 180 180 180 180 222 222 189 189 189 189 94 94 94 
100 100 100 100 86 86 139 139 139 139 139 139 139 200 200 200 200 180 180 180 222 189 189 189 189 189 94 94 94 
100 100 100 86 86 86 86 139 139 139 139 139 151 200 200 200 200 200 200 185 222 68 68 189 189 94 94 94 94 
100 100 100 86 86 86 86 139 139 139 139 44 151 200 200 200 200 200 200 185 185 68 68 68 94 94 94 94 77 
77 100 100 86 86 86 86 86 139 44 44 44 44 200 200 200 200 200 185 185 185 68 68 68 68 94 94 77 77 
79 79 79 40 40 40 40 40 40 44 44 44 44 44 200 200 200 200 185 185 185 105 68 68 154 154 154 154 77 
79 79 79 40 40 40 40 40 40 44 44 44 44 44 44 200 200 105 105 105 105 105 105 154 154 154 154 154 79 
79 79 79 40 40 40 40 40 66 66 66 66 66 66 66 66 105 105 105 105 105 105 105 154 154 154 154 154 79 
79 79 40 40 40 40 40 40 66 66 66 66 66 66 66 66 105 105 105 105 105 105 105 154 154 154 154 154 79 
79 181 181 181 40 40 40 40 66 66 66 66 66 66 66 66 66 105 105 105 105 105 105 154 154 154 154 154 79 
181 181 181 181 181 181 40 212 66 66 66 66 66 66 66 66 66 105 105 105 72 72 42 42 42 154 170 170 170 
181 181 181 181 181 181 212 212 212 66 66 66 66 66 66 66 173 173 173 72 72 72 72 128 128 128 170 170 170 
89 181 181 181 181 181 212 212 212 212 66 66 66 66 66 173 173 173 173 173 111 111 128 128 128 128 128 170 170 
89 89 89 181 181 212 212 212 212 212 177 177 177 238 238 173 173 173 173 173 111 111 23 128 128 128 128 128 89 
89 89 89 89 89 212 212 212 212 212 177 177 238 238 238 238 173 173 173 173 35 23 23 23 128 128 128 89 89 
89 89 89 89 89 212 212 212 212 212 177 238 238 238 238 238 173 35 35 35 35 23 23 23 158 158 158 89 89 
89 89 89 89 89 89 212 25 25 25 25 238 238 65 65 65 65 65 35 35 35 23 23 158 158 158 158 89 89 
89 89 89 89 89 30 25 25 25 25 25 25 65 65 65 65 65 65 148 35 216 216 216 101 158 158 101 101 89 
89 89 89 89 30 30 25 25 25 25 25 25 65 65 65 65 65 65 148 148 216 216 216 101 101 101 101 101 101 
89 89 89 30 30 30 25 25 25 25 25 175 65 65 65 65 65 65 148 148 216 216 216 101 101 101 101 101 101 
89 89 89 30 30 30 214 25 25 25 25 175 175 175 65 65 65 65 148 193 193 193 193 101 101 101 101 101 101 
89 89 10 10 10 10 214 214 214 214 175 175 175 175 175 175 175 175 148 193 193 193 193 193 101 101 101 101 101 
93 93 10 10 10 10 10 214 214 214 175 175 175 175 175 175 175 175 193 193 193 193 193 193 101 101 101 101 101 
2 2 10 10 10 10 10 10 6 6 5 175 175 175 175 175 175 175 193 193 193 193 193 193 33 33 33 33 33 
2 2 10 10 10 10 10 6 6 6 5 5 5 5 175 175 175 175 211 211 211 211 211 211 33 33 33 33 2 
2 2 2 10 10 10 10 6 6 6 6 6 5 5 5 180 180 180 222 222 222 222 201 201 201 2 2 2 2 
2 2 167 225 4 4 4 6 6 6 6 6 5 5 5 180 180 180 222 222 222 222 201 201 201 189 2 2 2 
2 225 225 225 4 4 4 6 6 6 6 6 5 5 180 180 180 180 222 222 222 222 201 201 189 189 189 2 2 
32 225 225 225 225 4 4 139 139 139 139 139 5 5 180 180 180 180 222 222 222 222 201 201 189 189 94 94 94 
100 100 225 225 225 225 139 139 139 139 139 139 139 139 200 180 180 180 222 222 222 222 201 189 189 94 94 94 100 
100 100 100 100 100 86 139 139 139 139 139 139 151 151 200 200 200 180 222 222 222 222 189 189 94 94 94 94 100 
100 100 100 100 86 86 86 139 139 139 139 139 151 151 151 200 200 200 200 222 222 68 68 68 94 94 94 94 100 
100 100 100 86 86 86 86 139 139 139 139 151 151 151 151 200 200 200 200 185 68 68 68 68 94 94 94 94 94 
100 100 100 86 86 86 86 86 139 44 44 44 151 151 200 200 200 200 200 185 68 68 68 68 68 94 94 94 94 
79 79 79 40 40 40 40 40 40 44 44 44 44 151 200 200 200 200 200 185 68 68 68 68 154 154 154 154 154 
79 79 79 40 40 40 40 40 40 66 44 44 44 66 66 200 200 200 105 105 105 68 68 154 154 154 154 154 79 
79 79 79 40 40 40 40 40 66 66 66 66 66 66 66 66 120 105 105 105 105 105 154 154 154 154 154 154 79 
79 79 79 40 40 40 40 40 66 66 66 66 66 66 66 66 120 105 105 105 105 105 154 154 154 154 154 154 79 
79 181 181 181 40 40 40 40 66 66 66 66 66 66 66 66 120 120 72 72 72 72 154 154 154 154 154 154 154 
181 181 181 181 181 181 40 66 66 66 66 66 66 66 66 66 120 120 72 72 72 72 72 154 154 154 170 170 170 
181 181 181 181 181 181 212 212 66 66 66 66 66 66 66 66 173 173 72 72 72 72 72 128 128 128 170 170 170 
89 181 181 181 181 181 212 212 212 66 66 66 66 66 66 173 173 173 173 111 111 111 111 128 128 128 128 170 170 
89 89 89 181 181 181 212 212 212 28 28 28 66 66 66 173 173 173 173 111 111 111 23 128 128 128 128 128 89 
89 89 89 89 89 212 212 212 212 28 28 28 238 238 238 65 173 173 173 111 111 23 23 23 128 128 128 89 89 
89 89 89 89 89 212 212 212 212 28 28 28 238 65 65 65 173 173 173 111 23 23 23 23 158 158 158 89 89 
89 89 89 89 89 89 212 25 25 25 25 28 65 65 65 65 65 65 173 23 23 23 23 158 158 158 158 89 89 
89 89 89 89 89 30 30 25 25 25 25 25 65 65 65 65 65 65 148 148 148 23 23 101 158 158 101 101 89 
89 89 89 89 30 30 30 233 25 25 25 25 65 65 65 65 65 65 148 148 148 148 101 101 101 101 101 101 101 
89 89 89 30 30 30 233 233 233 25 25 25 65 65 65 65 65 148 148 148 148 148 193 101 101 101 101 101 101 
89 89 30 30 30 30 233 233 233 25 25 175 65 65 65 65 65 148 148 148 193 193 193 101 101 101 101 101 101 
93 93 10 10 10 10 10 10 233 25 25 175 175 175 65 65 65 148 148 193 193 193 193 193 101 101 101 101 101 
93 93 10 10 10 10 10 10 10 6 175 175 175 175 175 175 175 148 148 193 193 193 193 193 101 101 101 101 101 
2 2 10 10 10 10 10 10 10 6 6 175 175 175 175 175 175 175 193 193 193 193 193 193 101 101 33 2 2 
2 2 10 10 10 10 10 6 6 6 6 6 5 5 175 175 38 38 138 193 193 193 193 193 33 33 2 2 2 
2 2 2 10 10 10 10 6 6 6 6 6 6 6 38 38 38 38 222 222 222 222 201 201 201 2 2 2 2 
2 32 32 225 4 4 4 6 6 6 6 6 6 162 162 7 7 7 222 222 222 222 201 201 201 201 2 2 2 
32 32 225 225 4 4 4 6 6 6 6 6 6 162 162 7 7 7 222 222 222 222 201 201 201 201 201 2 32 
32 32 225 225 225 4 4 6 6 6 6 6 6 162 162 7 7 7 222 222 222 222 201 201 201 94 94 94 32 
100 100 225 225 225 225 225 139 139 139 139 139 139 162 162 7 7 7 222 222 222 222 201 201 94 94 94 94 100 
100 100 100 100 100 225 139 139 139 139 139 139 151 151 151 151 200 7 222 222 222 222 201 94 94 94 94 94 100 
100 100 100 100 86 86 86 139 139 139 139 151 151 151 151 151 200 200 222 222 68 68 68 68 94 94 94 94 100 
100 100 100 100 86 86 86 139 139 139 139 151 151 151 151 151 200 200 200 68 68 68 68 68 68 94 94 94 94 
100 100 100 100 86 86 86 86 139 44 44 151 151 151 151 151 200 200 200 68 68 68 68 68 68 94 94 94 94 
79 79 79 40 40 40 40 40 40 44 44 44 151 151 151 200 200 200 200 68 68 68 68 68 154 154 154 154 154 
79 79 79 40 40 40 40 40 40 66 66 66 66 122 122 200 200 120 120 120 68 68 68 154 154 154 154 154 79 
79 79 79 40 40 40 40 40 66 66 66 66 66 122 122 122 120 120 120 120 120 68 154 154 154 154 154 154 79 
79 79 79 40 40 40 40 40 66 66 66 66 66 122 122 122 120 120 120 120 120 120 154 154 154 154 154 154 79 
41 41 41 181 40 40 40 66 66 66 66 66 66 66 66 120 120 120 120 72 72 72 154 154 154 154 154 154 154 
41 41 181 181 181 181 40 66 66 66 66 66 66 66 66 120 120 120 72 72 72 72 72 154 154 154 34 34 170 
34 181 181 181 181 181 181 212 66 66 66 66 66 66 66 120 120 72 72 72 72 72 72 128 128 34 34 34 34 
34 89 181 181 181 181 181 28 28 28 28 28 66 66 66 173 173 173 173 111 111 111 111 128 128 128 34 34 34 
89 89 89 89 181 181 212 28 28 28 28 28 28 66 173 173 173 173 173 111 111 111 23 23 128 128 34 34 34 
89 89 89 89 89 89 212 28 28 28 28 28 28 28 45 45 173 173 173 111 23 23 23 23 128 34 34 34 34 
89 89 89 89 89 89 212 28 28 28 28 28 28 65 65 65 173 173 111 111 23 23 23 23 158 158 158 34 89 
89 89 89 89 89 30 30 28 28 28 28 28 65 65 65 65 65 65 111 23 23 23 23 23 158 158 158 89 89 
89 89 89 89 30 30 30 30 25 25 25 65 65 65 65 65 65 65 148 148 148 23 23 101 101 101 101 101 89 
89 89 89 30 30 30 30 233 233 25 25 65 65 65 65 65 65 148 148 148 148 148 101 101 101 101 101 101 101 
89 89 89 30 30 30 30 233 233 233 233 65 65 65 65 65 65 148 148 148 148 148 193 101 101 101 101 101 101 
93 93 93 30 30 30 30 233 233 233 55 65 65 65 65 65 65 148 148 148 148 193 193 101 101 101 101 101 101 
93 93 10 10 10 10 10 10 233 233 55 65 65 65 65 65 65 148 148 148 193 193 193 101 101 101 101 101 101 
93 93 10 10 10 10 10 10 10 6 6 175 175 65 65 65 65 148 148 193 193 193 193 193 101 101 101 2 93 
2 2 10 10 10 10 10 10 6 6 6 6 175 65 65 38 38 38 138 138 193 193 193 193 101 101 2 2 2 
2 2 10 10 10 10 10 60 6 6 6 6 6 6 38 38 38 38 138 138 138 193 193 193 33 2 2 2 2 
2 2 2 2 10 10 60 60 60 6 6 6 6 6 38 38 38 38 38 222 222 222 201 201 201 2 2 2 2 
2 32 32 32 4 4 60 60 60 6 6 6 6 162 162 38 7 7 222 222 222 222 201 201 201 201 2 2 2 
32 32 32 225 225 4 4 60 6 6 6 6 162 162 162 7 7 7 222 222 222 222 201 201 201 201 201 2 32 
32 32 32 225 225 194 194 6 6 6 6 6 162 162 162 7 7 7 222 222 222 222 201 201 201 94 94 94 32 
100 100 100 225 225 194 194 139 202 202 202 202 162 162 162 7 7 7 222 222 222 222 201 201 94 94 94 94 100 
100 100 100 100 100 194 194 139 202 202 202 151 151 151 151 151 7 7 222 222 222 222 68 94 94 94 94 94 100 
100 100 100 100 100 86 86 139 202 202 202 151 151 151 151 16 16 16 222 222 68 68 68 68 94 94 94 94 100 
100 100 100 100 86 86 86 139 202 202 202 151 151 151 151 16 16 16 16 68 68 68 68 68 68 94 94 94 100 
100 100 100 100 86 86 86 86 202 44 44 151 151 151 151 151 16 16 16 68 68 68 68 68 68 150 150 150 150 
79 79 79 40 40 40 40 40 40 44 44 151 151 151 151 151 16 120 120 68 68 68 68 68 154 150 150 150 150 
79 79 79 40 112 112 112 112 66 66 66 66 122 122 122 122 120 120 120 120 68 68 68 154 154 154 154 154 154 
79 79 41 41 112 112 112 112 66 66 66 66 122 122 122 122 120 120 120 120 120 104 154 154 154 154 154 154 154 
41 41 41 41 112 112 40 40 66 66 66 66 122 122 122 122 120 120 120 120 120 120 154 154 154 154 154 154 41 
41 41 41 41 41 112 40 66 66 66 66 66 66 122 122 120 120 120 120 120 120 120 154 154 154 154 154 154 41 
41 41 41 41 41 181 40 66 66 66 66 66 66 66 66 120 120 120 120 72 72 109 109 154 154 34 34 34 41 
34 41 41 181 181 181 181 28 28 28 28 66 66 66 120 120 120 120 72 72 72 109 109 109 34 34 34 34 34 
34 34 34 181 181 181 28 28 28 28 28 28 28 28 120 120 173 173 111 111 111 111 111 34 34 34 34 34 34 
34 89 89 89 181 181 28 28 28 28 28 28 28 28 45 45 173 173 111 111 111 111 23 23 34 34 34 34 34 
34 89 89 89 89 89 28 28 28 28 28 28 28 28 45 45 173 173 111 111 23 23 23 23 34 34 34 34 34 
89 89 89 89 89 89 28 28 28 28 28 28 28 65 45 45 45 173 111 23 23 23 23 23 34 34 34 34 34 
89 89 89 89 89 30 30 28 28 28 28 28 65 65 65 65 65 65 111 23 23 23 23 23 23 34 34 34 34 
89 89 89 89 30 30 30 233 233 28 28 65 65 65 65 65 65 21 148 148 148 23 23 23 101 101 101 101 89 
89 89 89 30 30 30 30 233 233 55 55 65 65 65 65 65 65 21 148 148 148 148 148 101 124 124 124 124 124 
93 93 93 30 30 30 30 233 233 55 55 55 65 65 65 65 65 21 148 148 148 148 148 101 124 124 124 124 124 
93 93 93 93 30 30 30 233 233 55 55 55 65 65 65 65 21 21 148 148 148 148 148 101 101 124 101 101 101 
93 93 93 93 10 10 10 233 233 55 55 55 65 65 65 65 65 21 148 148 148 193 193 101 101 124 101 101 93 
93 93 93 93 10 10 10 10 60 60 60 60 65 65 65 65 38 138 138 138 138 193 193 193 101 124 101 2 93 
2 93 93 10 10 10 10 60 60 60 60 6 6 65 38 38 38 38 138 138 138 138 193 193 101 2 2 2 2 
2 2 2 10 10 10 60 60 60 60 6 6 6 38 38 38 38 38 138 138 138 138 138 138 2 2 2 2 2 
attribute "dep" string "positions"
#
# A field is created with three components: "positions", "connections",
# and "data"
object "regular positions regular connections" class field
component  "positions"    value 1
component  "connections"  value 2
component  "data"         value 3
#
end
