# object 1 are the regular positions. The grid is 29 29 29. The origin is
# at [0 0 0], and the deltas are 1 in the first and third dimensions, and
# 2 in the second dimension
#
object 1 class gridpositions counts 29 29 29
origin 0 0 0
delta  1 0 0
delta  0 1 0
delta  0 0 1
#
# object 2 are the regular connections
#
object 2 class gridconnections counts 29 29 29
#
# object 3 are the data, which are in a one-to-one correspondence with
# the positions ("dep" on positions). The positions increment in the order
# "last index varies fastest", i.e. (x0, y0, z0), (x0, y0, z1), (x0, y0, z2),
# (x0, y1, z0), etc.
#
object 3 class array type int rank 0 items 24389 data follows
211 211 114 114 14 14 14 14 191 191 191 191 119 119 119 119 119 119 119 119 222 222 222 222 222 222 222 77 77 
211 211 211 14 14 14 14 14 14 14 111 111 119 119 119 119 119 119 119 119 222 222 222 222 222 222 77 77 77 
211 211 211 211 14 14 14 14 14 14 111 111 111 119 119 119 119 119 119 119 9 9 75 75 75 77 77 77 211 
211 211 211 138 138 138 14 14 14 111 111 111 111 111 119 119 119 119 119 75 75 75 75 75 75 75 77 211 211 
211 211 211 138 138 138 138 220 220 220 111 111 111 111 111 119 119 119 119 75 75 75 75 75 75 75 75 211 211 
211 211 138 138 138 138 4 4 220 220 111 111 111 111 111 111 119 119 75 75 75 75 75 75 75 75 104 104 211 
93 93 138 138 138 4 4 4 220 220 111 111 111 111 198 198 35 35 17 17 75 75 75 75 75 104 104 104 104 
93 93 93 138 4 4 4 4 220 220 220 198 198 198 198 198 35 35 17 17 75 75 75 75 75 104 104 104 104 
104 93 93 93 4 4 4 4 13 13 13 198 198 198 198 198 198 35 35 137 137 137 137 75 104 104 104 104 104 
104 178 178 178 4 4 4 13 13 13 13 198 198 198 198 198 35 35 35 137 137 137 137 137 104 104 104 104 104 
178 178 178 178 178 4 13 13 13 13 13 13 198 198 198 198 198 35 35 48 48 48 48 48 147 104 104 104 104 
178 178 178 178 164 101 101 13 13 13 13 13 198 198 198 198 145 145 145 48 48 48 48 48 147 147 147 147 178 
178 178 178 178 164 101 101 101 101 13 13 13 13 198 198 145 145 197 197 48 48 48 48 147 147 147 147 147 178 
178 178 178 178 178 101 101 101 101 101 13 13 13 198 145 145 197 197 197 145 48 48 48 147 147 147 147 147 147 
178 178 178 178 101 101 101 101 101 101 101 13 13 130 130 145 197 197 197 145 139 139 139 147 147 147 147 147 147 
231 231 231 231 231 101 101 101 101 101 101 13 130 130 130 130 130 145 50 50 139 139 139 129 129 147 147 147 147 
231 231 231 231 231 231 101 101 101 101 101 130 130 130 130 130 130 130 50 50 50 139 129 129 129 166 166 166 125 
231 231 231 231 231 231 231 231 101 5 136 136 130 130 130 130 130 130 50 50 50 129 129 129 129 166 166 166 125 
231 231 231 231 231 231 231 231 5 136 136 136 136 130 130 130 130 130 50 50 50 129 129 129 129 166 166 166 125 
231 231 231 231 231 231 231 173 5 136 136 136 136 136 130 130 130 113 113 50 50 129 129 129 129 169 169 166 166 
115 231 231 231 231 173 173 173 173 136 136 136 136 136 136 113 113 113 113 113 113 129 129 129 169 169 169 169 115 
115 115 231 231 173 173 173 173 173 136 136 136 136 136 136 113 113 113 113 113 113 132 129 129 169 169 115 115 115 
115 115 115 115 173 173 173 173 173 136 136 136 136 136 136 113 113 113 113 113 113 132 132 132 132 115 115 115 115 
115 115 115 114 114 114 173 173 173 136 136 136 136 136 136 113 113 113 113 113 132 132 132 132 132 115 115 115 115 
115 115 115 114 114 114 210 210 191 191 133 133 133 133 95 95 95 95 95 95 132 132 132 132 132 132 115 115 115 
115 115 114 114 114 114 191 191 191 191 191 133 133 133 95 95 95 95 95 95 132 132 132 132 132 132 192 192 192 
115 114 114 114 114 114 191 191 191 191 191 191 133 133 236 95 95 95 95 95 95 222 222 222 222 222 192 192 192 
114 114 114 114 114 114 191 191 191 191 191 191 133 236 236 236 95 95 95 95 222 222 222 222 222 222 222 192 192 
114 114 114 114 114 114 191 191 191 191 191 191 119 119 119 119 119 119 119 119 222 222 222 222 222 222 222 222 192 
77 211 14 14 14 14 14 14 210 191 191 191 119 119 119 119 200 200 200 200 222 222 222 222 222 222 77 77 77 
77 211 211 14 14 14 14 14 14 14 111 111 119 119 119 119 119 119 119 119 9 9 222 222 222 77 77 77 77 
211 211 211 14 14 14 14 14 14 14 111 111 111 119 119 119 119 119 119 119 9 9 9 222 222 77 77 77 77 
211 211 211 138 138 14 14 14 220 220 111 111 111 111 119 119 119 119 119 9 9 9 9 9 9 77 77 77 211 
211 211 211 138 138 138 14 220 220 220 111 111 111 111 111 119 119 119 119 9 9 75 75 75 75 75 77 77 211 
93 93 138 138 4 4 4 4 220 220 220 111 111 111 111 111 111 119 17 17 75 75 75 75 75 75 104 104 104 
93 93 93 4 4 4 4 4 220 220 220 111 111 111 111 111 35 35 17 17 17 75 75 75 75 104 104 104 104 
93 93 93 93 4 4 4 4 220 220 220 198 198 198 198 198 35 35 17 17 17 137 75 75 75 104 104 104 104 
93 93 93 93 4 4 4 4 13 13 13 198 198 198 198 198 35 35 35 17 137 137 137 137 104 104 104 104 104 
104 93 93 93 4 4 4 13 13 13 13 198 198 198 198 198 35 35 35 137 137 137 137 137 104 104 104 104 104 
104 178 178 178 4 4 13 13 13 13 13 13 198 198 198 198 35 35 35 48 48 48 48 48 147 104 104 104 104 
178 178 178 178 164 13 13 13 13 13 13 13 198 198 198 198 35 197 197 48 48 48 48 48 147 147 147 147 147 
178 178 178 97 97 101 13 13 13 13 13 13 13 13 198 197 197 197 197 48 48 48 48 147 147 147 147 147 147 
178 178 97 97 97 97 13 13 13 13 13 13 13 13 197 197 197 197 197 197 48 48 48 147 147 147 147 147 147 
178 178 97 97 97 101 101 13 13 13 13 13 13 130 130 197 197 197 197 139 139 139 139 147 147 147 147 147 147 
231 231 231 231 231 231 101 101 13 13 13 13 130 130 130 130 130 197 50 50 139 139 139 129 129 147 147 147 147 
231 231 231 231 231 231 231 101 5 5 5 130 130 130 130 130 130 130 50 50 50 139 129 129 129 129 166 166 125 
231 231 231 231 231 231 231 5 5 5 5 136 130 130 130 130 130 130 50 50 50 129 129 129 129 129 166 166 125 
231 231 231 231 231 231 231 5 5 5 5 136 136 130 130 130 130 130 50 50 50 129 129 129 129 129 166 166 125 
231 231 231 231 231 231 173 173 5 136 136 136 136 136 130 130 113 113 113 50 50 129 129 129 129 129 129 166 166 
74 231 231 231 231 173 173 173 173 136 136 136 136 136 207 207 113 113 113 113 113 129 129 129 129 129 169 115 115 
115 115 231 231 173 173 173 173 173 136 136 136 136 136 207 207 113 113 113 113 113 132 129 129 129 115 115 115 115 
115 115 115 115 173 173 173 173 173 173 136 136 136 136 207 113 113 113 113 113 132 132 132 132 132 115 115 115 115 
115 115 115 66 66 173 173 173 173 173 133 136 136 136 207 113 113 113 113 113 132 132 132 132 132 115 115 115 115 
115 115 115 114 114 114 210 210 191 191 133 133 133 133 95 95 95 95 95 95 132 132 132 132 132 132 115 115 115 
115 115 114 114 114 114 210 210 191 191 133 133 133 133 95 95 95 95 95 95 132 132 132 132 132 132 115 115 115 
115 114 114 114 114 114 191 210 191 191 191 133 133 133 95 95 95 95 95 95 222 222 222 222 222 222 222 115 115 
114 114 114 114 114 114 191 191 191 191 191 133 133 119 236 200 95 95 95 95 222 222 222 222 222 222 222 222 77 
114 114 114 114 114 114 191 210 191 191 191 191 119 119 119 119 200 200 200 200 222 222 222 222 222 222 222 77 77 
77 77 14 14 14 14 14 14 191 191 191 37 37 37 119 119 200 200 200 57 57 222 222 222 222 77 77 77 77 
77 77 211 14 14 14 14 14 14 14 14 111 37 37 119 119 200 200 200 57 57 9 9 222 77 77 77 77 77 
77 77 211 73 14 14 14 14 14 220 220 111 111 37 119 119 119 200 200 57 9 9 9 9 77 77 77 77 77 
77 211 211 73 14 14 14 14 220 220 220 111 111 111 119 119 119 119 57 9 9 9 9 9 9 77 77 77 77 
211 211 211 138 138 163 163 220 220 220 220 111 111 111 111 119 119 119 9 9 9 9 9 9 9 77 77 77 77 
93 93 93 4 4 4 4 220 220 220 220 111 111 111 111 111 111 17 17 17 9 9 9 75 75 75 104 104 168 
93 93 93 4 4 4 4 4 220 220 220 220 111 111 111 35 35 17 17 17 17 17 75 75 75 104 104 104 93 
93 93 93 4 4 4 4 4 220 220 220 220 198 198 198 35 35 35 17 17 17 17 17 75 104 104 104 104 104 
93 93 93 4 4 4 4 4 13 13 13 198 198 198 198 35 35 35 35 17 17 137 137 137 104 104 104 104 104 
104 93 93 4 4 4 4 13 13 13 13 13 198 198 198 35 35 35 35 35 137 137 137 137 104 104 104 104 104 
104 93 178 97 4 4 13 13 13 13 13 13 198 198 198 35 35 35 35 35 48 48 48 48 147 104 104 104 104 
178 178 97 97 97 13 13 13 13 13 13 13 13 198 198 35 35 35 35 48 48 48 48 48 147 147 147 104 104 
97 97 97 97 97 97 13 13 13 13 13 13 13 13 198 197 197 197 197 48 48 48 48 147 147 147 147 147 147 
97 97 97 97 97 97 13 13 13 13 13 13 13 13 197 197 197 197 197 197 48 48 48 147 147 147 147 147 147 
97 97 97 97 97 97 13 13 13 13 13 13 13 130 130 197 197 197 197 197 139 139 139 147 147 147 147 147 147 
231 231 231 231 231 231 213 13 13 13 13 13 130 130 130 130 130 197 50 50 139 139 139 129 129 147 147 147 147 
231 231 231 231 231 231 213 213 5 5 5 130 130 130 130 130 130 50 50 50 50 139 129 129 129 129 129 147 147 
231 231 231 231 231 231 231 5 5 5 5 5 130 130 130 130 130 50 50 50 50 129 129 129 129 129 129 129 125 
74 231 231 231 231 231 231 5 5 5 5 5 136 130 130 130 130 50 50 50 50 129 129 129 129 129 129 129 125 
74 74 231 231 231 231 173 173 5 5 136 136 136 207 207 207 207 113 113 50 50 129 129 129 129 129 129 129 74 
74 74 74 231 231 173 173 173 173 173 136 136 136 207 207 207 207 113 113 113 113 129 129 129 216 216 115 115 115 
115 74 74 231 173 173 173 173 173 173 136 136 136 207 207 207 207 113 113 113 113 216 216 216 216 216 115 115 115 
115 115 115 66 66 173 173 173 173 173 136 136 136 207 207 207 207 113 113 113 113 132 132 132 132 115 115 115 115 
115 115 115 66 66 173 173 173 173 173 133 133 133 207 207 207 113 113 113 113 132 132 132 132 132 115 115 115 115 
115 115 115 114 114 66 191 191 191 133 133 133 133 133 133 95 95 95 95 95 132 132 132 132 132 132 115 115 115 
115 115 114 114 114 114 191 191 191 133 133 133 133 133 133 95 95 95 95 95 132 132 132 132 132 132 115 115 115 
115 114 114 114 114 114 191 191 191 191 133 133 133 133 133 95 95 95 95 95 95 222 222 222 222 222 222 115 115 
114 114 114 114 114 114 191 191 191 191 191 133 133 133 119 200 200 200 95 95 222 222 222 222 222 222 222 77 77 
114 114 114 114 114 114 191 191 191 191 191 191 133 119 119 200 200 200 200 200 57 222 222 222 222 222 77 77 77 
77 77 73 73 73 14 14 14 191 191 234 37 37 37 37 119 200 200 200 57 57 57 222 222 77 77 77 77 77 
77 77 73 73 73 73 14 14 14 234 234 37 37 37 37 119 200 200 57 57 57 9 9 9 77 77 77 77 77 
77 77 73 73 73 73 73 14 49 49 49 124 37 37 37 119 119 200 57 57 9 9 9 9 77 77 77 77 77 
77 77 79 73 73 73 163 163 220 220 220 124 124 124 119 119 119 57 57 9 9 9 9 9 77 77 77 77 77 
168 168 79 79 79 163 163 163 220 220 220 124 124 124 124 119 119 57 57 9 9 9 9 9 9 77 77 77 77 
168 168 168 4 4 4 163 163 220 220 220 124 124 124 124 124 119 17 17 17 9 9 9 9 9 77 77 168 168 
168 93 93 4 4 4 4 163 220 220 220 124 124 124 124 35 35 17 17 17 17 68 68 68 68 104 104 168 168 
168 93 93 4 4 4 4 4 220 220 220 124 124 124 198 35 35 35 17 17 17 68 68 68 68 104 104 104 168 
168 93 93 4 4 4 4 4 13 13 13 13 198 198 198 35 35 35 35 17 17 68 68 68 104 104 104 104 104 
168 93 93 4 4 4 4 13 13 13 13 13 198 198 198 35 35 35 35 35 17 137 137 137 228 104 104 104 104 
168 93 97 97 97 4 13 13 13 13 13 13 13 198 198 35 35 35 35 35 48 48 48 218 228 228 104 104 104 
97 97 97 97 97 97 13 13 13 13 13 13 13 198 198 35 35 35 35 35 48 48 218 218 228 228 228 104 104 
97 97 97 97 97 97 13 13 13 13 13 13 13 13 198 35 197 35 35 48 48 48 218 218 147 147 147 147 147 
97 97 97 97 97 97 13 13 13 13 13 13 13 13 197 197 197 197 197 197 48 48 218 147 147 147 147 147 147 
97 97 97 97 97 97 13 13 13 13 13 13 13 130 130 33 197 197 197 197 139 139 218 147 147 147 147 147 147 
97 97 97 97 97 97 213 13 13 13 13 13 241 130 130 33 33 197 50 50 139 139 129 129 129 147 147 147 147 
74 231 231 231 213 213 213 213 5 5 5 5 241 130 130 33 33 33 50 50 50 129 129 129 129 129 129 147 147 
74 74 231 231 213 213 213 5 5 5 5 5 241 130 130 33 33 33 50 50 50 129 129 129 129 129 129 129 74 
74 74 74 231 213 213 213 5 5 5 5 5 5 130 33 33 33 33 50 50 50 129 129 129 129 129 129 74 74 
74 74 74 231 213 213 173 5 5 5 5 5 136 207 207 207 207 207 113 50 50 80 129 129 129 129 129 74 74 
74 74 74 74 173 173 173 173 173 5 5 136 136 207 207 207 207 207 113 113 80 216 216 216 216 216 216 216 74 
74 74 74 74 66 173 173 173 173 173 136 136 136 207 207 207 207 207 113 113 216 216 216 216 216 216 216 115 115 
115 115 74 66 66 173 173 173 173 173 136 136 136 207 207 207 207 207 113 113 216 216 216 216 216 216 115 115 115 
115 115 66 66 66 66 173 173 173 173 133 133 133 207 207 207 207 207 113 113 132 132 132 132 132 216 115 115 115 
115 115 233 66 66 66 66 66 173 133 133 133 133 133 3 3 95 95 95 95 132 132 132 132 132 132 115 115 115 
115 233 233 114 114 114 191 191 191 133 133 133 133 133 3 3 95 95 95 95 132 132 132 132 132 132 115 115 115 
233 233 114 114 114 114 191 191 191 133 133 133 133 133 3 3 95 95 95 95 222 222 222 222 222 222 222 115 115 
233 233 114 114 114 114 191 191 191 191 133 133 133 133 3 200 200 200 95 57 57 222 222 222 222 222 77 77 77 
233 233 114 114 114 114 191 191 191 191 191 133 133 119 119 200 200 200 200 57 57 222 222 222 222 77 77 77 77 
77 77 73 73 73 73 73 73 234 234 234 234 37 37 37 119 60 57 57 57 57 57 57 222 77 77 77 77 77 
77 77 73 73 73 73 73 73 49 234 234 234 37 37 37 119 60 57 57 57 57 57 9 9 77 77 77 77 77 
77 77 73 73 73 73 73 73 49 49 49 124 37 37 37 119 60 57 57 57 57 9 9 9 77 77 77 77 77 
77 77 79 73 73 73 163 163 49 49 124 124 124 124 124 119 119 57 57 57 9 9 9 9 77 77 77 77 77 
168 168 79 79 79 163 163 163 163 220 124 124 124 124 124 124 119 57 57 57 9 9 9 9 77 77 77 77 77 
168 168 79 79 79 163 163 163 163 220 124 124 124 124 124 124 124 17 17 17 9 9 68 68 68 77 77 168 168 
168 168 168 79 79 163 163 163 163 220 124 124 124 124 124 35 35 17 17 17 17 68 68 68 68 104 168 168 168 
168 168 168 79 4 4 163 163 163 220 124 124 124 124 124 35 35 35 17 17 68 68 68 68 68 104 168 168 168 
168 168 168 168 4 4 163 13 13 13 13 124 124 124 198 35 35 35 35 17 68 68 68 68 68 104 168 168 168 
168 168 168 168 4 4 13 13 13 13 13 13 13 13 198 35 35 35 35 35 68 68 68 68 228 228 228 168 168 
168 168 97 97 97 180 13 13 13 13 13 13 13 13 198 35 35 35 35 35 218 218 218 218 228 228 228 228 228 
168 97 97 97 97 180 13 13 13 13 13 13 13 13 35 35 35 35 35 35 218 218 218 218 228 228 228 228 228 
97 97 97 97 97 97 13 13 13 13 13 13 13 13 153 35 35 35 35 35 218 218 218 218 228 228 228 228 228 
97 97 97 97 97 97 13 13 13 13 13 13 13 13 153 153 197 197 197 61 218 218 218 218 228 228 228 228 228 
97 97 97 97 97 97 13 13 13 13 13 13 13 153 153 153 33 197 197 61 61 218 218 218 228 228 228 147 147 
38 97 97 97 213 213 213 213 13 13 13 13 241 33 33 33 33 33 33 50 15 139 129 129 129 147 147 147 147 
74 74 74 213 213 213 213 213 5 5 5 5 241 33 33 33 33 33 33 50 50 129 129 129 129 129 129 147 74 
74 74 74 213 213 213 213 5 5 5 5 5 241 33 33 33 33 33 33 80 80 80 80 129 129 129 129 74 74 
74 74 74 213 213 213 213 5 5 5 5 5 241 33 33 33 33 33 80 80 80 80 80 80 129 129 129 74 74 
74 74 74 74 213 213 5 5 5 5 5 5 241 207 33 33 33 33 80 80 80 80 216 216 216 216 216 74 74 
74 74 74 74 74 173 173 173 5 5 5 5 5 207 207 207 207 207 80 80 80 216 216 216 216 216 216 216 74 
74 74 74 74 66 173 173 173 173 5 5 5 136 207 207 207 207 207 207 80 216 216 216 216 216 216 216 216 74 
74 74 74 66 66 66 173 173 173 173 173 136 136 207 207 207 207 207 207 152 216 216 216 216 216 216 216 216 115 
233 233 66 66 66 66 66 66 173 173 122 122 133 207 207 207 207 207 207 152 216 216 78 78 78 216 216 115 115 
233 233 233 66 66 66 66 66 66 122 122 122 133 133 3 3 3 3 3 152 152 216 78 78 78 78 115 115 115 
233 233 233 128 66 66 66 191 191 133 133 122 133 133 3 3 3 3 3 3 242 132 78 78 78 78 115 115 115 
233 233 233 128 114 66 191 191 191 133 133 122 133 133 3 3 3 3 3 57 242 222 222 222 222 222 77 77 77 
233 233 233 114 114 114 191 191 191 191 133 122 122 122 3 3 3 3 57 57 57 222 222 222 222 77 77 77 77 
233 233 73 73 73 73 73 191 191 191 133 122 122 122 3 3 3 57 57 57 57 57 57 222 222 77 77 77 77 
77 77 73 73 73 73 73 73 234 234 234 234 234 37 37 60 60 60 57 57 57 57 127 127 77 77 77 77 77 
77 77 73 73 73 73 73 73 234 234 234 234 234 37 37 60 60 60 57 57 57 57 127 127 77 77 77 77 77 
77 77 79 73 73 73 73 73 49 49 49 49 124 124 37 60 60 60 57 57 57 57 127 127 77 77 77 77 77 
77 79 79 79 73 73 163 163 49 49 49 124 124 124 124 60 60 60 57 57 57 9 9 127 77 77 77 77 77 
168 79 79 79 79 163 163 163 163 49 124 124 124 124 124 124 60 60 57 57 57 9 9 127 160 77 77 77 168 
168 168 79 79 79 163 163 163 163 163 124 124 124 124 124 124 124 60 17 17 68 68 68 68 160 77 168 168 168 
168 168 79 79 79 163 163 163 163 124 124 124 124 124 124 124 35 35 17 17 68 68 68 68 68 168 168 168 168 
168 168 168 79 79 163 163 163 163 124 124 124 124 124 124 35 35 35 17 68 68 68 68 68 68 168 168 168 168 
168 168 168 79 79 163 163 163 13 13 124 124 124 124 35 35 35 35 35 68 68 68 68 68 68 228 168 168 168 
168 168 168 79 180 180 13 13 13 13 13 13 13 13 35 35 35 35 35 35 68 68 68 68 228 228 228 168 168 
168 168 168 97 180 180 13 13 13 13 13 13 13 13 35 35 35 35 35 35 218 218 218 218 228 228 228 228 228 
168 168 97 97 180 180 13 13 13 13 13 13 13 13 35 35 35 35 35 35 218 218 218 218 228 228 228 228 228 
38 97 97 97 97 180 13 13 13 13 13 13 13 13 153 153 153 35 35 61 218 218 218 218 228 228 228 228 228 
38 97 97 97 97 97 13 13 13 13 13 13 13 153 153 153 153 153 61 61 61 61 218 218 228 228 228 228 228 
38 38 97 97 97 213 213 13 13 13 13 13 241 153 153 153 153 33 61 61 61 61 61 61 228 228 228 228 38 
38 38 38 213 213 213 213 213 213 13 5 241 241 241 33 33 33 33 33 15 15 15 15 15 15 228 228 228 38 
38 38 38 213 213 213 213 213 5 5 5 241 241 241 33 33 33 33 33 15 15 15 15 15 15 129 151 151 38 
74 74 74 213 213 213 213 213 5 5 5 241 241 241 33 33 33 33 80 80 80 80 80 80 80 80 151 74 74 
74 74 74 213 213 213 213 5 5 5 5 5 241 241 33 33 33 33 80 80 80 80 80 80 80 80 80 74 74 
74 74 74 74 213 213 5 5 5 5 5 5 241 241 33 33 33 33 80 80 80 80 80 216 216 216 216 74 74 
74 74 74 74 74 5 5 5 5 5 5 6 6 207 207 207 207 207 80 80 80 80 216 216 216 216 216 216 74 
74 74 74 74 66 66 173 173 5 5 6 6 6 207 207 207 207 207 80 80 80 216 216 216 216 216 216 216 74 
74 74 74 66 66 66 66 173 173 5 84 84 84 84 207 207 207 207 152 152 152 216 216 216 216 216 216 216 216 
233 233 233 66 66 66 66 66 173 84 84 84 84 84 3 3 3 3 152 152 152 152 78 78 78 216 216 216 115 
233 233 233 66 66 66 66 66 66 122 122 122 122 3 3 3 3 3 3 152 152 152 78 78 78 78 78 233 233 
233 233 233 128 128 66 66 66 122 122 122 122 122 3 3 3 3 3 3 152 242 242 242 78 78 78 78 233 233 
233 233 233 128 128 66 66 191 191 122 122 122 122 3 3 3 3 3 3 57 242 242 242 242 78 222 77 77 233 
233 233 233 128 128 73 191 191 191 122 122 122 122 19 3 3 3 3 57 57 57 242 242 222 222 77 77 77 233 
233 233 73 73 73 73 73 73 234 234 234 19 19 19 3 60 60 60 57 57 57 57 57 127 127 77 77 77 77 
77 77 73 73 73 73 73 73 234 234 234 234 19 19 60 60 60 60 57 57 57 57 127 127 127 77 77 77 77 
77 77 73 73 73 73 73 73 234 234 234 234 234 234 60 60 60 60 60 57 57 57 127 127 127 77 77 77 77 
77 79 79 73 73 73 73 49 49 49 49 49 124 124 60 60 60 60 60 57 57 57 127 127 127 77 77 77 77 
79 79 79 79 79 73 163 49 49 49 49 124 124 124 124 60 60 60 60 57 57 57 127 127 127 160 77 77 77 
79 79 79 79 79 79 163 163 49 49 49 124 124 124 124 212 60 60 60 57 57 57 160 160 160 160 77 77 168 
168 79 79 79 79 79 163 163 163 49 124 124 124 124 124 124 212 212 60 68 68 68 68 160 160 160 160 168 168 
168 168 79 79 79 79 163 163 163 124 124 124 124 124 124 212 212 177 177 68 68 68 68 68 160 160 168 168 168 
168 168 79 79 79 79 163 163 163 124 124 124 124 124 124 177 177 177 177 68 68 68 68 68 68 168 168 168 168 
168 168 79 79 79 79 163 163 163 13 124 124 124 124 177 177 177 177 177 68 68 68 68 68 240 228 168 168 168 
168 168 168 79 180 180 180 13 13 13 13 13 13 177 177 177 177 177 177 177 68 68 68 228 228 228 228 168 168 
168 168 29 29 180 180 180 13 13 13 13 13 13 13 177 177 177 177 177 177 68 218 218 228 228 228 228 228 228 
29 29 29 29 180 180 180 13 13 13 13 13 13 153 153 153 153 177 177 61 61 218 218 218 228 228 228 228 228 
38 29 29 29 180 180 180 13 13 13 13 13 13 153 153 153 153 153 153 61 61 61 218 218 228 228 228 228 228 
38 38 38 38 180 180 180 13 13 13 13 13 241 153 153 153 153 153 153 61 61 61 61 61 228 228 228 228 228 
38 38 38 38 38 180 213 13 13 13 13 241 241 153 153 153 153 153 61 61 61 61 61 61 61 228 228 228 38 
38 38 38 38 213 213 213 213 165 165 241 241 241 241 241 33 33 33 15 15 15 15 15 15 15 151 151 151 38 
38 38 38 213 213 213 213 213 5 5 241 241 241 241 241 33 33 33 33 15 15 15 15 15 15 151 151 151 38 
74 74 38 213 213 213 213 213 5 5 5 241 241 241 241 33 33 33 80 80 80 80 80 80 80 80 151 151 38 
74 74 74 213 213 213 213 5 5 5 5 241 241 241 241 33 33 33 80 80 80 80 80 80 80 80 80 74 74 
74 74 74 74 213 213 5 5 5 5 5 6 241 241 241 33 33 33 80 80 80 80 80 80 216 216 216 74 74 
74 74 74 74 74 5 5 5 5 5 6 6 6 6 159 159 159 159 80 80 80 80 80 216 216 216 216 216 74 
74 74 74 74 102 102 5 5 5 5 6 6 6 6 159 159 159 159 80 80 80 80 216 216 216 216 216 216 74 
74 74 74 66 102 102 102 102 5 6 84 84 84 84 159 159 159 159 159 152 152 152 216 216 216 216 216 216 30 
233 233 233 102 102 66 66 66 66 84 84 84 84 84 3 3 159 159 175 152 152 152 152 78 78 216 216 216 30 
233 233 233 128 102 66 66 66 66 84 84 84 84 84 3 3 3 3 3 152 152 152 152 78 78 78 78 233 233 
233 233 233 128 128 128 66 66 122 122 122 122 122 3 3 3 3 3 3 152 242 242 242 242 78 78 233 233 233 
233 233 233 128 128 128 128 128 234 122 122 122 122 19 3 3 3 3 3 47 242 242 242 242 242 36 36 233 233 
233 233 233 128 128 128 73 234 234 19 19 19 19 19 3 3 3 3 47 47 47 242 242 127 127 77 77 36 233 
233 233 233 73 73 73 73 234 234 234 19 19 19 19 19 60 60 60 57 57 57 57 127 127 127 77 77 77 77 
77 232 73 73 73 73 73 234 234 234 234 234 19 19 60 60 60 60 60 57 57 127 127 127 127 127 77 77 77 
77 79 79 73 73 73 73 234 234 234 234 234 234 234 60 60 60 60 60 60 57 127 127 127 127 127 77 77 77 
79 79 79 79 79 73 73 49 49 49 49 49 49 49 60 60 60 60 60 60 57 127 127 127 127 160 160 77 77 
79 79 79 79 79 79 49 49 49 49 49 49 124 124 212 60 60 60 60 60 57 57 127 127 160 160 160 160 77 
79 79 79 79 79 79 163 49 49 49 49 124 124 124 212 212 212 60 60 60 57 160 160 160 160 160 160 160 168 
79 79 79 79 79 79 163 163 49 49 49 124 124 124 212 212 212 212 60 60 68 68 160 160 160 160 160 168 168 
168 79 79 79 79 79 163 163 163 49 124 124 124 124 212 212 212 177 177 177 68 68 68 160 160 160 160 168 168 
168 79 79 79 79 79 163 163 163 124 124 124 124 124 212 177 177 177 177 177 68 68 68 68 240 160 168 168 168 
168 168 79 79 79 79 180 163 163 13 124 124 124 177 177 177 177 177 177 177 68 68 240 240 240 240 168 168 168 
168 168 29 29 180 180 180 180 13 13 13 13 124 177 177 177 177 177 177 177 177 240 240 240 240 240 228 168 168 
168 29 29 29 180 180 180 180 180 148 13 13 13 177 177 177 177 177 177 155 155 155 240 240 228 228 228 228 168 
29 29 29 29 180 180 180 180 148 148 148 148 148 153 153 153 153 177 155 155 61 61 61 61 228 228 228 228 228 
38 29 29 29 180 180 180 180 148 148 148 148 148 153 153 153 153 153 155 61 61 61 61 61 228 228 228 228 228 
38 38 38 38 29 180 180 148 148 148 148 148 148 153 153 153 153 153 155 61 61 61 61 61 228 228 228 228 38 
38 38 38 38 38 38 180 148 148 148 148 148 241 153 153 153 153 153 153 61 61 61 61 61 61 151 151 151 38 
38 38 38 38 38 213 213 165 165 165 165 241 241 241 241 153 153 153 15 15 15 15 15 15 151 151 151 151 38 
38 38 38 38 213 213 213 213 165 165 241 241 241 241 241 241 33 33 80 15 15 15 15 15 151 151 151 151 38 
38 38 38 38 213 213 213 5 5 186 241 241 241 241 241 241 33 33 80 80 80 80 80 80 80 151 151 151 38 
74 74 74 157 213 213 213 5 5 5 5 241 241 241 241 241 33 33 80 80 80 80 80 80 80 80 151 151 38 
74 74 74 157 157 213 5 5 5 5 5 6 241 241 241 159 159 80 80 80 80 80 80 80 80 80 80 74 74 
74 74 157 157 157 157 5 5 5 5 6 6 6 6 159 159 159 159 80 80 80 80 80 80 216 216 216 216 74 
30 30 30 30 102 102 102 5 5 6 6 6 6 6 159 159 159 159 80 80 80 80 80 216 216 216 216 30 30 
30 30 30 102 102 102 102 102 5 6 6 84 84 84 159 159 159 159 175 152 152 152 152 216 216 216 216 30 30 
30 30 30 102 102 102 102 102 102 84 84 84 84 84 159 159 159 159 175 152 152 152 152 152 216 216 216 30 30 
233 233 233 128 128 102 102 102 102 84 84 84 84 84 3 3 3 175 175 152 152 152 152 152 152 152 30 30 233 
233 233 233 128 128 128 102 102 84 84 84 84 84 84 3 3 3 47 47 242 242 242 242 242 242 242 36 36 233 
233 233 233 128 128 128 128 234 234 19 19 19 19 19 3 3 3 47 47 47 242 242 242 242 242 36 36 36 233 
233 233 233 128 128 128 128 234 234 19 19 19 19 19 3 3 60 47 47 47 47 242 242 127 127 127 36 36 36 
233 233 233 128 73 73 73 234 234 234 19 19 19 19 19 60 60 60 60 47 47 47 127 127 127 127 36 36 36 
232 232 232 73 73 73 234 234 234 234 234 234 234 234 60 60 60 60 60 47 47 47 127 127 127 127 36 36 36 
232 232 79 73 73 73 234 234 234 234 234 234 234 234 60 60 60 60 60 60 47 127 127 127 127 160 160 160 36 
79 79 79 79 79 79 49 49 49 49 49 49 49 49 40 60 60 60 60 60 60 127 127 127 160 160 160 160 160 
79 79 79 79 79 79 49 49 49 49 49 49 49 212 212 212 60 60 60 60 60 160 160 160 160 160 160 160 160 
79 79 79 79 79 79 79 49 49 49 49 49 49 212 212 212 212 212 60 60 160 160 160 160 160 160 160 160 160 
79 79 79 79 79 79 79 49 49 49 49 49 124 212 212 212 212 212 212 177 160 160 160 160 160 160 160 160 168 
79 79 79 79 79 79 79 49 49 49 49 124 124 212 212 212 212 177 177 177 177 68 160 160 160 160 160 160 168 
168 79 79 79 79 79 79 163 49 49 49 124 124 212 212 177 177 177 177 177 177 240 240 240 240 240 160 168 168 
168 79 79 79 79 79 79 163 27 27 27 124 124 177 177 177 177 177 177 177 177 240 240 240 240 240 240 168 168 
168 29 29 29 29 180 180 180 27 148 27 148 177 177 177 177 177 177 177 177 177 240 240 240 240 240 240 158 168 
29 29 29 29 29 180 180 180 148 148 148 148 148 177 177 177 177 177 177 155 155 155 240 240 240 240 240 158 158 
29 29 29 29 29 180 180 148 148 148 148 148 148 177 177 177 177 177 155 155 155 61 61 240 240 240 228 228 158 
38 29 29 29 29 180 180 148 148 148 148 148 148 153 153 153 153 155 155 155 61 61 61 61 61 228 228 228 38 
38 38 38 38 29 180 180 148 148 148 148 148 148 153 153 153 153 153 155 61 61 61 61 61 61 151 151 151 38 
38 38 38 38 38 38 148 148 148 148 148 148 241 241 153 153 153 153 155 61 61 61 61 61 151 151 151 151 38 
38 38 38 38 38 71 71 165 165 165 165 241 241 241 241 241 153 153 15 15 15 15 15 15 151 151 151 151 38 
38 38 38 38 71 71 71 71 165 165 165 241 241 241 241 241 241 241 80 15 15 15 15 15 151 151 151 151 38 
38 38 38 38 71 71 71 186 186 186 186 241 241 241 241 241 241 241 80 80 80 80 80 80 151 151 151 151 38 
38 38 157 157 157 71 71 5 186 186 186 241 241 241 241 241 241 171 80 80 80 80 80 80 80 151 151 151 38 
38 157 157 157 157 157 41 5 5 5 6 6 241 241 241 159 159 171 80 80 80 80 80 80 80 80 80 151 38 
30 157 157 157 157 157 41 5 5 6 6 6 6 6 159 159 159 159 80 80 80 80 80 80 80 80 80 30 30 
30 30 30 30 157 102 102 102 5 6 6 6 6 6 159 159 159 159 175 80 80 80 80 80 216 216 216 30 30 
30 30 30 30 102 102 102 102 102 6 6 84 84 84 159 159 159 159 175 175 175 152 152 152 216 216 30 30 30 
30 30 30 30 102 102 102 102 102 84 84 84 84 84 159 159 159 175 175 175 175 152 152 152 216 216 83 30 30 
30 30 30 128 128 102 102 102 102 84 84 84 84 84 84 159 159 175 175 175 175 152 152 152 152 152 30 30 30 
233 233 233 128 128 128 102 102 102 84 84 84 84 84 3 3 3 47 47 175 242 242 242 152 152 36 36 36 233 
233 233 233 128 128 128 102 219 219 19 19 19 19 19 19 3 3 47 47 47 47 242 242 242 242 36 36 36 36 
233 233 233 128 128 128 219 219 234 19 19 19 19 19 19 60 60 47 47 47 47 47 242 127 127 36 36 36 36 
36 36 233 128 128 73 234 234 234 234 19 19 19 19 60 60 60 60 47 47 47 47 127 127 127 36 36 36 36 
232 232 232 232 73 73 234 234 234 234 234 234 234 234 60 60 60 60 47 47 47 47 127 127 127 160 36 36 36 
232 232 43 79 214 214 214 234 234 234 234 49 49 40 40 60 60 60 60 60 47 47 160 160 160 160 160 160 36 
43 43 79 79 214 214 214 49 49 49 49 49 49 40 40 40 60 60 60 60 60 160 160 160 160 160 160 160 160 
43 43 79 79 214 214 214 49 49 49 49 49 49 40 40 40 40 60 60 60 160 160 160 160 160 160 160 160 160 
43 79 79 79 79 214 214 49 49 49 49 49 49 212 212 212 212 212 212 60 160 160 160 160 160 160 160 160 160 
43 79 79 79 79 79 79 49 49 49 49 49 49 212 212 212 212 212 212 177 160 160 160 160 160 160 160 160 160 
79 79 79 79 79 79 79 27 27 27 27 27 212 212 212 212 212 177 177 177 177 160 160 160 160 160 160 160 160 
168 79 79 79 79 79 27 27 27 27 27 27 202 212 212 245 177 177 177 177 177 240 240 240 240 240 158 158 158 
158 79 79 29 79 29 27 27 27 27 27 27 202 245 177 177 177 177 177 177 177 240 240 240 240 240 158 158 158 
158 29 29 29 29 29 29 27 27 27 27 27 202 177 177 177 177 177 177 177 177 240 240 240 240 240 158 158 158 
158 29 29 29 29 29 180 148 148 148 148 148 67 177 177 177 177 177 177 155 155 155 240 240 240 240 158 158 158 
29 29 29 29 29 29 180 148 148 148 148 148 67 67 177 177 177 177 155 155 155 155 86 86 86 86 158 158 158 
38 29 29 29 29 29 148 148 148 148 148 148 67 67 67 153 177 155 155 155 155 61 86 86 86 86 86 158 158 
38 38 38 29 29 29 148 148 148 148 148 148 67 67 67 153 153 153 155 155 155 61 61 86 86 86 151 151 38 
38 38 38 38 38 38 148 148 148 148 148 148 67 67 67 153 153 153 155 61 61 61 61 61 151 151 151 151 38 
38 38 38 38 38 71 71 165 165 165 165 165 241 241 241 241 153 171 46 46 15 15 15 15 151 151 151 151 38 
38 38 38 38 71 71 71 71 165 165 165 165 241 241 241 241 241 171 171 46 46 46 46 151 151 151 151 151 38 
38 38 38 38 71 71 71 186 186 186 186 186 241 241 241 241 171 171 171 80 46 46 46 80 151 151 151 151 38 
38 157 157 157 157 71 71 41 186 186 186 241 241 241 241 241 171 171 171 80 80 80 80 80 80 151 151 151 38 
38 157 157 157 157 41 41 41 186 186 186 6 241 241 241 171 171 171 171 80 80 80 80 80 80 80 151 151 38 
30 157 157 157 157 41 41 41 41 6 6 6 6 6 159 159 171 171 171 80 80 80 80 80 80 80 80 83 30 
30 30 30 157 41 41 41 41 6 6 6 6 6 6 159 159 159 171 175 175 175 80 80 80 80 80 83 83 30 
30 30 30 30 30 102 102 102 102 6 84 84 84 84 159 159 159 175 175 175 175 175 152 152 216 83 83 83 30 
30 30 30 30 30 102 102 102 84 84 84 84 84 84 159 159 159 175 175 175 175 175 152 152 152 83 83 83 30 
30 30 30 30 30 102 102 102 102 84 84 84 84 84 84 159 175 175 175 175 175 152 152 152 152 83 83 30 30 
30 30 30 30 128 128 102 102 219 219 219 84 84 84 230 3 47 47 47 47 47 242 242 152 152 36 36 36 30 
30 233 30 30 128 128 219 219 219 219 219 19 19 19 230 230 47 47 47 47 47 47 242 91 91 36 36 36 36 
36 233 30 128 128 219 219 219 219 219 219 19 19 19 230 60 60 47 47 47 47 47 47 91 91 36 36 36 36 
232 232 232 128 128 73 219 219 219 219 219 19 19 230 230 60 60 47 47 47 47 47 127 127 127 36 36 36 36 
232 232 232 232 221 221 221 219 219 219 219 219 230 230 230 40 60 60 47 47 47 47 160 160 160 160 36 36 232 
232 232 43 43 214 214 214 214 49 49 49 49 49 40 40 40 40 60 60 60 47 160 160 160 160 160 160 160 43 
43 43 43 214 214 214 214 214 49 49 49 49 49 40 40 40 40 40 60 60 160 160 160 160 160 160 160 160 43 
43 43 43 214 214 214 214 214 49 49 49 49 49 40 40 40 40 40 40 60 160 160 160 160 160 160 160 160 43 
43 43 43 214 214 214 214 214 49 49 49 49 49 40 40 40 40 212 212 212 160 160 160 160 160 160 160 160 43 
43 43 43 79 214 214 214 214 27 27 27 49 202 212 212 212 212 212 212 177 160 160 160 160 160 160 160 160 43 
43 43 79 79 79 79 214 27 27 27 27 27 202 245 245 245 245 245 177 177 177 160 160 160 160 160 160 160 158 
42 79 79 79 79 79 27 27 27 27 27 27 202 245 245 245 245 177 177 177 177 240 240 240 240 158 158 158 158 
158 158 42 29 29 29 27 27 27 27 27 27 202 245 245 245 177 177 177 177 177 240 240 240 240 158 158 158 158 
158 29 29 29 29 29 29 27 27 27 27 27 202 245 177 177 177 177 177 177 177 240 240 240 240 158 158 158 158 
158 29 29 29 29 29 29 28 148 148 148 148 67 67 177 177 177 177 177 155 155 86 86 86 86 86 158 158 158 
158 29 29 29 29 29 29 148 148 148 148 148 67 67 177 177 177 146 155 155 155 86 86 86 86 86 158 158 158 
44 29 29 29 29 29 148 148 148 148 148 148 67 67 67 67 146 146 155 155 155 86 86 86 86 86 86 158 158 
38 38 38 44 44 44 148 148 148 148 148 148 67 67 67 67 67 146 155 155 155 86 86 86 86 86 86 151 38 
38 38 38 38 44 44 148 148 148 148 148 148 67 67 67 67 67 67 155 155 155 46 86 86 151 151 151 151 38 
38 38 38 38 38 44 71 148 165 165 165 165 67 67 67 67 67 206 46 46 46 46 46 46 151 151 151 151 38 
38 38 38 38 71 71 71 71 165 165 165 165 241 241 241 241 171 171 171 46 46 46 46 46 151 151 151 151 38 
38 38 38 38 71 71 71 41 186 186 186 186 241 241 241 171 171 171 171 46 46 46 46 46 151 151 151 151 38 
38 38 157 157 41 41 41 41 186 186 186 186 241 241 171 171 171 171 171 171 46 46 46 46 151 151 151 239 239 
38 157 157 157 41 41 41 41 41 186 186 186 241 241 171 171 171 171 171 171 80 46 80 80 80 151 151 239 239 
30 157 157 157 41 41 41 41 41 41 6 6 6 6 171 171 171 171 171 171 80 80 80 80 80 80 83 83 30 
30 30 30 41 41 41 41 41 41 6 6 6 6 6 159 171 171 171 171 175 175 80 80 80 80 83 83 83 30 
30 30 30 30 41 41 41 41 81 6 84 84 84 238 159 171 171 175 175 175 175 175 175 152 83 83 83 83 83 
30 30 30 30 30 30 41 81 81 84 84 84 84 84 238 238 175 175 175 175 175 175 175 152 83 83 83 83 83 
30 30 30 30 30 30 102 81 81 219 84 84 84 238 238 238 175 175 175 175 175 175 175 152 152 83 83 83 30 
30 30 30 30 30 30 102 219 219 219 219 219 230 230 230 238 224 47 47 47 47 47 91 91 91 36 36 36 30 
30 30 30 30 30 219 219 219 219 219 219 8 8 230 230 230 224 47 47 47 47 47 91 91 91 36 36 36 36 
232 232 232 232 232 219 219 219 219 219 219 8 8 230 230 230 224 47 47 47 47 47 91 91 91 36 36 36 36 
232 232 232 232 232 221 219 219 219 219 219 8 8 230 230 230 60 47 47 47 47 47 91 91 91 36 36 36 232 
232 232 232 221 221 221 221 219 219 219 219 219 230 230 230 40 224 224 224 47 47 47 91 91 91 91 36 36 232 
43 43 43 43 214 221 221 221 219 49 49 219 230 230 40 40 40 40 40 47 47 160 160 160 160 160 160 43 43 
43 43 43 43 214 214 214 214 49 49 49 49 40 40 40 40 40 40 40 40 160 160 160 160 160 160 160 43 43 
43 43 43 43 214 214 214 214 49 49 49 49 40 40 40 40 40 40 40 40 160 160 160 160 160 160 160 43 43 
43 43 43 43 214 214 214 214 214 49 49 49 202 40 40 40 40 40 40 40 160 160 160 160 160 160 160 43 43 
43 43 43 43 214 214 214 214 27 27 27 27 202 202 40 40 40 40 40 121 121 160 160 160 160 64 64 64 43 
43 43 43 43 214 214 214 27 27 27 27 27 202 202 245 245 245 245 177 177 177 160 160 160 64 64 64 64 43 
42 42 42 42 214 99 99 27 27 27 27 27 202 202 245 245 245 245 177 177 177 240 240 240 64 64 158 158 158 
42 42 42 42 29 28 99 27 27 27 27 27 202 202 245 245 245 177 177 177 177 86 86 240 240 158 158 158 158 
158 42 42 29 29 28 28 28 27 27 27 27 202 202 245 245 177 177 177 177 177 86 86 86 86 158 158 158 158 
158 42 29 29 29 28 28 28 28 148 27 27 202 202 177 177 177 146 177 177 155 86 86 86 86 86 158 158 158 
158 29 29 29 28 28 28 28 148 148 148 148 67 67 67 177 146 146 146 155 155 86 86 86 86 86 158 158 158 
44 44 44 44 44 28 28 148 148 148 148 67 67 67 67 67 146 146 146 155 155 86 86 86 86 86 86 86 158 
44 44 44 44 44 44 44 148 148 148 148 67 67 67 67 67 67 146 155 155 155 86 86 86 86 86 86 86 38 
38 44 44 44 44 44 44 148 148 148 148 67 67 67 67 67 67 206 206 155 46 46 86 86 86 151 151 151 38 
38 38 44 44 44 44 44 148 165 165 165 165 67 67 67 67 67 206 206 46 46 46 46 46 151 151 151 239 38 
38 38 38 44 44 41 41 41 227 227 227 227 67 67 67 171 171 171 171 46 46 46 46 46 151 151 151 239 239 
38 38 38 41 41 41 41 41 227 227 227 227 241 241 171 171 171 171 171 46 46 46 46 46 151 151 239 239 239 
239 38 41 41 41 41 41 41 41 227 227 227 241 241 171 171 171 171 171 171 46 46 46 46 46 239 239 239 239 
239 157 41 41 41 41 41 41 41 227 227 227 241 171 171 171 171 171 171 171 46 46 46 46 46 239 239 239 239 
30 157 41 41 41 41 41 41 41 41 227 6 238 171 171 171 171 171 171 171 171 46 46 46 46 239 239 239 239 
30 30 30 41 41 41 41 41 81 81 81 238 238 238 238 171 171 171 171 171 171 46 80 80 83 83 83 83 83 
30 30 30 30 41 41 81 81 81 81 81 238 238 238 238 238 171 171 175 175 175 175 175 83 83 83 83 83 83 
30 30 30 30 30 81 81 81 81 81 81 238 238 238 238 238 238 175 175 175 175 175 175 91 83 83 83 83 83 
30 30 30 30 30 81 81 81 81 81 219 238 238 238 238 238 238 175 175 175 175 175 91 91 59 83 83 83 83 
30 30 30 30 30 81 81 219 219 219 219 219 230 230 230 238 224 224 47 47 47 91 91 91 91 59 83 83 83 
30 30 30 30 144 81 219 219 219 219 219 8 230 230 230 230 224 224 47 47 47 91 91 91 91 91 36 36 36 
232 232 232 144 144 219 219 219 219 219 219 8 8 230 230 189 224 224 224 47 47 91 91 91 91 91 36 36 232 
232 232 232 232 221 221 219 219 219 219 219 8 8 230 230 230 224 224 224 47 47 91 91 91 91 91 36 232 232 
232 232 232 221 221 221 221 221 219 219 219 230 230 230 230 230 224 224 224 224 224 91 91 91 91 91 91 232 232 
43 43 43 221 221 221 221 221 221 219 219 230 230 230 40 40 40 224 224 224 224 91 91 91 160 160 160 43 43 
43 43 43 43 214 214 214 214 214 49 49 49 40 40 40 40 40 40 40 40 121 121 160 160 160 160 160 43 43 
43 43 43 43 214 214 214 214 214 49 49 49 40 40 40 40 40 40 40 40 121 121 160 160 160 64 64 43 43 
43 43 43 43 214 214 214 214 214 161 27 202 202 40 40 40 40 40 40 121 121 121 160 160 64 64 64 64 43 
43 43 43 43 214 214 214 214 27 27 27 202 202 202 40 40 40 40 121 121 121 121 160 64 64 64 64 64 43 
43 43 43 43 214 214 99 27 27 27 27 202 202 202 245 245 245 245 245 121 121 121 121 64 64 64 64 64 64 
42 42 42 42 42 99 99 27 27 27 27 202 202 202 202 245 245 245 177 177 177 121 86 64 64 64 64 158 42 
42 42 42 42 42 99 99 27 27 27 27 27 202 202 202 245 245 177 177 177 177 86 86 86 86 158 158 158 158 
42 42 42 42 28 28 28 28 27 27 27 27 202 202 202 245 177 177 177 177 177 86 86 86 86 158 158 158 158 
42 42 42 42 28 28 28 28 28 27 27 27 202 202 177 177 146 146 146 177 131 86 86 86 86 86 158 158 158 
42 42 44 28 28 28 28 28 28 148 148 67 67 67 67 177 146 146 146 131 131 86 86 86 86 86 158 158 158 
44 44 44 44 44 28 28 28 148 148 148 67 67 67 67 67 146 146 146 146 131 86 86 86 86 86 86 86 158 
44 44 44 44 44 44 44 28 148 148 148 67 67 67 67 67 67 206 206 206 206 86 86 86 86 86 86 239 239 
44 44 44 44 44 44 44 44 148 148 148 67 67 67 67 67 206 206 206 206 206 206 86 86 86 86 239 239 239 
44 44 44 44 44 44 44 227 227 227 227 55 67 67 67 67 206 206 206 206 46 46 46 46 46 239 239 239 239 
239 44 44 44 44 44 41 227 227 227 227 227 227 67 67 171 206 206 206 46 46 46 46 46 239 239 239 239 239 
239 239 41 41 41 41 41 227 227 227 227 227 227 227 171 171 171 171 171 46 46 46 46 46 239 239 239 239 239 
239 239 41 41 41 41 41 41 227 227 227 227 227 171 171 171 171 171 171 171 46 46 46 46 46 239 239 239 239 
239 239 41 41 41 41 41 41 227 227 227 227 227 171 171 171 171 171 171 171 46 46 46 46 46 239 239 239 239 
239 41 41 41 41 41 41 96 96 96 227 227 238 238 171 171 171 171 171 171 171 46 46 46 46 239 239 239 239 
30 30 41 41 41 41 41 81 81 81 81 238 238 238 238 238 171 171 171 171 171 46 46 46 83 83 83 83 83 
30 30 30 41 41 81 81 81 81 81 81 238 238 238 238 238 238 171 171 171 175 175 175 91 83 83 83 83 83 
83 30 30 30 41 81 81 81 81 81 81 238 238 238 238 238 238 238 175 175 175 175 91 91 59 83 83 83 83 
83 30 30 30 123 81 81 81 81 81 81 238 238 238 238 238 238 224 224 175 175 91 91 91 59 59 83 83 83 
30 30 30 123 123 81 81 81 219 219 219 230 230 230 230 238 224 224 224 224 224 91 91 91 59 59 59 83 83 
232 144 144 144 144 81 81 219 219 219 219 230 230 230 230 189 224 224 224 224 91 91 91 91 91 59 59 59 232 
232 232 232 144 144 144 219 219 219 219 219 8 230 230 230 189 224 224 224 224 91 91 91 91 91 91 91 232 232 
232 232 232 144 221 221 221 219 219 219 219 8 230 230 230 189 224 224 224 224 91 91 91 91 91 91 91 232 232 
232 232 232 221 221 221 221 221 219 219 219 230 230 230 230 189 224 224 224 224 224 91 91 91 91 91 91 232 232 
43 43 43 221 221 221 221 221 221 219 219 230 230 230 105 105 105 224 224 224 224 91 91 91 91 91 91 43 43 
43 43 43 43 221 221 221 221 221 161 161 230 230 40 40 40 40 40 224 224 121 121 91 25 25 25 25 43 43 
43 43 43 43 214 214 214 214 161 161 161 161 40 40 40 40 40 40 40 121 121 121 121 64 64 64 64 43 43 
43 43 43 43 214 214 214 214 161 161 161 202 202 40 40 40 40 40 121 121 121 121 121 64 64 64 64 64 43 
43 43 43 43 214 214 214 99 161 161 161 202 202 202 202 40 40 40 121 121 121 121 121 64 64 64 64 64 43 
43 43 43 43 99 99 99 99 27 27 27 202 202 202 202 202 245 245 245 121 121 121 121 64 64 64 64 64 64 
42 42 42 42 99 99 99 99 99 27 27 202 202 202 202 202 245 245 194 194 121 121 121 64 64 64 64 64 42 
42 42 42 42 99 99 99 99 99 27 27 202 202 202 202 202 245 194 194 194 194 194 86 86 112 135 135 158 42 
42 42 42 42 28 28 28 99 99 27 27 202 202 202 202 202 202 194 194 194 194 131 86 86 135 135 135 158 42 
42 42 42 42 28 28 28 28 99 27 27 202 202 202 202 202 146 146 194 131 131 131 86 86 86 135 135 158 42 
42 42 42 28 28 28 28 28 28 28 76 76 76 76 76 76 146 146 146 131 131 131 86 86 86 86 135 158 42 
44 44 44 44 28 28 28 28 28 28 76 76 76 76 76 76 146 206 206 131 131 131 86 86 86 86 86 86 42 
44 44 44 44 44 44 28 28 28 148 55 76 76 76 76 76 206 206 206 206 206 181 86 86 86 86 86 239 239 
44 44 44 44 44 44 44 44 227 55 55 55 76 76 76 76 206 206 206 206 206 206 206 86 86 239 239 239 239 
44 44 44 44 44 44 44 227 227 227 55 55 55 76 76 76 206 206 206 206 206 206 46 46 239 239 239 239 239 
239 44 44 44 44 44 44 227 227 227 227 55 55 55 55 206 206 206 206 206 206 46 46 46 239 239 239 239 239 
239 239 239 41 41 41 41 227 227 227 227 227 55 55 171 171 171 206 206 206 46 46 46 46 239 239 239 239 239 
239 239 41 41 41 41 41 227 227 227 227 227 227 227 171 171 171 171 171 206 46 46 46 46 239 239 239 239 239 
239 239 41 41 41 41 41 96 227 227 227 227 227 171 171 171 171 171 171 171 46 46 46 46 239 239 239 239 239 
239 239 41 41 41 41 96 96 96 96 227 227 238 238 142 142 171 171 171 171 171 46 46 46 239 239 65 65 239 
65 65 41 41 41 41 96 96 81 81 81 238 238 238 238 142 142 171 171 171 171 46 46 103 103 65 65 65 65 
65 123 123 108 108 81 81 81 81 81 81 238 238 238 238 238 238 238 171 171 175 175 103 103 59 59 65 65 65 
83 123 123 123 108 81 81 81 81 81 81 238 238 238 238 238 238 238 224 224 175 91 91 91 59 59 83 83 83 
123 123 123 123 123 81 81 81 81 81 81 238 238 238 238 238 238 224 224 224 91 91 91 91 59 59 59 83 83 
123 123 123 123 123 81 81 81 81 81 219 230 230 230 238 238 224 224 224 224 91 91 91 91 59 59 59 59 59 
232 144 144 144 144 144 81 81 219 219 219 230 230 230 230 189 224 224 224 224 91 91 91 91 91 59 59 59 232 
232 144 144 144 144 144 144 219 219 219 219 230 230 230 230 189 224 224 224 224 91 91 91 91 91 91 91 91 232 
232 232 144 144 144 221 221 219 219 219 219 230 230 230 230 189 224 224 224 224 91 91 91 91 91 91 91 232 232 
232 144 144 144 221 221 221 221 221 219 230 230 230 230 105 105 105 224 224 224 224 91 91 91 91 91 91 232 232 
43 43 140 221 221 221 221 221 221 161 161 230 230 105 105 105 105 105 224 224 224 91 91 91 25 25 25 25 43 
140 140 140 140 221 221 221 221 161 161 161 196 196 105 105 105 105 105 105 121 121 121 121 25 25 25 25 25 140 
140 140 140 140 221 221 221 161 161 161 161 161 196 105 105 105 105 105 121 121 121 121 121 25 25 25 25 25 140 
140 140 140 43 43 221 221 161 161 161 161 161 196 202 105 105 105 105 121 121 121 121 121 121 64 64 64 64 140 
140 43 43 43 99 99 99 99 161 161 161 202 202 202 202 202 202 121 121 121 121 121 121 121 64 64 64 64 64 
140 43 43 99 99 99 99 99 99 161 161 202 202 202 202 202 202 194 194 121 121 121 121 121 64 64 64 64 64 
42 42 42 42 99 99 99 99 99 99 99 202 202 202 202 202 202 194 194 194 121 121 121 121 64 135 135 135 42 
42 42 42 42 99 99 99 99 99 99 99 202 202 202 202 202 202 194 194 194 194 194 194 135 112 135 135 135 42 
42 42 42 42 28 28 99 99 99 99 99 202 202 202 202 202 202 194 194 194 194 131 131 135 135 135 135 135 42 
42 42 42 42 28 28 28 28 99 99 85 85 202 202 202 202 134 194 194 194 131 131 131 131 135 135 135 135 42 
42 42 42 28 28 28 28 28 28 28 85 76 76 76 76 76 146 146 131 131 131 131 131 131 135 135 135 135 42 
44 44 44 44 28 28 28 28 28 55 55 76 76 76 76 76 206 206 206 131 131 131 131 131 86 86 135 135 42 
44 44 44 44 44 28 28 28 28 55 55 55 76 76 76 76 206 206 206 206 181 181 181 181 86 86 239 239 239 
44 44 44 44 44 44 44 44 12 55 55 55 55 76 76 76 206 206 206 206 206 181 181 181 181 239 239 239 239 
239 44 44 44 44 44 44 227 227 55 55 55 55 55 76 206 206 206 206 206 206 206 206 206 239 239 239 239 239 
239 32 44 44 44 44 179 227 227 227 55 55 55 55 55 206 206 206 206 206 206 206 206 206 239 239 239 239 239 
239 32 32 32 41 41 117 227 227 227 227 55 55 55 55 162 206 206 206 206 206 206 206 206 239 239 239 239 239 
239 239 32 41 41 41 117 227 227 227 227 227 227 55 142 171 206 206 206 206 206 206 206 46 239 239 239 239 239 
239 239 41 41 41 41 96 96 227 227 227 227 227 142 142 142 142 171 171 206 206 206 46 103 103 239 239 239 239 
65 65 41 41 41 96 96 96 96 96 227 227 238 142 142 142 142 142 171 171 171 103 103 103 103 65 65 65 65 
65 65 108 108 108 108 96 96 81 81 81 238 238 238 142 142 142 142 142 203 109 103 103 103 103 65 65 65 65 
65 123 108 108 108 108 108 81 81 81 81 238 238 238 238 142 142 142 109 109 109 109 103 103 103 65 65 65 65 
123 123 123 123 108 108 108 81 81 81 81 238 238 238 238 238 238 238 109 109 109 109 91 91 59 59 65 65 65 
123 123 123 123 123 108 108 81 81 81 81 238 238 238 238 238 238 224 224 109 109 91 91 91 59 59 59 59 65 
123 123 123 123 123 123 81 81 81 81 230 230 230 230 238 238 224 224 224 224 224 91 91 91 59 59 59 59 59 
144 144 144 144 144 144 81 81 81 219 230 230 230 230 230 189 224 224 224 224 91 91 91 91 91 59 59 59 59 
144 144 144 144 144 144 144 81 219 219 230 230 230 230 230 189 224 224 224 224 91 91 91 91 91 91 91 91 232 
144 144 144 144 144 144 221 221 219 219 230 230 230 230 230 189 224 224 224 224 91 91 91 91 91 91 91 91 232 
140 144 144 144 144 221 221 221 221 219 196 230 230 230 105 105 105 105 224 224 224 91 91 91 91 91 25 25 232 
140 140 140 144 221 221 221 221 161 161 196 196 230 105 105 105 105 105 105 24 24 126 126 126 25 25 25 25 140 
140 140 140 140 221 221 221 161 161 161 196 196 196 105 105 105 105 105 105 121 121 121 126 25 25 25 25 25 140 
140 140 140 140 221 221 221 161 161 161 161 196 196 196 105 105 105 105 121 121 121 121 121 25 25 25 25 25 140 
140 140 140 140 140 99 99 161 161 161 161 196 196 196 105 105 105 105 121 121 121 121 121 121 25 25 25 237 140 
140 140 140 140 99 99 99 161 161 161 161 161 202 202 202 149 149 149 121 121 121 121 121 121 64 64 64 237 237 
140 140 140 99 99 99 99 99 99 161 161 161 202 202 202 149 149 149 194 121 121 121 121 121 64 64 64 64 237 
42 42 42 99 99 99 99 99 99 99 85 85 202 202 202 149 149 149 194 194 121 121 121 121 135 135 135 135 135 
42 42 42 42 99 99 99 99 99 99 85 85 85 202 202 202 149 194 194 194 194 194 194 135 135 135 135 135 42 
42 42 42 42 99 99 99 99 99 99 85 85 85 202 202 202 134 194 194 194 194 131 131 135 135 112 135 135 42 
42 42 42 42 28 28 28 99 99 99 85 85 85 85 202 134 134 134 194 194 131 131 131 131 135 135 135 135 42 
42 42 42 28 28 28 28 28 12 12 85 85 85 85 76 134 134 134 194 131 131 131 131 131 135 135 135 135 42 
44 44 44 44 28 28 28 12 12 12 55 182 76 76 76 134 134 206 206 131 131 131 131 131 131 135 135 135 42 
44 44 44 44 44 28 12 12 12 12 55 55 55 76 76 206 206 206 206 206 181 181 181 181 181 135 135 239 69 
32 32 44 44 44 179 12 12 12 55 55 55 55 55 55 206 206 206 206 206 206 181 181 181 181 239 239 239 239 
32 32 32 44 179 179 179 12 227 55 55 55 55 55 55 206 206 206 206 156 206 206 206 206 239 239 239 239 239 
32 32 32 32 179 179 179 117 227 55 55 55 55 55 55 162 162 206 206 206 206 206 206 206 239 239 239 239 239 
32 32 32 32 179 179 117 117 117 227 55 55 55 55 55 162 162 162 206 206 206 206 206 206 239 239 239 239 239 
32 32 32 32 117 117 117 117 117 117 227 227 55 55 142 162 162 162 206 206 206 206 206 103 239 239 239 239 239 
32 32 32 32 117 117 117 117 117 117 227 227 142 142 142 142 142 162 162 206 206 103 103 103 103 65 65 65 239 
65 65 108 108 117 117 117 117 117 117 117 117 142 142 142 142 142 142 203 203 203 103 103 103 103 65 65 65 65 
65 65 108 108 108 108 108 117 117 117 90 90 238 142 142 142 142 142 203 203 109 103 103 103 103 65 65 65 65 
65 65 108 108 108 108 108 108 81 81 90 90 238 238 142 142 142 142 109 109 109 109 103 103 103 65 65 65 65 
65 123 123 123 108 108 108 108 81 81 90 90 238 238 238 238 142 109 109 109 109 109 103 103 103 59 65 65 65 
123 123 123 123 123 108 108 108 81 81 90 90 238 238 238 238 238 109 109 109 109 109 91 91 59 59 59 65 65 
123 123 123 123 123 123 108 108 81 81 90 230 230 230 238 238 224 224 224 109 109 91 91 91 91 59 59 59 59 
144 144 144 144 123 123 123 108 81 219 230 230 230 230 230 230 224 224 224 224 224 91 91 91 91 91 59 59 59 
144 144 144 144 144 144 144 144 219 219 230 230 230 230 230 230 224 224 224 224 91 91 91 91 91 91 91 91 232 
144 144 144 144 144 144 144 144 144 219 230 230 230 230 230 105 224 224 224 224 224 91 91 91 91 91 91 91 232 
187 144 144 144 144 144 144 144 161 161 196 89 172 172 105 105 105 105 24 24 24 126 126 126 126 126 126 126 187 
140 140 140 144 144 144 221 161 161 161 196 196 196 105 105 105 105 105 24 24 24 126 126 126 126 25 25 25 187 
140 140 140 140 140 221 221 161 161 161 196 196 196 196 105 105 105 105 24 24 24 126 126 126 25 25 25 237 237 
140 140 140 140 140 221 161 161 161 161 196 196 196 196 105 105 105 105 24 121 121 121 121 25 25 25 25 237 237 
237 140 140 140 140 99 99 161 161 161 161 196 196 196 196 105 105 105 121 121 121 121 121 121 25 25 25 237 237 
237 140 140 140 99 99 99 161 161 161 161 196 196 149 149 149 149 149 45 121 121 121 121 121 25 25 237 237 237 
237 140 140 99 99 99 99 99 99 161 185 185 196 149 149 149 149 149 149 121 121 121 121 121 82 82 82 82 237 
42 42 42 208 99 99 99 99 99 99 85 85 85 149 149 149 149 149 194 194 121 121 121 121 135 135 82 82 82 
42 42 42 99 99 99 99 99 99 85 85 85 85 85 149 149 149 149 194 194 194 16 16 135 135 135 135 135 82 
42 42 42 42 99 99 99 99 99 85 85 85 85 85 149 149 134 134 194 194 194 16 16 135 135 135 135 135 135 
42 42 42 42 99 99 99 99 99 85 85 85 85 85 85 134 134 134 134 194 131 131 131 16 135 135 112 135 135 
42 42 42 28 28 28 12 12 12 12 85 85 85 85 134 134 134 134 134 131 131 131 131 131 135 135 135 135 135 
32 44 44 44 28 12 12 12 12 12 182 182 182 182 134 134 134 134 134 206 131 131 131 131 131 135 135 135 69 
32 32 44 179 179 12 12 12 12 12 182 182 182 182 182 206 206 206 206 206 181 181 181 181 181 69 69 69 69 
32 32 32 179 179 179 12 12 12 182 182 182 182 182 182 182 206 206 206 206 206 181 181 181 181 69 69 69 69 
32 32 32 179 179 179 179 12 182 182 182 182 182 182 182 162 162 206 206 206 206 206 206 206 69 69 69 69 32 
32 32 32 32 179 179 179 117 117 182 182 182 182 182 182 162 162 162 206 206 206 206 206 206 174 239 69 32 32 
32 32 32 32 179 179 117 117 117 117 182 182 182 182 182 162 162 162 162 206 206 206 206 206 174 239 239 32 32 
32 32 32 32 117 117 117 117 117 117 117 182 182 182 162 162 162 162 162 206 206 206 206 205 205 205 205 32 32 
32 32 32 32 117 117 117 117 117 117 117 117 117 142 142 162 162 162 162 203 203 103 103 103 103 205 205 65 32 
65 32 184 184 117 117 117 117 117 117 117 117 90 142 142 142 142 142 203 203 203 103 103 103 103 103 65 65 65 
65 65 184 108 108 108 117 117 117 117 90 90 90 142 142 142 142 142 203 203 203 103 103 103 103 103 65 65 65 
65 123 108 108 108 108 108 108 117 90 90 90 90 90 142 142 142 109 109 109 109 109 103 103 103 103 65 65 65 
123 123 123 108 108 108 108 108 108 90 90 90 90 90 238 142 142 109 109 109 109 109 103 103 103 103 65 65 65 
123 123 123 123 123 108 108 108 108 90 90 90 90 90 238 142 118 109 109 109 109 109 109 103 103 59 59 65 65 
123 123 123 123 123 123 108 108 108 90 90 90 172 172 172 172 224 109 109 109 109 109 91 52 52 59 59 59 59 
144 144 144 144 144 144 144 108 108 89 90 172 172 172 172 172 172 224 109 109 109 52 52 52 52 52 52 52 52 
144 144 144 144 144 144 144 144 89 89 89 172 172 172 172 172 224 224 224 224 52 52 52 52 52 52 52 52 52 
144 144 144 144 144 144 144 144 89 89 89 172 172 172 172 105 105 224 224 224 52 52 52 52 52 52 52 52 232 
187 187 187 144 144 144 144 144 161 89 89 89 172 172 172 105 105 24 24 24 24 31 126 126 126 126 126 126 187 
187 187 187 187 187 144 221 161 161 196 196 196 196 196 105 105 105 24 24 24 24 31 126 126 126 126 126 237 187 
237 187 187 187 187 187 188 161 161 196 196 196 196 196 105 105 105 24 24 24 24 31 126 126 126 25 237 237 237 
237 140 140 140 140 188 188 161 161 161 196 196 196 196 105 105 105 24 24 24 24 31 126 126 126 25 237 237 237 
237 237 140 140 208 208 185 161 161 161 196 196 196 196 196 149 149 24 24 121 121 121 121 121 25 25 237 237 237 
237 237 140 140 208 208 208 185 185 185 185 185 196 149 149 149 149 149 45 45 121 121 121 121 82 82 82 237 237 
237 237 140 208 208 208 99 99 185 185 185 185 185 149 149 149 149 149 45 45 45 121 121 121 82 82 82 82 82 
116 116 116 208 208 208 99 99 99 185 85 85 85 149 149 149 149 149 45 45 45 45 121 82 82 82 82 82 82 
116 116 116 208 208 208 99 99 99 85 85 85 85 85 149 149 149 149 194 45 45 16 16 16 82 82 82 82 82 
116 116 116 116 208 99 99 99 99 85 85 85 85 85 149 149 149 134 194 194 16 16 16 16 135 135 82 82 116 
116 116 116 116 208 99 99 99 99 85 85 85 85 85 85 134 134 134 134 16 16 16 16 16 135 135 112 112 116 
116 116 116 116 12 12 12 12 12 12 85 85 85 85 85 134 134 134 134 134 16 16 16 16 16 135 112 112 116 
116 116 116 179 179 12 12 12 12 12 182 182 182 182 134 134 134 134 134 134 16 16 16 16 16 69 69 69 69 
69 32 32 179 179 12 12 12 12 12 182 182 182 182 182 134 134 134 206 206 206 181 131 131 69 69 69 69 69 
32 32 32 179 179 179 12 12 12 182 182 182 182 182 182 182 206 206 206 206 206 206 206 206 69 69 69 69 69 
32 32 32 179 179 179 179 12 12 182 182 182 182 182 182 162 162 162 206 206 206 206 206 206 69 69 69 69 69 
32 32 32 32 179 179 179 179 117 182 182 182 182 182 182 162 162 162 162 206 206 206 206 174 174 174 69 69 32 
32 32 32 32 179 179 117 117 117 117 182 182 182 182 182 162 162 162 162 162 206 206 206 174 174 174 205 32 32 
32 32 32 32 117 117 117 117 117 117 117 182 182 182 162 162 162 162 162 162 206 206 103 205 205 205 205 205 32 
32 32 184 184 117 117 117 117 117 117 117 117 117 182 162 162 162 162 162 203 203 103 103 103 205 205 205 205 32 
32 184 184 184 223 117 117 117 117 117 117 117 90 90 142 142 142 203 203 203 203 103 103 103 103 205 205 65 65 
65 184 184 184 223 223 117 117 117 117 90 90 90 90 142 142 142 203 203 203 203 103 103 103 103 103 65 65 65 
65 184 184 184 223 223 223 117 117 90 90 90 90 90 142 142 118 109 109 109 109 109 103 103 103 103 65 65 65 
123 123 123 108 108 108 108 108 108 90 90 90 90 90 90 142 118 109 109 109 109 109 103 103 103 103 103 65 65 
123 123 123 123 123 108 108 108 108 90 90 90 90 90 90 118 118 109 109 109 109 109 109 103 103 103 103 65 65 
123 123 123 123 123 123 108 108 108 90 90 90 90 172 172 172 118 109 109 109 109 109 52 52 52 52 52 52 52 
144 144 144 144 144 144 144 108 89 89 89 89 172 172 172 172 172 109 109 109 109 52 52 52 52 52 52 52 52 
144 144 144 144 144 144 144 144 89 89 89 89 172 172 172 172 172 224 24 109 52 52 52 52 52 52 52 52 52 
187 144 144 144 144 144 144 144 89 89 89 89 172 172 172 172 172 24 24 24 24 52 52 52 52 52 52 52 52 
187 187 187 187 187 187 188 188 188 89 89 89 89 172 172 172 24 24 24 24 24 31 31 126 126 126 154 154 187 
187 187 187 187 187 187 188 188 188 196 196 141 141 141 172 105 24 24 24 24 24 31 31 126 126 126 126 154 187 
187 187 187 187 187 188 188 188 188 196 196 141 141 141 141 105 24 24 24 24 24 31 31 126 126 126 237 237 237 
237 187 187 187 187 188 188 185 185 185 196 141 141 141 141 105 24 24 24 24 24 31 31 126 126 126 237 237 237 
237 237 237 208 208 188 185 185 185 185 185 141 196 196 196 149 149 24 24 24 24 31 31 126 126 25 237 237 237 
237 237 237 208 208 208 208 185 185 185 185 185 185 149 149 149 149 45 45 45 45 45 121 121 82 82 82 237 237 
237 116 116 208 208 208 208 185 185 185 185 185 185 149 149 149 149 45 45 45 45 45 45 82 82 82 82 82 82 
116 116 116 208 208 208 208 208 185 185 185 85 85 149 149 149 149 149 45 45 45 45 45 82 82 82 82 82 82 
116 116 116 208 208 208 208 99 99 85 85 85 85 149 149 149 149 149 45 45 45 45 16 98 82 82 82 82 116 
116 116 116 116 208 208 208 99 99 85 85 85 85 85 149 149 22 22 22 45 16 16 16 16 98 98 98 82 116 
116 116 116 116 208 208 208 12 12 85 85 85 85 85 85 22 22 22 22 16 16 16 16 16 98 98 98 98 116 
116 116 116 116 53 12 12 12 12 12 85 85 85 85 22 22 22 22 22 22 16 16 16 16 16 98 98 69 116 
116 116 116 116 53 12 12 12 12 12 12 182 182 182 22 22 22 22 22 22 16 16 16 16 16 69 69 69 69 
69 69 32 179 179 12 12 12 12 12 182 182 182 182 182 22 22 22 22 206 206 16 16 16 69 69 69 69 69 
69 32 32 179 179 179 12 12 12 182 182 182 182 182 182 182 22 206 206 206 206 206 100 100 69 69 69 69 69 
69 32 32 179 179 179 179 12 12 182 182 182 182 182 182 162 162 162 162 206 206 206 100 100 69 69 69 69 69 
32 32 32 32 179 179 179 179 117 182 182 182 182 182 182 162 162 162 162 162 206 206 100 174 174 174 69 69 69 
32 32 32 32 179 179 117 117 117 117 182 182 182 182 182 162 162 162 162 162 206 206 100 174 174 174 174 69 32 
32 32 32 32 117 117 117 117 117 117 117 182 182 182 162 162 162 162 162 162 206 206 205 205 205 205 205 205 32 
32 32 184 184 223 117 117 117 117 117 117 117 117 182 162 162 162 162 162 203 203 103 103 205 205 205 205 205 205 
32 184 184 184 223 223 117 117 117 117 117 117 90 90 142 162 162 203 203 203 203 103 103 103 205 205 205 205 205 
184 184 184 184 223 223 223 117 117 117 90 90 90 90 142 118 118 118 203 203 203 103 103 103 103 205 205 205 205 
184 184 184 184 223 223 223 223 117 90 90 90 90 90 90 118 118 118 109 109 109 109 103 103 103 103 205 205 205 
184 184 184 184 223 223 223 223 223 90 90 90 90 90 90 118 118 118 109 109 109 109 103 103 103 103 103 103 103 
123 123 184 184 223 223 223 223 90 90 90 90 90 90 90 118 118 118 109 109 109 109 109 103 103 103 103 103 103 
123 123 123 123 123 223 108 108 89 89 89 89 89 172 172 172 118 118 109 109 109 109 52 52 52 52 52 52 235 
144 144 144 144 144 144 58 58 89 89 89 89 89 172 172 172 172 118 109 109 109 52 52 52 52 52 52 52 235 
187 144 144 144 144 144 58 58 89 89 89 89 89 172 172 172 172 24 24 24 24 52 52 52 52 52 52 154 235 
187 187 187 144 144 144 144 89 89 89 89 89 89 172 172 172 172 24 24 24 24 31 52 52 52 52 52 154 154 
187 187 187 187 187 188 188 188 188 89 89 89 89 89 89 24 24 24 24 24 24 31 31 31 126 154 154 154 187 
187 187 187 187 187 188 188 188 188 188 141 141 141 141 141 24 24 24 24 24 24 31 31 31 126 154 154 154 187 
187 187 187 187 187 188 188 188 188 141 141 141 141 141 141 24 24 24 24 24 24 31 31 31 126 154 154 154 187 
187 187 187 187 188 188 188 188 185 185 141 141 141 141 141 141 24 24 24 24 24 31 31 31 126 154 154 237 237 
237 237 187 187 208 188 188 185 185 185 185 141 141 141 141 149 24 24 24 24 24 31 31 31 126 82 237 237 237 
237 237 187 208 208 208 208 185 185 185 185 185 185 185 149 149 45 45 45 45 45 45 45 31 82 82 82 82 237 
116 116 116 208 208 208 208 185 185 185 185 185 185 149 149 149 149 45 45 45 45 45 45 98 82 82 82 82 82 
116 116 116 208 208 208 208 208 185 185 185 185 185 149 149 149 149 45 45 45 45 45 45 98 82 82 82 82 82 
116 116 116 208 208 208 208 208 185 185 85 85 85 149 149 149 149 45 45 45 45 45 16 98 98 98 82 82 116 
116 116 116 116 208 208 208 208 185 85 85 85 85 85 149 22 22 22 22 45 45 16 16 98 98 98 98 98 116 
116 116 116 116 208 208 208 208 12 85 85 85 85 85 22 22 22 22 22 22 16 16 16 16 98 98 98 98 116 
116 116 116 116 53 53 53 12 12 12 85 85 85 22 22 22 22 22 22 22 16 16 16 16 98 98 98 98 116 
116 116 116 53 53 53 53 12 12 12 182 85 182 182 22 22 22 22 22 22 16 16 16 170 170 170 69 69 69 
69 69 69 53 53 53 12 12 12 12 182 182 182 182 56 22 22 22 22 22 22 16 170 170 170 69 69 69 69 
69 69 69 53 53 53 12 12 12 182 182 182 182 182 56 56 56 56 22 22 100 100 100 100 100 69 69 69 69 
69 69 32 179 179 179 179 12 12 182 182 182 182 182 56 56 56 162 162 206 100 100 100 100 100 69 69 69 69 
69 32 32 32 179 179 179 217 217 182 182 182 182 182 56 56 162 162 162 162 100 100 100 100 174 174 69 69 69 
32 32 32 32 179 34 217 217 217 217 182 182 182 182 56 162 162 162 162 162 162 100 100 174 174 174 174 69 69 
32 32 32 184 223 217 217 217 217 217 217 182 182 182 56 162 162 162 162 162 162 205 205 205 205 205 205 205 69 
32 184 184 184 223 223 217 217 217 217 217 217 182 107 107 215 215 215 215 215 215 205 205 205 205 205 205 205 205 
184 184 184 184 223 223 223 217 217 217 217 217 204 107 107 107 215 215 215 203 203 103 103 205 205 205 205 205 205 
184 184 184 184 223 223 223 223 217 217 90 90 204 107 107 107 118 118 118 203 203 103 103 103 205 205 205 205 205 
184 184 184 184 223 223 223 223 223 90 90 90 204 204 107 107 118 118 118 109 109 109 103 103 103 205 205 205 205 
184 184 184 184 223 223 223 223 223 90 90 90 204 204 107 118 118 118 118 109 109 109 103 103 103 103 205 205 205 
184 184 184 58 58 58 58 58 39 90 90 90 90 204 107 118 118 118 118 109 109 109 109 103 103 103 205 205 205 
235 235 58 58 58 58 58 58 39 89 89 89 89 89 107 118 118 118 118 109 109 109 52 52 243 243 243 154 235 
235 235 235 58 58 58 58 58 39 89 89 89 89 89 172 172 118 118 118 109 109 52 52 52 52 52 52 154 235 
235 235 235 58 58 58 58 58 89 89 89 62 89 89 172 172 172 24 24 24 24 52 52 52 52 52 52 154 235 
187 187 187 187 58 58 58 58 89 89 89 89 89 89 172 172 24 24 24 24 24 31 31 52 52 52 154 154 154 
187 187 187 20 20 20 188 188 188 89 89 89 89 89 89 195 24 24 24 24 24 31 31 31 31 154 154 154 154 
187 187 187 20 20 188 188 188 188 188 141 141 141 141 141 24 24 24 24 24 24 31 31 31 31 154 154 154 154 
187 187 187 20 20 188 188 188 188 188 141 141 141 141 141 141 24 24 24 24 24 31 31 31 31 154 154 154 154 
187 187 187 20 188 188 188 188 188 185 141 141 141 141 141 141 24 24 24 24 24 31 31 31 10 154 154 154 154 
187 187 187 20 188 188 188 188 185 185 185 141 141 141 141 226 226 226 24 24 24 31 31 31 10 82 154 154 154 
187 187 208 208 208 208 188 185 185 185 185 185 185 185 149 149 226 45 45 45 45 45 1 1 82 82 82 82 237 
116 116 208 208 208 208 208 185 185 185 185 185 185 185 149 149 226 45 45 45 45 45 1 1 82 82 82 82 82 
116 116 116 208 208 208 208 208 185 185 185 185 185 185 149 149 149 45 45 45 45 45 98 98 98 98 82 82 82 
116 116 116 208 208 208 208 208 185 185 185 185 85 149 149 149 149 45 45 45 45 45 98 98 98 98 98 106 116 
116 116 116 116 208 208 208 208 185 185 85 85 85 85 149 22 22 22 22 45 45 16 98 98 98 98 98 106 116 
116 116 116 116 208 208 208 208 208 85 85 85 85 85 22 22 22 22 22 22 16 16 16 98 98 98 106 106 116 
116 116 116 53 53 53 53 53 53 70 85 85 85 22 22 22 22 22 22 22 16 16 170 170 98 98 106 106 116 
116 116 53 53 53 53 53 53 53 70 70 85 182 56 56 22 22 22 22 22 16 170 170 170 170 170 69 69 69 
69 69 53 53 53 53 53 53 53 12 182 182 182 56 56 56 22 22 22 22 22 170 170 170 170 170 69 69 69 
69 69 69 53 53 53 53 53 53 182 182 182 182 56 56 56 56 56 56 22 100 100 100 100 100 100 69 69 69 
69 69 69 34 53 53 34 34 34 182 182 182 182 56 56 56 56 56 56 100 100 100 100 100 100 100 69 69 69 
69 69 69 34 34 34 34 34 34 182 182 182 182 56 56 56 56 56 56 100 100 100 100 100 100 174 69 69 69 
69 69 32 34 34 34 34 217 217 217 182 182 182 56 56 56 56 215 215 215 100 100 100 100 174 174 174 69 69 
69 32 184 34 34 34 217 217 217 217 217 176 182 56 56 215 215 215 215 215 215 100 100 205 205 205 205 205 69 
184 184 184 184 223 223 217 217 217 217 217 87 87 107 107 215 215 215 215 215 215 205 205 205 205 205 205 205 205 
184 184 184 184 223 223 223 217 217 217 217 87 204 107 107 107 215 215 215 215 215 103 205 205 205 205 205 205 205 
184 184 184 184 223 223 223 223 217 217 217 204 204 107 107 107 107 118 118 118 203 103 103 205 205 205 205 205 205 
184 184 184 184 223 223 223 223 223 223 90 204 204 204 107 107 118 118 118 118 118 109 103 205 205 205 205 205 205 
184 184 184 184 223 223 223 223 223 39 39 204 204 204 107 107 118 118 118 118 118 109 103 103 205 205 205 205 205 
235 235 184 58 58 58 58 58 39 39 39 204 204 204 107 107 118 118 118 118 118 109 243 243 243 243 205 205 235 
235 235 235 58 58 58 58 58 39 39 89 89 89 204 107 107 118 118 118 118 118 243 243 243 243 243 243 243 235 
235 235 235 58 58 58 58 58 39 89 89 89 89 89 89 107 118 118 118 118 24 243 243 243 243 243 243 243 235 
235 235 235 58 58 58 58 58 58 89 89 89 89 89 89 89 118 24 24 24 24 31 243 243 243 243 243 154 235 
235 235 235 20 58 58 58 58 26 89 89 89 89 89 89 89 24 24 24 24 24 31 31 243 243 243 154 154 154 
154 187 20 20 20 20 188 188 188 26 89 89 89 89 195 195 195 195 24 24 24 31 10 10 10 154 154 154 154 
187 187 20 20 20 20 188 188 188 188 188 141 141 141 195 195 195 195 24 24 24 31 10 10 10 154 154 154 154 
154 187 20 20 20 188 188 188 188 188 141 141 141 141 141 195 195 195 24 24 24 31 10 10 10 154 154 154 154 
154 187 20 20 188 188 188 188 188 188 141 141 141 141 141 226 226 226 24 24 24 10 10 10 10 10 154 154 154 
154 187 20 20 188 188 188 188 188 185 185 141 141 141 141 226 226 226 226 226 24 10 10 10 10 10 154 154 154 
154 187 20 208 208 188 188 188 185 185 185 185 185 185 193 226 226 226 226 226 226 1 1 1 1 1 82 82 154 
183 183 183 208 208 208 208 185 185 185 185 185 185 185 149 226 226 226 45 45 45 1 1 1 1 1 82 82 82 
183 183 183 208 208 208 208 208 185 185 185 185 185 185 149 21 21 45 45 45 45 45 1 1 106 106 106 106 183 
183 183 183 183 208 208 208 208 185 185 185 185 85 92 21 21 21 21 45 45 45 45 1 98 106 106 106 106 183 
183 183 183 183 208 208 208 208 185 185 185 85 92 92 92 21 21 21 21 45 45 45 1 106 106 106 106 106 183 
183 183 183 183 183 208 53 53 70 70 70 92 92 92 92 22 22 22 22 22 22 16 16 106 106 106 106 106 183 
183 183 183 183 53 53 53 53 70 70 70 70 92 92 92 22 22 22 22 22 22 170 170 170 106 106 106 106 183 
183 183 183 53 53 53 53 53 70 70 70 70 92 92 92 22 22 22 22 22 22 170 170 170 170 170 170 69 69 
69 69 53 53 53 53 53 53 70 70 70 70 92 56 56 56 56 225 225 22 100 170 170 170 170 170 69 69 69 
69 69 53 53 53 53 53 53 70 70 70 70 51 56 56 56 56 56 225 225 100 100 100 100 100 100 69 69 69 
69 69 34 34 34 34 34 34 70 70 70 51 51 56 56 56 56 56 225 100 100 100 100 100 100 100 69 69 69 
69 69 34 34 34 34 34 34 34 34 182 182 51 56 56 56 56 56 56 100 100 100 100 100 100 100 69 69 69 
69 69 110 34 34 34 34 34 34 34 176 176 51 56 56 56 56 215 215 215 100 100 100 100 100 174 174 69 69 
69 69 34 34 34 34 34 34 217 217 176 176 176 176 56 215 215 215 215 215 215 100 100 100 205 205 205 205 69 
69 184 184 184 223 34 217 217 217 217 217 87 87 107 107 215 215 215 215 215 215 205 205 205 205 205 205 205 205 
94 184 184 184 223 223 223 217 217 217 87 87 87 107 107 107 215 215 215 215 215 215 205 205 205 205 205 205 205 
94 184 184 184 223 223 223 223 217 199 199 204 204 107 107 107 107 215 215 215 63 63 205 205 205 205 205 205 205 
94 184 184 184 223 223 223 223 223 39 199 204 204 204 107 107 107 118 118 118 118 63 103 205 205 205 205 205 244 
94 184 184 184 58 58 223 223 39 39 39 204 204 204 107 107 107 118 118 118 118 109 243 243 243 243 205 244 244 
235 235 235 58 58 58 58 58 39 39 39 204 204 204 107 107 107 118 118 118 118 243 243 243 243 243 243 243 235 
235 235 235 58 58 58 58 58 39 39 39 39 204 204 107 107 107 118 118 118 243 243 243 243 243 243 243 243 235 
235 235 235 58 58 58 58 58 39 39 39 89 89 89 107 107 107 118 118 24 201 243 243 243 243 243 243 243 235 
235 235 235 58 58 58 58 58 26 26 89 89 89 89 89 89 195 195 24 24 24 10 243 243 243 243 243 243 235 
235 235 235 20 58 58 58 58 26 26 89 89 89 89 89 195 195 195 24 24 24 10 10 243 243 243 154 154 154 
154 235 20 20 20 20 188 188 26 26 26 26 26 195 195 195 195 195 195 24 10 10 10 10 10 10 154 154 154 
154 20 20 20 20 188 188 188 188 188 188 141 141 195 195 195 195 195 195 24 10 10 10 10 10 10 154 154 154 
154 20 20 20 20 188 188 188 188 188 188 141 141 141 195 195 195 195 195 24 10 10 10 10 10 10 154 154 154 
154 20 20 20 188 188 188 188 188 188 188 188 141 229 193 226 226 226 226 226 10 10 10 10 10 10 154 154 154 
154 20 20 20 188 188 188 188 188 188 185 185 141 193 193 226 226 226 226 226 226 10 10 10 10 10 154 154 154 
183 183 138 20 188 188 188 188 188 185 185 185 193 193 193 226 226 226 226 226 226 1 1 1 1 1 1 154 154 
183 183 183 183 208 208 188 188 185 185 185 185 193 193 193 226 226 226 226 226 226 1 1 1 1 1 1 1 183 
183 183 183 183 208 208 208 208 185 185 185 185 193 193 193 21 21 21 226 226 45 1 1 1 1 1 106 106 183 
183 183 183 183 183 208 208 208 185 185 185 185 92 92 21 21 21 21 21 21 21 1 1 1 106 106 106 106 183 
183 183 183 183 183 183 208 208 70 70 70 92 92 92 92 21 21 21 21 21 21 1 1 106 106 106 106 106 183 
183 183 183 183 183 183 53 70 70 70 70 92 92 92 92 21 21 21 21 21 21 1 1 106 106 106 106 106 183 
183 183 183 183 53 53 53 70 70 70 70 70 92 92 92 92 21 21 21 21 21 170 170 170 106 106 106 106 183 
183 183 183 53 53 53 53 70 70 70 70 70 92 92 92 92 225 225 225 225 225 170 170 170 170 170 170 69 183 
69 183 53 53 53 53 53 70 70 70 70 70 92 51 56 56 225 225 225 225 225 170 170 170 170 170 170 69 69 
69 69 190 53 53 53 53 70 70 70 70 70 51 51 56 56 225 225 225 225 100 100 100 100 100 100 100 69 69 
69 69 190 110 34 34 34 34 70 70 70 51 51 51 56 56 56 56 225 225 100 100 100 100 100 100 100 69 69 
69 69 110 110 34 34 34 34 34 34 70 51 51 51 56 56 56 56 56 100 100 100 100 100 100 100 100 69 69 
69 110 110 110 110 34 34 34 34 34 176 176 176 51 56 56 56 215 215 63 63 100 100 100 100 100 100 69 69 
69 94 110 110 110 34 34 34 34 176 176 176 176 176 176 215 215 215 215 63 63 63 100 100 100 205 205 205 69 
94 94 94 110 110 34 34 34 34 176 176 87 176 176 107 215 215 215 215 63 63 63 100 205 205 205 205 205 205 
94 94 94 94 223 223 223 34 217 199 87 87 87 199 107 107 215 215 215 63 63 63 63 205 205 205 205 244 244 
94 94 94 94 223 223 223 223 199 199 199 199 199 107 107 107 107 215 215 63 63 63 63 205 205 205 244 244 244 
94 94 94 184 223 223 223 223 39 39 199 204 204 204 107 107 107 107 107 63 63 63 63 243 205 205 244 244 244 
94 94 94 58 58 58 58 39 39 39 39 204 204 204 107 107 107 107 107 72 72 72 243 243 243 243 243 244 244 
94 94 58 58 58 58 58 39 39 39 39 39 204 204 107 107 107 107 107 72 72 72 243 243 243 243 243 243 235 
235 235 235 58 58 58 58 39 39 39 39 39 204 204 107 107 107 107 107 72 201 243 243 243 243 243 243 243 235 
235 235 235 58 58 58 58 58 39 39 39 39 39 204 107 107 107 107 107 201 201 201 243 243 243 243 243 243 235 
235 235 235 58 58 58 58 26 26 26 26 26 26 89 89 195 195 195 195 24 201 201 243 243 243 243 243 243 235 
235 235 235 20 58 58 58 26 26 26 26 26 26 89 195 195 195 195 195 24 24 10 10 10 243 243 154 154 154 
154 2 2 2 150 150 188 188 26 26 26 26 26 195 195 195 195 195 195 195 143 10 10 10 10 10 154 154 154 
154 2 2 2 150 188 188 188 188 188 229 229 229 229 195 195 195 195 195 195 143 10 10 10 10 10 154 154 154 
154 2 2 150 150 188 188 188 188 188 229 229 229 229 229 195 195 195 195 195 10 10 10 10 10 10 10 154 154 
154 2 2 150 150 188 188 188 188 188 229 229 229 229 193 226 226 226 226 226 10 10 10 10 10 10 10 154 154 
154 138 138 138 188 188 188 188 188 188 229 229 229 193 193 226 226 226 226 226 226 10 10 10 10 10 10 154 154 
183 138 138 138 138 188 188 188 188 188 229 229 193 193 193 226 226 226 226 226 226 1 1 1 1 1 1 154 183 
183 183 138 138 138 54 188 188 188 185 185 193 193 193 193 226 226 226 226 226 226 1 1 1 1 1 1 183 183 
183 183 183 183 183 208 208 188 188 185 185 193 193 193 193 21 21 21 21 21 1 1 1 1 1 1 106 183 183 
183 183 183 183 183 183 183 183 188 185 92 92 92 92 92 21 21 21 21 21 21 1 1 1 1 1 106 183 183 
183 183 183 183 183 183 183 70 70 70 92 92 92 92 92 21 21 21 21 21 21 1 1 1 106 106 106 183 183 
183 183 183 183 183 183 53 70 70 70 92 92 92 92 92 21 21 21 21 21 21 11 1 106 106 106 106 183 183 
183 183 183 183 183 53 53 70 70 70 70 92 92 92 92 92 21 21 21 21 11 11 11 11 106 106 106 183 183 
183 183 183 53 53 53 53 70 70 70 70 92 92 92 92 92 225 225 225 225 11 11 11 11 170 170 170 183 183 
183 190 190 53 53 53 53 70 70 70 70 70 92 92 92 225 225 225 225 225 11 11 11 11 11 11 11 69 183 
190 190 190 190 53 53 53 70 70 70 70 70 51 51 51 225 225 225 225 225 100 100 100 100 100 100 100 69 69 
190 190 190 190 110 110 110 34 70 70 70 51 51 51 51 56 225 225 225 225 100 100 100 100 100 100 100 69 69 
190 190 110 110 110 110 110 34 34 34 70 51 51 51 51 56 56 56 63 63 63 100 100 100 100 100 100 69 69 
69 110 110 110 110 110 110 34 34 34 87 87 167 167 167 56 56 63 63 63 63 63 100 100 100 100 166 69 69 
94 94 94 110 110 110 110 34 34 34 87 87 176 167 167 167 215 63 63 63 63 63 100 100 100 205 205 244 244 
94 94 94 110 110 110 110 110 110 176 176 87 176 176 167 215 215 63 63 63 63 63 63 63 205 205 244 244 244 
94 94 94 94 94 110 110 110 199 199 176 87 199 199 199 107 215 63 63 63 63 63 63 63 205 244 244 244 244 
94 94 94 94 94 110 88 88 199 199 199 199 199 199 199 107 107 63 63 63 63 63 63 63 244 244 244 244 244 
94 94 94 94 94 88 88 88 88 199 199 199 199 199 107 107 107 107 72 72 72 72 72 243 23 244 244 244 244 
94 94 94 94 58 58 88 88 39 39 39 199 204 204 107 107 107 107 72 72 72 72 72 243 23 23 23 244 244 
94 94 94 58 58 58 88 39 39 39 39 39 204 204 107 107 107 107 72 72 72 72 243 243 23 23 23 23 23 
120 120 120 58 58 58 58 39 39 39 39 39 204 204 107 107 107 107 72 72 201 201 243 243 243 23 23 23 23 
120 120 120 120 58 58 58 39 39 39 39 39 39 204 107 107 107 7 72 201 201 201 243 243 243 243 243 243 120 
120 120 120 120 58 58 58 26 26 26 26 26 26 26 236 195 195 195 195 201 201 201 243 243 243 243 243 243 235 
235 235 235 20 58 58 58 26 26 26 26 26 26 26 195 195 195 195 195 201 201 10 10 10 10 10 154 154 154 
120 2 2 2 150 150 150 26 26 26 26 26 229 229 195 195 195 195 195 143 143 143 10 10 10 10 10 10 154 
154 2 2 2 150 150 150 188 26 229 229 229 229 229 229 195 195 195 195 143 143 143 10 10 10 10 10 10 154 
2 2 2 150 150 150 188 188 188 229 229 229 229 229 229 195 195 195 195 143 143 143 10 10 10 10 10 10 154 
2 2 150 150 150 150 188 188 188 229 229 229 229 229 193 193 226 226 226 226 143 10 10 10 10 10 10 154 154 
138 138 138 138 138 54 54 188 188 229 229 229 229 193 193 193 226 226 226 226 226 10 10 10 10 10 10 154 154 
138 138 138 138 138 54 54 188 188 229 229 229 193 193 193 193 226 226 226 226 226 1 1 1 1 1 1 154 183 
183 138 138 138 138 54 54 54 188 229 229 193 193 193 193 193 226 226 226 226 226 1 1 1 1 1 1 183 183 
183 183 183 183 183 54 54 54 188 229 193 193 193 193 193 193 21 21 21 21 1 1 1 1 1 1 1 183 183 
183 183 183 183 183 183 54 54 70 18 92 92 92 92 92 21 21 21 21 21 21 1 1 1 1 1 1 183 183 
183 183 183 183 183 183 183 70 70 70 92 92 92 92 92 21 21 21 21 21 21 1 1 1 1 1 106 183 183 
183 183 183 183 183 183 101 70 70 70 92 92 92 92 92 92 21 21 21 21 21 11 1 1 1 106 106 183 183 
183 183 183 183 183 53 101 70 70 70 92 92 92 92 92 92 21 21 21 21 11 11 11 11 11 11 106 178 183 
178 178 178 183 53 53 101 70 70 70 70 92 92 92 92 92 225 225 225 225 11 11 11 11 11 11 11 178 178 
178 178 190 190 190 190 101 70 70 70 70 70 92 92 92 225 225 225 225 225 11 11 11 11 11 11 11 178 178 
190 190 190 190 190 190 101 70 70 70 70 70 51 51 51 225 225 225 225 225 11 11 11 11 11 11 11 166 178 
190 190 190 190 190 110 110 110 70 70 70 51 51 51 51 51 225 225 225 63 63 11 11 11 100 100 166 166 125 
190 190 190 190 110 110 110 110 110 70 70 167 167 167 167 167 167 63 63 63 63 63 100 100 166 166 166 166 125 
190 190 190 110 110 110 110 110 110 110 87 167 167 167 167 167 63 63 63 63 63 63 100 100 166 166 166 166 125 
94 94 94 110 110 110 110 110 110 199 87 87 167 167 167 167 63 63 63 63 63 63 63 166 166 166 166 166 125 
94 94 94 94 110 110 110 110 199 199 176 87 176 167 167 167 63 63 63 63 63 63 63 63 166 244 244 244 244 
94 94 94 94 94 110 110 110 199 199 199 199 199 199 199 199 63 63 63 63 63 63 63 63 169 244 244 244 244 
94 94 94 94 94 88 88 88 199 199 199 199 199 199 199 199 63 63 63 63 63 63 63 63 244 244 244 244 244 
94 94 94 94 94 88 88 88 88 199 199 199 199 199 199 199 107 72 72 72 72 72 72 23 23 244 244 244 244 
94 94 94 94 94 88 88 88 88 39 199 199 199 199 199 199 107 72 72 72 72 72 72 23 23 23 23 244 244 
94 94 94 94 58 88 88 88 39 39 39 39 199 199 199 107 107 72 72 72 72 72 72 23 23 23 23 23 23 
120 120 120 120 58 88 88 39 39 39 39 39 39 199 199 107 7 72 72 72 201 201 201 23 23 23 23 23 23 
120 120 120 120 120 58 88 39 39 39 39 39 39 39 236 236 7 7 72 201 201 201 201 243 23 23 23 23 120 
120 120 120 120 120 58 58 26 26 26 26 26 26 236 236 236 236 195 201 201 201 201 201 243 243 23 23 23 120 
120 120 120 150 150 150 26 26 26 26 26 26 26 26 236 236 195 195 195 201 201 201 201 10 10 10 10 154 120 
120 120 150 150 150 150 150 26 26 26 26 229 229 229 236 236 195 195 195 143 143 143 143 10 10 10 10 10 154 
120 2 150 150 150 150 150 188 229 229 229 229 229 229 236 236 195 195 195 143 143 143 143 10 10 10 10 10 154 
2 2 150 150 150 150 150 188 229 229 229 229 229 229 229 193 195 195 195 143 143 143 143 10 10 10 10 10 154 
138 138 150 150 150 54 54 188 229 229 229 229 229 229 193 193 226 226 226 143 143 143 143 10 10 10 10 10 154 
138 138 138 138 138 54 54 54 229 229 229 229 229 193 193 193 226 226 226 226 143 143 75 10 10 10 10 10 211 
138 138 138 138 54 54 54 54 54 229 229 229 193 193 193 193 226 226 226 226 75 75 75 75 1 1 1 183 183 
183 138 138 138 54 54 54 54 54 229 229 193 193 193 193 193 226 226 226 226 75 1 1 1 1 1 1 183 183 
183 183 138 138 54 54 54 54 54 229 193 193 193 193 193 193 21 21 21 21 75 1 1 1 1 1 1 183 183 
183 183 183 183 183 54 54 54 54 18 18 18 18 18 18 18 21 21 21 21 21 1 1 1 1 1 1 183 183 
183 183 183 183 183 183 54 101 101 92 92 92 92 92 92 92 21 21 21 21 21 1 1 1 1 1 106 183 183 
178 178 178 178 164 164 101 101 101 92 92 92 92 92 92 92 21 21 21 21 21 11 11 11 11 11 178 178 178 
178 178 178 178 164 164 101 101 101 101 92 92 92 92 92 92 92 145 145 145 11 11 11 11 11 11 178 178 178 
178 178 178 209 209 101 101 101 101 70 92 92 92 92 92 92 145 145 145 145 11 11 11 11 11 11 178 178 178 
178 178 209 209 209 101 101 101 101 70 70 92 92 92 92 92 145 145 145 145 11 11 11 11 11 11 11 178 178 
178 190 190 190 190 101 101 101 101 70 70 70 92 92 92 145 145 145 145 145 145 11 11 11 11 11 166 166 178 
190 190 190 190 190 190 101 101 101 70 70 167 167 167 167 167 145 145 145 145 63 11 11 11 166 166 166 166 125 
125 190 190 190 190 110 110 110 110 70 167 167 167 167 167 167 167 63 63 63 63 63 166 166 166 166 166 166 125 
125 190 190 190 110 110 110 110 110 199 199 167 167 167 167 167 63 63 63 63 63 63 63 166 166 166 166 166 125 
94 94 94 110 110 110 110 110 199 199 199 167 167 167 167 167 63 63 63 63 63 63 63 166 166 166 166 166 125 
94 94 94 94 110 110 110 110 199 199 199 199 199 167 167 167 63 63 63 63 63 63 63 169 169 169 244 244 244 
94 94 94 94 94 94 110 88 199 199 199 199 199 199 199 199 63 63 63 63 63 63 63 169 169 169 244 244 244 
94 94 94 94 94 88 88 88 199 199 199 199 199 199 199 199 63 63 63 63 63 63 63 169 169 244 244 244 244 
94 94 94 94 94 88 88 88 88 199 199 199 199 199 199 199 72 72 72 72 72 72 72 23 23 244 244 244 244 
94 94 94 94 94 88 88 88 88 88 199 199 199 199 199 199 72 72 72 72 72 72 72 23 23 23 23 244 244 
94 94 94 94 88 88 88 88 88 39 39 199 199 199 199 199 7 72 72 72 72 72 72 23 23 23 23 23 192 
120 120 120 120 88 88 88 88 39 39 39 39 39 199 236 236 7 7 72 72 201 201 201 23 23 23 23 23 192 
120 120 120 120 120 88 88 39 39 39 39 39 39 236 236 236 7 7 7 201 201 201 201 23 23 23 23 23 120 
120 120 120 120 120 120 88 26 26 26 26 26 26 236 236 236 236 7 201 201 201 201 201 201 23 23 23 23 120 
120 120 120 150 150 150 26 26 26 26 26 26 26 236 236 236 236 195 201 201 201 201 201 201 10 10 10 120 120 
120 120 150 150 150 150 150 150 26 26 229 229 229 236 236 236 236 236 143 143 143 143 143 143 143 10 10 10 154 
120 150 150 150 150 150 150 150 229 229 229 229 229 229 236 236 236 195 195 143 143 143 143 143 143 10 10 10 154 
211 150 150 150 150 150 150 150 229 229 229 229 229 229 229 193 195 195 143 143 143 143 143 143 143 10 10 10 211 
211 138 138 138 138 54 54 54 229 229 229 229 229 229 193 193 193 226 226 143 143 143 143 143 10 10 10 10 211 
211 138 138 138 138 54 54 54 229 229 229 229 229 193 193 193 193 226 226 75 75 75 75 75 75 75 75 211 211 
211 138 138 138 138 54 54 54 54 229 229 229 193 193 193 193 193 226 226 75 75 75 75 75 75 75 75 75 211 
138 138 138 138 54 54 54 54 54 229 229 193 193 193 193 193 193 226 226 75 75 75 75 75 75 75 75 104 183 
183 138 138 138 54 54 54 54 54 229 229 18 18 18 18 18 18 21 21 75 75 75 75 75 75 75 104 104 183 
178 178 178 138 54 54 54 54 54 18 18 18 18 18 18 18 18 21 21 21 75 75 75 75 75 75 104 104 183 
178 178 178 178 178 54 54 54 101 18 18 18 18 18 18 92 92 21 21 21 137 75 75 75 75 104 104 178 178 
178 178 178 178 164 164 164 101 101 101 92 92 92 92 92 92 92 145 21 145 145 11 11 11 11 178 178 178 178 
178 178 178 178 164 164 101 101 101 101 92 92 92 92 92 92 145 145 145 145 145 11 11 11 11 11 178 178 178 
178 178 178 209 164 164 101 101 101 101 92 92 92 92 92 92 145 145 145 145 145 11 11 11 11 11 178 178 178 
178 178 209 209 209 101 101 101 101 101 101 92 92 92 92 145 145 145 145 145 145 11 11 11 11 11 166 178 178 
178 178 209 209 190 101 101 101 101 101 101 92 92 92 92 145 145 145 145 145 145 11 11 11 166 166 166 166 178 
178 190 190 190 190 101 101 101 101 101 101 167 167 167 167 145 145 145 145 145 145 11 166 166 166 166 166 166 125 
125 190 190 190 190 190 190 101 101 101 167 167 167 167 167 167 145 145 63 63 63 63 166 166 166 166 166 125 125 
125 190 190 190 190 110 110 110 110 199 199 167 167 167 167 167 63 63 63 63 63 63 166 166 166 166 166 125 125 
125 94 94 190 190 110 110 110 199 199 199 167 167 167 167 167 63 63 63 63 63 63 166 166 166 166 166 125 125 
94 94 94 94 94 110 110 199 199 199 199 199 199 167 167 167 63 63 63 63 63 63 63 169 169 169 169 169 244 
94 94 94 94 94 94 88 88 199 199 199 199 199 199 199 199 63 63 63 63 63 63 63 169 169 169 169 244 244 
94 94 94 94 94 88 88 88 199 199 199 199 199 199 199 199 63 63 63 63 63 63 63 169 169 169 244 244 244 
94 94 94 94 94 88 88 88 88 199 199 199 199 199 199 199 72 72 72 72 72 72 72 169 169 244 244 244 244 
94 94 94 94 94 88 88 88 88 88 199 199 199 199 199 199 7 72 72 72 72 72 72 23 23 23 244 244 244 
192 94 94 94 88 88 88 88 88 88 199 199 199 199 199 7 7 7 72 72 72 72 72 23 23 23 23 192 192 
192 120 120 120 88 88 88 88 88 39 39 39 199 199 236 236 7 7 7 72 201 201 201 23 23 23 23 192 192 
120 120 120 120 120 88 88 39 39 39 39 39 236 236 236 236 7 7 7 201 201 201 201 23 23 23 23 192 192 
120 120 120 120 120 120 191 191 39 39 39 26 236 236 236 236 236 7 7 201 201 201 201 201 23 23 23 192 120 
120 120 120 150 150 150 191 191 26 26 26 26 236 236 236 236 236 236 201 201 201 201 201 201 201 23 23 192 120 
120 120 150 150 150 150 14 191 191 191 229 229 229 236 236 236 236 236 143 143 143 143 143 143 222 222 222 222 211 
211 150 150 150 150 150 14 14 229 229 229 229 229 119 119 119 119 119 119 143 143 143 143 143 143 143 143 211 211 
211 211 150 150 150 150 14 14 229 229 229 229 229 229 119 119 119 119 119 143 143 143 143 143 143 10 10 211 211 
211 211 138 138 138 138 54 54 229 229 229 229 229 229 193 119 119 119 119 143 143 75 75 75 75 75 75 211 211 
211 211 138 138 138 54 54 54 54 229 229 229 229 193 193 193 193 226 226 75 75 75 75 75 75 75 75 211 211 
211 138 138 138 138 54 54 54 54 229 229 229 229 193 193 193 193 193 226 75 75 75 75 75 75 75 75 211 211 
211 138 138 138 138 54 54 54 54 229 229 229 193 193 193 193 193 226 226 75 75 75 75 75 75 75 75 104 104 
178 138 138 138 138 54 54 54 54 54 18 18 18 18 18 18 18 18 75 75 75 75 75 75 75 75 104 104 104 
178 178 178 138 138 54 54 54 54 18 18 18 18 18 18 18 18 18 21 75 75 75 75 75 75 104 104 104 104 
178 178 178 178 178 54 54 101 101 18 18 18 18 18 18 18 18 145 145 137 137 75 75 75 75 104 104 104 178 
178 178 178 178 164 164 101 101 101 13 18 18 18 18 92 92 145 145 145 145 48 48 48 48 147 104 104 178 178 
178 178 178 164 164 164 101 101 101 101 101 92 92 92 92 92 145 145 145 145 145 11 11 11 147 147 147 178 178 
178 178 178 164 164 164 101 101 101 101 101 92 92 92 92 145 145 145 145 145 145 145 11 11 11 147 147 178 178 
178 178 178 209 209 101 101 101 101 101 101 92 92 92 92 145 145 145 145 145 145 145 11 11 11 147 147 178 178 
178 178 209 209 209 101 101 101 101 101 101 101 92 92 145 145 145 145 145 145 145 145 166 166 166 166 166 166 178 
178 190 190 190 190 101 101 101 101 101 101 167 167 167 167 145 145 145 145 145 145 139 166 166 166 166 166 125 125 
125 190 190 190 190 190 101 101 101 101 101 167 167 167 167 167 145 145 145 63 63 129 166 166 166 166 166 125 125 
125 125 190 190 190 110 110 101 101 101 199 167 167 167 167 167 167 63 63 63 63 63 166 166 166 166 166 125 125 
125 94 94 231 190 110 110 101 199 199 199 167 167 167 167 167 63 63 63 63 63 63 166 166 166 166 166 125 125 
94 94 94 94 94 110 110 199 199 199 199 199 199 199 167 167 63 63 63 63 63 63 63 169 169 169 169 169 125 
94 94 94 94 94 94 88 199 199 199 199 199 199 199 199 199 113 63 63 63 63 63 63 169 169 169 169 244 244 
94 94 94 94 94 88 88 88 199 199 199 199 199 199 199 199 113 63 63 63 63 63 63 169 169 169 244 244 244 
94 94 94 94 94 88 88 88 88 199 199 199 199 199 199 199 113 72 72 72 72 72 72 169 169 244 244 244 244 
94 94 94 94 88 88 88 88 88 199 199 199 199 199 199 7 7 7 72 72 72 72 132 132 23 23 192 192 192 
192 94 94 94 88 88 88 88 88 88 199 199 199 199 236 7 7 7 7 72 72 72 132 23 23 23 192 192 192 
192 120 120 120 114 88 88 88 88 39 39 39 199 236 236 236 7 7 7 7 201 201 201 23 23 23 192 192 192 
192 120 120 120 114 114 191 191 191 191 39 39 236 236 236 236 7 7 7 7 201 201 201 222 23 23 192 192 192 
120 120 120 120 114 114 191 191 191 191 39 26 236 236 236 236 236 7 7 7 201 201 201 222 23 23 192 192 192 
120 120 120 150 150 114 191 191 191 191 191 236 236 236 236 236 236 236 236 201 201 201 201 201 222 222 192 192 192 
120 120 150 150 14 14 14 191 191 191 229 229 119 119 119 119 119 119 119 143 143 143 222 222 222 222 222 222 211 
211 211 150 150 14 14 14 14 14 229 229 229 119 119 119 119 119 119 119 143 143 143 222 222 222 222 222 211 211 
211 211 211 138 138 14 14 14 14 229 229 229 229 119 119 119 119 119 119 143 143 143 143 75 75 75 211 211 211 
211 211 211 138 138 138 54 14 229 229 229 229 229 229 119 119 119 119 119 75 75 75 75 75 75 75 211 211 211 
211 211 211 138 138 138 54 54 229 229 229 229 111 111 111 119 119 119 75 75 75 75 75 75 75 75 75 211 211 
211 211 138 138 138 54 54 54 54 229 229 229 111 111 193 193 193 193 75 75 75 75 75 75 75 75 75 211 211 
211 138 138 138 138 54 54 54 54 229 229 229 18 18 18 193 193 226 75 75 75 75 75 75 75 75 75 104 104 
178 138 138 138 138 54 54 54 54 18 18 18 18 18 18 18 18 18 75 75 75 75 75 75 75 104 104 104 104 
178 178 178 138 138 54 54 54 54 13 18 18 18 18 18 18 18 18 75 75 75 75 75 75 75 104 104 104 104 
178 178 178 178 178 164 164 101 101 13 18 18 18 18 18 18 18 145 145 137 137 137 137 75 75 104 104 104 104 
178 178 178 178 164 164 164 101 101 13 13 18 18 18 18 18 145 145 145 145 48 48 48 48 147 104 104 104 178 
178 178 178 178 164 164 101 101 101 101 13 18 18 92 92 145 145 145 145 145 48 48 48 48 147 147 147 178 178 
178 178 178 164 164 164 101 101 101 101 101 92 92 92 92 145 145 145 145 145 48 48 48 147 147 147 147 147 178 
178 178 178 178 164 101 101 101 101 101 101 101 92 92 145 145 145 145 145 145 145 48 48 147 147 147 147 147 178 
178 178 178 209 209 101 101 101 101 101 101 101 92 92 145 145 145 145 145 145 145 48 129 166 147 147 147 147 147 
125 178 178 209 209 101 101 101 101 101 101 101 167 167 130 145 145 145 145 145 145 139 129 166 166 166 166 125 125 
125 125 231 231 231 101 101 101 101 101 101 167 167 167 130 130 130 130 50 50 50 129 129 129 166 166 166 125 125 
125 125 231 231 231 231 231 101 101 101 101 167 167 167 130 130 130 130 50 50 50 129 129 129 166 166 166 125 125 
125 125 231 231 231 231 231 101 199 199 199 199 167 167 130 130 130 130 63 50 63 129 129 129 166 166 166 125 125 
125 94 94 231 231 231 110 199 199 199 199 199 199 199 130 130 113 113 63 63 63 63 129 169 169 169 169 169 125 
94 94 94 94 94 94 88 199 199 199 136 136 136 199 199 113 113 113 113 63 63 63 129 169 169 169 169 169 169 
94 94 94 94 94 88 88 88 199 199 199 136 136 199 199 113 113 113 113 63 63 63 63 169 169 169 169 244 244 
94 94 94 94 94 88 88 88 88 199 199 199 199 199 199 113 113 113 113 113 72 132 132 132 169 169 115 115 115 
94 94 94 94 88 88 88 88 88 199 199 199 199 199 199 7 7 7 7 72 72 132 132 132 132 132 115 115 115 
192 192 94 94 114 88 88 88 88 88 199 199 199 199 236 7 7 7 7 7 132 132 132 132 132 192 192 192 192 
192 192 192 114 114 114 191 191 191 191 191 199 236 236 236 236 7 7 7 7 7 132 132 132 132 192 192 192 192 
192 192 114 114 114 114 191 191 191 191 191 191 236 236 236 236 236 7 7 7 201 222 222 222 222 192 192 192 192 
192 120 114 114 114 114 191 191 191 191 191 191 236 236 236 236 236 7 7 7 201 222 222 222 222 222 192 192 192 
120 120 114 114 114 114 191 191 191 191 191 191 236 236 236 236 236 236 236 201 201 222 222 222 222 222 222 192 192 
attribute "dep" string "positions"
#
# A field is created with three components: "positions", "connections",
# and "data"
object "regular positions regular connections" class field
component  "positions"    value 1
component  "connections"  value 2
component  "data"         value 3
#
end
