# object 1 are the regular positions. The grid is 29 29 29. The origin is
# at [0 0 0], and the deltas are 1 in the first and third dimensions, and
# 2 in the second dimension
#
object 1 class gridpositions counts 29 29 29
origin 0 0 0
delta  1 0 0
delta  0 1 0
delta  0 0 1
#
# object 2 are the regular connections
#
object 2 class gridconnections counts 29 29 29
#
# object 3 are the data, which are in a one-to-one correspondence with
# the positions ("dep" on positions). The positions increment in the order
# "last index varies fastest", i.e. (x0, y0, z0), (x0, y0, z1), (x0, y0, z2),
# (x0, y1, z0), etc.
#
object 3 class array type int rank 0 items 24389 data follows
223 223 223 223 223 40 40 40 40 40 40 143 143 143 143 143 143 66 86 86 86 126 126 126 202 202 223 223 223 
223 223 223 223 223 40 40 40 40 40 201 201 143 143 143 143 66 66 86 86 86 86 126 202 202 202 218 223 223 
223 223 223 223 223 40 40 40 40 40 201 201 201 143 143 66 66 66 66 86 86 86 53 53 53 218 218 218 223 
33 33 33 225 225 40 40 40 40 201 201 201 201 190 190 66 66 66 66 66 66 53 53 53 53 218 218 218 218 
33 129 129 225 225 225 40 40 40 201 201 201 201 190 190 66 66 66 66 66 66 53 53 53 53 53 218 218 33 
129 129 129 225 225 225 40 40 40 201 201 201 201 190 190 66 66 66 66 234 234 234 53 53 53 53 218 33 33 
129 129 129 129 56 56 56 56 40 201 201 161 201 190 238 66 66 66 4 234 234 234 234 53 53 53 53 33 129 
129 129 129 129 56 56 56 171 171 161 161 161 238 238 238 238 209 209 4 234 234 234 234 234 53 53 53 129 129 
129 129 129 129 56 56 171 171 171 171 171 238 238 238 238 238 209 209 192 234 234 234 234 234 234 31 31 31 129 
144 144 144 93 93 93 171 171 171 171 171 238 238 238 238 238 209 209 192 192 234 234 234 234 234 31 31 31 31 
144 144 144 93 93 93 171 171 171 171 171 171 238 238 238 238 209 209 192 192 192 192 234 234 31 31 31 31 31 
144 144 144 144 93 171 171 171 171 171 171 171 238 238 238 238 209 209 208 208 208 208 208 208 31 31 31 31 31 
144 144 144 144 144 171 171 171 171 171 171 171 171 168 168 168 168 168 208 208 208 208 208 208 208 31 31 31 31 
144 144 144 144 144 171 171 171 171 171 171 171 171 168 168 168 168 98 208 208 208 208 208 215 215 215 31 31 31 
144 144 144 226 226 164 164 171 171 171 171 171 81 168 168 168 98 98 98 208 208 208 208 215 215 215 215 31 31 
115 226 226 226 226 164 164 164 171 171 171 81 81 81 81 98 98 98 98 208 208 208 215 215 215 215 215 103 115 
115 226 226 226 226 164 164 164 164 81 81 81 81 81 81 81 98 98 98 208 208 208 215 215 215 215 115 115 115 
115 226 226 226 226 164 164 164 164 81 81 81 81 81 81 81 98 98 98 98 208 208 42 42 42 115 115 115 115 
115 226 226 226 164 164 164 164 164 81 81 81 81 81 81 81 81 98 98 2 2 2 42 42 42 155 115 115 115 
58 58 226 114 114 114 114 114 114 96 81 81 81 81 81 81 81 2 62 62 62 2 2 155 155 155 155 155 155 
58 58 226 114 114 114 114 114 119 96 96 81 81 81 81 81 81 62 62 62 62 62 155 155 155 155 155 155 155 
58 58 88 114 114 114 114 119 119 96 96 96 236 236 236 236 62 62 62 62 62 62 62 155 155 155 155 155 155 
88 88 88 88 88 114 114 119 119 96 96 96 236 236 236 107 107 62 62 62 62 62 155 155 155 155 155 155 155 
88 88 88 88 88 88 88 119 119 96 96 236 236 107 107 107 107 21 21 62 62 62 155 155 155 155 155 155 155 
88 88 88 88 88 88 88 174 174 96 96 236 236 107 107 107 107 21 21 21 21 126 126 155 155 155 155 155 155 
223 88 88 88 88 88 174 174 174 174 7 7 107 107 107 107 107 21 21 21 126 126 126 126 126 155 155 155 155 
223 223 88 88 88 174 174 174 174 174 7 7 107 107 107 107 107 21 21 126 126 126 126 126 126 220 220 220 223 
223 223 223 223 88 174 174 174 174 174 7 7 7 135 135 135 135 21 21 126 126 126 126 126 126 220 220 220 223 
223 223 223 223 223 40 40 40 40 40 40 7 143 143 135 135 135 135 135 126 126 126 126 126 126 220 220 223 223 
223 223 223 223 223 40 40 40 40 40 40 143 143 143 143 143 66 66 66 86 126 126 126 202 202 202 202 223 223 
223 223 223 223 223 40 40 40 40 40 201 201 143 143 143 143 66 66 66 66 66 126 202 202 202 202 218 223 223 
223 223 223 223 223 40 40 40 40 40 201 201 201 143 143 66 66 66 66 66 66 53 53 202 202 218 218 218 218 
223 223 223 223 223 40 40 40 40 201 201 201 201 190 190 66 66 66 66 66 66 53 53 53 53 218 218 218 218 
129 129 129 129 225 225 40 70 70 201 201 201 201 190 190 66 66 66 66 66 66 53 53 53 53 53 218 218 218 
129 129 129 129 225 225 70 70 70 201 201 201 201 190 190 66 66 66 66 66 234 234 53 53 53 53 218 218 129 
129 129 129 129 129 56 70 70 70 161 161 161 161 161 238 66 209 66 66 234 234 234 234 53 53 53 53 218 129 
129 129 129 129 129 56 56 171 171 161 161 161 161 238 238 238 209 209 209 234 234 234 234 234 53 53 53 129 129 
129 129 129 93 93 93 171 171 171 171 161 161 238 238 238 238 209 209 209 234 234 234 234 234 234 31 31 31 129 
144 144 93 93 93 93 171 171 171 171 171 238 238 68 238 238 209 209 209 209 234 234 234 234 234 31 31 31 31 
144 144 144 93 93 93 171 171 171 171 171 171 238 238 238 238 209 209 209 209 209 234 234 234 31 31 31 31 31 
144 144 144 93 93 93 171 171 171 171 171 171 238 238 238 238 209 209 209 208 208 208 208 208 31 31 31 31 31 
144 144 144 144 93 93 171 171 171 171 171 171 171 171 168 168 209 209 208 208 208 208 208 208 208 31 31 31 31 
144 144 144 144 93 93 171 171 171 171 171 171 171 168 168 168 98 98 208 208 208 208 208 215 215 103 31 31 31 
144 144 144 226 226 164 164 171 171 171 171 171 120 168 168 98 98 98 98 208 208 208 208 215 215 103 103 103 103 
115 226 226 226 226 164 164 164 171 171 171 81 81 81 81 98 98 98 98 208 208 208 215 215 215 215 103 103 115 
115 226 226 226 226 164 164 164 164 164 81 81 81 81 81 98 98 98 98 208 208 208 215 215 215 215 115 115 115 
115 226 226 226 226 164 164 164 164 81 81 81 81 81 81 81 98 98 98 2 208 208 215 215 215 115 115 115 115 
115 226 226 226 114 114 114 114 114 114 81 81 81 81 81 81 98 2 2 2 2 2 215 215 215 115 115 115 115 
115 226 226 114 114 114 114 114 114 96 96 81 81 81 81 81 2 2 2 2 2 2 2 155 155 155 115 115 115 
115 226 226 114 114 114 114 114 96 96 96 236 236 236 236 81 130 2 2 2 2 2 2 155 155 155 155 155 155 
88 88 88 114 114 114 114 114 96 96 96 236 236 236 236 236 130 62 2 2 2 62 155 155 155 155 155 155 155 
88 88 88 88 88 88 114 119 96 96 96 236 236 236 236 107 107 130 62 2 62 62 155 155 155 155 155 155 155 
88 88 88 88 88 88 88 119 96 96 96 236 236 236 107 107 107 21 21 21 62 62 155 155 155 155 155 155 155 
88 88 88 88 88 88 88 174 174 96 96 236 236 107 107 107 107 21 21 21 21 126 126 155 155 155 155 155 155 
88 88 88 88 88 88 174 174 174 7 7 7 236 107 107 107 107 21 21 21 126 126 126 126 220 220 220 220 39 
223 223 88 88 88 174 174 174 174 7 7 7 7 107 107 107 107 21 21 126 126 126 126 126 220 220 220 220 220 
223 223 223 223 88 174 174 174 174 7 7 7 7 135 135 135 135 21 21 126 126 126 126 126 220 220 220 220 223 
223 223 223 223 223 40 40 40 40 40 7 7 143 143 135 135 135 135 135 126 126 126 126 202 202 220 220 220 223 
223 223 223 223 223 40 40 40 40 40 7 7 143 143 143 143 143 66 66 66 126 126 202 202 202 202 220 223 223 
223 223 223 223 223 40 40 40 40 40 201 201 143 143 143 143 66 66 66 66 66 126 202 202 202 202 218 223 223 
223 223 223 223 223 40 40 40 40 40 201 201 201 143 143 66 66 66 66 66 66 18 18 18 202 218 218 218 223 
223 223 223 223 223 40 70 70 70 201 201 201 201 190 190 66 66 66 66 66 66 18 18 18 18 218 218 218 218 
129 129 129 129 129 70 70 70 70 201 201 201 201 190 190 66 66 66 66 66 66 18 18 18 18 18 218 218 218 
129 129 129 129 129 70 70 70 70 161 161 201 201 190 190 66 66 66 66 66 234 18 18 18 18 18 218 218 129 
129 129 129 129 129 70 70 70 70 161 161 161 161 161 161 209 209 209 209 234 234 234 234 18 18 18 18 218 129 
129 129 129 129 129 129 70 171 171 161 161 161 161 238 238 209 209 209 209 234 234 234 234 18 18 18 18 129 129 
129 129 93 93 93 93 171 171 171 161 161 161 161 238 238 209 209 209 209 209 234 234 234 234 18 18 31 31 129 
144 144 93 93 93 93 171 171 171 171 171 161 238 238 238 209 209 209 209 209 234 234 234 234 234 31 31 31 31 
144 144 93 93 93 93 171 171 171 171 171 171 238 238 238 209 209 209 209 209 209 209 234 234 31 31 31 31 31 
144 144 144 93 93 93 171 171 171 171 171 171 238 238 238 209 209 209 209 209 208 208 208 208 31 31 31 31 31 
144 144 144 93 93 93 171 171 171 171 171 171 171 171 238 209 209 209 208 208 208 208 208 208 215 31 31 31 31 
144 144 144 144 93 93 171 171 171 171 171 171 171 120 120 98 98 98 208 208 208 208 208 215 215 103 103 103 31 
144 144 144 226 226 164 164 171 171 171 171 120 120 120 120 98 98 98 98 208 208 208 208 215 215 103 103 103 103 
115 226 226 226 226 164 164 164 171 171 120 120 120 120 120 98 98 98 98 208 208 208 215 215 94 94 103 103 115 
115 226 226 226 226 164 164 164 164 164 120 120 120 120 120 98 98 98 98 208 208 208 215 215 215 94 115 115 115 
115 226 226 226 226 164 164 164 164 164 81 81 120 120 120 98 98 98 2 2 2 2 215 215 215 115 115 115 115 
115 226 226 226 114 114 114 114 114 114 96 81 81 81 81 81 98 2 2 2 2 2 2 215 215 115 115 115 115 
115 226 226 114 114 114 114 114 114 96 96 236 236 116 236 130 130 2 2 2 2 2 2 23 23 115 115 115 115 
115 226 226 114 114 114 114 114 96 96 96 236 236 236 236 130 130 2 2 2 2 2 2 155 155 155 155 115 115 
39 88 88 88 114 114 114 114 96 96 96 236 236 236 236 130 130 130 2 2 2 2 2 155 155 155 155 155 155 
39 88 88 88 88 88 114 96 96 96 96 236 236 236 236 107 130 130 130 130 2 2 2 155 155 155 155 39 39 
39 88 88 88 88 88 88 96 96 96 236 236 236 236 236 107 107 21 21 21 21 126 126 155 155 155 39 39 39 
39 88 88 88 88 88 88 174 96 96 236 236 236 236 107 107 107 21 21 21 21 126 126 220 220 39 39 39 39 
39 88 88 88 88 88 174 174 174 7 7 7 7 107 107 107 107 21 21 21 126 126 126 220 220 220 220 39 39 
223 223 88 88 88 174 174 174 174 7 7 7 7 107 107 107 107 21 21 126 126 126 126 220 220 220 220 220 220 
223 223 223 223 88 174 174 174 40 7 7 7 7 135 135 135 135 21 21 126 126 126 126 202 220 220 220 220 220 
223 223 223 223 223 40 40 40 40 40 7 7 7 143 135 135 135 135 135 126 126 126 126 202 202 220 220 220 223 
20 20 20 223 223 40 40 40 40 40 7 7 7 143 143 143 37 37 37 37 126 126 202 202 202 202 220 220 223 
20 20 20 223 223 40 40 40 40 40 201 201 143 143 143 143 37 37 37 37 37 202 202 202 202 202 202 223 223 
20 20 20 223 223 70 70 70 70 40 201 201 201 143 143 66 66 66 66 66 66 18 18 18 202 202 218 218 223 
223 223 223 223 223 70 70 70 70 70 201 201 201 190 190 66 66 66 66 66 66 18 18 18 18 18 218 218 218 
129 129 129 129 129 70 70 70 70 70 201 201 201 190 190 66 66 66 66 66 18 18 18 18 18 18 218 218 129 
129 129 129 129 129 70 70 70 70 161 161 161 161 161 190 66 66 66 66 66 18 18 18 18 18 18 18 218 129 
129 129 129 129 129 70 70 70 70 161 161 161 161 161 161 209 209 209 209 234 234 18 18 18 18 18 18 129 129 
129 129 129 129 93 93 70 70 161 161 161 161 161 161 238 209 209 209 209 209 234 234 18 18 18 18 18 129 129 
129 129 93 93 93 93 45 171 171 161 161 161 161 161 238 209 209 209 209 209 234 234 234 18 18 18 18 31 129 
131 93 93 93 93 93 45 171 171 171 161 161 161 238 238 209 209 209 209 209 209 234 234 234 18 31 31 31 31 
131 131 93 93 93 45 45 171 171 171 171 171 238 238 238 209 209 209 209 209 209 209 234 125 125 31 31 31 31 
131 131 93 93 93 45 45 171 171 171 171 171 238 238 238 209 209 209 209 209 208 208 208 125 125 31 31 31 31 
131 131 131 93 45 45 45 171 171 171 171 171 171 120 120 209 209 209 209 208 208 208 208 208 125 103 103 31 31 
131 131 131 93 45 45 45 171 171 171 171 120 120 120 120 120 120 98 208 208 208 208 208 215 94 103 103 103 103 
131 131 131 226 45 45 45 171 171 171 120 120 120 120 120 120 98 98 98 208 208 208 156 215 94 94 103 103 103 
115 226 226 226 226 164 164 164 171 120 120 120 120 120 120 120 98 98 98 208 208 156 156 215 94 94 94 103 103 
115 226 226 226 226 164 164 164 164 120 120 120 120 120 120 120 98 98 98 208 156 156 156 215 94 94 94 115 115 
115 226 226 226 226 164 162 162 162 120 120 120 116 116 116 116 98 2 2 2 2 2 156 215 94 115 115 115 115 
115 226 226 226 114 114 114 114 114 96 120 116 116 116 116 116 130 2 2 2 2 2 2 23 23 23 115 115 115 
115 226 226 114 114 114 114 114 114 96 236 236 236 116 116 130 130 2 2 2 2 2 2 23 23 23 115 115 115 
39 39 226 114 114 114 114 114 96 96 236 236 236 236 236 130 130 130 2 2 2 2 2 23 23 23 23 115 115 
39 39 88 88 114 114 114 96 96 96 236 236 236 236 236 130 130 130 130 2 2 2 2 23 23 23 39 39 39 
39 39 88 88 88 88 114 96 96 96 236 236 236 236 236 130 130 130 130 130 130 2 2 39 39 39 39 39 39 
39 39 88 88 88 88 88 96 96 96 236 236 236 236 236 107 130 130 130 130 130 2 2 39 39 39 39 39 39 
39 39 88 88 88 88 88 88 96 96 236 236 236 236 107 107 107 21 21 21 21 126 126 220 220 39 39 39 39 
39 39 88 88 88 88 174 174 7 7 7 7 7 107 107 107 107 21 21 21 126 126 126 220 220 220 220 39 39 
39 223 88 88 88 174 174 174 7 7 7 7 7 7 107 107 107 21 21 126 126 126 126 220 220 220 220 220 220 
223 223 223 223 88 174 174 174 40 7 7 7 7 7 135 135 135 21 21 126 126 126 202 202 220 220 220 220 220 
223 223 223 223 223 40 40 40 40 7 7 7 7 7 135 135 135 135 37 126 126 126 202 202 202 220 220 220 223 
20 20 20 20 20 40 40 40 40 40 7 7 7 7 143 37 37 37 37 37 37 160 202 202 202 202 220 220 223 
20 20 20 20 20 70 70 70 70 70 7 7 7 143 143 37 37 37 37 37 37 160 202 202 202 202 202 83 223 
20 20 20 20 70 70 70 70 70 70 201 201 201 143 143 37 37 37 37 37 37 160 18 18 202 202 202 83 83 
83 83 83 83 83 70 70 70 70 70 70 201 201 190 190 37 37 37 37 37 18 18 18 18 18 18 18 83 83 
83 83 83 83 70 70 70 70 70 70 70 201 201 190 190 66 37 37 37 66 18 18 18 18 18 18 18 218 83 
129 129 129 129 129 70 70 70 70 161 161 161 161 161 161 229 229 229 229 229 18 18 18 18 18 18 18 218 129 
129 129 129 129 129 70 70 70 70 161 161 161 161 161 161 229 229 229 229 229 229 18 18 18 18 18 18 129 129 
129 129 129 129 93 45 70 70 161 161 161 161 161 161 161 229 229 229 229 209 209 234 18 18 18 18 18 18 129 
131 29 93 93 93 45 45 45 161 161 161 161 161 161 209 209 209 209 209 209 209 234 18 18 18 18 18 18 131 
131 131 131 93 45 45 45 45 171 171 161 161 161 161 209 209 209 209 209 209 209 209 234 125 125 125 125 31 131 
131 131 131 93 45 45 45 45 171 171 171 171 161 161 209 209 209 209 209 209 209 209 125 125 125 125 125 31 131 
131 131 131 131 45 45 45 45 171 171 171 171 242 238 209 209 209 209 209 209 209 209 125 125 125 125 125 131 131 
131 131 131 131 45 45 45 45 171 171 171 171 120 120 120 120 209 209 209 209 208 208 125 125 125 125 125 31 131 
131 131 131 131 45 45 45 45 171 171 171 120 120 120 120 120 120 209 209 156 156 156 156 222 94 103 103 103 131 
131 131 131 131 45 45 45 45 171 120 120 120 120 120 120 120 120 120 98 156 156 156 156 222 94 94 103 103 103 
65 65 65 65 162 162 162 162 162 120 120 120 120 120 120 120 120 120 98 156 156 156 156 188 94 94 94 94 94 
115 65 226 162 162 162 162 162 162 120 120 120 120 120 120 120 120 120 98 156 156 156 156 222 222 94 94 115 115 
115 65 226 162 162 162 162 162 162 120 120 116 116 116 116 116 116 2 2 2 2 156 156 222 23 23 23 115 115 
115 65 226 162 162 162 162 162 162 172 120 116 116 116 116 116 130 130 2 2 2 2 2 23 23 23 23 23 115 
115 65 226 162 162 162 162 162 172 172 172 172 116 116 116 130 130 130 2 2 2 2 2 23 23 23 23 23 115 
39 39 226 162 162 162 114 114 96 96 236 236 236 236 236 130 130 130 130 2 2 2 2 23 23 23 23 23 39 
39 39 39 145 145 145 114 96 96 96 236 236 236 236 236 130 130 130 130 130 2 2 2 23 23 23 39 39 39 
39 39 145 145 145 145 145 96 96 96 236 236 236 236 236 130 130 130 130 130 130 2 2 39 39 39 39 39 39 
39 39 145 145 145 145 145 145 96 236 236 236 236 236 236 130 130 130 130 130 130 130 39 39 39 39 39 39 39 
39 39 145 145 145 145 145 145 169 236 236 236 236 236 121 121 121 121 130 130 130 130 126 39 39 39 39 39 39 
39 39 145 145 145 145 145 145 7 7 7 7 7 121 121 121 121 121 121 121 126 126 126 220 220 220 39 39 39 
39 39 145 145 145 145 148 148 7 7 7 7 7 121 121 121 121 121 121 121 126 126 126 220 220 220 220 220 39 
223 223 223 145 145 145 148 174 7 7 7 7 7 7 121 121 121 121 158 158 126 126 202 202 220 220 220 220 220 
223 223 223 223 223 40 40 40 40 7 7 7 7 7 7 37 37 37 37 37 126 126 202 202 202 220 220 220 220 
91 91 91 91 55 55 40 40 40 40 7 7 7 7 37 37 37 37 37 37 160 160 202 202 202 202 202 91 91 
91 91 91 91 55 55 117 117 117 117 1 1 1 1 37 37 37 37 37 37 160 160 160 202 202 202 202 83 91 
83 83 83 83 55 117 117 117 117 117 1 1 1 1 1 37 37 37 37 37 160 160 160 160 202 202 83 83 83 
83 83 83 83 83 117 117 117 117 117 1 1 1 1 1 37 37 37 37 37 160 18 18 18 18 18 83 83 83 
83 83 83 83 83 117 117 117 117 117 1 1 1 1 1 37 37 37 37 37 146 18 18 18 18 18 18 83 83 
83 83 83 83 83 117 117 117 117 117 1 1 1 1 1 229 229 229 229 229 146 18 18 18 18 18 18 203 83 
29 29 29 83 83 51 51 51 51 161 161 161 161 161 161 229 229 229 229 229 229 18 18 18 18 18 18 203 83 
29 29 29 29 29 45 51 51 161 161 161 161 161 161 161 229 229 229 229 229 229 234 18 18 18 18 18 203 83 
29 29 29 29 45 45 45 95 161 161 161 161 161 161 161 229 229 229 229 209 209 234 18 18 18 125 125 131 131 
131 131 131 131 45 45 45 45 45 128 161 161 161 161 209 209 209 209 209 209 209 125 125 125 125 125 125 131 131 
131 131 131 131 45 45 45 45 45 128 171 161 161 242 209 209 209 209 209 209 209 125 125 125 125 125 125 131 131 
131 131 131 131 45 45 45 45 128 128 128 242 242 242 242 209 209 209 209 209 209 125 125 125 125 125 125 131 131 
131 131 131 45 45 45 45 45 45 128 171 242 242 242 242 242 209 209 209 209 156 125 125 125 125 125 125 131 131 
131 131 131 45 45 45 45 45 45 128 120 120 120 120 120 120 120 120 156 156 156 156 156 222 125 125 125 103 131 
65 65 65 65 45 45 45 45 45 120 120 120 120 120 120 120 120 120 227 156 156 156 156 222 222 94 94 94 65 
65 65 65 65 162 162 162 162 162 179 120 120 120 120 120 120 120 227 227 156 156 156 156 188 222 94 94 94 65 
65 65 65 162 162 162 162 162 162 179 120 120 120 120 120 120 120 227 227 227 156 156 156 222 222 222 94 94 65 
65 65 65 162 162 162 162 162 162 120 120 116 116 116 116 116 227 227 227 227 227 156 156 97 23 23 23 23 23 
65 65 162 162 162 162 162 162 162 172 172 172 116 116 116 116 130 130 227 227 227 227 97 23 23 23 23 23 23 
39 65 162 162 162 162 162 162 172 172 172 172 172 116 116 130 130 130 130 2 2 2 97 23 23 23 23 23 23 
39 39 137 162 162 162 162 162 172 172 172 172 172 236 130 130 130 130 130 130 2 2 2 23 23 23 23 23 39 
39 39 145 145 145 145 145 169 169 236 236 236 236 236 130 130 130 130 130 130 130 2 23 23 23 23 39 39 39 
39 39 145 145 145 145 145 169 169 236 236 236 236 236 236 130 130 130 130 130 130 130 23 23 39 39 39 39 39 
39 39 145 145 145 145 145 145 169 236 236 236 236 236 121 121 130 130 130 130 130 130 47 39 39 39 39 39 39 
39 39 145 145 145 145 148 148 169 141 141 141 236 121 121 121 121 121 130 130 130 130 47 39 39 39 39 39 39 
39 39 145 145 145 145 148 148 169 141 141 141 141 121 121 121 121 121 121 121 121 126 47 220 220 39 39 39 39 
39 39 145 145 145 148 148 148 148 141 141 141 141 121 121 121 121 121 158 158 158 126 126 220 220 220 220 39 39 
91 91 91 145 145 148 148 148 7 7 7 7 7 121 121 121 121 158 158 158 158 160 202 202 220 220 220 220 220 
91 91 91 91 55 55 55 40 40 7 7 7 7 7 121 37 37 37 37 37 160 160 202 202 202 220 220 220 91 
91 91 91 91 55 55 55 55 55 1 1 1 1 1 133 37 37 37 37 37 160 160 160 160 160 202 202 83 91 
91 91 91 91 55 55 55 117 117 1 1 1 1 1 1 37 37 37 37 37 160 160 160 160 160 202 83 83 91 
83 83 83 83 55 55 55 117 117 1 1 1 1 1 1 37 37 37 37 37 160 160 160 160 160 160 83 83 83 
83 83 83 83 83 55 117 117 117 1 1 1 1 1 1 37 37 37 37 37 160 160 207 207 207 207 83 83 83 
83 83 83 83 83 51 51 51 117 1 1 1 1 1 1 37 37 37 37 37 146 146 207 207 207 207 207 83 83 
83 83 83 83 83 51 51 51 51 1 1 1 1 1 1 229 229 229 229 224 146 146 207 207 207 207 203 203 83 
29 29 29 83 83 51 51 51 51 51 1 1 1 1 1 229 229 229 229 229 146 146 207 207 207 207 207 203 83 
29 29 29 29 29 95 51 51 51 161 161 161 161 161 152 229 229 229 229 229 229 146 207 207 207 207 203 203 29 
29 29 29 14 14 95 95 95 95 95 161 161 178 161 152 152 229 229 229 229 229 229 207 207 207 125 203 203 14 
14 14 14 14 45 45 45 95 95 128 128 178 178 178 152 152 152 229 209 209 209 125 125 125 125 125 125 14 14 
131 131 131 131 45 45 45 45 128 128 128 128 178 178 152 152 152 209 209 209 125 125 125 125 125 125 125 125 131 
131 131 131 131 45 45 45 45 128 128 128 242 242 242 242 242 152 209 209 209 125 125 125 125 125 125 125 131 131 
131 131 131 45 45 45 45 45 128 128 128 242 242 242 242 242 242 242 209 156 156 125 125 125 125 125 125 125 131 
65 131 131 45 45 45 45 45 128 128 242 242 242 242 242 242 242 242 156 156 156 156 125 125 125 125 125 125 65 
65 65 65 65 65 110 45 110 128 179 179 179 120 120 120 120 120 120 227 156 156 156 156 222 222 222 125 65 65 
65 65 65 65 110 110 110 110 110 179 179 179 120 120 120 120 120 227 227 227 156 156 156 188 222 222 222 65 65 
65 65 65 65 110 110 110 110 110 179 179 179 120 120 120 120 120 227 227 227 227 156 156 97 97 97 97 65 65 
65 65 65 110 110 110 110 110 110 172 172 116 116 116 116 116 227 227 227 227 227 227 97 97 97 97 23 23 65 
65 65 65 110 110 110 110 110 110 172 172 172 116 116 116 116 130 227 227 227 227 227 97 97 23 23 23 23 23 
137 137 137 110 110 110 110 110 172 172 172 172 172 116 116 130 130 130 130 227 227 227 97 23 23 23 23 23 23 
137 137 137 110 110 110 110 169 172 172 172 172 172 172 130 130 130 130 130 130 130 130 97 23 23 23 23 23 39 
39 39 137 137 145 145 169 169 169 172 172 172 172 172 130 130 130 130 130 130 130 130 23 23 23 23 39 39 39 
39 39 145 145 145 145 169 169 169 169 172 236 236 236 130 130 130 130 130 130 130 130 47 23 39 39 39 39 39 
39 39 145 145 145 145 169 169 169 169 141 141 141 236 121 130 130 130 130 130 130 130 47 47 39 39 39 39 39 
39 145 145 145 145 145 148 169 169 141 141 141 141 121 121 121 121 130 130 130 130 47 47 47 39 39 39 39 39 
39 145 145 145 145 148 148 148 169 141 141 141 141 121 121 121 121 121 158 158 158 47 47 47 39 39 39 39 39 
39 91 145 145 148 148 148 148 148 141 141 141 141 121 121 121 121 158 158 158 158 158 160 220 220 39 39 39 39 
91 91 91 145 148 148 148 148 148 141 141 141 141 121 121 121 158 158 158 158 158 160 160 202 220 220 220 39 39 
91 91 91 91 55 55 55 55 55 141 141 141 141 121 121 37 158 158 158 158 160 160 160 160 202 220 220 91 91 
91 91 91 91 55 55 55 55 55 1 1 1 1 1 133 133 37 37 37 160 160 160 160 160 160 160 189 189 91 
91 91 91 91 55 55 55 55 55 1 1 1 1 1 133 133 37 37 37 160 160 160 160 160 160 160 189 83 91 
83 83 83 83 55 55 55 117 117 1 1 1 1 1 1 133 37 37 37 160 160 160 160 160 160 160 189 83 83 
83 83 83 83 83 55 55 117 117 1 1 1 1 1 1 133 37 37 37 37 160 160 207 207 207 207 203 83 83 
83 83 83 83 83 51 51 51 51 1 1 1 1 1 1 133 37 37 224 224 146 146 207 207 207 207 203 203 83 
83 83 83 83 83 51 51 51 51 1 1 1 1 1 1 152 152 224 224 224 146 146 231 207 231 231 203 203 203 
29 29 29 83 83 51 51 51 51 51 1 1 1 178 178 152 152 229 224 224 146 146 207 207 207 231 203 203 203 
29 29 29 29 29 95 95 95 95 95 1 178 178 178 152 152 152 229 229 229 146 146 207 207 207 207 203 203 29 
14 29 29 14 95 95 95 95 95 95 178 178 178 178 152 152 152 152 229 229 229 146 207 207 207 125 203 203 14 
14 14 14 14 45 95 95 95 95 128 128 178 178 178 152 152 152 152 152 152 125 125 125 125 125 125 125 14 14 
14 14 14 131 45 95 95 95 128 128 128 178 178 178 152 152 152 152 152 152 125 125 125 125 125 125 125 125 14 
131 131 131 131 45 45 45 95 128 128 128 128 242 242 242 152 152 152 152 209 125 125 125 125 125 125 125 125 131 
131 131 131 131 45 45 45 128 128 128 128 242 242 242 242 242 242 242 242 156 217 125 125 125 125 125 125 125 131 
65 65 65 65 45 45 45 128 128 128 242 242 242 242 242 242 242 242 227 156 156 156 125 125 125 125 125 125 65 
65 65 65 65 110 110 110 30 128 179 179 179 242 242 242 242 242 227 227 227 156 156 156 222 125 125 125 65 65 
65 65 65 65 110 110 110 110 110 179 179 179 179 120 120 120 120 227 227 227 227 156 156 97 97 97 97 65 65 
65 65 65 65 110 110 110 110 110 179 179 179 179 120 120 120 227 227 227 227 227 227 97 97 97 97 97 65 65 
65 65 65 110 110 110 110 110 110 172 172 172 116 116 116 116 227 227 227 227 227 97 97 97 97 97 97 97 65 
65 65 65 110 110 110 110 110 110 172 172 172 172 116 116 116 227 227 227 227 227 227 97 97 97 97 23 23 23 
137 137 137 110 110 110 110 110 110 172 172 172 172 172 116 130 130 130 227 227 227 227 97 97 23 23 23 23 23 
137 137 137 137 110 110 110 110 169 172 172 172 172 172 172 130 32 32 32 130 227 227 97 23 23 23 23 23 137 
137 137 137 137 137 169 169 169 169 169 172 172 172 172 130 130 32 32 32 130 130 47 47 23 23 23 39 39 39 
137 137 145 145 145 169 169 169 169 169 169 172 172 236 130 130 32 32 32 130 130 47 47 47 47 39 39 39 39 
39 39 145 145 145 145 169 169 169 169 141 141 141 141 121 130 130 130 130 130 130 47 47 47 47 39 39 39 39 
39 145 145 145 145 148 148 169 169 141 141 141 141 141 121 121 121 130 130 130 130 47 47 47 47 39 39 39 39 
39 145 145 145 148 148 148 148 169 141 141 141 141 141 121 121 121 158 158 158 158 47 47 47 47 39 39 39 39 
91 91 145 148 148 148 148 148 148 141 141 141 141 141 121 121 158 158 158 158 158 158 47 47 47 39 39 39 39 
91 91 91 91 148 148 148 148 148 141 141 141 141 141 121 158 158 158 158 158 158 160 160 160 220 220 39 39 91 
91 91 91 91 55 55 55 55 55 141 141 141 141 141 133 158 158 158 158 158 160 160 160 160 160 220 220 91 91 
91 91 91 91 55 55 55 55 55 151 151 151 151 133 133 133 133 158 37 16 16 16 16 16 16 216 189 189 91 
91 91 91 91 55 55 55 55 204 1 151 151 151 1 133 133 133 133 37 16 16 16 16 16 16 216 189 189 91 
83 83 83 83 55 55 55 204 204 1 1 1 1 1 133 133 133 133 37 16 16 16 16 16 16 216 189 189 83 
83 83 83 83 83 55 204 204 204 1 1 1 1 1 133 133 133 133 37 16 16 16 16 207 207 203 203 203 83 
83 83 83 83 83 51 51 51 51 1 1 1 1 1 133 133 133 224 224 224 224 146 207 207 207 203 203 203 203 
83 83 83 83 83 51 51 51 51 1 1 1 1 178 178 152 152 224 224 224 224 146 207 207 207 203 203 203 203 
29 29 29 83 83 51 51 51 51 51 1 1 178 178 178 152 152 224 224 224 224 146 207 207 207 203 203 203 203 
29 29 29 29 95 95 95 95 95 95 178 178 178 178 178 152 152 152 224 224 224 146 207 207 207 203 203 203 203 
14 29 14 14 95 95 95 95 95 95 178 178 178 178 152 152 152 152 152 152 224 146 207 207 207 125 203 203 14 
14 14 14 14 95 95 95 95 95 95 178 178 178 178 152 152 152 152 152 152 125 125 125 125 125 125 125 60 14 
14 14 14 14 95 95 95 95 95 128 128 178 178 178 152 152 152 152 152 152 125 125 125 125 125 125 125 60 14 
14 14 14 131 95 95 95 95 128 128 128 178 178 178 152 152 152 152 152 217 217 217 125 125 125 125 125 125 14 
131 14 131 131 45 95 95 95 128 128 128 242 242 242 242 242 152 152 152 217 217 217 217 125 125 125 125 125 125 
65 65 65 65 45 45 95 30 30 128 30 242 242 242 242 242 242 242 227 217 217 217 217 125 125 125 125 125 65 
65 65 65 65 65 110 30 30 30 30 179 179 242 242 242 242 242 228 227 227 217 217 217 125 125 125 125 65 65 
65 65 65 65 110 110 110 30 30 30 179 179 179 242 242 228 228 227 227 227 227 227 97 97 97 97 97 65 65 
65 65 65 65 110 110 110 110 30 30 179 179 179 120 120 228 227 227 227 227 227 227 97 97 97 97 97 65 65 
65 65 65 110 110 110 110 110 30 30 172 172 172 172 120 228 227 227 227 227 227 227 97 97 97 97 97 97 65 
65 65 65 110 110 110 110 110 30 172 172 172 172 172 172 228 227 227 227 227 227 227 97 97 97 97 97 97 65 
137 137 137 137 110 110 110 110 172 172 172 172 172 172 172 130 130 227 227 227 227 227 97 97 97 97 23 23 137 
137 137 137 137 137 110 110 169 169 172 172 172 172 172 172 130 32 32 32 227 227 227 97 97 97 23 23 137 137 
137 137 137 137 137 169 169 169 169 169 172 172 172 172 172 130 32 32 32 85 85 47 47 47 47 23 39 39 137 
137 137 137 145 145 169 169 169 169 169 169 172 172 172 130 130 32 32 32 85 85 47 47 47 47 47 39 39 137 
137 137 145 145 145 148 169 169 169 169 141 141 141 141 141 130 32 32 32 85 85 47 47 47 47 47 39 39 39 
39 137 145 145 148 148 148 169 169 169 141 141 141 141 141 121 121 32 158 85 47 47 47 47 47 47 39 39 39 
79 79 145 148 148 148 148 169 169 141 141 141 141 141 141 121 158 158 158 158 158 47 47 47 47 47 39 39 39 
210 210 210 148 148 148 148 148 148 141 141 141 141 141 141 158 158 158 158 158 158 16 47 47 47 47 39 39 39 
91 91 91 148 148 148 148 148 148 141 141 141 141 141 133 158 158 158 158 158 158 16 16 16 16 216 216 189 91 
91 91 91 91 55 55 55 55 55 151 151 151 151 151 133 133 158 158 158 158 16 16 16 16 16 216 216 189 91 
91 91 91 91 55 55 55 204 204 151 151 151 151 133 133 133 133 133 16 16 16 16 16 16 216 216 189 189 189 
91 91 91 91 55 55 204 204 204 151 151 151 151 133 133 133 133 133 16 16 16 16 16 16 216 216 189 189 189 
83 83 83 83 83 204 204 204 204 1 151 151 151 133 133 133 133 133 16 16 16 16 16 16 216 216 189 189 189 
83 83 83 83 83 204 204 204 204 204 1 1 1 1 133 133 133 133 224 224 16 16 16 16 207 216 203 203 83 
83 83 83 83 83 204 204 204 204 204 1 1 1 1 133 133 133 224 224 224 224 224 207 207 207 203 203 203 203 
203 83 83 83 83 204 204 204 204 204 1 1 178 178 178 152 152 224 224 224 224 224 207 207 207 203 203 203 203 
203 29 29 83 83 95 95 95 95 95 1 178 178 178 178 152 152 224 224 224 224 224 207 207 207 203 203 203 203 
29 29 29 29 95 95 95 95 95 95 95 178 178 178 178 152 152 152 224 224 224 224 207 207 207 203 203 203 203 
29 29 14 14 95 95 95 95 95 95 95 178 178 178 178 152 152 152 152 152 224 224 207 207 207 60 60 60 60 
14 14 14 14 95 95 95 95 95 95 178 178 178 178 152 152 152 152 152 152 152 125 125 125 125 60 60 60 60 
14 14 14 95 95 95 95 95 95 95 178 178 178 178 152 152 152 152 152 152 217 125 125 125 125 125 60 60 60 
14 14 14 95 95 95 95 95 95 95 178 178 178 178 178 152 152 152 152 217 217 217 217 125 125 125 125 60 60 
122 65 65 65 95 95 95 95 95 30 30 242 242 242 242 152 152 152 217 217 217 217 217 217 125 125 125 125 60 
122 65 65 65 110 30 30 30 30 30 30 30 242 242 242 242 228 228 217 217 217 217 217 217 125 125 125 125 122 
122 65 65 65 110 110 30 30 30 30 30 30 242 242 242 228 228 228 228 217 217 217 217 217 217 125 125 122 122 
122 122 65 65 110 110 30 30 30 30 30 30 30 228 228 228 228 191 227 227 182 182 182 182 97 97 122 122 122 
122 122 65 65 110 110 110 30 30 30 30 30 30 228 228 228 228 227 227 227 227 182 182 97 97 97 97 122 122 
122 65 65 110 110 110 110 30 30 30 30 30 30 228 228 228 228 227 227 227 227 227 97 97 97 97 97 97 122 
137 65 65 110 110 110 110 30 30 30 172 172 172 172 228 228 228 227 227 227 227 227 97 97 97 97 97 97 137 
137 137 137 137 110 110 110 110 30 172 172 172 172 172 172 228 85 85 85 227 227 227 97 97 97 43 43 43 137 
137 137 137 137 137 110 110 112 169 172 172 172 172 172 172 85 85 85 85 85 85 85 85 43 43 43 43 43 137 
137 137 137 137 137 169 169 169 169 169 172 172 172 172 172 85 85 85 85 85 85 85 47 47 47 43 43 43 137 
137 137 137 137 108 169 169 169 169 169 169 172 172 172 85 85 85 85 85 85 85 85 47 47 47 43 43 39 137 
79 79 79 79 108 108 169 169 169 169 141 101 141 141 141 130 85 85 85 85 85 47 47 47 47 47 47 39 79 
79 79 79 79 148 148 169 169 169 169 141 101 141 141 141 239 239 239 85 85 85 47 47 47 47 47 47 39 79 
79 79 79 79 148 148 148 169 169 169 101 101 101 101 101 136 136 136 136 136 136 47 47 47 47 47 47 39 79 
210 210 210 210 148 148 148 148 169 101 101 101 101 101 101 136 136 136 136 136 16 16 47 47 47 47 47 210 210 
210 210 210 210 148 148 148 148 169 101 101 101 101 101 133 158 136 136 136 136 16 16 16 16 216 216 216 189 210 
91 91 210 210 210 55 55 15 15 151 151 151 151 151 133 133 136 136 136 16 16 16 16 16 216 216 216 189 189 
189 210 210 6 6 204 204 204 204 151 151 151 151 133 133 133 133 133 133 16 16 16 16 16 216 216 216 189 189 
189 91 91 6 6 204 204 204 204 151 151 151 151 133 133 133 133 133 16 16 16 16 16 16 216 216 216 189 189 
83 83 83 83 204 204 204 204 204 204 151 151 151 133 133 133 133 133 16 16 16 16 16 16 216 216 216 189 189 
83 83 83 83 204 204 204 204 204 204 204 151 151 133 133 133 133 133 224 16 16 16 16 16 216 216 216 203 203 
203 83 83 83 204 204 204 204 204 204 204 204 204 133 133 133 133 224 224 224 224 224 16 207 207 203 203 203 203 
203 83 83 83 204 204 204 204 204 204 204 204 178 178 178 152 11 11 224 224 224 224 224 207 207 203 203 203 203 
203 203 29 83 95 95 95 95 95 95 95 178 178 178 178 152 152 11 224 224 224 224 207 207 207 203 203 203 203 
203 29 29 29 95 95 95 95 95 95 95 178 178 178 178 152 152 152 11 224 224 235 235 207 207 203 203 203 203 
60 60 14 95 95 95 95 95 95 95 95 178 178 178 178 152 152 152 152 152 224 235 235 207 60 60 60 60 60 
60 60 14 95 95 95 95 95 95 95 95 178 178 178 178 152 152 152 152 152 152 217 125 125 60 60 60 60 60 
60 60 14 95 95 95 95 95 95 95 95 178 178 178 178 152 152 152 152 152 217 217 125 125 125 60 60 60 60 
60 60 122 95 95 95 95 95 95 95 95 178 178 178 178 152 152 152 152 217 217 217 217 217 217 60 60 60 60 
122 122 122 122 95 95 95 95 30 30 30 30 178 178 178 152 152 152 217 217 217 217 217 217 217 217 60 60 60 
122 122 122 122 122 30 30 30 30 30 30 30 30 242 228 228 228 228 228 217 217 217 217 217 217 217 217 122 122 
122 122 122 122 122 30 30 30 30 30 30 30 30 228 228 228 228 228 228 182 182 182 182 217 217 217 122 122 122 
122 122 122 122 122 30 30 30 30 30 30 30 30 228 228 228 191 191 191 182 182 182 182 182 182 182 122 122 122 
122 122 122 122 122 30 30 30 30 30 30 30 30 228 228 228 191 191 227 182 182 182 182 182 182 97 122 122 122 
122 122 122 122 110 110 30 30 30 30 30 30 30 228 228 228 228 191 227 227 182 182 182 182 97 97 97 122 122 
122 122 122 110 110 110 30 30 30 30 30 30 30 228 228 228 228 191 227 227 227 182 182 97 97 97 43 43 122 
137 137 137 137 110 110 110 112 132 132 132 172 172 172 228 228 85 85 85 85 85 85 85 43 43 43 43 43 137 
137 137 137 137 137 112 112 112 112 132 132 172 172 172 85 85 85 85 85 85 85 85 85 43 43 43 43 43 137 
137 137 137 137 108 108 112 112 112 181 181 172 172 172 85 85 85 85 85 85 85 85 85 47 43 43 43 43 137 
79 79 79 79 108 108 108 169 169 181 181 101 101 101 85 85 85 85 85 85 85 85 47 47 47 43 43 43 79 
79 79 79 108 108 108 108 169 169 169 101 101 101 101 101 85 85 85 85 85 85 85 47 47 47 43 43 43 79 
79 79 79 79 108 108 108 169 169 101 101 101 101 101 101 239 239 239 239 85 85 47 47 47 47 47 47 79 79 
79 79 79 79 108 108 108 169 169 101 101 101 101 101 101 104 239 239 239 239 239 47 47 47 47 47 47 79 79 
210 210 210 210 210 108 148 15 15 101 101 101 101 101 101 239 239 136 239 239 16 16 213 47 47 47 216 210 210 
210 210 210 210 210 210 148 15 15 101 101 101 101 101 133 133 136 136 136 136 16 16 16 213 213 216 216 189 210 
210 210 210 210 210 210 15 15 15 151 151 151 151 151 133 133 136 136 136 16 16 16 16 16 216 216 216 189 189 
210 210 6 6 6 6 204 204 204 75 75 75 75 75 133 133 133 133 214 214 214 214 214 216 216 216 216 189 189 
189 6 6 6 6 204 204 204 204 204 75 75 75 75 133 133 133 133 214 214 214 214 214 214 216 216 216 189 189 
189 6 6 6 6 204 204 204 204 204 75 75 75 75 133 133 133 133 214 214 214 214 214 214 216 216 216 216 189 
83 6 6 6 204 204 204 204 204 204 204 75 75 75 133 133 133 133 214 214 214 214 214 214 216 216 216 216 203 
203 203 6 6 204 204 204 204 204 204 204 204 75 75 133 133 11 11 11 224 235 235 235 235 235 203 203 203 203 
203 203 203 6 204 204 204 204 204 204 204 204 178 178 178 11 11 11 11 224 235 235 235 235 235 203 203 203 203 
203 203 165 165 204 204 95 204 204 204 80 106 178 178 178 152 11 11 11 11 235 235 235 235 235 203 203 203 203 
60 60 29 165 95 95 95 95 95 80 80 106 178 178 152 152 11 11 11 11 235 235 235 235 235 60 60 60 60 
60 60 60 95 95 95 95 95 95 80 80 106 178 178 152 152 152 11 11 11 235 235 235 147 147 60 60 60 60 
60 60 60 95 95 95 95 95 95 80 80 106 178 178 152 152 152 152 152 152 235 147 147 147 147 60 60 60 60 
60 60 60 95 95 95 95 95 95 80 80 106 178 178 152 152 152 152 152 152 217 217 147 147 147 60 60 60 60 
60 60 122 122 95 95 95 95 95 80 80 106 178 178 178 152 152 152 152 217 217 217 217 217 217 60 60 60 60 
122 122 122 122 122 95 95 30 30 30 30 30 30 178 178 228 228 228 217 217 217 217 217 217 217 217 60 60 60 
122 122 122 122 122 30 30 30 30 30 30 30 30 191 191 228 228 228 228 217 217 217 217 217 217 217 217 122 122 
122 122 122 122 122 30 30 30 30 30 30 30 30 191 191 228 228 228 228 182 182 182 182 217 217 217 122 122 122 
122 122 122 122 122 30 30 30 30 30 30 30 30 228 228 191 228 228 228 182 182 182 182 182 182 182 122 122 122 
122 122 122 122 122 30 30 30 30 30 30 30 30 228 228 228 191 191 191 182 182 182 182 182 182 182 122 122 122 
122 122 122 122 122 30 30 30 30 30 30 30 30 228 228 228 191 191 191 182 182 182 182 182 182 182 43 122 122 
186 186 186 186 186 30 30 30 132 132 132 132 132 228 228 228 228 85 85 85 85 182 182 182 43 43 43 43 122 
186 186 186 186 112 112 112 112 132 132 132 132 132 132 228 228 85 85 85 85 85 85 85 43 43 43 43 43 186 
79 79 79 79 112 112 112 112 112 132 132 132 132 132 228 85 85 85 85 85 85 85 85 43 43 43 43 43 43 
79 79 79 79 108 108 112 112 112 181 181 181 181 181 27 85 85 85 85 85 85 85 85 43 43 43 43 43 79 
79 79 79 108 108 108 112 112 112 181 181 181 101 101 85 85 85 85 85 85 85 85 85 43 43 43 43 43 79 
79 79 79 108 108 108 108 112 112 181 101 101 101 101 101 104 239 239 85 85 85 85 47 47 47 43 43 43 79 
79 79 79 108 108 108 108 112 112 101 101 101 101 101 101 104 239 239 239 104 85 85 47 47 47 47 43 79 79 
79 79 79 79 108 108 108 108 15 101 101 101 101 101 101 104 239 239 239 104 104 213 213 47 47 47 43 79 79 
210 210 210 210 210 108 15 15 15 101 101 101 101 101 101 104 239 239 239 104 104 213 213 213 213 213 213 210 210 
210 210 210 210 210 15 15 15 15 15 101 101 101 101 101 104 239 239 239 214 214 214 213 213 213 213 216 210 210 
210 210 210 210 6 6 15 15 15 75 75 75 75 75 133 133 136 239 136 214 214 214 214 213 216 216 216 216 210 
210 6 6 6 6 6 15 15 75 75 75 75 75 75 75 133 133 90 90 214 214 214 214 214 216 216 216 189 189 
6 6 6 6 6 6 204 204 204 75 75 75 75 75 75 75 133 90 90 214 214 214 214 214 216 216 216 216 189 
6 6 6 6 6 204 204 204 204 204 75 75 75 75 75 133 133 90 90 214 214 214 214 214 216 216 216 216 189 
6 6 6 6 6 204 204 204 204 204 75 75 75 75 75 133 133 11 11 214 214 214 214 214 216 216 216 216 216 
203 6 6 6 204 204 204 204 204 204 204 75 75 75 75 11 11 11 11 235 235 235 235 235 235 216 216 203 203 
203 165 165 6 204 204 204 204 204 204 204 75 75 75 11 11 11 11 11 235 235 235 235 235 235 203 203 203 203 
165 165 165 165 204 204 204 204 204 204 80 106 106 106 11 11 11 11 11 11 235 235 235 235 235 203 203 203 203 
165 165 165 165 67 67 95 80 80 80 80 106 106 106 152 11 11 11 11 11 235 235 235 235 147 60 60 60 60 
60 60 165 165 67 95 95 80 80 80 80 106 106 106 152 11 11 11 11 11 11 147 147 147 147 60 60 60 60 
60 60 165 165 67 95 95 80 80 80 80 106 106 106 152 152 11 11 11 11 11 147 147 147 147 60 60 60 60 
60 60 165 165 95 95 95 80 80 80 80 106 106 106 152 152 152 152 11 11 217 147 147 147 147 60 60 60 60 
60 60 173 61 95 95 95 80 80 80 80 106 106 106 152 152 152 152 11 217 217 217 217 147 147 147 60 60 60 
122 61 61 61 61 30 30 30 30 30 30 30 30 191 228 228 228 228 228 217 217 217 217 217 217 217 60 60 60 
122 61 61 61 61 30 30 30 30 30 30 30 30 191 228 228 228 228 228 217 217 217 217 217 217 217 217 61 61 
122 122 61 61 61 30 30 30 30 30 30 30 30 191 191 228 228 228 228 182 182 182 182 217 217 217 122 122 122 
61 61 61 61 61 30 30 30 30 30 30 30 30 191 191 228 228 228 228 182 182 182 182 182 182 182 61 61 61 
61 61 61 61 61 30 30 30 30 30 30 30 30 228 228 228 228 228 228 182 182 182 182 182 182 182 61 61 61 
61 61 61 61 61 30 30 30 30 30 30 30 30 228 228 228 228 228 228 182 182 182 182 182 182 182 43 61 61 
186 186 186 186 186 112 112 132 132 132 132 132 132 228 228 228 228 228 85 85 85 182 182 182 43 43 43 186 186 
186 186 186 186 112 112 112 112 132 132 132 132 132 132 228 228 85 85 85 85 85 85 85 43 43 43 43 43 186 
186 186 186 186 112 112 112 112 112 132 132 132 132 132 27 27 85 85 85 85 85 85 85 43 43 43 43 43 186 
79 79 79 79 108 112 112 112 112 181 181 181 181 27 27 27 85 85 85 85 85 85 85 43 43 43 43 43 79 
79 79 79 108 108 108 112 112 112 181 181 181 181 181 27 27 85 85 85 85 85 85 85 43 43 43 43 43 79 
79 79 79 108 108 108 108 112 112 181 181 101 101 101 101 104 104 104 85 85 85 85 85 243 243 243 243 243 79 
79 79 79 108 108 108 108 112 112 101 101 101 101 101 101 104 104 104 104 104 85 85 213 243 243 243 243 243 79 
79 79 79 79 108 108 108 15 15 101 101 101 101 101 101 104 104 104 104 104 104 213 213 213 213 243 243 243 79 
210 210 210 210 108 108 15 15 15 15 101 101 101 101 101 104 104 104 104 104 104 213 213 213 213 213 213 210 210 
210 210 210 210 6 15 15 15 15 15 101 101 101 101 101 104 104 104 104 214 214 213 213 213 213 213 213 210 210 
210 210 210 6 6 6 15 15 15 75 75 75 75 75 75 75 104 104 214 214 214 214 213 213 213 216 216 210 210 
6 6 6 6 6 6 15 15 75 75 75 75 75 75 75 90 90 90 90 214 214 214 214 214 213 216 216 189 189 
6 6 6 6 6 6 204 204 204 75 75 75 75 75 75 90 90 90 90 214 214 214 214 214 216 216 216 216 189 
6 6 6 6 6 6 204 204 204 75 75 75 75 75 75 90 90 90 90 214 214 214 214 214 216 216 216 216 189 
6 6 6 6 6 204 204 204 204 204 75 75 75 75 75 90 90 90 90 214 214 214 214 214 214 216 216 216 216 
165 6 6 6 6 204 204 204 204 204 204 75 75 75 75 11 11 11 11 235 235 235 235 235 235 216 216 203 203 
165 165 165 6 6 204 204 204 204 204 204 75 75 75 11 11 11 11 11 235 235 235 235 235 235 235 203 203 203 
165 165 165 165 67 63 63 63 63 80 80 106 106 106 11 11 11 11 11 11 235 235 235 235 235 235 203 203 165 
165 165 165 165 67 67 63 63 80 80 80 106 106 106 11 11 11 11 11 11 235 235 235 147 147 147 60 60 165 
165 165 165 165 67 67 142 80 80 80 80 106 106 106 106 11 11 11 11 11 57 147 147 147 147 147 60 60 165 
165 165 165 165 67 142 142 80 80 80 80 106 106 106 106 11 11 11 11 11 57 147 147 147 147 147 60 60 60 
165 165 165 165 67 142 142 80 80 80 80 106 106 106 106 11 11 11 11 11 147 147 147 147 147 147 60 60 60 
173 173 173 173 67 142 142 80 80 80 80 106 106 106 106 11 11 11 11 71 147 147 147 147 147 147 60 60 60 
61 173 61 61 237 237 30 30 30 30 30 30 30 191 228 228 228 228 71 71 217 217 217 147 147 147 60 60 61 
61 61 61 61 237 237 30 30 30 30 30 30 30 191 228 228 228 228 71 71 241 241 217 217 217 217 61 61 61 
61 61 61 61 237 237 30 30 30 30 30 30 30 191 228 228 228 228 71 71 241 241 241 241 241 241 61 61 61 
61 61 61 61 237 237 30 30 30 30 30 30 30 191 228 228 228 228 71 71 241 241 241 241 241 241 61 61 61 
61 61 61 61 237 237 30 30 30 30 30 30 30 36 36 36 36 36 71 71 241 241 241 241 241 241 61 61 61 
61 61 61 61 61 30 30 30 132 132 132 132 30 36 36 36 36 36 71 71 241 241 241 241 241 241 61 61 61 
186 186 186 186 186 112 112 132 132 132 132 132 132 132 36 36 36 36 71 85 241 241 241 241 43 43 43 186 186 
186 186 186 186 112 112 112 112 132 132 132 132 132 132 27 27 27 85 85 85 85 85 85 43 43 43 43 186 186 
186 186 186 186 112 112 112 112 112 132 132 132 132 27 27 27 27 85 85 85 85 85 85 43 243 43 43 43 186 
186 186 186 186 112 112 112 112 112 181 181 181 181 27 27 27 27 85 85 85 85 85 85 243 243 243 243 243 243 
79 79 79 108 108 112 112 112 112 219 219 219 219 27 27 27 27 85 85 85 85 85 85 243 243 243 243 243 243 
79 79 79 108 108 108 112 112 112 219 219 219 101 101 41 27 27 104 85 85 85 85 243 243 243 243 243 243 79 
79 79 79 108 108 108 112 112 112 101 101 101 101 101 41 104 104 104 104 104 104 85 243 243 243 243 243 243 79 
79 79 79 79 108 108 15 15 15 15 101 101 101 101 41 104 104 104 104 104 104 213 213 213 243 243 243 243 79 
210 210 210 6 6 15 15 15 15 15 101 101 101 101 41 104 104 104 104 104 104 213 213 213 213 213 243 243 210 
210 210 210 6 6 15 15 15 15 15 75 75 101 75 41 104 104 104 104 214 214 213 213 213 213 213 213 210 210 
210 210 6 6 6 6 15 15 15 75 75 75 75 75 75 90 90 104 90 214 214 214 213 213 213 213 213 210 210 
6 6 6 6 6 6 15 15 75 75 75 75 75 75 75 90 90 90 90 214 214 214 214 214 213 213 216 189 189 
6 6 6 6 6 6 6 204 75 75 75 75 75 75 75 90 90 90 90 214 214 214 214 214 214 216 216 216 189 
6 6 6 6 6 6 204 204 204 75 75 75 75 75 75 90 90 90 90 214 214 214 214 214 214 216 216 216 189 
6 6 6 6 6 6 204 204 204 75 75 75 75 75 75 90 90 90 90 214 118 118 118 214 214 216 216 216 216 
165 165 6 6 6 204 204 204 204 204 75 75 75 75 75 90 90 11 11 235 235 235 235 235 235 235 216 165 165 
165 165 165 165 165 63 63 63 63 63 240 75 75 75 11 11 11 11 11 235 235 235 235 235 235 235 73 165 165 
165 165 165 165 67 63 63 63 63 63 63 106 106 106 11 11 11 11 11 57 57 57 235 235 235 235 73 165 165 
165 165 165 165 67 67 63 63 63 80 80 106 106 106 11 11 11 11 11 57 57 57 57 147 147 147 73 165 165 
165 165 165 165 67 67 142 142 80 80 80 106 106 106 106 11 11 11 11 11 57 147 147 147 147 147 147 60 165 
165 165 165 67 67 67 142 142 80 80 80 106 106 106 106 11 11 11 11 11 57 147 147 147 147 147 147 147 165 
173 173 173 67 67 142 142 142 80 80 80 106 106 106 106 11 11 11 11 11 147 147 147 147 147 147 147 60 165 
173 173 173 173 67 142 142 142 80 80 80 106 106 106 36 36 11 11 11 71 147 147 147 147 147 147 147 60 173 
173 173 173 173 237 237 142 142 30 30 30 30 106 36 36 36 36 36 71 71 71 147 147 147 147 147 147 173 173 
61 61 61 61 237 237 237 30 30 30 30 30 30 36 36 36 36 36 71 71 71 241 241 241 147 147 61 61 61 
61 61 61 61 237 237 237 30 30 30 30 30 30 36 36 36 36 36 71 71 71 241 241 241 184 184 61 61 61 
61 61 61 61 237 237 237 30 30 30 30 30 30 36 36 36 36 36 71 71 71 241 241 241 241 241 61 61 61 
61 61 61 61 237 237 237 30 30 30 30 30 30 36 36 36 36 36 71 71 71 241 241 241 241 241 61 61 61 
61 61 61 61 237 237 237 132 132 132 132 132 132 36 36 36 36 36 71 71 71 241 241 241 13 13 61 61 61 
186 186 186 186 186 112 112 132 132 132 132 132 132 36 36 36 36 36 71 71 71 241 241 13 13 13 243 211 186 
186 186 186 186 112 112 112 112 132 132 132 132 132 27 27 27 27 27 85 85 85 13 13 13 13 13 243 211 186 
186 186 186 186 112 112 112 112 112 132 132 132 132 27 27 27 27 27 85 85 85 85 13 243 243 243 243 243 186 
186 186 186 186 112 112 112 112 112 181 181 181 181 27 27 27 27 27 27 85 85 85 243 243 243 243 243 243 243 
79 186 186 108 112 112 112 112 112 219 219 219 219 27 27 27 27 27 27 85 85 85 243 243 243 243 243 243 243 
79 79 79 108 112 112 112 112 112 219 219 219 219 41 41 41 27 27 232 85 85 206 243 243 243 243 243 243 243 
79 79 79 108 108 112 112 112 112 112 219 101 101 41 41 41 41 104 104 104 104 206 243 243 243 243 243 243 243 
79 79 79 79 197 197 15 15 15 15 101 101 101 41 41 41 104 104 104 104 104 213 213 213 243 243 243 243 243 
210 210 210 6 197 15 15 15 15 15 101 101 101 41 41 41 104 104 104 104 104 213 213 213 213 243 243 243 243 
210 210 210 6 6 15 15 15 15 15 75 75 75 41 41 41 41 104 104 214 214 213 213 213 213 213 213 210 210 
210 6 6 6 6 15 15 15 15 75 75 75 75 75 41 90 90 90 90 214 214 214 213 213 213 213 213 213 210 
6 6 6 6 6 6 6 6 75 75 75 75 75 75 90 90 90 90 90 90 214 214 214 214 214 221 221 221 19 
6 6 6 6 6 6 6 204 75 75 75 75 75 75 75 90 90 90 90 90 214 214 214 214 214 214 221 221 19 
6 6 6 6 6 6 6 204 204 75 75 75 75 75 75 90 90 90 90 90 214 118 118 214 214 214 216 216 19 
6 6 6 6 6 6 204 204 204 75 75 75 75 75 75 90 90 90 90 118 118 118 118 118 118 118 216 165 165 
165 165 165 6 6 63 204 204 240 240 240 75 75 75 3 3 90 90 90 118 118 118 118 118 118 118 73 165 165 
165 165 165 165 165 63 63 63 63 240 240 240 240 75 3 3 11 11 11 57 57 57 57 57 57 73 73 165 165 
165 165 165 165 67 67 63 63 63 63 240 240 240 106 11 11 11 11 11 57 57 57 57 57 57 73 73 165 165 
165 165 165 165 67 67 63 63 63 63 80 106 106 106 11 11 11 11 11 57 57 57 57 147 147 73 73 165 165 
165 165 165 67 67 67 67 63 63 80 80 106 106 106 11 11 11 11 11 57 57 57 147 147 147 73 73 73 165 
165 165 165 67 67 67 142 142 142 80 80 106 106 106 106 11 11 11 11 11 57 147 147 147 147 73 73 73 165 
173 173 173 173 67 67 142 142 142 80 80 106 106 106 106 11 11 11 11 11 147 147 147 147 147 147 73 73 173 
173 173 173 173 173 67 142 142 142 80 80 106 106 106 36 36 36 11 71 71 147 147 147 147 147 147 73 173 173 
173 173 173 173 173 237 142 142 142 80 80 30 106 36 36 36 36 36 71 71 71 184 184 184 184 184 184 173 173 
173 61 61 237 237 237 237 237 30 30 30 30 36 36 36 36 36 36 71 71 71 71 184 184 184 184 184 173 173 
61 61 61 237 237 237 237 237 30 30 30 30 36 36 36 36 36 36 71 71 71 71 184 184 184 184 184 61 61 
61 61 61 237 237 237 237 237 30 30 30 30 36 36 36 36 36 36 71 71 71 71 198 198 198 198 198 61 61 
61 61 61 237 237 237 237 237 30 30 30 149 149 36 36 36 36 36 71 71 71 71 198 198 198 198 61 61 61 
61 61 61 237 237 237 237 132 132 132 132 149 149 149 36 36 36 36 71 71 71 71 13 13 13 13 13 61 61 
186 186 186 186 28 28 28 132 132 132 132 132 149 149 36 36 36 36 71 71 13 13 13 13 13 13 13 211 211 
186 186 186 186 28 28 127 127 132 132 132 132 132 149 27 27 27 27 27 71 13 13 13 13 13 13 211 211 211 
211 186 186 186 28 28 127 127 127 181 181 132 132 27 27 27 27 27 27 85 13 13 13 13 13 243 211 211 211 
211 186 186 186 28 127 127 127 127 181 181 181 181 27 27 27 27 27 27 232 13 13 13 243 243 243 243 211 211 
211 186 186 185 185 127 127 127 127 127 181 181 181 27 27 27 27 27 232 232 232 206 243 243 243 243 243 243 243 
211 79 185 185 185 185 127 127 127 127 127 127 41 41 41 41 27 27 232 232 232 206 243 243 243 243 243 243 243 
79 79 185 185 185 185 185 185 127 127 127 101 41 41 41 41 41 104 104 232 232 206 243 243 243 243 243 243 243 
79 79 197 197 197 197 197 197 15 15 101 101 41 41 41 41 41 104 104 104 232 206 213 243 243 243 243 243 243 
210 210 6 197 197 197 15 15 15 15 101 101 41 41 41 41 41 104 104 104 104 213 213 213 221 221 221 221 221 
210 6 6 6 197 197 15 15 15 15 75 75 75 41 41 41 41 41 104 214 214 213 213 213 221 221 221 221 221 
210 6 6 6 6 15 15 15 15 75 75 75 75 75 41 90 90 90 90 214 214 214 214 213 221 221 221 221 221 
19 19 19 6 6 6 6 17 17 17 17 17 17 17 17 90 90 90 90 105 105 105 105 105 221 221 221 221 19 
19 19 19 6 6 6 6 17 17 17 17 17 17 17 17 90 90 90 90 105 105 105 105 105 105 105 221 221 19 
19 19 19 6 6 6 6 204 17 17 17 17 17 17 17 90 90 90 90 105 105 105 105 105 105 105 221 19 19 
19 19 6 6 6 212 212 124 240 240 240 17 17 17 3 3 90 90 90 118 118 118 118 105 105 105 105 19 19 
244 165 244 165 212 212 212 124 240 240 240 240 240 3 3 3 3 3 3 3 118 118 118 118 118 73 73 165 165 
165 165 165 165 67 67 63 63 240 240 240 240 240 3 3 3 3 3 3 57 57 57 57 57 73 73 73 165 165 
165 165 165 165 67 67 63 63 240 240 240 240 240 3 3 3 3 3 3 57 57 57 57 57 73 73 73 73 165 
165 165 165 165 67 67 67 63 63 63 240 240 240 3 3 3 3 3 3 57 57 57 57 147 73 73 73 73 165 
165 165 165 67 67 67 67 63 63 63 80 106 106 106 11 11 3 11 11 57 57 57 147 147 73 73 73 73 165 
173 173 173 67 67 67 67 142 142 142 80 80 106 106 59 59 11 11 11 57 57 147 147 147 73 73 73 73 173 
173 173 173 173 67 67 142 142 142 142 80 106 106 106 59 59 59 59 11 113 113 147 147 147 73 73 73 73 173 
173 173 173 173 173 173 142 142 142 142 80 106 46 46 59 59 59 59 59 113 113 147 147 147 147 73 73 173 173 
173 173 173 173 173 237 142 142 142 142 80 46 46 46 36 36 36 36 71 71 167 184 184 184 184 184 184 173 173 
173 173 173 173 237 237 237 237 237 30 30 46 46 36 36 36 36 36 71 71 71 184 184 184 184 184 184 173 173 
173 173 173 237 237 237 237 237 30 30 30 46 46 36 36 36 36 36 71 71 71 71 184 184 184 184 184 173 173 
61 61 61 237 237 237 237 237 30 30 30 149 149 36 36 36 36 36 71 71 71 71 198 198 198 198 198 61 61 
61 61 61 237 237 237 237 237 30 30 149 149 149 149 36 36 36 36 71 71 71 71 198 198 198 198 198 61 61 
74 74 74 237 28 28 28 28 132 64 132 149 149 149 149 36 36 36 71 71 71 13 13 13 13 13 13 74 74 
74 186 186 28 28 28 28 28 64 64 64 149 149 149 149 36 36 36 71 71 13 13 13 13 13 13 13 211 211 
211 211 186 28 28 28 28 127 127 64 64 64 149 149 27 27 27 27 27 13 13 13 13 13 13 13 211 211 211 
211 211 186 28 28 28 28 127 127 127 64 132 149 27 27 27 27 27 27 13 13 13 13 13 13 13 211 211 211 
211 211 186 28 28 28 127 127 127 127 127 181 181 27 27 27 27 27 27 232 13 13 13 13 243 243 211 211 211 
211 211 185 185 185 185 127 127 127 127 127 176 176 176 27 27 27 27 232 232 206 206 206 243 243 243 243 211 211 
211 211 185 185 185 185 185 127 127 127 127 176 176 176 41 41 27 232 232 232 232 206 206 243 243 243 243 243 243 
211 185 185 185 185 185 185 185 185 127 127 176 176 41 41 41 41 232 232 232 232 206 206 183 243 243 243 243 243 
211 197 197 197 197 197 197 197 197 197 197 138 138 41 41 41 41 41 232 232 232 206 183 183 183 243 243 243 243 
19 19 197 197 197 197 197 197 197 197 17 138 138 41 41 41 41 41 195 195 195 206 183 183 221 221 221 221 221 
19 19 6 197 197 197 197 197 197 17 17 17 17 41 41 41 41 41 195 195 195 105 183 221 221 221 221 221 221 
19 19 6 6 197 197 197 15 15 17 17 17 17 17 41 90 90 90 90 105 105 105 105 221 221 221 221 221 221 
19 19 19 19 19 19 19 17 17 17 17 17 17 17 17 90 90 90 90 105 105 105 105 105 221 221 221 221 19 
19 19 19 19 19 19 19 17 17 17 17 17 17 17 17 90 90 90 90 105 105 105 105 105 105 105 221 19 19 
19 19 19 19 19 212 212 124 240 17 17 17 17 17 17 3 90 90 3 105 105 105 105 105 105 105 221 19 19 
19 19 19 19 212 212 212 124 240 240 240 17 17 17 3 3 3 3 3 3 105 105 105 105 105 105 105 19 19 
244 244 244 244 212 212 212 124 240 240 240 240 240 3 3 3 3 3 3 3 3 3 105 105 105 73 73 244 244 
244 244 244 244 212 212 212 124 240 240 240 240 240 3 3 3 3 3 3 3 3 57 57 57 73 73 73 73 165 
165 165 165 165 67 67 67 124 240 240 240 240 240 3 3 3 3 3 3 3 57 57 57 57 73 73 73 73 165 
165 165 165 67 67 67 67 63 240 240 240 240 240 3 3 3 3 3 3 3 57 57 57 73 73 73 73 73 165 
165 165 165 67 67 67 67 67 63 63 240 240 106 59 3 3 3 3 3 3 57 57 147 73 73 73 73 73 165 
173 173 173 173 67 67 67 142 142 142 142 142 59 59 59 59 59 3 3 113 113 113 147 73 73 73 73 73 173 
173 173 173 173 67 67 67 142 142 142 142 46 46 59 59 59 59 59 59 113 113 113 113 73 73 73 73 73 173 
173 173 173 173 173 173 67 142 142 142 142 46 46 46 59 59 59 59 59 113 113 113 113 184 184 73 73 173 173 
173 173 173 173 173 173 173 142 142 142 153 46 46 46 46 59 59 59 71 167 167 167 184 184 184 184 184 173 173 
173 173 173 173 173 237 237 237 22 22 38 46 46 46 46 36 36 36 71 167 167 167 184 184 184 184 184 173 173 
173 173 173 237 237 237 237 237 237 30 38 46 46 46 36 36 36 36 71 71 167 167 184 184 184 184 184 173 173 
74 74 74 237 237 237 237 237 237 30 64 149 149 149 36 36 36 36 71 71 71 198 198 198 198 198 198 198 74 
74 74 74 74 237 237 237 237 64 64 64 149 149 149 149 36 36 36 71 71 71 44 198 198 198 198 198 74 74 
74 74 74 74 28 28 28 28 64 64 64 149 149 149 149 149 36 36 71 71 44 44 13 13 13 13 13 74 74 
74 74 74 28 28 28 28 28 64 64 64 149 149 149 149 149 149 36 71 71 13 13 13 13 13 13 13 211 74 
211 74 74 28 28 28 28 28 64 64 64 64 149 149 149 27 27 27 27 13 13 13 13 13 13 13 211 211 211 
211 211 28 28 28 28 28 28 64 64 64 64 64 27 27 27 27 27 27 13 13 13 13 13 13 13 211 211 211 
211 211 28 28 28 28 28 127 127 64 64 64 176 176 27 27 27 27 232 232 232 13 13 13 13 211 211 211 211 
211 211 185 185 185 185 185 127 127 127 64 176 176 176 176 27 27 27 232 232 232 206 206 243 243 243 211 211 211 
211 211 185 185 185 185 185 185 127 127 176 176 176 176 176 187 27 232 232 232 232 206 206 206 243 243 243 211 211 
211 185 185 185 185 197 197 185 185 185 176 176 176 176 176 41 41 232 232 232 232 206 206 183 183 243 243 243 243 
211 197 197 197 197 197 197 197 197 197 230 138 138 138 138 41 41 195 195 195 195 206 183 183 183 221 221 221 221 
19 19 197 197 197 197 197 197 197 197 138 138 138 138 138 41 134 195 195 195 195 195 183 183 221 221 221 221 221 
19 19 19 197 197 197 197 197 197 17 17 17 138 138 134 134 134 134 195 195 195 195 183 221 221 221 221 221 221 
19 19 19 19 197 197 197 197 17 17 17 17 17 134 134 134 134 134 195 105 105 105 105 221 221 221 221 221 221 
19 19 19 19 19 19 19 17 17 17 17 17 17 17 134 134 134 134 105 105 105 105 105 105 221 221 221 19 19 
19 19 19 19 19 19 19 82 17 17 17 17 17 17 17 134 134 90 105 105 105 105 105 105 105 221 221 19 19 
19 19 19 19 19 212 212 124 124 17 17 17 17 17 3 3 3 3 3 105 105 105 105 105 105 105 221 19 19 
19 19 19 19 212 212 212 124 124 240 240 17 17 17 3 3 3 3 3 3 105 105 105 105 105 105 154 19 19 
244 244 244 212 212 212 212 124 124 240 240 240 240 3 3 3 3 3 3 3 3 3 105 105 105 154 154 244 244 
244 244 244 244 212 212 212 124 124 240 240 240 240 3 3 3 3 3 3 3 3 3 57 105 73 73 73 244 244 
244 244 244 244 212 212 124 124 124 240 240 240 240 3 3 3 3 3 3 3 3 3 57 57 73 73 73 73 244 
244 244 244 244 212 67 67 124 124 240 240 240 3 3 3 3 3 3 3 3 3 3 57 73 73 73 73 73 73 
165 244 244 67 67 67 67 67 67 240 240 240 59 59 3 3 3 3 3 3 3 113 113 73 73 73 73 73 73 
173 173 173 173 67 67 67 67 142 142 142 153 59 59 59 59 59 59 59 113 113 113 113 73 73 73 73 73 173 
173 173 173 173 67 67 67 142 142 142 153 153 46 59 59 59 59 59 59 113 113 113 113 113 73 73 73 73 173 
173 173 173 173 173 173 159 159 142 142 153 46 46 46 59 59 59 59 113 113 113 113 113 113 184 73 73 173 173 
173 173 173 173 173 159 159 159 22 22 153 46 46 46 46 59 59 59 167 167 167 167 167 184 184 184 184 173 173 
173 173 173 173 159 159 159 159 22 22 38 46 46 46 46 59 59 59 167 167 167 167 167 184 184 184 184 173 173 
173 173 173 173 237 159 159 22 22 22 38 46 46 46 46 199 199 199 199 167 167 167 167 184 184 184 184 173 173 
74 74 74 74 237 237 237 22 22 22 22 46 46 46 199 199 199 199 199 44 167 167 198 198 198 198 198 74 74 
74 74 74 74 74 237 28 64 64 64 64 149 149 149 149 199 199 199 44 44 44 44 44 198 198 198 198 74 74 
74 74 74 74 28 28 28 64 64 64 64 149 149 149 149 149 199 199 44 44 44 44 44 44 13 13 13 74 74 
74 74 74 74 28 28 28 64 64 64 64 64 149 149 149 149 149 149 44 44 44 44 44 13 13 13 13 12 74 
74 74 74 28 28 28 28 64 64 64 64 64 149 149 149 149 27 27 44 44 44 13 13 13 13 13 12 12 211 
211 211 74 28 28 28 28 28 64 64 64 64 64 149 27 27 27 27 232 13 13 13 13 13 13 13 12 12 211 
211 211 28 28 28 28 28 28 64 64 64 64 176 176 176 27 27 27 232 232 232 13 13 13 13 211 211 211 211 
12 12 185 185 185 185 185 185 64 64 64 176 176 176 176 187 163 163 232 232 232 206 206 13 243 211 211 211 211 
12 12 185 185 185 185 185 185 185 64 176 176 176 176 176 187 187 163 232 232 232 206 206 206 243 243 211 211 12 
12 185 185 185 185 197 197 185 185 230 176 176 176 176 176 187 187 195 195 195 195 206 183 183 183 243 243 243 12 
19 19 197 197 197 197 197 197 197 230 230 138 138 138 138 138 134 195 195 195 195 195 183 183 183 221 221 221 221 
19 19 92 197 197 197 197 197 230 230 138 138 138 138 138 134 134 195 195 195 195 195 183 183 221 221 221 221 221 
19 19 19 19 197 197 197 197 230 230 17 138 138 138 134 134 134 134 195 195 195 195 183 221 221 221 221 221 221 
19 19 19 19 19 197 197 197 17 17 17 17 17 134 134 134 134 134 195 195 105 105 105 221 221 221 221 221 19 
19 19 19 19 19 19 82 82 17 17 17 17 17 17 134 134 134 134 48 105 105 105 105 105 221 221 221 19 19 
19 19 19 19 19 19 82 82 82 17 17 17 17 17 134 134 134 3 105 105 105 105 105 105 105 221 19 19 19 
19 19 19 19 19 212 212 82 124 17 17 17 17 17 3 3 3 3 3 3 105 105 105 105 154 154 154 19 19 
19 19 19 19 212 212 212 124 124 240 240 17 17 3 3 3 3 3 3 3 3 105 105 105 154 154 154 19 19 
244 244 244 212 212 212 212 124 124 124 240 240 240 3 3 3 3 3 3 3 3 3 105 105 154 154 154 244 244 
244 244 244 212 212 212 212 124 124 124 240 240 240 3 3 3 3 3 3 3 3 3 3 175 154 154 154 244 244 
244 244 244 212 212 212 212 124 124 124 240 240 25 3 3 3 3 3 3 3 3 3 3 73 73 73 73 244 244 
244 244 244 212 212 212 212 124 124 124 124 124 25 25 3 3 3 3 3 3 3 3 3 73 73 73 73 73 244 
244 244 244 212 212 212 212 124 124 124 124 25 25 59 3 3 3 3 3 3 3 113 113 73 73 73 73 73 73 
173 173 173 173 67 67 67 67 124 153 153 153 46 59 59 59 59 59 59 113 113 113 113 113 73 73 73 73 173 
173 173 173 173 173 159 159 159 153 153 153 153 46 59 59 59 59 59 113 113 113 113 113 113 73 73 73 73 173 
173 173 173 173 159 159 159 159 22 153 153 153 46 46 59 59 59 59 113 113 113 113 113 113 113 73 73 173 173 
173 173 173 173 159 159 159 159 22 22 153 46 46 46 59 59 59 59 167 167 167 167 167 167 184 184 49 49 173 
173 173 173 159 159 159 159 22 22 22 38 46 46 46 46 59 59 59 167 167 167 167 167 167 184 184 49 193 173 
140 140 140 159 159 159 159 22 22 22 38 46 46 46 46 199 199 199 167 167 167 167 167 167 184 184 193 193 193 
74 74 74 74 159 159 159 22 22 22 22 46 46 46 199 199 199 199 44 44 167 167 167 167 198 198 193 193 74 
74 74 74 74 74 159 159 22 64 64 64 87 87 87 199 199 199 199 44 44 44 44 44 44 198 198 74 74 74 
74 74 74 74 74 28 28 64 64 64 64 87 87 87 87 199 199 199 44 44 44 44 44 44 44 44 44 74 74 
74 74 74 74 28 28 28 64 64 64 64 64 87 87 87 87 87 87 44 44 44 44 44 44 10 10 12 12 74 
74 74 74 74 28 28 28 64 64 64 64 64 87 87 87 87 87 163 44 44 44 44 44 10 10 10 12 12 12 
12 12 74 28 28 28 28 64 64 64 64 64 64 64 87 27 163 163 163 44 44 44 10 10 10 12 12 12 12 
12 12 12 28 28 28 28 64 64 64 64 64 176 176 176 163 163 163 163 163 232 13 13 10 10 12 12 12 12 
12 12 185 185 185 185 185 185 64 64 64 176 176 176 176 187 163 163 163 163 232 206 206 206 243 12 12 12 12 
12 12 185 185 185 185 185 185 64 230 64 176 176 176 176 187 187 163 163 195 195 206 206 206 243 123 12 12 12 
12 12 185 185 185 197 197 197 230 230 230 176 176 176 176 187 163 163 195 195 195 195 195 183 123 123 123 12 12 
19 19 92 92 197 197 197 197 230 230 230 138 138 138 138 134 134 195 195 195 195 195 195 183 123 123 123 123 123 
19 19 92 92 197 197 197 230 230 230 230 138 138 138 138 134 134 195 195 195 195 195 195 183 221 221 221 221 221 
19 19 92 92 92 197 197 230 230 230 230 138 138 138 134 134 134 134 195 195 195 195 195 221 221 221 221 221 19 
19 19 19 19 92 92 92 230 230 230 17 17 138 134 134 134 134 134 195 195 195 105 105 221 221 221 221 221 19 
19 19 19 19 92 92 82 82 82 82 17 17 17 50 134 134 134 48 48 48 48 48 48 48 154 154 154 19 19 
19 19 19 19 19 82 82 82 82 82 77 77 77 77 134 134 134 48 48 48 48 48 48 105 154 154 154 19 19 
19 19 19 19 19 82 82 82 82 82 77 77 77 77 3 3 3 3 52 52 52 48 48 154 154 154 154 154 19 
19 19 19 19 212 212 124 124 124 124 77 77 77 77 3 3 3 3 3 52 52 48 48 154 154 154 154 154 19 
244 244 244 212 212 212 124 124 124 124 124 77 77 3 3 3 3 3 3 3 52 52 154 154 154 154 154 154 244 
244 244 244 212 212 212 124 124 124 124 124 77 25 25 3 3 3 3 3 3 3 3 175 175 154 154 154 154 244 
244 244 244 212 212 212 212 124 124 124 124 25 25 25 3 3 3 3 3 3 3 3 175 175 175 154 154 244 244 
244 244 244 212 212 212 212 124 124 124 124 25 25 25 3 3 3 3 3 3 3 3 175 175 73 73 73 73 244 
244 244 244 212 212 212 212 124 124 124 153 25 25 25 3 3 3 3 3 3 3 113 175 175 89 89 73 73 73 
173 173 173 173 212 212 212 124 153 153 153 153 153 35 35 35 35 35 35 113 113 113 113 113 89 89 89 73 173 
173 173 173 173 159 159 159 159 153 153 153 153 153 35 35 35 35 35 35 113 113 113 113 113 89 89 73 49 173 
173 173 173 159 159 159 159 159 159 153 153 153 153 35 35 35 35 35 35 113 113 113 113 113 113 49 49 49 49 
173 173 173 159 159 159 159 159 22 22 153 153 46 46 35 35 35 35 35 167 167 167 167 167 49 49 49 49 193 
193 140 140 159 159 159 159 22 22 22 38 38 46 46 46 35 35 35 167 167 167 167 167 167 167 49 49 193 193 
140 140 140 159 159 159 159 22 22 22 38 38 46 46 46 199 199 199 199 167 167 167 167 167 167 49 193 193 193 
140 140 140 140 159 159 159 22 22 22 22 38 46 46 199 199 199 199 44 44 167 167 167 167 167 49 193 193 140 
74 74 74 74 74 159 159 22 22 22 22 87 87 87 199 199 199 199 44 44 44 44 44 44 44 10 193 193 74 
74 74 74 74 74 28 64 64 64 64 64 87 87 87 87 199 199 199 44 44 44 44 44 44 10 10 10 74 74 
74 74 74 74 74 28 64 64 64 64 64 64 87 87 87 87 199 199 44 44 44 44 44 10 10 10 10 12 74 
74 74 74 74 28 28 64 64 64 64 64 64 64 87 87 87 111 111 177 44 44 44 10 10 10 10 12 12 12 
12 12 74 74 28 28 64 64 64 64 64 64 64 87 176 163 163 163 163 163 44 10 10 10 10 10 12 12 12 
12 12 12 28 28 28 78 78 64 64 64 64 176 176 176 163 163 163 163 163 163 10 10 10 10 12 12 12 12 
12 12 12 185 185 185 78 78 78 78 78 176 176 176 176 187 163 163 163 163 163 163 10 10 10 12 12 12 12 
12 12 12 185 185 185 185 230 230 230 230 176 176 176 176 187 163 163 163 163 195 195 195 69 123 123 12 12 12 
180 180 92 92 185 197 197 230 230 230 230 176 176 176 176 163 163 163 163 195 195 195 195 123 123 123 123 123 12 
180 92 92 92 92 197 197 230 230 230 230 138 138 138 138 163 163 163 195 195 195 195 195 123 123 123 123 123 123 
19 92 92 92 92 92 233 230 230 230 230 230 138 138 138 134 134 195 195 195 195 195 195 123 123 123 123 123 123 
19 92 92 92 92 92 230 230 230 230 230 230 138 138 134 134 134 134 195 195 195 195 195 109 123 123 123 123 19 
19 19 92 92 92 92 230 230 230 230 230 230 138 134 134 134 134 134 195 195 195 195 195 109 123 123 123 19 19 
19 19 19 92 92 82 82 82 82 82 82 77 50 50 50 50 48 48 48 48 48 48 48 48 154 154 154 154 19 
19 19 19 19 19 82 82 82 82 82 77 77 77 77 77 48 48 48 48 48 48 48 48 154 154 154 154 154 19 
19 19 19 19 82 82 82 82 82 82 77 77 77 77 77 3 3 48 52 52 48 48 48 154 154 154 154 154 19 
19 19 19 19 212 212 8 8 8 8 77 77 77 77 3 3 3 3 52 52 52 48 48 154 154 154 154 154 19 
244 244 244 212 212 212 8 8 8 8 77 77 77 77 3 3 3 3 3 52 52 52 154 154 154 154 154 154 154 
244 244 244 212 212 212 8 8 8 8 8 77 25 25 3 3 3 3 3 3 3 3 175 175 154 154 154 154 244 
244 244 244 212 212 212 8 8 8 8 8 25 25 25 25 3 3 3 3 3 3 175 175 175 175 154 154 154 244 
244 244 244 212 212 212 8 8 8 8 25 25 25 25 25 3 3 3 3 3 3 175 175 175 175 89 89 89 244 
244 244 244 212 212 212 8 8 8 8 153 25 25 25 25 35 3 3 3 3 3 175 175 175 89 89 89 89 89 
194 194 194 194 100 212 8 8 8 153 153 153 153 35 35 35 35 35 35 113 113 113 113 89 89 89 89 89 89 
194 194 194 194 100 159 159 159 153 153 153 153 153 35 35 35 35 35 35 113 113 113 113 89 89 89 89 49 49 
194 194 194 159 159 159 159 159 159 153 153 153 153 35 35 35 35 35 35 113 113 113 113 113 89 49 49 49 49 
193 194 194 159 159 159 159 159 22 22 38 38 153 35 35 35 35 35 35 167 167 167 167 167 49 49 49 49 193 
193 140 140 159 159 159 159 22 22 22 38 38 38 46 35 35 35 35 35 167 167 167 167 167 49 49 49 193 193 
140 140 140 159 159 159 159 22 22 22 38 38 38 46 46 199 199 199 167 167 167 167 167 167 167 49 193 193 193 
140 140 140 140 159 159 159 22 22 22 22 38 38 46 199 199 199 199 44 44 167 167 167 167 167 49 49 193 140 
140 140 140 140 140 159 159 22 22 22 22 87 87 87 199 199 199 199 44 44 44 44 44 44 10 10 49 193 140 
74 74 74 74 74 74 64 64 64 64 64 64 87 87 87 199 199 199 177 44 44 44 44 10 10 10 10 74 74 
74 74 74 74 74 28 64 64 64 64 64 64 87 87 87 111 111 177 177 177 44 44 10 10 10 10 10 12 74 
74 74 74 74 28 28 64 64 64 64 64 64 64 87 87 111 111 111 177 177 177 10 10 10 10 10 12 12 12 
12 74 74 74 28 78 78 78 78 78 64 64 64 176 111 111 111 111 111 177 177 10 10 10 10 10 12 12 12 
180 180 180 28 28 78 78 78 78 78 78 78 176 176 176 163 163 163 163 163 163 10 10 10 10 10 12 12 12 
180 180 180 233 233 233 78 78 78 78 78 78 176 176 176 163 163 163 163 163 163 163 10 10 10 12 12 180 180 
180 180 180 233 233 233 233 230 230 230 230 230 176 176 176 163 163 163 163 163 163 195 69 69 123 123 123 180 180 
180 180 92 233 233 233 233 230 230 230 230 230 176 176 163 163 163 163 163 163 195 195 109 109 123 123 123 180 180 
180 92 92 92 233 233 233 230 230 230 230 230 138 138 138 163 163 163 163 195 195 195 109 109 123 123 123 123 180 
92 92 92 92 92 233 233 230 230 230 230 230 50 50 50 134 163 163 195 195 195 195 109 109 123 123 123 123 123 
19 92 92 92 92 92 230 230 230 230 230 230 50 50 50 134 134 134 195 195 195 195 109 109 123 123 123 123 123 
19 19 92 92 92 92 230 230 230 230 230 50 50 50 50 134 134 134 48 48 48 48 48 109 123 123 123 123 19 
19 19 19 92 82 82 82 82 82 82 82 82 50 50 50 50 48 48 48 48 48 48 48 154 154 154 154 154 19 
19 19 19 19 82 82 82 82 82 82 77 77 77 77 50 48 48 48 48 48 48 48 48 154 154 154 154 154 154 
19 19 19 19 82 82 82 82 82 82 77 77 77 84 84 84 48 48 48 48 48 48 48 154 154 154 154 154 154 
19 19 19 19 8 8 8 8 8 8 77 77 77 84 84 3 3 48 48 52 48 48 154 154 154 154 154 154 154 
244 244 244 8 8 8 8 8 8 8 77 77 77 84 84 3 3 3 3 52 52 48 154 154 154 154 154 154 154 
244 244 244 8 8 8 8 8 8 8 8 25 25 25 25 3 3 3 3 3 3 175 175 175 154 154 154 154 154 
244 244 244 8 8 8 8 8 8 8 8 25 25 25 25 25 3 3 3 3 3 175 175 175 175 154 154 154 154 
244 244 244 212 8 8 8 8 8 8 8 25 25 25 25 25 3 3 3 3 175 175 175 175 175 89 89 89 89 
194 194 194 100 100 8 8 8 8 8 153 25 25 25 25 25 35 3 3 3 175 175 175 175 89 89 89 89 89 
194 194 194 100 100 100 8 8 8 153 153 153 25 25 35 35 35 35 35 35 113 175 175 89 89 89 89 89 89 
194 194 194 100 100 100 159 196 196 153 153 153 153 35 35 35 35 35 35 35 113 113 175 89 89 89 89 89 89 
194 194 194 100 159 159 159 159 196 153 153 153 153 35 35 35 35 35 35 35 113 113 113 89 89 89 49 49 49 
194 194 194 159 159 159 159 159 22 22 38 38 38 35 35 35 35 35 35 167 167 167 167 89 49 49 49 49 49 
194 194 194 159 159 159 159 22 22 22 38 38 38 38 35 35 35 35 35 167 167 167 167 167 49 49 49 49 49 
140 140 140 159 159 159 159 22 22 22 38 38 38 38 38 35 35 35 35 167 167 167 167 167 49 49 49 49 49 
140 140 140 159 159 159 159 22 22 22 22 38 38 38 199 199 199 199 177 44 167 167 167 167 49 49 49 49 140 
140 140 140 140 159 159 159 22 22 22 22 38 87 87 199 199 199 177 177 44 44 44 44 10 10 10 49 49 140 
26 26 26 26 26 159 159 22 170 170 170 170 87 87 87 199 199 177 177 177 177 10 10 10 10 10 10 74 74 
26 26 26 26 26 9 64 64 64 64 64 64 87 87 87 111 111 177 177 177 177 10 10 10 10 10 10 26 26 
26 26 26 26 9 9 78 78 78 78 78 78 78 87 111 111 111 111 177 177 177 10 10 10 10 10 10 180 26 
180 26 26 26 9 9 78 78 78 78 78 78 78 78 111 111 111 111 111 177 177 10 10 10 10 10 10 180 180 
180 180 180 9 9 9 78 78 78 78 78 78 78 78 111 111 111 111 111 111 177 10 10 10 10 10 180 180 180 
180 180 180 233 233 9 78 78 78 78 78 78 78 78 163 163 163 163 163 163 163 163 10 10 10 180 180 180 180 
180 180 233 233 233 233 233 230 230 230 230 230 230 230 163 163 163 163 163 163 163 69 69 69 109 123 180 180 180 
180 180 92 233 233 233 233 230 230 230 230 230 230 50 163 163 163 163 163 163 163 69 69 69 109 123 123 180 180 
180 92 92 233 233 233 233 230 230 230 230 230 50 50 50 163 72 72 163 163 195 109 109 109 109 123 123 180 180 
92 92 92 92 233 233 233 230 230 230 230 230 50 50 50 72 72 72 72 195 195 109 109 109 69 123 123 123 180 
92 92 92 92 92 233 233 230 230 230 230 230 50 50 50 50 72 72 72 48 48 109 109 69 69 123 123 123 123 
19 92 92 92 92 82 82 82 230 230 230 50 50 50 50 50 72 48 48 48 48 48 48 48 69 123 123 123 19 
19 157 157 157 157 82 82 82 82 82 82 82 50 50 50 50 48 48 48 48 48 48 48 154 154 154 154 154 154 
19 157 157 157 82 82 82 82 82 82 82 77 77 50 50 50 48 48 48 48 48 48 48 154 154 154 154 154 154 
19 157 157 157 82 82 82 82 82 82 77 77 77 84 84 84 48 48 48 48 48 48 48 154 154 154 154 154 154 
19 157 157 157 82 8 8 8 8 8 77 77 84 84 84 84 48 48 48 48 48 48 154 154 154 154 154 154 154 
244 244 150 150 166 8 8 8 8 8 8 77 84 84 84 84 48 48 48 48 48 48 154 154 154 154 154 154 154 
244 244 150 150 166 8 8 8 8 8 8 25 25 25 25 25 3 3 3 48 48 175 175 175 154 154 154 154 154 
244 150 150 150 166 8 8 8 8 8 8 25 25 25 25 25 25 3 3 3 175 175 175 175 175 154 154 154 154 
194 194 150 150 166 8 8 8 8 8 8 25 25 25 25 25 25 3 3 3 175 175 175 175 175 89 89 89 89 
194 194 194 100 100 8 8 8 8 8 196 25 25 25 25 25 25 3 3 4 175 175 175 175 89 89 89 89 89 
194 194 194 100 100 100 100 196 196 196 196 25 25 25 25 76 76 76 76 192 175 175 175 175 89 89 89 89 89 
194 194 194 100 100 100 100 196 196 196 196 153 200 76 76 76 76 76 76 76 113 102 102 89 89 89 89 89 194 
194 194 194 100 100 100 100 196 196 196 196 153 153 76 76 76 76 76 76 76 102 102 102 102 89 89 89 49 194 
194 194 194 100 100 159 159 196 196 196 196 38 38 76 76 76 76 76 76 76 102 102 102 102 102 49 49 49 49 
194 194 194 100 159 159 159 159 196 196 196 38 38 38 76 76 76 76 76 76 167 167 102 102 102 49 49 49 49 
140 140 140 159 159 159 159 22 22 22 38 38 38 38 76 76 76 76 76 167 167 167 167 102 49 49 49 49 49 
26 140 26 26 159 159 159 22 22 22 22 38 38 38 81 76 76 76 177 177 167 167 167 205 49 49 49 49 26 
26 26 26 26 26 159 159 170 170 170 170 170 170 81 81 81 177 177 177 177 177 177 10 10 10 10 49 26 26 
26 26 26 26 26 26 170 170 170 170 170 170 170 81 81 81 177 177 177 177 177 177 10 10 10 10 10 26 26 
26 26 26 26 26 9 9 9 170 170 170 170 81 81 81 111 111 177 177 177 177 177 10 10 10 10 10 26 26 
26 26 26 26 9 9 9 9 78 78 78 78 78 81 111 111 111 111 177 177 177 177 10 10 10 10 10 180 26 
26 26 26 26 9 9 9 9 78 78 78 78 78 78 111 111 111 111 111 177 177 177 10 10 10 10 180 180 180 
180 180 26 9 9 9 9 9 78 78 78 78 78 78 111 111 111 111 111 111 177 177 10 10 10 180 180 180 180 
180 180 233 233 9 9 9 9 78 78 78 78 78 78 163 111 111 111 111 111 163 177 69 10 109 180 180 180 180 
180 180 233 233 233 233 233 230 230 230 230 230 230 230 163 163 163 163 163 163 163 69 69 69 109 109 180 180 180 
180 180 233 233 233 233 233 230 230 230 230 230 230 50 163 163 163 163 163 163 163 69 69 69 109 109 180 180 180 
180 92 92 233 233 233 233 230 230 230 230 230 50 50 50 72 72 72 72 72 109 109 109 69 109 109 123 180 180 
180 92 92 233 233 233 233 230 230 230 230 230 50 50 50 72 72 72 72 72 109 109 109 69 69 69 123 180 180 
92 92 92 92 233 233 233 230 230 230 230 230 50 50 50 50 72 72 72 48 48 109 109 69 69 69 69 69 180 
19 92 92 92 92 82 82 82 230 230 230 50 50 50 50 50 72 48 48 48 48 48 48 48 69 69 69 69 180 
157 157 157 157 157 139 82 82 82 82 82 82 50 50 50 50 48 48 48 48 48 48 48 154 154 154 154 154 154 
157 157 157 157 157 139 82 82 82 82 82 77 50 50 50 50 48 48 48 48 48 48 48 154 154 154 154 154 154 
33 157 157 157 157 139 82 82 82 82 82 77 84 84 84 84 48 48 48 48 48 48 48 154 154 154 154 154 154 
33 157 157 157 157 166 8 8 8 8 77 77 84 84 84 84 48 48 48 48 48 48 154 154 154 154 154 154 154 
33 33 150 150 166 166 8 8 8 8 8 77 84 84 84 84 48 48 48 48 48 48 154 154 154 154 154 154 154 
33 33 150 150 166 166 8 8 8 8 8 25 25 25 25 25 25 48 48 48 48 175 175 175 154 154 154 154 154 
33 150 150 150 166 166 8 8 8 8 8 25 25 25 25 25 25 4 4 4 4 175 175 175 175 154 154 154 154 
194 150 150 150 166 166 8 8 8 8 8 25 25 25 25 25 25 4 4 4 4 175 175 175 175 89 89 89 89 
194 194 100 100 100 166 8 8 8 196 196 25 25 25 25 54 54 54 4 4 192 175 175 175 89 89 89 89 89 
194 194 100 100 100 100 100 196 196 196 196 200 200 200 54 54 54 54 192 192 192 102 102 102 89 89 89 89 89 
194 194 100 100 100 100 100 196 196 196 196 196 200 200 200 76 76 76 76 192 192 102 102 102 89 89 89 89 194 
194 194 100 100 100 100 100 196 196 196 196 196 200 200 76 76 76 76 76 192 102 102 102 102 102 89 89 89 194 
194 194 100 100 100 100 100 196 196 196 196 196 200 200 76 76 76 76 76 76 102 102 102 102 102 102 49 49 194 
194 194 100 100 100 100 100 196 196 24 196 196 196 200 76 76 76 76 76 76 102 102 102 102 102 102 49 49 49 
26 26 26 100 100 100 159 196 24 24 24 24 81 168 76 76 76 168 168 168 102 102 102 102 102 49 49 49 49 
26 26 26 26 26 159 159 22 170 170 170 170 81 81 81 81 81 168 177 177 177 99 205 205 205 49 49 26 26 
26 26 26 26 26 26 170 170 170 170 170 170 81 81 81 81 81 177 177 177 177 99 99 205 205 205 26 26 26 
26 26 26 26 26 26 170 170 170 170 170 170 81 81 81 81 81 177 177 177 177 99 99 99 10 10 26 26 26 
26 26 26 26 26 9 9 170 170 170 170 170 81 81 81 81 111 177 177 177 177 99 99 99 99 10 26 26 26 
26 26 26 26 9 9 9 9 9 78 78 78 81 81 81 111 111 111 177 177 177 99 99 99 99 10 10 26 26 
26 26 26 26 9 9 9 9 9 78 78 78 78 81 111 111 111 111 111 177 177 99 99 99 99 155 155 180 180 
180 180 26 9 9 9 9 9 9 78 78 78 78 78 111 111 111 111 111 111 177 99 99 99 99 155 180 180 180 
180 180 180 9 9 9 9 9 9 78 78 78 78 78 111 111 111 111 111 111 111 99 99 69 109 180 180 180 180 
180 180 233 233 233 233 9 9 230 230 230 230 230 230 163 111 111 111 111 111 111 69 69 69 109 109 180 180 180 
180 180 233 233 233 233 233 230 230 230 230 230 230 50 50 72 72 72 72 72 69 69 69 109 109 109 180 180 180 
180 180 233 233 233 233 233 230 230 230 230 230 50 50 50 72 72 72 72 72 109 109 109 109 109 109 180 180 180 
180 92 92 233 233 233 233 230 230 230 230 230 50 50 50 72 72 72 72 72 72 109 109 69 69 69 69 180 180 
157 157 92 233 233 233 233 230 230 230 230 230 50 50 50 50 72 72 72 48 48 109 109 69 69 69 69 180 180 
157 157 157 157 157 139 82 82 82 230 230 50 50 50 50 50 72 48 48 48 48 48 48 69 69 69 69 180 180 
157 157 157 157 157 139 139 82 82 82 82 82 50 50 50 50 48 48 48 48 48 48 48 154 154 154 154 154 154 
33 157 157 157 157 139 139 82 82 82 82 77 50 50 50 48 48 48 48 48 48 48 48 154 154 154 154 154 154 
33 157 157 157 157 139 139 82 82 82 82 77 84 84 84 48 48 48 48 48 48 48 48 154 154 154 154 154 33 
33 33 157 157 157 166 166 8 8 8 8 77 84 84 84 84 48 48 48 48 48 48 154 154 154 154 154 154 33 
33 33 150 150 166 166 166 8 8 8 8 77 84 84 84 84 48 48 48 48 48 48 154 154 154 154 154 154 33 
33 33 150 150 166 166 166 8 8 8 8 25 25 25 25 25 25 4 4 4 4 4 175 154 154 154 154 154 33 
33 33 150 150 166 166 166 8 8 8 8 25 25 25 25 25 25 4 4 4 4 4 175 175 175 154 154 154 33 
33 33 150 150 166 166 166 8 8 8 196 25 25 25 25 54 54 4 4 4 4 4 175 175 175 89 89 89 89 
100 100 100 100 100 100 166 8 196 196 196 200 200 200 54 54 54 54 4 4 192 192 175 175 89 89 89 89 89 
100 100 100 100 100 100 100 196 196 196 196 200 200 200 54 54 54 54 192 192 192 102 102 102 89 89 89 89 89 
100 100 100 100 100 100 100 196 196 196 196 200 200 200 200 54 54 54 192 192 192 102 102 102 102 89 89 89 89 
100 100 100 5 100 100 100 196 196 34 196 196 200 200 200 76 76 76 192 192 192 102 102 102 102 102 89 89 194 
100 100 100 100 100 100 100 196 196 196 196 196 200 200 200 168 168 168 168 192 102 102 102 102 102 102 102 49 194 
100 100 100 100 100 100 100 196 24 24 24 196 168 168 168 168 168 168 168 168 102 102 102 102 102 102 102 49 49 
26 26 26 100 100 100 100 196 24 24 24 24 81 168 168 168 168 168 168 168 208 102 102 102 102 102 102 49 26 
26 26 26 26 26 26 170 170 170 170 170 81 81 81 81 81 168 168 168 177 99 42 205 205 205 205 205 26 26 
26 26 26 26 26 26 170 170 170 170 170 170 81 81 81 81 81 81 177 177 99 42 42 205 205 205 26 26 26 
26 26 26 26 26 26 170 170 170 170 170 170 81 81 81 81 81 81 177 177 99 99 99 42 42 42 26 26 26 
26 26 26 26 26 9 9 170 170 170 170 170 81 81 81 81 81 177 177 177 99 99 99 99 42 42 26 26 26 
26 26 26 26 9 9 9 9 9 9 78 78 81 81 81 81 111 111 177 177 99 99 99 99 42 155 155 155 26 
26 26 26 26 9 9 9 9 9 9 78 78 78 81 81 111 111 111 111 62 99 99 99 99 99 155 155 155 155 
26 26 26 9 9 9 9 9 9 9 78 78 78 78 111 111 111 111 111 62 62 99 99 99 155 155 155 155 155 
180 180 26 9 9 9 9 9 9 9 78 78 78 78 111 111 111 111 111 62 62 62 99 109 155 155 155 180 180 
180 180 9 9 9 9 9 9 9 230 230 230 230 230 111 111 111 111 111 62 62 62 109 109 109 109 180 180 180 
180 180 233 233 233 233 9 230 230 230 230 230 230 50 50 72 72 72 72 62 62 109 109 109 109 109 180 180 180 
180 233 233 233 233 233 233 230 230 230 230 230 230 50 50 72 72 72 72 72 109 109 109 109 109 109 109 180 180 
180 157 233 233 233 233 233 230 230 230 230 230 50 50 50 72 72 72 72 72 109 109 109 109 109 109 109 180 180 
157 157 157 233 233 233 230 230 230 230 230 230 50 50 50 50 72 72 72 48 48 109 109 69 69 69 69 180 180 
157 157 157 157 157 139 139 82 230 230 230 230 50 50 50 50 72 48 48 48 48 48 48 69 69 69 69 180 223 
223 157 157 157 157 139 139 82 82 82 82 82 50 50 50 50 48 86 86 86 86 86 86 154 154 154 154 154 223 
33 157 157 157 157 139 139 139 82 82 82 201 143 50 50 48 48 86 86 86 86 86 86 154 154 154 154 154 33 
33 33 157 157 157 139 139 139 82 82 82 77 84 84 84 48 48 86 86 86 86 86 86 154 154 154 154 33 33 
33 33 33 157 157 166 166 166 8 8 201 77 84 84 84 66 48 86 86 86 86 86 154 154 154 154 154 33 33 
33 33 33 150 166 166 166 166 8 8 8 201 84 84 84 66 66 86 86 86 86 86 154 154 154 154 154 33 33 
33 33 150 150 56 166 166 166 8 8 8 25 25 25 25 25 4 4 4 4 4 4 4 154 154 154 154 33 33 
33 33 150 56 56 166 166 8 8 8 8 25 25 25 25 25 4 4 4 4 4 4 4 175 175 154 154 33 33 
33 33 56 56 56 56 166 8 8 196 200 200 200 25 25 54 54 4 4 4 4 4 4 175 175 89 89 89 33 
100 100 100 100 100 56 166 196 196 196 200 200 200 200 54 54 54 4 4 4 192 192 192 175 89 89 89 89 89 
100 100 100 100 100 100 100 196 196 196 196 200 200 200 54 54 54 192 192 192 192 192 102 102 102 89 89 89 89 
100 100 100 100 100 100 100 196 196 196 196 200 200 200 200 54 54 192 192 192 192 102 102 102 102 102 89 89 89 
100 100 100 100 100 100 100 196 196 196 196 200 200 200 200 168 168 168 192 192 192 102 102 102 102 102 102 89 194 
100 100 100 100 100 100 100 196 196 196 196 196 200 200 168 168 168 168 168 192 192 102 102 102 102 102 102 102 194 
100 100 100 100 100 100 100 196 196 24 196 196 168 168 168 168 168 168 168 168 208 102 102 102 102 102 102 49 26 
26 26 26 100 100 100 100 196 24 24 24 81 81 168 168 168 168 168 168 168 208 208 205 205 205 205 205 26 26 
26 26 26 26 26 26 170 170 24 170 170 81 81 81 81 81 168 168 168 208 208 42 205 205 205 205 205 26 26 
26 26 26 26 26 26 170 170 170 170 170 81 81 81 81 81 81 81 81 99 99 42 42 205 205 205 205 26 26 
26 26 26 26 26 26 170 170 170 170 170 81 81 81 81 81 81 81 177 99 99 99 42 42 42 42 42 26 26 
26 26 26 26 26 9 9 170 170 170 170 81 81 81 81 81 81 81 177 99 99 99 99 42 42 42 155 26 26 
58 58 58 26 9 9 9 9 9 9 78 81 81 81 81 81 81 62 62 62 99 99 99 99 42 155 155 155 26 
58 58 58 58 9 9 9 9 9 9 78 78 81 81 81 81 111 62 62 62 62 99 99 99 155 155 155 155 155 
58 58 58 9 9 9 9 9 9 9 78 78 78 81 81 111 111 62 62 62 62 62 99 99 155 155 155 155 155 
58 58 58 9 9 9 9 9 9 9 9 78 78 78 111 111 111 62 62 62 62 62 62 155 155 155 155 155 155 
180 180 9 9 9 9 9 9 9 9 230 230 230 230 107 111 111 62 62 62 62 62 62 109 155 155 155 155 155 
180 180 88 233 9 9 9 9 230 230 230 230 230 50 50 72 72 72 62 62 62 62 109 109 155 155 155 155 155 
180 233 233 233 233 233 9 230 230 230 230 230 230 50 50 72 72 72 72 72 109 109 109 109 109 109 109 155 155 
180 157 233 233 233 233 233 230 230 230 230 230 50 50 50 72 72 72 72 72 109 109 109 109 109 109 109 155 155 
157 157 157 157 233 233 230 230 230 230 230 230 50 50 50 50 72 72 72 48 86 109 109 69 69 69 69 223 223 
157 157 157 157 157 139 139 139 230 230 230 230 50 50 50 50 72 48 86 86 86 86 86 69 69 69 223 223 223 
223 223 157 157 157 139 40 40 40 40 40 201 143 143 143 143 86 86 86 86 86 86 86 86 154 154 154 223 223 
33 223 157 157 157 139 139 40 40 40 201 201 143 143 143 66 66 86 86 86 86 86 86 154 154 154 154 33 223 
33 33 33 157 157 139 139 40 40 40 201 201 201 143 143 66 66 86 86 86 86 86 86 154 154 154 154 33 33 
33 33 33 225 225 225 166 40 40 201 201 201 201 190 190 66 66 66 86 86 86 86 86 154 154 154 154 33 33 
33 33 33 225 225 56 166 166 40 201 201 201 201 190 190 66 66 66 86 86 86 4 53 53 154 154 154 33 33 
33 33 33 225 56 56 166 166 8 201 201 201 201 190 25 66 66 4 4 4 4 4 4 53 53 154 33 33 33 
33 33 56 56 56 56 56 56 8 8 201 201 25 25 25 25 4 4 4 4 4 4 4 53 53 53 33 33 33 
33 33 56 56 56 56 56 56 8 196 200 200 200 25 25 54 4 4 4 4 4 4 4 234 234 89 89 33 33 
100 100 56 56 56 56 56 196 196 196 200 200 200 200 200 54 54 4 4 192 192 192 192 234 234 89 89 89 33 
100 100 100 100 100 100 100 196 196 196 200 200 200 200 200 54 54 192 192 192 192 192 102 102 102 89 89 89 31 
100 100 100 100 100 100 100 196 196 196 196 200 200 200 200 54 54 192 192 192 192 192 102 102 102 102 31 31 31 
100 100 100 100 100 100 100 196 196 196 196 200 200 200 168 168 168 168 192 192 192 192 102 102 102 102 31 31 31 
100 100 100 100 100 100 100 196 196 196 196 196 200 168 168 168 168 168 168 208 208 208 102 102 102 102 31 31 31 
100 100 100 100 100 100 100 196 196 196 196 196 168 168 168 168 168 168 168 208 208 208 102 102 102 205 205 31 31 
26 26 26 100 100 100 100 196 196 196 196 81 81 168 168 168 168 168 168 208 208 208 205 205 205 205 205 205 26 
26 26 26 26 26 164 170 170 170 170 81 81 81 81 81 81 168 168 168 208 208 208 205 205 205 205 205 26 26 
26 26 26 26 26 164 170 170 170 170 81 81 81 81 81 81 81 81 81 208 208 42 42 205 205 205 205 26 26 
26 26 26 26 26 164 170 170 170 170 170 81 81 81 81 81 81 81 62 62 99 42 42 42 42 42 42 26 26 
58 58 58 26 26 9 9 170 170 170 170 81 81 81 81 81 81 81 62 62 99 99 42 42 42 42 155 155 26 
58 58 58 58 9 9 9 9 9 9 81 81 81 81 81 81 81 62 62 62 62 99 99 42 42 155 155 155 155 
58 58 58 58 9 9 119 119 119 9 9 81 81 81 81 81 62 62 62 62 62 62 99 155 155 155 155 155 155 
155 58 58 58 9 9 119 119 119 9 9 9 81 81 81 81 62 62 62 62 62 62 99 155 155 155 155 155 155 
155 58 58 88 9 9 119 119 119 9 9 9 81 81 107 107 62 62 62 62 62 62 62 155 155 155 155 155 155 
155 58 88 88 9 9 9 9 9 9 230 230 230 107 107 107 107 62 62 62 62 62 62 155 155 155 155 155 155 
88 88 88 88 88 9 9 9 230 230 230 230 230 107 107 107 107 62 62 62 62 62 62 155 155 155 155 155 155 
88 88 88 88 88 174 174 230 230 230 230 230 230 107 107 107 107 21 21 62 62 126 126 109 155 155 155 155 155 
223 88 88 88 88 174 174 230 230 230 230 230 50 50 107 107 107 21 21 21 126 126 126 109 109 155 155 155 223 
223 223 157 88 88 174 174 230 230 230 230 230 50 50 50 135 135 135 86 86 126 126 126 126 126 155 155 223 223 
223 223 157 157 157 139 139 40 40 40 230 230 50 50 50 135 135 86 86 86 86 86 126 126 126 126 223 223 223 
223 223 223 223 223 40 40 40 40 40 40 201 143 143 143 143 66 86 86 86 86 86 86 86 154 154 223 223 223 
223 223 223 223 223 40 40 40 40 40 201 201 143 143 143 66 66 86 86 86 86 86 86 86 154 154 218 218 223 
33 33 33 223 223 40 40 40 40 40 201 201 201 143 143 66 66 66 86 86 86 86 86 86 154 218 218 218 33 
33 33 33 225 225 225 40 40 40 201 201 201 201 190 190 66 66 66 66 86 86 86 53 53 53 218 218 33 33 
33 33 225 225 225 225 225 40 40 201 201 201 201 190 190 66 66 66 66 66 86 234 53 53 53 53 218 33 33 
33 33 225 225 225 56 56 56 56 201 201 201 201 190 190 66 66 66 4 4 4 234 53 53 53 53 33 33 33 
33 129 129 56 56 56 56 56 56 201 201 201 201 238 238 66 66 4 4 4 4 234 234 53 53 53 33 33 33 
129 129 129 56 56 56 56 56 171 171 201 200 238 238 238 238 4 4 4 4 4 234 234 234 234 234 33 33 33 
129 129 129 56 56 56 56 171 171 171 171 200 238 238 238 238 4 4 192 192 192 234 234 234 234 234 31 31 33 
144 100 100 100 100 100 171 171 171 171 171 200 238 238 238 238 238 192 192 192 192 192 192 234 234 31 31 31 31 
144 144 144 100 100 100 171 171 171 171 171 200 238 238 238 238 168 192 192 192 192 192 192 102 102 31 31 31 31 
144 144 144 100 100 100 171 171 171 171 171 171 200 200 168 168 168 168 192 192 192 208 208 102 102 31 31 31 31 
144 144 144 100 100 100 171 171 171 171 171 171 200 168 168 168 168 168 208 208 208 208 208 208 102 102 31 31 31 
144 144 144 100 100 100 171 171 171 171 171 171 168 168 168 168 168 168 208 208 208 208 208 208 205 205 31 31 31 
26 26 26 100 100 164 164 171 171 171 171 81 81 168 168 168 168 168 208 208 208 208 208 205 205 205 205 31 31 
26 26 26 226 226 164 164 164 170 170 81 81 81 81 81 81 168 98 98 208 208 208 205 205 205 205 205 205 26 
26 26 26 226 226 164 164 164 170 170 81 81 81 81 81 81 81 98 98 208 208 208 42 42 205 205 205 26 26 
26 26 226 226 226 164 164 164 170 170 81 81 81 81 81 81 81 81 81 62 208 42 42 42 42 42 42 155 26 
58 58 58 226 226 164 164 164 170 170 81 81 81 81 81 81 81 81 62 62 99 42 42 42 42 155 155 155 155 
58 58 58 58 114 114 114 119 119 119 81 81 81 81 81 81 81 62 62 62 62 62 42 42 155 155 155 155 155 
58 58 58 58 114 114 119 119 119 119 119 81 81 81 81 81 62 62 62 62 62 62 62 155 155 155 155 155 155 
155 58 58 58 114 119 119 119 119 119 119 81 81 81 81 81 62 62 62 62 62 62 62 155 155 155 155 155 155 
155 58 88 88 88 119 119 119 119 119 119 81 81 107 107 107 107 62 62 62 62 62 62 155 155 155 155 155 155 
155 88 88 88 88 9 119 119 119 9 230 230 107 107 107 107 107 62 62 62 62 62 62 155 155 155 155 155 155 
88 88 88 88 88 88 119 119 119 230 230 230 107 107 107 107 107 21 21 62 62 62 62 155 155 155 155 155 155 
88 88 88 88 88 174 174 174 174 230 230 230 107 107 107 107 107 21 21 21 126 126 126 126 155 155 155 155 155 
223 88 88 88 88 174 174 174 174 174 230 230 107 107 107 107 107 21 21 21 126 126 126 126 126 155 155 155 223 
223 223 223 88 88 174 174 174 174 40 40 230 107 107 135 135 135 135 21 86 126 126 126 126 126 126 223 223 223 
223 223 223 223 223 40 40 40 40 40 40 40 107 107 135 135 135 135 86 86 86 126 126 126 126 126 223 223 223 
attribute "dep" string "positions"
#
# A field is created with three components: "positions", "connections",
# and "data"
object "regular positions regular connections" class field
component  "positions"    value 1
component  "connections"  value 2
component  "data"         value 3
#
end
