# object 1 are the regular positions. The grid is 29 29 29. The origin is
# at [0 0 0], and the deltas are 1 in the first and third dimensions, and
# 2 in the second dimension
#
object 1 class gridpositions counts 29 29 29
origin 0 0 0
delta  1 0 0
delta  0 1 0
delta  0 0 1
#
# object 2 are the regular connections
#
object 2 class gridconnections counts 29 29 29
#
# object 3 are the data, which are in a one-to-one correspondence with
# the positions ("dep" on positions). The positions increment in the order
# "last index varies fastest", i.e. (x0, y0, z0), (x0, y0, z1), (x0, y0, z2),
# (x0, y1, z0), etc.
#
object 3 class array type int rank 0 items 24389 data follows
156 156 156 156 156 14 14 14 14 14 14 167 167 167 167 167 167 23 23 23 23 23 23 201 201 201 201 50 50 
156 156 156 156 156 14 14 14 14 14 14 167 167 167 167 167 167 23 23 23 23 23 25 201 201 201 201 50 50 
156 156 156 156 156 111 14 14 14 14 14 167 167 167 167 167 167 23 23 23 25 25 25 210 201 201 201 50 50 
156 156 156 156 111 111 111 111 14 14 14 167 167 103 103 103 103 103 25 25 25 25 25 210 210 210 210 50 50 
170 170 170 170 111 111 111 111 145 145 145 145 155 103 103 103 103 103 25 25 25 25 25 210 210 210 210 210 170 
170 170 170 170 111 111 111 111 145 145 145 145 155 103 103 103 103 103 103 25 25 25 25 210 210 210 210 170 170 
170 170 170 170 111 111 111 111 145 145 145 145 155 103 103 103 103 103 159 25 25 25 25 25 210 210 210 170 170 
170 170 170 170 170 111 111 111 145 145 145 145 155 103 103 103 103 159 52 52 25 25 25 25 25 210 74 170 170 
170 170 170 170 170 170 170 170 145 82 82 82 82 82 82 137 137 52 52 52 52 52 52 74 74 74 74 170 170 
170 170 170 170 170 170 39 39 39 82 82 82 82 82 82 137 137 52 52 52 52 52 52 74 74 74 74 74 170 
170 170 170 170 170 39 39 39 39 82 82 82 82 82 137 137 137 52 52 52 52 52 52 74 74 74 74 74 74 
170 170 170 170 200 39 39 39 39 39 90 82 82 82 137 137 137 52 52 52 52 52 52 74 74 74 74 74 74 
170 200 200 200 200 39 39 39 39 90 90 90 90 82 137 137 137 52 52 52 52 52 52 74 74 74 74 74 74 
58 200 200 200 200 39 39 54 54 90 90 90 90 90 137 137 37 37 52 52 21 21 202 5 5 5 74 237 237 
58 58 200 200 200 54 54 54 54 90 90 90 90 90 90 37 37 37 37 37 37 37 5 5 5 5 237 237 237 
58 58 200 200 200 200 54 54 54 90 194 194 194 194 37 37 37 37 37 37 37 37 5 5 5 5 237 237 237 
237 237 200 200 200 200 54 54 54 194 194 194 194 194 194 132 132 37 37 37 37 37 5 5 5 237 237 237 237 
237 237 200 200 200 200 175 175 175 194 194 194 194 194 132 132 132 132 132 37 37 37 149 149 149 237 237 237 237 
237 237 200 200 200 200 175 175 185 185 185 185 185 185 185 132 132 132 132 37 37 149 149 149 149 149 237 237 237 
237 237 129 200 200 214 175 185 185 185 185 185 185 185 185 132 132 132 132 37 37 149 149 149 149 149 237 237 237 
129 129 129 214 214 214 214 185 185 185 185 185 185 185 185 185 132 83 83 83 83 149 149 149 149 149 149 237 237 
129 129 129 214 214 214 214 214 185 185 185 185 185 34 34 34 83 83 83 83 83 83 149 149 149 149 149 222 222 
222 222 222 214 214 214 214 214 126 126 185 185 185 34 34 34 83 83 83 83 83 100 100 100 100 100 73 222 222 
222 222 222 222 214 214 214 214 126 126 126 218 218 34 34 139 83 83 83 83 83 100 100 100 100 73 73 222 222 
222 222 222 222 214 214 214 214 126 126 218 218 218 218 139 139 139 139 83 83 83 83 100 100 73 73 73 222 222 
222 222 222 222 222 214 214 126 126 126 218 218 218 218 139 139 139 139 139 83 83 83 83 73 73 73 73 222 222 
222 222 222 222 18 18 18 18 86 86 218 218 218 167 167 139 139 139 23 23 23 23 23 73 73 73 73 222 222 
222 222 222 222 18 18 18 18 86 14 218 167 167 167 167 139 139 23 23 23 23 23 23 73 73 73 73 222 222 
222 222 222 222 18 18 18 18 6 14 14 167 167 167 167 167 167 23 23 23 23 23 23 23 73 73 73 222 222 
156 156 156 156 156 6 6 6 6 6 6 167 167 167 167 167 167 23 23 23 23 23 23 201 201 201 201 50 50 
156 156 156 156 156 6 6 6 6 6 6 6 167 167 167 167 167 23 23 23 23 23 23 201 201 201 201 50 50 
156 156 156 156 156 6 6 6 6 6 6 6 167 167 167 167 103 23 23 23 25 25 25 210 201 201 201 50 50 
170 170 170 170 111 111 6 6 6 6 6 6 167 103 103 103 103 103 59 25 25 25 25 210 210 210 210 50 50 
170 170 170 170 111 111 111 111 6 6 6 6 103 103 103 103 103 103 159 25 25 25 25 210 210 210 210 210 170 
170 170 170 170 170 111 111 62 145 145 145 103 103 103 103 103 103 103 159 25 25 25 25 210 210 210 210 210 170 
170 170 170 170 170 170 111 62 145 145 145 145 103 103 103 103 103 103 159 25 25 25 25 25 210 210 210 170 170 
170 170 170 170 170 170 111 62 62 145 145 82 82 103 103 103 103 159 159 25 25 25 25 183 183 210 210 170 170 
170 170 170 170 170 170 170 62 62 82 82 82 82 82 103 103 137 52 52 52 52 25 183 183 183 183 74 170 170 
170 170 170 170 170 170 39 39 39 82 82 82 82 82 82 137 137 52 52 52 52 52 52 183 183 74 74 170 170 
170 170 170 170 170 54 39 39 39 82 82 82 82 82 137 137 137 52 52 52 52 52 52 52 74 74 74 74 170 
170 170 170 170 54 54 39 39 39 90 90 82 82 82 137 137 137 52 52 52 52 52 52 52 74 74 74 74 170 
58 170 58 200 54 54 39 39 39 90 90 90 82 82 137 137 137 52 52 52 52 52 202 202 74 74 74 227 227 
58 58 58 200 200 54 54 54 54 90 90 90 90 90 82 137 137 37 37 52 52 202 202 202 202 227 227 227 227 
58 58 58 200 200 54 54 54 54 90 90 90 90 90 90 37 37 37 37 37 37 202 202 202 5 5 151 151 151 
58 58 58 200 200 54 54 54 54 90 194 194 194 194 37 37 37 37 37 37 37 37 202 5 5 5 151 151 151 
58 58 58 200 200 175 175 175 175 194 194 194 194 194 132 132 132 132 37 37 37 37 149 149 149 237 151 151 151 
237 58 58 200 200 175 175 175 175 194 194 194 194 194 132 132 132 132 132 37 37 37 149 149 149 149 237 237 237 
237 237 58 200 200 175 175 175 185 185 185 185 185 185 185 132 132 132 132 37 37 149 149 149 149 149 149 237 237 
129 129 129 129 200 175 175 175 185 185 185 185 185 185 185 132 132 132 132 37 37 149 149 149 149 149 149 237 237 
129 129 129 129 214 214 214 185 185 185 185 185 185 185 185 185 132 83 83 83 83 149 149 149 149 149 149 237 129 
129 129 129 109 214 214 214 126 185 185 185 185 185 185 185 185 83 83 83 83 83 83 149 149 215 215 215 129 129 
129 129 129 109 214 214 214 126 126 126 126 185 185 185 34 83 83 83 83 83 83 83 215 215 215 215 215 222 222 
222 222 222 109 109 109 214 126 126 126 126 126 126 126 34 83 83 83 83 83 83 83 83 215 215 73 73 222 222 
222 222 222 222 109 109 109 126 126 126 126 126 126 126 139 139 83 83 83 83 83 83 83 73 73 73 73 222 222 
222 222 222 222 109 109 126 126 126 86 86 86 218 218 139 139 139 83 83 83 83 83 83 73 73 73 73 222 222 
222 222 222 222 18 18 18 86 86 86 86 218 218 167 167 139 139 23 23 23 23 23 23 73 73 73 73 222 222 
222 222 222 222 18 18 18 86 86 86 6 167 167 167 167 167 139 23 23 23 23 23 23 73 73 73 73 222 222 
222 222 222 222 18 18 18 6 6 6 6 167 167 167 167 167 167 23 23 23 23 23 23 201 201 73 201 50 222 
50 50 50 50 6 6 6 6 6 6 6 6 6 167 167 167 167 23 23 23 23 23 201 201 201 201 201 50 50 
50 50 50 50 6 6 6 6 6 6 6 6 6 167 167 167 167 23 23 23 23 23 201 201 201 201 201 50 50 
50 50 50 50 6 6 6 6 6 6 6 6 6 167 167 103 103 59 59 59 59 25 25 201 201 201 201 50 50 
50 170 170 170 97 6 6 6 6 6 6 6 6 103 103 103 103 59 59 59 25 25 25 210 210 210 201 50 50 
170 170 170 170 170 111 62 62 62 6 6 6 103 103 103 103 103 159 159 25 25 25 25 210 210 210 210 210 50 
170 170 170 170 170 170 62 62 62 62 62 103 103 103 103 103 103 159 159 25 25 25 25 210 210 210 210 210 170 
170 170 170 170 170 170 62 62 62 62 62 114 103 103 103 103 103 159 159 25 25 25 25 183 210 210 210 170 170 
170 170 170 170 170 170 62 62 62 62 114 114 114 103 103 103 103 159 159 25 25 25 183 183 183 183 183 170 170 
170 170 170 170 170 170 62 62 62 62 82 82 82 82 103 103 159 159 159 52 123 123 183 183 183 183 183 170 170 
170 170 170 170 170 170 54 62 62 82 82 82 82 82 82 137 137 137 52 52 52 123 123 183 183 183 183 170 170 
170 170 170 170 170 54 54 39 39 82 82 82 82 82 82 137 137 137 52 52 52 52 52 52 183 74 74 170 170 
170 170 170 170 54 54 54 39 39 90 82 82 82 82 82 137 137 137 52 52 52 52 202 202 202 227 227 227 227 
58 42 58 58 54 54 54 54 39 90 90 90 82 82 82 137 137 52 52 52 52 202 202 202 202 227 227 227 227 
58 58 58 58 54 54 54 54 54 90 90 90 90 82 82 137 137 37 37 37 202 202 202 202 202 227 227 227 227 
58 58 58 58 58 54 54 54 54 90 90 90 90 90 90 137 37 37 37 37 202 202 202 202 202 151 151 151 151 
58 58 58 58 58 175 175 54 175 90 194 194 194 194 132 132 37 37 37 37 37 202 202 202 202 151 151 151 151 
58 58 58 58 175 175 175 175 175 194 194 194 194 194 132 132 132 132 37 37 37 37 37 149 149 151 151 151 151 
58 58 58 58 175 175 175 175 175 194 194 194 194 185 132 132 132 132 132 37 37 37 220 149 149 149 151 151 151 
129 58 58 175 175 175 175 175 175 185 185 185 185 185 185 132 132 132 132 37 37 220 220 149 149 149 149 151 151 
129 129 129 129 175 175 175 175 185 185 185 185 185 185 185 132 132 132 37 37 220 220 220 220 149 149 149 129 129 
129 129 129 129 109 109 175 175 185 185 185 185 185 185 185 185 132 83 83 83 220 220 220 220 215 215 215 129 129 
129 129 129 109 109 109 109 126 126 185 185 185 185 185 185 20 83 83 83 83 83 215 215 215 215 215 215 129 129 
129 129 129 109 109 109 109 126 126 126 126 126 185 185 185 20 83 83 83 83 83 83 215 215 215 215 215 129 129 
129 129 129 109 109 109 109 126 126 126 126 126 126 126 124 83 83 83 83 83 83 83 215 215 215 215 73 129 129 
222 222 222 109 109 109 109 126 126 126 126 126 126 124 124 124 83 83 83 83 83 83 83 83 73 73 73 73 222 
222 222 222 109 109 109 126 126 86 86 86 86 86 124 124 124 22 83 83 83 83 83 83 73 73 73 73 222 222 
222 222 222 109 109 109 126 86 86 86 86 86 86 167 124 22 22 23 23 23 23 23 23 73 73 73 73 73 222 
222 222 222 109 109 109 126 86 86 86 86 6 167 167 167 22 22 23 23 23 23 23 23 73 73 73 73 50 222 
222 222 222 222 18 18 6 6 6 6 6 6 6 167 167 167 22 23 23 23 23 23 23 201 201 201 201 50 50 
50 50 50 50 6 6 6 6 6 6 6 6 6 6 6 167 22 22 23 23 23 23 201 201 201 201 201 50 50 
50 50 50 97 6 6 6 6 6 6 6 6 6 6 6 135 22 59 59 59 59 59 201 201 201 201 201 50 50 
50 50 97 97 97 6 6 6 6 6 6 6 6 6 135 135 59 59 59 59 59 59 25 201 201 201 201 50 50 
50 50 97 97 97 97 6 6 6 6 6 6 6 103 103 103 59 59 59 59 59 25 25 210 210 201 201 50 50 
170 170 170 97 97 97 62 62 62 6 6 6 6 103 103 103 159 159 159 159 25 25 25 210 210 210 210 210 50 
170 170 170 170 97 97 62 62 62 62 62 114 114 103 103 103 159 159 159 159 25 25 25 210 210 210 210 210 170 
170 170 170 170 170 62 62 62 62 62 114 114 114 103 103 103 159 159 159 159 25 25 25 183 183 210 210 170 170 
170 170 170 170 170 62 62 62 62 62 114 114 114 114 103 103 159 159 159 159 25 123 183 183 183 183 183 170 170 
170 170 170 170 170 62 62 62 62 62 114 114 114 114 103 159 159 159 159 159 123 123 123 183 183 183 183 170 170 
170 170 170 170 170 102 62 62 62 62 82 82 82 82 82 137 137 159 159 52 123 123 123 123 183 183 47 47 170 
170 170 170 170 102 102 54 39 39 82 82 82 82 82 82 137 137 137 52 52 52 123 123 123 123 47 47 47 47 
42 42 42 42 102 54 54 39 39 90 82 82 82 82 82 137 137 137 52 52 202 202 202 202 202 227 227 227 227 
42 42 42 42 42 54 54 54 39 90 90 82 82 82 82 137 137 52 52 202 202 202 202 202 202 227 227 227 227 
58 58 58 58 58 54 54 54 54 90 90 90 90 82 82 137 137 37 37 202 202 202 202 202 202 227 227 227 227 
58 58 58 58 58 54 54 54 54 90 90 90 90 90 82 84 37 37 37 37 202 202 202 202 202 227 151 151 151 
58 58 58 58 58 175 175 175 175 175 194 194 194 194 84 132 37 37 37 37 37 202 202 202 202 151 151 151 151 
58 58 58 58 58 175 175 175 175 175 194 194 194 194 84 132 132 132 37 37 37 37 37 202 202 151 151 151 151 
58 58 58 58 175 175 175 112 175 175 194 194 194 185 132 132 132 132 37 37 37 220 220 220 220 220 151 151 151 
58 58 58 58 175 175 175 175 175 175 185 185 185 185 185 132 132 132 37 37 220 220 220 220 220 220 229 151 151 
129 129 129 129 175 175 175 175 175 185 185 185 185 185 185 20 20 20 20 37 220 220 220 220 215 215 215 57 129 
129 129 129 129 109 109 175 48 185 185 185 185 185 185 185 20 20 20 20 20 220 220 220 215 215 215 215 57 129 
129 129 129 109 109 109 109 48 126 126 185 185 185 185 20 20 20 20 20 83 83 215 215 215 215 215 215 57 129 
129 129 129 109 109 109 109 126 126 126 126 126 126 185 20 20 20 20 83 83 83 215 215 215 215 215 215 57 129 
129 129 129 109 109 109 109 126 126 126 126 126 126 124 124 124 20 83 83 83 83 83 215 215 215 215 215 129 129 
129 129 109 109 109 109 109 126 126 126 126 126 126 124 124 124 124 83 83 83 83 83 83 215 215 73 73 73 129 
222 222 109 109 109 109 126 126 86 86 86 86 86 124 124 124 22 136 83 83 83 83 83 73 73 73 73 73 222 
222 222 109 109 109 109 126 86 86 86 86 86 86 124 124 22 22 22 23 23 23 23 23 73 73 73 73 73 222 
222 222 222 109 109 109 126 86 86 86 86 86 86 124 124 22 22 22 23 23 23 23 23 201 201 73 201 50 50 
222 222 222 109 109 6 6 6 6 6 6 6 6 6 22 22 22 22 23 23 23 23 23 201 201 201 201 50 50 
50 50 50 61 61 6 6 6 6 6 6 6 6 135 135 135 22 22 22 23 59 59 201 201 201 201 201 50 50 
50 50 97 97 97 153 6 6 6 6 6 6 6 135 135 135 22 59 59 59 59 59 233 201 201 201 201 50 50 
50 50 97 97 97 153 153 6 6 6 6 6 6 135 135 135 163 59 59 59 59 59 233 201 201 201 201 50 50 
50 97 97 97 97 97 153 6 6 6 6 6 6 135 135 135 163 59 59 59 59 59 233 233 201 201 201 50 50 
170 97 97 97 97 97 62 62 62 62 62 6 120 120 135 159 159 159 159 59 59 25 25 25 210 24 24 24 50 
170 170 97 97 97 97 62 62 62 62 114 114 114 114 103 103 159 159 159 159 159 25 25 183 210 210 210 210 170 
170 170 97 97 97 62 62 62 62 62 114 114 114 114 114 103 159 159 159 159 159 25 183 183 183 183 183 47 170 
170 170 170 170 97 62 62 62 62 62 114 114 114 114 114 159 159 159 159 159 123 123 183 183 183 183 47 47 47 
170 170 170 170 170 62 62 62 62 62 114 114 114 114 114 159 159 159 159 159 123 123 123 183 183 183 47 47 47 
47 170 170 170 102 102 62 62 62 62 114 114 114 114 114 189 159 159 159 159 123 123 123 123 183 183 47 47 47 
47 47 42 42 102 102 102 102 62 82 82 82 82 82 82 189 189 189 189 189 123 123 123 123 123 47 47 47 47 
42 42 42 42 102 102 102 102 39 244 244 82 82 82 82 189 189 189 189 189 202 202 202 202 119 227 227 227 227 
42 42 42 42 42 102 54 54 39 244 244 244 82 82 82 189 189 189 189 202 202 202 202 202 202 227 227 227 227 
42 42 42 42 42 102 54 54 244 244 244 244 244 244 244 189 189 189 189 202 202 202 202 202 202 227 227 227 227 
42 58 58 58 58 54 54 54 244 244 244 244 244 244 84 84 189 189 189 202 202 202 202 202 202 227 227 227 227 
58 58 58 58 58 175 175 175 175 244 244 244 244 244 84 84 84 37 37 37 202 202 202 202 202 227 151 151 151 
58 58 58 58 58 175 175 175 175 175 244 244 244 84 84 84 84 37 37 37 37 37 202 202 223 151 151 151 151 
58 58 58 58 175 175 175 175 175 175 175 244 194 185 84 84 132 132 37 37 37 220 220 220 220 229 229 229 229 
58 58 58 58 175 175 175 175 175 175 185 185 185 185 185 20 20 20 37 37 220 220 220 220 220 26 229 229 229 
129 129 129 129 175 175 175 175 175 175 185 185 185 185 20 20 20 20 20 20 220 220 220 220 215 26 26 57 229 
129 129 129 129 109 109 48 48 48 48 185 185 185 185 20 20 20 20 20 20 220 220 220 215 26 26 26 57 129 
129 129 129 109 109 109 109 48 48 48 48 185 185 33 20 20 20 20 20 20 20 215 215 215 215 26 26 57 129 
129 129 129 109 109 109 109 48 48 48 48 126 126 33 20 20 20 20 20 20 20 215 215 215 215 26 26 57 129 
129 129 129 109 109 109 109 48 48 126 126 126 126 124 124 124 20 20 20 20 83 83 215 215 215 26 57 57 129 
129 129 109 109 109 109 109 126 126 126 126 126 126 124 124 124 124 136 136 83 83 83 215 215 215 26 57 57 129 
129 129 109 109 109 109 126 126 86 86 86 86 86 124 124 124 136 136 136 136 83 83 83 166 166 73 73 73 129 
222 222 109 109 109 109 126 86 86 86 86 86 86 124 124 124 22 22 136 136 136 23 166 166 166 73 73 50 50 
222 222 61 109 109 109 126 86 86 86 86 86 86 124 124 22 22 22 22 22 23 23 166 166 166 201 201 50 50 
222 222 61 61 61 6 6 6 6 6 6 6 6 135 124 22 22 22 22 22 23 23 166 166 201 201 201 50 50 
50 50 97 61 61 153 153 6 6 6 6 6 135 135 135 135 22 22 22 59 59 59 166 201 201 201 201 50 50 
50 50 97 97 97 153 153 6 6 6 6 6 135 135 135 135 163 163 163 59 59 59 233 233 201 201 201 50 50 
50 97 97 97 97 153 153 153 6 6 6 135 135 135 135 135 163 163 163 59 59 59 233 233 24 24 24 24 50 
97 97 97 97 97 153 153 153 153 6 6 6 135 135 135 135 163 163 59 59 59 59 233 233 24 24 24 24 24 
97 97 97 97 97 97 153 62 62 62 120 120 120 120 135 163 163 163 163 59 59 59 233 233 24 24 24 24 24 
97 97 97 97 97 97 62 62 62 62 114 114 114 114 120 159 159 159 159 159 159 116 116 116 116 24 24 24 47 
47 97 97 97 97 97 62 62 62 62 114 114 114 114 114 159 159 159 159 159 159 159 183 183 183 183 47 47 47 
47 97 97 97 97 97 62 62 62 114 114 114 114 114 114 159 159 159 159 159 123 123 123 183 183 47 47 47 47 
47 47 47 97 97 97 62 62 62 114 114 114 114 114 114 159 159 159 159 159 123 123 123 119 119 47 47 47 47 
47 47 47 102 102 102 102 62 62 114 114 114 114 114 114 189 189 189 189 162 123 123 123 119 119 47 47 47 47 
47 47 47 102 102 102 102 102 102 114 114 114 114 82 189 189 189 189 189 189 123 123 123 119 119 47 47 47 47 
42 42 42 42 102 102 102 102 102 244 244 244 244 244 189 189 189 189 189 189 189 202 202 119 119 227 227 227 227 
42 42 42 42 102 102 102 102 244 244 244 244 244 244 189 189 189 189 189 189 202 202 202 202 243 227 227 227 227 
42 42 42 42 102 102 102 244 244 244 244 244 244 244 84 189 189 189 189 189 202 202 202 202 243 227 227 227 227 
42 42 42 42 42 102 102 244 244 244 244 244 244 244 84 84 189 189 189 189 180 180 202 202 243 227 227 227 227 
42 42 42 42 42 175 175 175 175 244 244 244 244 244 84 84 84 189 189 180 180 180 180 180 243 227 227 227 227 
58 58 58 58 58 175 175 175 175 244 244 244 244 84 84 84 84 84 84 180 180 180 180 180 223 229 229 229 229 
229 58 58 58 175 175 175 175 175 175 244 244 244 84 84 84 84 84 206 206 206 180 180 180 229 229 229 229 229 
229 58 107 107 107 175 175 175 175 175 185 185 185 84 84 84 20 20 206 206 206 220 220 220 26 229 229 229 229 
129 129 107 107 107 175 175 175 175 48 185 185 33 33 20 20 20 20 206 206 206 220 26 26 26 26 57 57 57 
129 129 129 107 107 48 48 48 48 48 48 33 33 33 20 20 20 20 20 20 206 26 26 26 26 26 57 57 57 
129 129 129 109 109 109 48 48 48 48 48 48 33 33 33 20 20 20 20 20 20 26 26 26 26 26 57 57 57 
129 129 129 109 109 109 48 48 48 48 48 48 33 33 33 20 20 20 20 20 20 26 26 26 26 26 57 57 57 
129 129 129 109 109 109 48 48 48 48 48 48 33 33 124 124 20 20 20 20 20 26 26 26 26 26 57 57 57 
129 129 109 109 109 109 48 48 48 48 48 48 48 124 124 124 124 136 136 136 136 26 26 26 26 26 57 57 57 
129 129 109 109 109 109 48 48 48 48 48 48 48 124 124 124 136 136 136 136 136 166 166 166 166 176 176 57 57 
106 106 61 61 109 109 48 48 48 86 86 86 124 124 124 124 22 136 136 136 136 166 166 166 166 166 166 106 106 
106 61 61 61 61 61 61 48 48 86 86 86 135 135 124 22 22 22 22 22 166 166 166 166 166 166 166 50 106 
106 61 61 61 61 61 6 6 6 6 6 6 135 135 135 22 22 22 22 22 22 166 166 166 166 201 201 50 50 
28 28 61 61 61 61 213 203 203 203 203 135 135 135 135 135 80 22 163 59 59 233 166 166 233 24 24 24 50 
28 28 28 97 153 153 153 153 203 203 203 135 135 135 135 80 80 163 163 59 59 233 233 233 233 24 24 24 24 
28 97 97 97 153 153 153 153 203 203 203 135 135 135 135 80 80 163 163 59 59 233 233 233 24 24 24 24 24 
97 97 97 97 97 153 153 153 153 203 203 120 135 135 135 80 163 163 163 59 59 233 233 233 24 24 24 24 24 
97 97 97 97 97 97 153 153 153 120 120 120 120 120 135 135 163 163 163 59 59 233 233 233 24 24 24 24 24 
47 97 97 97 97 97 97 62 62 120 120 120 120 120 120 120 163 163 163 159 59 116 116 116 116 24 24 24 24 
47 97 97 97 97 97 97 62 62 120 114 114 114 120 120 120 159 159 159 159 159 116 116 116 116 116 47 47 47 
47 97 97 97 97 97 97 62 62 114 114 114 114 114 114 159 159 159 159 159 123 119 119 119 119 47 47 47 47 
47 47 97 97 97 97 207 62 62 114 114 114 114 114 114 189 159 159 159 162 162 119 119 119 119 47 47 47 47 
47 47 47 102 102 102 102 102 62 114 114 114 114 114 189 189 189 189 189 162 162 119 119 119 119 47 47 47 47 
47 47 47 102 102 102 102 102 102 244 244 114 244 244 189 189 189 189 189 189 162 119 119 119 119 47 47 47 47 
47 47 42 102 102 102 102 102 102 244 244 244 244 244 189 189 189 189 189 189 189 119 119 119 119 47 47 47 47 
42 42 42 102 102 102 102 102 244 244 244 244 244 244 189 189 189 189 189 189 189 189 119 243 243 243 227 227 227 
42 42 42 42 102 102 102 102 244 244 244 244 244 244 84 189 189 189 189 189 180 180 180 243 243 243 227 227 227 
42 42 42 42 42 102 102 244 244 244 244 244 244 244 84 84 84 189 189 189 180 180 180 223 243 243 227 227 227 
42 42 42 42 42 102 175 175 244 244 244 244 244 84 84 84 84 84 189 180 180 180 180 223 223 243 227 227 227 
42 42 42 42 107 188 175 175 175 244 244 244 244 84 84 84 84 84 84 180 180 180 180 223 223 223 229 229 229 
229 38 107 107 107 188 175 175 175 244 244 244 244 84 84 84 84 84 206 206 206 180 180 223 223 229 229 229 229 
38 38 107 107 107 188 175 175 175 182 182 127 127 84 84 84 84 206 206 206 206 206 206 26 26 26 229 229 229 
57 57 107 107 107 107 188 182 182 182 182 33 33 33 33 20 20 20 206 206 206 206 26 26 26 26 57 57 57 
57 57 107 107 107 188 48 48 48 48 48 33 33 33 33 20 20 20 206 206 206 26 26 26 26 26 57 57 57 
57 57 107 107 107 48 48 48 48 48 48 33 33 33 33 20 20 20 20 20 206 26 26 26 26 26 57 57 57 
57 57 57 107 109 48 48 48 48 48 48 33 33 33 33 20 20 20 20 20 20 26 26 26 26 26 57 57 57 
57 57 57 109 109 48 48 48 48 48 48 48 33 33 33 124 124 20 20 20 20 26 26 26 26 57 57 57 57 
57 57 61 61 109 48 48 48 48 48 48 48 48 124 124 124 124 136 136 136 136 26 26 26 26 176 57 57 57 
106 106 61 61 61 61 48 48 48 48 48 48 48 124 124 124 124 136 136 136 136 166 166 166 166 176 176 57 106 
106 106 61 61 61 61 48 48 48 48 48 48 113 124 124 124 124 136 136 136 136 166 166 166 166 176 106 106 106 
106 61 61 61 61 61 61 131 48 48 131 135 135 135 124 124 22 22 22 136 166 166 166 166 166 166 166 106 106 
106 61 61 61 61 61 61 203 203 203 203 135 135 135 135 135 22 22 22 22 166 166 166 166 166 166 106 106 106 
28 28 61 61 61 61 213 203 203 203 203 135 135 135 135 135 80 80 163 163 59 233 166 166 166 24 24 24 106 
28 28 28 28 153 153 153 203 203 203 203 135 135 135 135 80 80 163 163 163 59 233 233 233 233 24 24 24 24 
28 28 28 97 153 153 153 153 203 203 203 135 135 135 135 80 80 163 163 163 59 233 233 233 24 24 24 24 24 
28 97 97 97 97 153 153 153 203 203 120 120 135 135 135 80 163 163 163 59 59 233 233 233 24 24 24 24 24 
97 97 97 97 97 97 153 153 120 120 120 120 120 120 120 120 163 163 163 59 59 233 233 233 24 24 24 24 24 
47 97 97 97 97 97 97 207 120 120 120 120 120 120 120 120 163 163 163 178 59 116 116 116 116 24 24 24 24 
47 97 97 97 97 97 207 207 207 120 120 12 120 120 120 120 163 178 178 178 178 116 116 116 116 116 47 47 47 
47 97 97 97 97 44 207 207 207 120 12 12 12 120 120 120 178 178 178 178 178 119 119 119 119 47 47 47 47 
47 47 97 97 44 44 207 207 207 12 12 12 12 120 120 120 189 178 162 162 162 119 119 119 119 47 47 47 47 
47 47 47 102 102 102 102 207 207 12 12 12 12 12 189 189 189 189 162 162 162 119 119 119 119 47 47 47 47 
47 47 47 102 102 102 102 102 102 12 12 12 12 12 189 189 189 189 189 162 162 119 119 119 119 47 47 47 47 
47 47 47 102 102 102 102 102 102 244 244 244 244 189 189 189 189 189 189 189 162 162 119 119 119 47 47 47 47 
47 47 42 102 102 102 102 102 102 244 244 244 244 244 189 189 189 189 189 189 189 162 223 243 243 243 243 47 47 
227 42 42 102 102 102 102 102 244 244 244 244 244 84 84 189 189 189 189 189 180 180 223 243 243 243 243 227 227 
227 42 42 42 102 102 102 102 244 244 244 244 244 84 84 84 84 189 189 180 180 180 223 223 243 243 243 227 227 
227 42 42 42 102 102 102 102 244 244 244 244 244 84 84 84 84 84 189 180 180 180 180 223 223 243 243 227 227 
227 42 107 107 107 188 188 182 182 244 244 244 244 84 84 84 84 84 84 180 180 180 180 223 223 223 243 229 227 
38 38 107 107 107 188 188 182 182 182 182 244 244 84 84 84 84 84 206 206 206 180 223 223 223 223 229 229 229 
38 38 107 107 107 188 188 182 182 182 182 127 127 127 127 84 84 206 206 206 206 206 206 223 223 57 57 57 57 
38 38 107 107 107 188 188 182 182 182 182 127 33 33 33 33 20 206 206 206 206 206 26 26 26 57 57 57 57 
57 38 107 107 107 188 188 182 182 182 182 33 33 33 33 33 20 20 206 206 206 206 26 26 26 57 57 57 57 
57 57 107 107 107 188 48 48 48 48 48 33 33 33 33 33 20 20 20 206 206 26 26 26 26 26 57 57 57 
57 57 57 107 107 48 48 48 48 48 48 33 33 33 33 33 20 20 20 20 20 26 26 26 26 57 57 57 57 
57 57 57 107 61 48 48 48 48 48 48 48 33 33 33 33 124 20 20 20 20 26 26 26 26 57 57 57 57 
57 57 61 61 61 61 48 48 48 48 48 48 33 33 124 124 124 136 136 136 136 26 26 176 176 176 176 57 57 
106 106 61 61 61 61 61 48 48 48 48 48 113 113 124 124 124 136 136 136 136 166 166 166 176 176 176 106 106 
106 106 61 61 61 61 61 131 131 131 131 113 113 113 113 124 124 136 136 136 166 166 166 166 166 176 106 106 106 
106 61 61 61 61 61 61 131 131 131 131 113 113 113 113 124 124 136 136 136 166 166 166 166 166 166 106 106 106 
106 61 61 61 61 61 61 203 203 203 203 135 135 135 135 135 135 22 22 72 166 166 166 166 166 166 106 106 106 
28 28 61 61 61 61 213 213 203 203 203 135 135 135 135 135 80 80 163 239 239 239 166 166 166 24 106 106 106 
28 28 28 195 61 153 213 213 203 203 203 135 135 135 135 80 80 163 163 239 239 239 233 233 24 24 24 24 28 
28 28 28 195 195 153 153 153 203 203 203 120 135 135 135 80 80 163 163 239 239 239 233 233 24 24 24 24 28 
28 28 195 195 195 153 153 153 203 120 120 120 120 135 135 80 163 163 163 239 239 239 233 233 24 24 24 24 24 
28 97 97 97 97 153 153 153 120 120 120 120 120 120 120 120 163 163 163 239 239 239 233 233 24 24 24 24 24 
97 97 97 97 97 97 207 207 120 120 120 120 120 120 120 120 163 163 178 178 178 239 116 116 116 24 24 24 24 
47 97 97 97 97 44 207 207 207 120 120 120 120 120 120 120 178 178 178 178 178 178 116 116 116 116 47 47 47 
47 97 97 97 44 44 207 207 207 120 120 12 120 120 120 120 178 178 178 178 178 178 119 119 119 47 47 47 47 
47 47 47 44 44 44 207 207 207 207 12 12 12 120 120 120 178 178 178 178 162 162 119 119 119 47 47 47 47 
47 47 47 102 102 102 207 207 207 207 120 12 12 120 120 189 189 162 162 162 162 162 119 119 119 47 47 47 47 
47 47 47 102 102 102 102 102 102 207 120 12 4 4 189 189 189 189 162 162 162 162 119 119 119 47 47 47 47 
47 47 47 102 102 102 102 102 102 4 4 4 4 4 189 189 189 189 189 162 162 162 119 119 119 47 47 47 47 
47 47 102 102 102 102 102 102 102 4 4 4 4 4 189 189 189 189 189 189 162 162 223 243 243 243 243 47 47 
47 42 110 173 173 102 102 102 4 4 4 4 4 4 84 189 189 189 189 189 223 223 223 223 243 243 243 243 243 
227 42 110 173 173 173 173 173 4 4 4 4 4 84 84 84 84 189 189 180 180 223 223 223 243 243 243 243 243 
110 110 110 110 173 173 173 173 244 244 244 244 244 84 84 84 84 84 189 180 180 223 223 223 223 243 243 243 227 
110 110 107 107 107 188 188 188 182 182 128 128 128 84 84 84 84 84 84 180 180 223 223 223 223 223 223 223 227 
38 38 107 107 107 188 188 188 182 182 128 128 128 127 84 84 84 84 206 206 206 223 223 223 223 75 75 75 38 
38 38 107 107 107 188 188 182 182 182 182 128 127 127 127 127 84 206 206 206 206 206 206 75 75 75 75 57 38 
38 38 107 107 107 188 188 182 182 182 182 127 127 127 127 127 127 206 206 206 206 206 26 75 75 75 75 57 57 
38 38 107 107 107 188 188 182 182 182 182 127 127 33 33 33 33 206 206 206 206 70 26 26 75 75 57 57 57 
57 38 107 107 107 188 188 188 182 182 182 33 33 33 33 33 33 206 206 206 70 70 26 26 26 57 57 57 57 
57 57 107 107 107 188 48 48 48 48 48 33 33 33 33 33 33 20 206 70 70 70 26 26 26 57 57 57 57 
57 57 107 107 61 61 48 48 48 48 48 33 33 33 33 33 33 20 20 70 70 70 26 26 176 176 57 57 57 
57 57 61 61 61 61 61 48 48 48 48 161 33 33 33 124 124 136 136 136 70 179 179 176 176 176 176 176 57 
106 61 61 61 61 61 61 131 131 131 131 113 113 113 113 113 124 136 136 136 72 179 166 176 176 176 176 106 106 
106 61 61 61 61 61 61 131 131 131 131 113 113 113 113 113 113 136 72 72 72 166 166 166 176 176 106 106 106 
106 61 61 61 61 61 61 131 131 131 131 113 113 113 113 113 113 72 72 72 72 166 166 166 166 106 106 106 106 
106 61 61 61 61 61 61 131 131 131 131 113 113 113 113 113 113 72 72 72 72 166 166 166 166 106 106 106 106 
28 28 28 61 61 61 213 213 213 131 131 135 113 113 135 135 135 72 72 72 72 239 166 166 166 106 106 106 106 
28 28 28 195 61 213 213 213 213 203 203 135 135 135 135 135 135 163 239 239 239 239 239 233 24 24 24 24 28 
28 28 28 195 195 153 213 213 213 120 120 120 120 135 135 135 135 163 239 239 239 239 239 233 24 24 24 24 28 
28 28 195 195 195 153 153 213 120 120 120 120 120 120 120 120 163 163 239 239 239 239 239 233 24 24 24 24 24 
28 195 195 195 195 153 153 120 120 120 120 120 120 120 120 120 120 163 239 239 239 239 239 233 24 24 24 24 24 
97 97 97 97 97 44 207 207 120 120 120 120 120 120 120 120 120 178 178 178 178 239 239 116 116 24 24 24 24 
47 97 97 97 44 44 207 207 207 120 120 120 120 120 120 120 120 178 178 178 178 178 116 116 116 116 47 47 47 
47 47 97 44 44 44 207 207 207 207 120 120 120 120 120 120 178 178 178 178 178 178 162 119 119 47 47 47 47 
47 47 44 44 44 44 207 207 207 207 120 120 120 120 120 120 178 178 178 178 162 162 64 64 64 47 47 47 47 
47 47 47 44 44 44 207 207 207 207 120 120 120 120 120 189 189 162 162 162 162 162 64 64 64 47 47 47 47 
47 47 47 102 102 102 102 102 207 207 120 120 120 120 189 189 189 162 162 162 162 162 119 64 64 47 47 47 47 
47 47 173 173 102 102 102 102 102 4 4 4 4 4 189 189 189 189 162 162 162 162 162 119 119 47 47 47 47 
47 110 173 173 173 173 173 173 173 4 4 4 4 4 189 189 189 189 189 162 162 162 162 243 243 243 47 47 47 
110 110 110 173 173 173 173 173 173 4 4 4 4 4 189 189 189 189 189 189 223 223 223 223 243 243 243 243 47 
110 110 110 173 173 173 173 173 173 4 4 4 4 4 84 84 84 189 189 158 223 223 223 223 223 243 243 243 110 
110 110 110 110 173 173 173 173 173 4 4 4 4 84 84 84 84 84 158 158 223 223 223 223 223 223 243 187 110 
110 110 110 107 107 107 173 188 182 128 128 128 128 84 84 84 84 84 158 158 223 223 223 223 223 223 75 187 110 
38 38 107 107 107 188 188 188 182 182 128 128 128 127 127 84 84 84 206 206 157 157 223 223 75 75 75 75 38 
38 38 107 107 107 188 188 188 182 182 128 128 127 127 127 127 127 206 206 206 206 157 157 75 75 75 75 75 38 
38 38 107 107 107 188 188 188 182 182 182 128 127 127 127 127 127 206 206 206 206 70 70 75 75 75 75 75 38 
38 38 107 107 107 188 188 188 182 182 182 127 127 127 127 127 127 206 206 206 70 70 70 75 75 75 75 57 57 
38 38 107 107 107 188 188 188 182 182 182 127 127 33 33 33 89 89 206 70 70 70 70 216 216 216 75 57 57 
57 57 107 107 107 107 188 188 182 182 182 33 33 33 33 33 89 89 89 70 70 70 70 216 216 216 57 57 57 
57 57 107 107 107 105 105 48 48 146 161 161 33 33 33 33 89 89 89 70 70 70 179 179 176 176 176 57 57 
106 61 61 61 61 105 105 105 146 146 161 161 161 165 113 113 113 136 72 72 70 179 179 179 176 176 176 176 176 
106 61 61 61 61 61 61 131 131 131 131 161 113 113 113 113 113 72 72 72 72 179 179 179 176 176 176 176 106 
106 61 61 61 61 61 61 131 131 131 131 131 113 113 113 113 113 72 72 72 72 179 179 176 176 176 106 106 106 
106 61 61 61 61 61 61 131 131 131 131 131 113 113 113 113 113 72 72 72 72 72 166 166 176 106 106 106 106 
106 61 61 61 61 61 61 131 131 131 131 113 113 113 113 113 113 72 72 72 72 72 166 166 166 106 106 106 106 
28 28 28 61 61 61 213 213 213 131 131 165 165 165 165 165 165 72 72 72 72 72 69 69 69 106 106 106 106 
28 28 28 195 61 213 213 213 213 213 120 120 120 135 135 165 165 72 72 239 239 239 239 239 24 24 24 106 106 
28 28 28 195 195 213 213 213 213 120 120 120 120 120 120 135 135 163 239 239 239 239 239 239 24 24 24 24 28 
28 28 195 195 195 195 213 213 120 120 120 120 120 120 120 120 120 31 31 239 239 239 239 239 24 24 24 24 24 
28 195 195 195 195 195 213 120 120 120 120 120 120 120 120 120 120 31 31 31 239 239 239 239 24 24 24 24 24 
53 195 195 195 44 44 207 207 120 120 120 120 120 120 120 120 120 31 31 31 31 239 239 239 184 24 24 24 24 
53 53 97 44 44 44 207 207 207 120 120 120 120 120 120 120 178 178 178 178 178 178 178 184 184 184 184 184 53 
53 53 44 44 44 44 207 207 207 120 120 120 120 120 120 120 178 178 178 178 178 178 162 184 184 184 53 53 53 
53 53 44 44 44 44 207 207 207 207 120 120 120 120 120 120 178 178 178 178 162 162 162 64 184 53 53 53 53 
53 53 53 44 44 44 207 207 207 207 120 120 120 120 120 162 162 162 162 162 162 162 64 64 64 53 53 53 53 
53 53 173 173 173 173 207 207 207 207 120 120 120 120 189 189 189 162 162 162 162 162 162 64 64 53 53 53 53 
53 53 173 173 173 173 173 173 173 4 4 4 4 4 189 189 189 162 191 191 191 162 162 162 64 53 53 53 53 
187 110 173 173 173 173 173 173 173 4 4 4 4 4 189 189 189 189 191 191 191 162 162 223 243 187 187 187 187 
110 110 110 173 173 173 173 173 173 4 4 4 4 4 189 189 189 189 158 158 138 138 223 223 223 187 187 187 187 
110 110 110 173 173 173 173 173 173 4 4 4 4 4 84 84 189 158 158 158 138 138 223 223 223 187 187 187 110 
110 110 110 110 173 173 173 173 173 4 4 4 4 4 84 84 84 158 158 158 138 138 223 223 223 223 187 187 110 
110 110 110 110 107 173 173 173 182 128 128 128 128 128 84 84 84 158 158 158 138 138 157 223 223 75 75 187 110 
110 110 107 107 107 188 188 188 182 128 128 128 128 127 127 127 127 71 158 157 157 157 157 157 75 75 75 75 110 
38 38 107 107 107 188 188 188 182 182 128 128 128 127 127 127 127 71 158 157 157 157 157 75 75 75 75 75 38 
38 38 107 107 107 188 188 188 182 182 182 128 127 127 127 127 127 68 89 70 70 70 70 75 75 75 75 75 38 
38 38 107 107 107 188 188 188 182 182 182 182 127 127 127 127 89 89 89 70 70 70 70 75 75 75 75 75 38 
38 38 107 107 107 188 188 188 182 182 182 182 127 127 127 127 89 89 89 70 70 70 70 216 216 216 216 216 216 
38 38 107 107 107 188 188 188 182 182 182 161 127 127 127 89 89 89 89 70 70 70 70 216 216 216 216 216 216 
38 38 107 107 105 105 105 105 146 146 161 161 161 165 165 89 89 89 89 70 70 70 179 179 216 216 216 216 216 
106 95 61 61 105 105 105 105 146 146 161 161 161 165 165 165 89 89 72 72 179 179 179 179 179 176 176 176 176 
106 95 61 61 105 105 105 105 146 146 161 161 165 165 165 165 165 72 72 72 72 179 179 179 179 176 176 176 106 
106 61 61 61 61 61 105 131 131 131 131 161 165 165 165 165 165 72 72 72 72 179 179 179 179 176 176 106 106 
106 61 61 61 61 61 61 131 131 131 131 165 165 165 165 165 165 72 72 72 72 72 179 179 179 106 106 106 106 
106 106 61 61 61 61 61 131 131 131 131 165 165 165 165 165 165 72 72 72 72 72 72 179 179 106 106 106 106 
28 28 28 61 61 61 213 213 213 213 131 165 165 165 165 165 165 72 72 72 72 69 69 69 69 69 106 106 106 
28 28 28 195 61 125 213 213 213 213 120 120 120 165 165 165 165 72 72 72 239 239 69 69 69 69 106 106 106 
28 28 28 195 195 125 125 125 125 120 120 120 120 120 120 120 31 31 31 239 239 239 239 69 69 69 24 24 28 
28 28 195 195 195 125 125 125 125 120 120 120 120 120 120 120 31 31 31 31 239 239 239 239 69 24 24 24 24 
77 77 77 77 77 125 125 125 125 120 120 120 120 120 120 120 31 31 31 31 31 239 239 239 184 184 184 184 184 
77 77 77 77 77 77 125 125 120 120 120 120 120 120 120 120 31 31 31 31 31 31 184 184 184 184 184 184 184 
53 77 77 77 77 44 207 207 207 120 120 120 120 120 120 120 31 31 31 31 31 31 184 184 184 184 184 184 184 
53 53 77 77 44 44 207 207 207 120 120 120 120 120 120 120 178 178 178 178 178 178 184 184 184 184 184 53 53 
53 53 77 44 44 44 207 207 207 120 120 120 120 120 120 120 178 178 178 162 162 162 184 184 184 184 53 53 53 
53 53 53 44 44 44 207 207 207 207 120 120 120 120 120 143 162 162 162 162 162 162 162 184 184 53 53 53 53 
53 53 53 173 173 173 173 207 207 207 81 81 81 81 118 118 118 191 191 191 191 162 162 184 184 53 53 53 53 
187 187 173 173 173 173 173 173 173 4 4 4 4 4 118 118 118 191 191 191 191 191 191 184 184 53 53 53 53 
187 187 173 173 173 173 173 173 173 4 4 4 4 4 118 118 118 118 191 191 191 191 191 187 187 187 187 187 187 
187 110 110 173 173 173 173 173 173 4 4 4 4 4 118 118 118 118 158 158 138 138 138 138 187 187 187 187 187 
110 110 110 173 173 173 173 173 173 212 212 212 212 230 230 118 118 158 158 158 138 138 138 138 187 187 187 187 187 
110 110 110 110 173 173 173 173 173 212 212 212 212 230 230 230 71 158 158 158 138 138 138 138 187 187 187 187 110 
110 110 110 110 173 173 173 173 173 128 128 128 212 230 230 71 71 71 158 158 138 138 157 157 157 75 187 187 110 
110 110 110 107 107 188 188 3 182 128 128 128 128 230 230 127 71 71 98 157 157 157 157 157 75 75 75 75 110 
115 115 115 107 107 188 188 188 182 128 128 128 128 127 127 127 68 71 98 157 157 157 157 75 75 75 75 75 75 
115 115 115 107 107 188 188 188 182 182 128 128 128 127 127 127 68 68 89 89 157 157 157 75 75 75 75 75 75 
115 115 115 107 107 188 188 188 182 182 182 182 127 127 127 68 68 89 89 89 70 70 70 216 216 216 216 216 216 
115 115 115 107 107 188 188 188 182 182 182 182 127 127 127 68 89 89 89 70 70 70 70 216 216 216 216 216 216 
115 115 115 107 107 188 105 105 147 182 182 161 127 127 89 89 89 89 89 70 70 70 70 216 216 216 216 216 216 
115 115 95 95 105 105 105 105 146 146 161 161 161 165 89 89 89 89 89 70 70 70 179 179 216 216 216 216 216 
95 95 95 95 105 105 105 105 146 146 161 161 161 165 165 89 89 89 89 72 179 179 179 179 179 176 176 176 176 
95 95 95 95 105 105 105 105 146 146 161 161 161 165 165 165 165 72 72 72 72 179 179 179 179 179 176 176 106 
106 95 95 95 105 105 105 105 146 146 161 161 165 165 165 165 165 72 72 72 72 179 179 179 179 179 176 106 106 
106 61 61 61 61 105 105 105 131 131 131 165 165 165 165 165 165 72 72 72 72 72 179 179 179 179 106 106 106 
106 106 61 61 61 61 61 131 131 131 131 165 165 165 165 165 165 72 72 72 72 72 72 179 179 106 106 106 106 
40 40 40 76 76 125 125 125 213 51 51 165 165 165 165 165 165 72 72 72 72 69 69 69 69 69 69 106 106 
40 28 28 76 76 125 125 125 125 125 51 165 165 165 165 165 165 72 72 72 72 69 69 69 69 69 69 106 106 
40 28 28 195 77 125 125 125 125 125 120 120 120 120 120 165 165 31 31 31 239 69 69 69 69 69 69 69 69 
40 77 77 77 77 125 125 125 125 125 120 120 120 120 120 120 31 31 31 31 31 31 69 69 69 69 46 184 184 
77 77 77 77 77 125 125 125 125 125 120 120 120 120 120 120 31 31 31 31 31 31 184 184 184 184 184 184 184 
77 77 77 77 77 77 125 125 125 120 120 120 120 120 120 120 31 31 31 31 31 31 184 184 184 184 184 184 184 
53 77 77 77 77 77 125 125 125 120 120 120 120 120 120 177 13 31 31 31 31 31 184 184 184 184 184 184 184 
53 77 77 77 77 77 207 207 207 120 120 120 120 120 120 143 13 31 31 31 31 184 184 184 184 184 184 184 53 
53 53 77 77 204 204 204 207 207 120 81 81 81 120 143 143 143 178 31 31 162 162 184 184 184 184 184 53 53 
53 53 53 204 204 204 204 204 207 81 81 81 81 81 143 143 143 162 191 191 191 191 184 184 184 184 53 53 53 
53 53 173 173 204 204 204 204 199 81 81 81 81 81 118 118 118 118 191 191 191 191 184 184 184 184 53 53 53 
187 187 173 173 173 173 173 173 199 219 81 81 81 118 118 118 118 118 191 191 191 191 191 184 187 187 187 187 187 
187 187 173 173 173 173 173 173 173 219 4 4 4 118 118 118 118 118 191 191 191 191 138 187 187 187 187 187 187 
187 110 110 173 173 173 173 173 173 212 212 212 212 230 118 118 118 118 118 158 138 138 138 138 187 187 187 187 187 
110 110 110 173 173 173 173 173 173 212 212 212 212 230 230 118 118 118 158 158 138 138 138 138 187 187 187 187 187 
110 110 110 110 173 173 173 173 173 212 212 212 212 230 230 230 71 71 158 158 138 138 138 138 187 187 187 187 187 
110 110 110 110 110 173 173 173 3 212 212 212 212 230 230 71 71 71 71 98 98 138 157 157 157 187 187 187 110 
110 115 115 115 107 188 3 3 3 128 128 212 212 230 230 71 71 71 98 98 157 157 157 157 75 75 75 187 110 
115 115 115 115 107 107 3 3 3 128 128 128 128 128 230 71 71 71 98 98 98 157 157 157 75 75 75 75 115 
115 115 115 115 107 107 188 3 147 147 128 128 128 127 127 68 68 68 89 89 98 157 157 75 75 75 75 75 115 
115 115 115 115 107 107 188 147 147 147 147 147 127 127 68 68 68 68 89 89 89 70 70 216 216 216 216 216 115 
115 115 115 115 107 188 188 147 147 147 147 147 127 68 68 68 68 89 89 89 70 70 70 216 216 216 216 216 115 
115 115 115 115 95 105 92 92 147 147 147 147 147 89 89 89 89 89 68 68 70 70 70 216 216 216 216 216 216 
115 95 95 95 95 105 105 105 146 146 161 161 161 165 89 89 89 89 68 68 70 70 179 179 216 216 216 216 216 
95 95 95 95 95 105 105 105 146 146 161 161 161 165 165 89 89 89 68 68 179 179 179 179 179 179 179 216 216 
95 95 95 95 95 105 105 105 146 146 161 161 165 165 165 165 36 72 72 72 72 179 179 179 179 179 179 176 106 
95 95 95 95 95 105 105 105 146 146 146 161 165 165 165 165 36 72 72 72 72 179 179 179 179 179 179 106 106 
60 95 95 95 95 105 105 105 146 146 165 165 165 165 165 165 36 72 72 72 72 72 179 179 179 179 179 106 106 
60 95 95 95 95 105 105 105 146 146 165 165 165 165 165 165 165 72 72 72 72 72 69 69 69 69 106 106 106 
40 40 40 76 76 76 125 125 51 51 51 228 165 165 165 36 36 36 72 72 72 69 69 69 69 69 69 60 60 
40 40 40 76 76 125 125 125 125 51 51 51 51 165 165 36 36 36 72 72 69 69 69 69 69 69 69 60 60 
40 40 40 76 76 125 125 125 125 125 51 51 51 177 177 177 36 36 31 150 150 69 69 69 69 69 46 46 46 
40 40 77 77 77 125 125 125 125 125 51 51 177 177 177 177 177 13 31 150 150 150 69 69 46 46 46 46 46 
77 77 77 77 77 125 125 125 125 125 120 120 177 177 177 177 13 13 31 150 150 150 150 184 184 184 184 184 184 
77 77 77 77 77 77 125 125 125 125 120 120 177 177 177 177 13 13 31 31 150 150 184 184 184 184 184 184 184 
184 77 77 77 77 77 125 125 125 125 120 120 177 177 177 177 13 13 13 31 150 150 184 184 184 184 184 184 184 
184 77 77 77 77 204 204 199 125 81 81 81 81 143 143 143 13 13 13 31 150 184 184 184 184 184 184 184 184 
53 53 77 204 204 204 204 199 199 81 81 81 81 81 143 143 143 13 13 13 13 184 184 184 184 184 184 184 184 
53 53 204 204 204 204 204 199 199 81 81 81 81 81 143 143 143 13 13 191 191 19 19 184 184 184 184 53 53 
187 187 187 204 204 204 204 199 199 81 81 81 81 81 143 118 118 118 118 191 191 19 19 19 184 184 53 53 53 
187 187 187 173 173 199 199 199 199 219 81 81 81 81 118 118 118 118 118 191 191 191 19 19 187 187 187 187 187 
187 187 187 173 173 173 173 173 219 219 219 81 81 118 118 118 118 118 118 118 191 191 19 187 187 187 187 187 187 
187 187 187 173 173 173 173 173 219 219 212 212 230 230 118 118 118 118 118 118 118 138 138 187 187 187 187 187 187 
187 110 110 173 173 173 173 173 219 212 212 212 212 230 230 118 118 118 238 238 238 138 138 138 187 187 187 187 187 
110 110 110 110 173 173 173 173 219 212 212 212 212 230 230 118 71 71 238 238 238 138 138 138 187 187 187 187 187 
110 110 110 110 110 173 3 3 3 212 212 212 212 230 230 71 71 71 98 98 98 98 138 138 187 187 187 187 187 
115 115 115 115 115 3 3 3 3 3 212 212 230 230 230 71 71 71 98 98 98 98 157 157 75 187 187 187 115 
115 115 115 115 115 3 3 3 3 3 3 99 99 99 99 99 71 71 98 98 98 98 157 157 75 75 75 115 115 
115 115 115 115 115 3 3 3 3 147 147 147 99 99 99 68 68 68 89 98 98 98 157 216 216 216 216 115 115 
115 115 115 115 115 3 3 147 147 147 147 147 99 99 99 68 68 68 89 89 89 89 216 216 216 216 216 216 115 
115 115 115 115 115 92 92 147 147 147 147 147 99 99 68 68 68 68 68 68 68 68 70 216 216 216 216 216 115 
115 115 115 95 95 92 92 92 147 147 147 147 147 89 89 89 89 68 68 68 68 68 70 216 216 216 216 216 216 
115 95 95 95 95 95 92 92 92 147 147 147 147 89 89 89 89 68 68 68 68 68 179 179 216 216 216 216 216 
95 95 95 95 95 95 92 92 92 146 147 228 161 165 89 89 89 68 68 68 68 179 179 179 179 179 216 216 235 
95 95 95 95 95 95 105 105 146 146 228 228 228 165 165 36 36 36 72 72 72 179 179 179 179 179 60 60 60 
60 95 95 95 95 95 105 105 146 228 228 228 228 165 165 36 36 36 72 72 72 179 179 179 179 179 60 60 60 
60 95 95 95 95 95 105 105 228 228 228 228 165 165 165 36 36 36 72 72 72 72 179 179 179 179 60 60 60 
60 95 95 95 95 95 105 51 51 51 228 228 165 165 165 36 36 36 72 72 72 72 69 69 69 60 60 60 60 
40 40 40 76 76 76 125 51 51 51 51 228 228 36 36 36 36 36 36 181 181 69 69 69 69 69 60 60 60 
40 40 40 76 76 76 125 125 51 51 51 51 51 36 36 36 36 36 36 181 181 69 69 69 69 69 46 60 60 
40 40 40 76 76 125 125 125 125 51 51 51 51 177 177 177 36 36 169 150 150 69 69 69 46 46 46 46 46 
40 40 40 77 77 125 125 125 125 51 51 177 177 177 177 177 177 13 13 150 150 150 150 46 46 46 46 46 46 
40 77 77 77 77 125 125 125 125 125 125 177 177 177 177 177 13 13 13 150 150 150 150 46 46 46 46 184 184 
77 77 77 77 77 77 125 125 125 125 125 177 177 177 177 177 13 13 13 150 150 150 150 184 184 184 184 184 184 
77 77 77 77 77 77 77 125 125 81 81 177 177 177 177 143 13 13 13 13 150 150 184 184 184 184 184 184 184 
184 77 77 77 77 199 199 199 199 81 81 81 81 143 143 143 13 13 13 13 13 19 184 184 184 184 184 184 184 
53 53 77 199 199 199 199 199 199 81 81 81 81 143 143 143 13 13 13 13 13 19 19 19 184 184 184 184 184 
53 53 199 199 199 199 199 199 199 81 81 81 81 81 143 143 143 13 13 13 19 19 19 19 19 184 184 184 184 
187 187 199 199 199 199 199 199 199 81 81 81 81 81 143 143 118 118 13 191 19 19 19 19 19 184 184 187 187 
187 187 187 199 199 199 199 199 199 219 81 81 81 81 118 118 118 118 118 118 191 19 19 19 19 187 187 187 187 
187 187 187 199 199 199 199 199 219 219 219 81 81 118 118 118 118 118 118 118 118 19 19 19 187 187 187 187 187 
187 187 187 173 173 173 173 219 219 219 219 212 230 230 118 118 118 118 118 118 118 9 9 187 187 187 187 187 187 
187 187 187 173 173 173 173 219 219 219 212 212 212 230 230 118 118 118 118 238 238 238 138 187 187 187 187 187 187 
187 187 187 110 173 173 173 219 219 212 212 212 212 230 230 118 118 118 238 238 238 238 138 9 187 187 187 187 187 
115 115 115 115 49 3 3 3 3 3 212 212 212 230 230 71 71 71 98 98 98 98 98 9 187 187 187 187 187 
115 115 115 115 115 3 3 3 3 3 212 212 212 99 230 71 71 71 98 98 98 98 98 29 29 187 187 187 115 
115 115 115 115 115 3 3 3 3 3 3 99 99 99 99 99 71 71 98 98 98 98 29 29 29 29 29 115 115 
115 115 115 115 115 3 3 3 3 147 147 99 99 99 99 99 68 89 89 89 98 98 29 29 29 29 216 115 115 
115 115 115 115 115 3 3 147 147 147 147 147 99 99 99 68 68 89 89 89 89 29 29 29 29 216 216 115 115 
115 115 115 115 115 92 92 147 147 147 147 147 99 99 99 89 89 89 68 68 68 68 29 29 29 216 216 216 115 
115 115 115 95 95 92 92 92 147 147 147 147 147 99 89 89 89 68 68 68 68 68 224 29 216 216 216 216 115 
115 95 95 95 95 92 92 92 92 147 147 147 147 89 89 89 89 68 68 68 68 224 224 224 216 216 216 216 235 
95 95 95 95 95 95 92 92 92 92 147 228 228 228 36 89 89 68 68 68 68 179 179 179 179 179 60 235 235 
60 95 95 95 95 95 92 92 92 228 228 228 228 228 36 36 36 36 36 72 72 179 179 179 179 60 60 60 60 
60 95 95 95 95 95 95 92 228 228 228 228 228 228 36 36 36 36 36 72 72 179 179 179 179 60 60 60 60 
60 95 95 95 95 95 95 11 228 228 228 228 228 228 36 36 36 36 36 36 72 72 179 179 179 60 60 60 60 
60 40 40 76 76 76 51 51 51 51 228 228 228 36 36 36 36 36 36 72 72 181 69 69 69 60 60 60 60 
40 40 76 76 76 76 76 51 51 51 51 228 228 36 36 36 36 36 36 181 181 181 181 69 69 60 60 60 60 
40 40 76 76 76 76 125 51 51 51 51 51 51 51 36 36 36 36 169 181 181 181 181 69 46 46 46 46 40 
40 40 76 76 76 76 125 125 51 51 51 51 51 177 177 177 177 169 169 181 181 181 181 46 46 46 46 46 46 
40 40 40 76 76 125 125 125 125 51 51 177 177 177 177 177 177 13 169 150 150 150 150 46 46 46 46 46 46 
40 77 77 77 77 125 125 125 125 125 125 177 177 177 177 177 13 13 13 150 150 150 150 46 46 46 46 46 46 
77 77 77 77 77 171 171 125 125 125 81 177 177 177 177 177 13 13 13 150 150 150 150 184 184 184 184 184 184 
77 77 77 77 171 171 171 171 125 81 81 177 177 177 177 143 13 13 13 13 150 150 174 184 184 184 184 184 184 
184 77 77 77 171 171 171 199 199 81 81 81 81 143 143 143 13 13 13 13 13 19 19 19 184 184 184 184 184 
53 199 199 199 199 199 199 199 199 81 81 81 81 143 143 143 13 13 13 13 13 19 19 19 19 184 184 184 184 
2 2 199 199 199 199 199 199 199 81 81 81 81 143 143 143 143 13 13 13 13 19 19 19 19 19 184 184 184 
2 2 199 199 199 199 199 199 199 81 81 81 81 81 143 143 143 13 13 13 19 19 19 19 19 19 184 187 187 
187 187 199 199 199 199 199 199 199 219 81 81 81 81 118 118 118 118 118 118 19 19 19 19 19 187 187 187 187 
187 187 187 199 199 199 199 199 219 219 219 219 81 118 118 118 118 118 118 118 9 9 9 19 187 187 187 187 187 
187 187 187 199 199 199 199 219 219 219 219 219 219 118 118 118 118 118 118 118 9 9 9 9 187 187 187 187 187 
187 187 187 173 173 199 199 219 219 219 219 212 212 230 118 118 118 118 118 118 9 9 9 9 187 187 187 187 187 
187 187 187 49 49 49 49 219 219 219 212 212 212 230 230 118 118 118 118 238 9 9 9 9 187 187 187 187 187 
115 115 115 49 49 49 3 3 3 3 212 212 212 230 230 71 71 71 98 98 98 9 9 9 187 187 187 187 187 
115 115 115 49 49 49 3 3 3 3 3 212 99 99 99 71 71 71 98 98 98 29 29 29 29 29 29 115 115 
115 115 115 49 49 49 3 3 3 3 3 99 99 99 99 99 71 71 98 98 98 29 29 29 29 29 29 115 115 
115 115 115 49 49 49 3 3 3 147 147 99 99 99 99 99 89 89 89 89 98 29 29 29 29 29 172 115 115 
115 115 115 115 49 49 3 147 147 147 147 147 99 99 99 99 89 89 89 89 89 29 29 29 29 29 172 172 115 
115 115 115 115 49 92 92 147 147 147 147 147 99 99 99 89 89 89 89 68 68 29 29 29 29 172 172 172 115 
115 115 95 95 95 92 92 92 147 147 147 147 147 147 89 89 89 89 68 68 68 224 224 224 172 172 172 172 115 
115 95 95 95 95 92 92 92 92 147 147 147 147 147 89 89 89 68 68 68 68 224 224 224 224 232 232 235 235 
235 95 95 95 95 92 92 92 92 92 147 228 228 228 36 89 89 68 68 68 164 224 224 224 224 232 235 235 235 
60 95 95 95 95 11 11 11 11 11 228 228 228 228 36 36 36 36 36 36 164 179 224 224 224 60 60 60 60 
60 95 95 95 95 11 11 11 11 228 228 228 228 228 36 36 36 36 36 36 36 168 168 168 168 60 60 60 60 
60 60 95 95 95 11 11 11 228 228 228 228 228 228 36 36 36 36 36 36 181 168 168 168 168 60 60 60 60 
60 40 40 76 76 76 51 51 51 51 228 228 228 36 36 36 36 36 36 36 181 181 168 168 168 60 60 60 60 
40 40 40 76 76 76 66 51 51 51 51 228 228 36 36 36 36 36 169 181 181 181 181 181 181 60 60 60 60 
40 40 76 76 76 76 76 51 51 51 51 51 51 36 36 36 36 169 169 181 181 181 181 181 46 46 46 46 40 
40 40 27 76 76 76 76 51 51 51 51 51 51 177 177 177 169 169 169 169 181 181 181 181 46 46 46 46 46 
40 27 27 27 27 27 125 125 51 51 51 177 177 177 177 177 177 169 169 142 142 142 142 142 46 46 46 46 46 
27 27 27 27 27 171 125 125 51 51 51 177 177 177 177 177 13 13 88 88 174 174 174 174 46 46 46 46 46 
27 27 27 27 171 171 171 171 125 125 81 177 177 177 177 177 13 13 88 88 174 174 174 174 184 46 184 184 184 
27 27 27 171 171 171 171 171 171 81 81 177 177 177 177 143 13 13 13 88 174 174 174 174 184 184 184 184 184 
2 27 171 171 171 171 171 171 171 81 81 81 81 143 143 143 13 13 13 13 174 174 174 19 19 184 184 184 184 
2 2 171 171 171 171 171 199 199 81 81 81 81 143 143 143 13 13 13 13 13 19 19 19 19 19 184 184 184 
2 2 199 199 199 199 199 199 199 81 81 81 81 143 143 143 143 13 13 13 19 19 19 19 19 19 184 184 2 
2 2 2 199 199 199 199 199 199 81 81 81 81 81 143 143 143 13 13 13 19 19 19 19 19 19 19 187 2 
2 2 2 199 199 199 199 199 199 219 81 81 81 81 143 118 118 118 118 118 9 19 19 19 19 187 187 187 2 
2 2 2 199 199 192 199 199 219 219 219 219 81 81 118 118 118 118 118 118 9 9 9 19 187 187 187 187 2 
2 2 2 192 192 192 192 219 219 219 219 219 219 118 118 118 118 118 118 9 9 9 9 9 187 187 187 187 187 
2 2 2 192 192 192 192 219 219 219 219 219 219 230 118 118 118 118 118 9 9 9 9 9 187 187 187 187 187 
187 187 8 49 49 49 49 219 219 219 219 219 212 230 118 118 118 118 118 9 9 9 9 9 9 187 187 187 187 
8 115 8 49 49 49 49 3 3 3 3 212 212 230 230 118 118 118 98 9 9 9 9 9 9 226 187 187 187 
8 8 8 49 49 49 49 3 3 3 3 99 99 99 99 99 71 45 98 98 9 29 29 29 29 29 29 29 115 
8 8 8 49 49 49 49 3 3 3 3 99 99 99 99 99 45 45 45 45 29 29 29 29 29 29 29 29 8 
8 8 8 49 49 49 3 3 3 147 147 99 99 99 99 99 45 45 45 45 45 29 29 29 29 29 172 172 8 
8 8 8 8 49 49 3 147 147 147 147 147 99 99 99 99 45 45 45 45 101 29 29 29 29 172 172 172 8 
8 8 8 8 92 92 92 147 147 147 147 147 99 99 99 89 89 89 89 89 164 29 29 29 172 172 172 172 172 
8 8 8 8 92 92 92 92 147 147 147 147 231 231 99 89 89 15 15 15 164 224 224 224 172 172 172 172 172 
235 235 95 95 95 92 92 92 92 147 147 147 231 231 89 89 15 15 15 15 164 224 224 224 224 232 232 235 235 
235 235 95 95 11 11 11 11 11 11 147 147 231 228 36 15 15 15 15 15 164 224 224 224 224 232 235 235 235 
235 235 95 95 11 11 11 11 11 11 228 228 228 228 36 36 36 36 15 15 164 224 224 224 224 235 235 235 235 
60 60 95 95 11 11 11 11 11 11 228 228 228 36 36 36 36 36 36 36 168 168 168 168 168 60 60 60 60 
60 60 40 95 11 11 11 11 11 228 228 228 228 36 36 36 36 36 36 36 181 168 168 168 168 60 60 60 60 
40 40 40 76 76 11 11 51 51 228 228 228 228 36 36 36 36 36 36 181 181 181 168 168 168 60 60 60 60 
40 40 40 40 76 66 66 66 51 51 51 228 228 36 36 36 36 169 169 169 181 181 181 181 168 168 60 60 60 
40 40 27 27 27 66 66 66 51 51 51 51 51 36 36 36 36 169 169 169 181 181 181 181 46 46 46 134 40 
40 27 27 27 27 66 66 66 51 51 51 51 51 177 177 36 169 169 169 169 181 181 181 181 46 46 46 134 134 
27 27 27 27 27 27 66 66 51 51 51 177 177 177 177 177 169 169 169 169 142 142 142 142 46 46 46 134 134 
27 27 27 27 27 27 171 171 51 51 177 177 177 177 177 177 88 88 88 88 174 174 142 142 46 46 134 134 134 
27 27 27 27 171 171 171 171 171 193 193 177 177 177 177 177 13 88 88 88 174 174 174 174 174 46 134 134 134 
27 27 27 171 171 171 171 171 171 193 193 193 177 177 143 143 13 13 88 88 174 174 174 174 174 184 184 184 184 
2 27 171 171 171 171 171 171 171 81 193 193 193 143 143 143 143 13 13 79 174 174 174 174 19 184 184 184 184 
2 2 171 171 171 171 171 171 199 81 81 81 81 143 143 143 143 13 13 13 174 19 19 19 19 19 184 184 2 
2 2 2 171 171 199 199 199 199 81 81 81 81 143 143 143 143 13 13 13 19 19 19 19 19 19 184 2 2 
2 2 2 199 199 199 199 199 199 81 81 81 81 143 143 143 143 13 13 154 154 19 19 19 19 19 19 2 2 
2 2 2 199 199 199 199 199 199 219 81 81 81 81 143 143 118 118 118 154 154 9 19 19 19 187 187 2 2 
2 2 2 2 192 192 192 199 219 219 219 91 81 81 118 118 118 118 87 9 9 9 9 9 17 187 187 2 2 
2 2 2 2 192 192 192 121 219 219 219 91 91 91 118 118 118 87 87 9 9 9 9 9 17 240 240 2 2 
2 2 2 192 192 192 192 121 121 219 219 219 91 91 118 118 118 87 87 9 9 9 9 9 240 240 240 240 2 
2 2 2 49 49 49 49 121 121 219 219 91 91 230 118 118 118 87 9 9 9 9 9 9 240 240 240 240 2 
8 8 8 49 49 49 49 49 121 121 121 91 212 230 230 118 118 45 9 9 9 9 9 29 226 226 226 226 226 
8 8 8 49 49 49 49 49 3 3 3 99 99 99 99 30 45 45 45 9 9 29 29 29 29 226 226 226 8 
8 8 8 49 49 49 49 49 3 3 3 99 99 99 99 45 45 45 45 45 29 29 29 29 29 29 29 29 8 
8 8 8 8 49 49 49 3 3 147 147 147 242 99 99 45 45 45 45 45 101 29 29 29 29 29 172 172 8 
8 8 8 8 8 49 49 147 147 147 147 147 242 242 99 45 45 45 45 45 101 29 29 29 29 172 172 172 8 
8 8 8 8 8 92 92 147 147 147 147 231 231 242 99 15 15 15 15 15 164 164 29 29 172 172 172 172 172 
8 8 8 8 92 92 92 92 147 147 231 231 231 231 15 15 15 15 15 15 164 164 224 224 172 172 172 172 172 
235 235 8 11 11 11 11 11 11 147 231 231 231 231 15 15 15 15 15 15 164 164 224 224 224 232 232 235 235 
235 235 235 11 11 11 11 11 11 11 231 231 231 231 36 15 15 15 15 15 164 164 224 224 224 232 235 235 235 
235 235 95 95 11 11 11 11 11 11 11 228 228 36 36 36 15 15 15 15 164 164 224 224 224 235 235 235 235 
235 235 235 11 11 11 11 11 11 11 228 228 228 36 36 36 36 36 15 15 168 168 168 168 168 235 235 235 235 
235 40 40 11 11 11 11 11 11 228 228 228 228 36 36 36 36 36 36 160 160 168 168 168 168 168 60 235 60 
40 40 40 76 76 11 11 51 51 228 228 228 228 36 36 36 36 36 36 181 181 181 168 168 168 168 60 60 60 
40 40 40 152 152 66 66 66 66 66 66 228 228 36 36 36 36 169 169 160 181 181 181 181 181 181 134 134 134 
40 27 27 27 27 66 66 66 66 66 66 51 51 36 36 36 169 169 169 169 169 181 181 181 181 134 134 134 134 
134 27 27 27 27 66 66 66 66 66 66 51 209 177 177 234 234 169 169 169 169 181 181 181 181 134 134 134 134 
134 27 27 27 27 27 66 66 66 66 209 209 209 177 177 234 234 169 169 169 142 142 142 142 142 134 134 134 134 
134 27 27 27 27 27 27 66 66 193 209 209 209 209 177 177 133 88 88 88 174 174 142 142 142 134 134 134 134 
134 27 27 27 171 171 171 171 193 193 193 193 209 209 209 177 133 88 88 88 174 174 174 174 174 134 134 134 134 
134 27 27 171 171 171 171 171 171 193 193 193 193 193 143 143 13 79 79 79 174 174 174 174 174 134 134 134 134 
63 63 171 171 171 171 171 171 193 193 193 193 193 193 143 143 143 79 79 79 79 174 174 174 174 184 134 134 134 
63 63 63 171 171 171 171 171 171 193 193 193 193 193 143 143 143 79 79 79 79 79 174 19 19 19 184 2 2 
2 2 2 171 171 171 171 199 199 193 193 193 193 143 143 143 143 13 79 79 79 79 19 19 19 19 2 2 2 
2 2 2 199 199 199 199 199 199 81 81 81 81 143 143 143 143 154 154 154 154 154 19 19 19 19 2 2 2 
2 2 2 2 192 199 199 199 199 91 91 91 91 91 143 143 87 87 87 154 154 154 19 17 17 17 2 2 2 
2 2 2 2 192 192 192 199 219 91 91 91 91 91 91 87 87 87 87 154 9 9 9 17 17 17 17 2 2 
2 2 2 2 192 192 192 121 121 91 91 91 91 91 91 87 87 87 87 9 9 9 9 17 17 240 240 2 2 
2 2 2 2 192 192 121 121 121 121 91 91 91 91 30 87 87 87 87 9 9 9 9 17 240 240 240 240 2 
2 2 2 49 49 49 121 121 121 121 91 91 91 30 30 30 87 87 87 9 9 9 9 240 240 240 240 240 240 
8 8 49 49 49 49 49 121 121 121 121 91 242 30 30 30 30 87 9 9 9 9 9 226 226 226 226 226 226 
8 8 49 49 49 49 49 49 121 121 121 242 242 242 242 30 30 45 1 1 1 29 29 29 226 226 226 226 226 
8 8 8 49 49 49 49 49 49 3 242 242 242 242 242 30 45 45 45 1 101 101 29 29 29 226 226 226 8 
8 8 8 8 49 49 49 49 3 147 147 242 242 242 242 242 45 45 45 101 101 101 29 29 29 29 29 172 8 
8 8 8 8 49 49 49 147 147 147 231 231 242 242 242 242 45 45 45 101 101 101 29 29 29 172 172 172 8 
8 8 8 8 8 49 92 147 147 231 231 231 231 242 242 15 15 15 15 15 164 164 29 29 172 172 172 172 172 
8 8 8 8 11 11 92 211 211 231 231 231 231 231 15 15 15 15 15 15 164 164 164 224 172 172 172 172 172 
235 235 8 108 11 11 11 11 11 231 231 231 231 231 15 15 15 15 15 15 164 164 164 224 224 232 232 235 235 
235 235 235 11 11 11 11 11 11 11 231 231 231 231 15 15 15 15 15 15 164 164 164 224 224 232 235 235 235 
235 235 235 11 11 11 11 11 11 11 245 245 245 245 36 15 15 15 15 15 164 164 164 224 224 235 235 235 235 
235 235 235 11 11 11 11 11 11 11 245 245 245 36 36 36 36 15 15 15 164 168 168 168 168 235 235 235 235 
235 40 152 152 11 11 11 11 11 245 245 245 245 36 36 36 36 36 160 160 160 168 168 168 168 168 235 235 235 
40 40 152 152 152 11 66 66 66 245 245 228 228 36 36 36 36 160 160 160 160 181 168 168 168 168 235 235 235 
152 152 152 152 152 66 66 66 66 66 66 66 228 36 36 36 160 160 160 160 160 160 181 181 181 134 134 134 134 
134 152 152 152 152 66 66 66 66 66 66 66 209 56 56 234 234 169 169 169 160 181 181 181 181 134 134 134 134 
134 152 152 104 104 66 66 66 66 66 66 66 209 209 56 234 234 169 169 169 169 181 181 181 134 134 134 134 134 
134 104 27 27 104 104 66 66 66 66 209 209 209 209 209 234 234 234 169 169 169 142 142 142 134 134 134 134 134 
134 27 27 27 104 104 130 130 130 130 209 209 209 209 209 133 133 133 133 169 174 174 142 142 134 134 134 134 134 
134 27 27 27 104 171 171 130 130 193 193 209 209 209 209 133 133 133 133 88 174 174 174 174 174 134 134 134 134 
63 27 27 171 171 171 171 171 193 193 193 193 209 209 209 209 133 133 79 79 79 174 174 174 174 134 134 134 134 
63 63 63 171 171 171 171 171 193 193 193 193 193 193 193 193 133 79 79 79 79 79 174 174 174 134 134 134 63 
63 63 63 171 171 171 171 171 193 193 193 193 193 193 193 143 79 79 79 79 79 79 79 79 19 19 198 198 63 
2 63 63 63 171 171 171 199 193 193 193 193 193 193 193 143 154 154 154 154 154 154 154 19 19 17 198 198 2 
2 2 2 2 199 171 199 199 199 193 193 193 193 193 193 143 154 154 154 154 154 154 154 17 17 17 198 198 2 
2 2 2 2 2 199 199 199 199 91 91 91 91 91 91 154 154 154 154 154 154 154 17 17 17 17 17 198 2 
2 2 2 2 2 192 192 121 121 91 91 91 91 91 91 87 87 87 87 154 154 154 17 17 17 17 17 55 2 
2 2 2 2 192 192 121 121 121 91 91 91 91 91 91 87 87 87 87 154 154 9 17 17 17 17 240 55 2 
2 2 2 2 192 121 121 121 121 121 91 91 91 91 30 87 87 87 87 9 9 9 17 17 240 240 240 55 2 
2 2 2 49 49 121 121 121 121 121 91 91 91 30 30 30 30 87 87 9 9 9 9 240 240 240 240 240 240 
8 8 49 49 49 49 121 121 121 121 121 91 30 30 30 30 30 30 30 1 9 9 29 226 226 240 226 226 226 
8 8 49 49 49 49 49 121 121 121 121 242 242 242 30 30 30 30 1 1 1 101 29 226 226 226 226 226 226 
8 8 8 49 49 49 49 49 121 121 242 242 242 242 242 30 30 30 1 1 1 101 101 29 226 226 226 226 226 
8 8 8 8 49 49 49 49 211 211 231 242 242 242 242 242 30 45 1 1 101 101 101 29 29 29 226 226 8 
8 8 8 108 108 108 108 211 211 211 231 242 242 242 242 242 15 15 15 101 101 101 101 29 29 29 172 172 8 
8 8 8 108 108 108 108 211 211 211 231 231 231 242 242 15 15 15 15 15 164 164 164 29 172 172 172 172 172 
8 8 8 108 108 108 211 211 211 211 231 231 231 231 15 15 15 15 15 15 164 164 164 164 172 172 172 172 172 
235 235 108 108 108 11 211 211 211 211 211 231 231 231 15 15 15 15 15 15 164 164 164 164 224 232 232 235 235 
235 235 108 108 11 11 11 11 245 245 245 245 245 245 15 15 15 15 15 15 164 164 164 164 224 232 235 235 235 
235 235 235 11 11 11 11 11 245 245 245 245 245 245 15 15 15 15 15 15 164 164 164 164 224 235 235 235 235 
235 235 152 152 11 11 11 11 245 245 245 245 245 245 36 15 15 15 15 15 164 164 168 168 168 235 235 235 235 
152 152 152 152 152 11 11 245 245 245 245 245 245 245 36 36 15 160 160 160 160 160 168 168 168 168 235 235 235 
152 152 152 152 152 152 66 66 66 245 245 245 245 245 36 36 160 160 160 160 160 160 160 168 168 168 235 235 235 
152 152 152 152 152 122 122 122 122 122 122 122 56 56 56 56 56 160 160 160 160 160 160 160 197 197 197 134 134 
134 152 152 152 152 122 122 122 122 122 122 122 209 56 56 56 234 234 160 160 160 160 160 181 181 134 134 134 134 
134 152 152 104 104 104 122 122 122 122 122 209 209 209 56 234 234 234 234 169 160 160 160 93 93 134 134 134 134 
134 104 104 104 104 104 130 130 130 130 130 209 209 209 56 234 234 234 234 169 169 169 93 93 93 134 134 134 134 
221 104 104 104 104 104 130 130 130 130 209 209 209 209 209 133 133 133 133 133 169 174 142 93 93 221 221 221 221 
221 104 104 104 104 104 130 130 130 193 209 209 209 209 209 133 133 133 133 133 133 174 174 93 93 221 221 221 221 
63 104 104 104 104 104 171 130 130 193 193 209 209 209 209 133 133 133 133 79 79 79 174 174 93 221 221 221 221 
63 63 63 63 171 171 171 171 193 193 193 193 209 209 209 209 133 133 79 79 79 79 79 79 93 221 221 221 63 
63 63 63 63 63 171 171 41 41 193 193 193 193 193 193 193 133 79 79 79 79 79 79 79 19 198 198 198 63 
63 63 63 63 63 171 171 41 41 193 193 193 193 193 193 193 154 154 154 154 154 154 154 154 17 198 198 198 63 
63 63 63 63 63 171 41 41 41 193 193 193 193 193 193 154 154 154 154 154 154 154 154 154 17 198 198 198 198 
2 2 2 2 2 199 199 41 41 35 35 35 35 35 35 154 154 154 154 154 154 154 17 17 17 17 198 198 198 
2 2 2 2 2 121 121 121 7 35 35 35 35 35 35 87 87 87 154 154 154 154 17 17 17 17 55 55 55 
2 2 2 2 121 121 121 121 121 35 35 35 35 35 35 87 87 87 87 154 154 17 17 17 17 17 55 55 55 
2 2 2 2 121 121 121 121 121 121 35 35 35 35 30 30 87 87 87 154 154 17 17 17 17 240 55 55 55 
2 2 2 49 49 121 121 121 121 121 35 35 35 30 30 30 30 30 30 154 154 17 17 17 240 240 240 55 55 
2 2 49 49 49 121 121 121 121 121 121 35 30 30 30 30 30 30 30 1 1 9 29 226 240 240 226 226 226 
8 8 49 49 49 121 121 121 121 121 121 242 242 30 30 30 30 30 1 1 1 101 29 226 226 226 226 226 226 
8 8 8 49 49 49 121 121 121 121 242 242 242 242 30 30 30 30 1 1 1 101 101 226 226 226 226 226 226 
8 8 8 108 108 108 108 108 211 211 211 242 242 242 242 30 30 30 1 1 101 101 101 29 29 226 226 226 226 
8 8 108 108 108 108 108 108 211 211 211 211 242 242 242 242 15 15 15 101 101 101 101 29 29 29 29 172 8 
8 8 108 108 108 108 108 211 211 211 211 211 211 242 242 15 15 15 15 15 164 164 164 29 29 29 172 172 172 
8 108 108 108 108 108 108 211 211 211 211 211 211 211 15 15 15 15 15 15 164 164 164 164 164 172 172 172 172 
235 108 108 108 108 108 211 211 211 211 211 211 211 211 15 15 15 15 15 15 164 164 164 164 164 232 65 65 235 
235 108 108 108 108 108 245 245 245 245 245 245 245 245 15 15 15 15 15 15 164 164 164 164 164 65 65 235 235 
235 235 108 108 85 11 245 245 245 245 245 245 245 245 15 15 15 15 15 15 164 164 164 164 197 197 235 235 235 
235 152 152 152 85 11 245 245 245 245 245 245 245 245 15 15 15 15 15 15 164 164 164 168 197 197 235 235 235 
152 152 152 152 152 85 245 245 245 245 245 245 245 245 245 56 15 160 160 160 160 160 160 168 197 197 197 197 197 
152 152 152 152 152 152 122 122 245 245 245 245 245 245 56 56 56 160 160 160 160 160 160 168 197 197 197 197 197 
152 152 152 152 152 152 122 122 122 122 122 122 56 56 56 56 56 160 160 160 160 160 160 93 197 197 197 197 221 
221 152 152 152 152 122 122 122 122 122 122 122 56 56 56 56 56 234 160 160 160 160 93 93 93 221 221 221 221 
221 104 152 152 104 104 122 122 122 122 122 122 209 56 56 56 234 234 234 160 160 93 93 93 93 221 221 221 221 
221 104 104 104 104 104 130 130 130 130 130 209 209 94 56 56 234 234 234 234 234 93 93 93 93 221 221 221 221 
221 104 104 104 104 104 130 130 130 130 209 209 209 94 94 133 133 133 133 133 133 93 93 93 93 221 221 221 221 
221 104 104 104 104 104 130 130 130 130 209 209 209 209 94 133 133 133 133 133 133 93 93 93 93 93 221 221 221 
144 104 104 104 104 104 130 130 130 193 209 209 209 209 94 133 133 133 133 133 133 79 93 93 93 93 221 221 221 
63 63 63 63 225 225 41 41 41 41 193 209 209 209 209 133 133 133 133 79 79 79 79 93 93 43 221 221 63 
63 63 63 63 225 225 41 41 41 41 41 193 193 193 193 133 133 154 154 154 154 154 154 154 43 198 198 198 63 
63 63 63 225 225 225 41 41 41 41 41 41 193 193 193 32 154 154 154 154 154 154 154 154 43 198 198 198 63 
63 63 63 225 225 225 41 41 41 41 41 41 41 193 32 32 154 154 154 154 154 154 154 154 17 198 198 198 198 
198 63 63 225 225 225 41 41 41 41 35 35 35 35 32 32 154 154 154 154 154 154 154 17 17 198 198 198 198 
55 2 2 2 225 225 121 7 7 7 35 35 35 35 35 32 154 154 154 154 154 154 17 17 17 17 55 55 55 
55 2 2 2 121 121 121 121 7 7 35 35 35 35 35 30 87 154 154 154 154 154 17 17 17 17 55 55 55 
55 2 2 140 121 121 121 121 7 7 35 35 35 35 30 30 30 67 154 154 154 17 17 17 17 17 55 55 55 
55 2 140 140 49 121 121 121 121 208 35 35 35 30 30 30 30 67 67 67 154 17 17 17 186 186 186 55 55 
55 2 140 49 49 121 121 121 121 208 208 35 30 30 30 30 30 30 67 67 1 1 186 186 186 186 186 186 186 
55 8 140 108 108 108 121 121 121 208 208 30 30 30 30 30 30 30 30 1 1 101 186 186 186 186 186 186 186 
8 8 108 108 108 108 108 108 108 208 242 242 30 30 30 30 30 30 1 1 1 101 236 186 186 186 186 186 186 
8 108 108 108 108 108 108 108 108 211 211 242 242 242 30 30 30 30 1 1 1 101 101 186 186 186 186 186 186 
8 108 108 108 108 108 108 108 211 211 211 211 242 242 217 217 217 217 15 1 101 101 101 186 186 186 186 186 186 
108 108 108 108 108 108 108 108 211 211 211 211 211 242 217 217 15 15 15 15 164 164 164 164 65 65 65 65 65 
108 108 108 108 108 108 108 211 211 211 211 211 211 211 15 15 15 15 15 15 164 164 164 164 65 65 65 65 65 
108 108 108 108 108 108 108 211 211 211 211 211 211 211 15 15 15 15 15 15 164 164 164 164 65 65 65 65 65 
108 108 108 108 108 108 245 245 245 245 245 245 245 245 15 15 15 15 15 15 164 164 164 164 65 65 65 65 65 
235 108 108 108 85 85 245 245 245 245 245 245 245 245 15 15 15 15 15 15 164 164 164 164 197 197 197 197 235 
152 152 152 85 85 85 245 245 245 245 245 245 245 245 245 15 15 15 15 15 160 164 164 197 197 197 197 197 197 
152 152 152 152 85 85 85 245 245 245 245 245 245 245 56 56 56 160 160 160 160 160 160 197 197 197 197 197 197 
152 152 152 152 152 152 122 122 122 245 245 245 245 245 56 56 56 160 160 160 160 160 160 197 197 197 197 197 197 
152 152 152 152 152 152 122 122 122 122 122 122 56 56 56 56 56 56 160 160 160 160 160 197 197 197 197 197 197 
221 152 152 152 152 152 122 122 122 122 122 122 56 56 56 56 56 56 160 160 160 93 93 93 93 197 221 221 221 
221 104 104 152 152 104 122 122 122 122 122 94 94 56 56 56 56 234 234 160 160 93 93 93 93 93 221 221 221 
221 104 104 104 104 104 130 130 130 130 130 94 94 94 56 56 234 234 234 234 234 93 93 93 93 93 221 221 221 
221 104 104 104 104 104 130 130 130 130 94 94 94 94 94 94 148 133 234 148 148 93 93 93 93 93 221 221 221 
144 104 104 104 104 104 130 130 130 130 209 94 94 94 94 94 148 133 148 148 148 93 93 93 93 93 221 221 221 
144 144 144 104 104 104 130 130 41 41 209 209 94 94 94 94 148 133 148 148 148 93 93 93 93 93 221 221 144 
63 63 225 225 225 225 41 41 41 41 41 41 94 94 94 94 148 133 133 133 154 154 93 43 43 43 43 43 144 
63 63 225 225 225 225 225 41 41 41 41 41 41 94 94 94 148 154 154 154 154 154 154 43 43 43 43 43 63 
63 63 63 225 225 225 41 41 41 41 41 41 41 32 32 32 154 154 154 154 154 154 154 43 43 43 198 198 63 
63 63 225 225 225 225 225 41 41 41 41 41 41 32 32 32 154 154 154 154 154 154 154 196 196 198 198 198 198 
63 63 225 225 225 225 41 41 41 41 41 35 35 35 32 32 154 154 154 154 154 154 154 17 17 198 198 198 198 
55 55 225 225 225 225 41 41 7 7 35 35 35 35 32 32 154 154 154 154 154 154 17 17 17 17 55 55 55 
55 55 140 140 140 140 121 7 7 7 35 35 35 35 35 32 67 67 154 154 154 154 17 17 17 17 55 55 55 
55 55 140 140 140 140 121 208 7 7 35 35 35 35 30 67 67 67 67 67 154 154 17 17 17 186 55 55 55 
55 55 140 140 140 140 121 208 208 208 208 35 35 30 30 30 67 67 67 67 67 236 17 186 186 186 186 186 186 
55 140 140 140 140 140 121 208 208 208 208 208 30 30 30 30 30 67 67 67 67 236 186 186 186 186 186 186 186 
55 140 140 108 108 108 190 190 208 208 208 208 30 30 30 30 30 30 67 67 236 236 236 186 186 186 186 186 186 
108 108 108 108 108 108 108 108 108 190 16 16 30 30 30 30 30 30 30 30 236 236 236 186 186 186 186 186 186 
108 108 108 108 108 108 108 108 108 108 16 16 30 217 217 217 217 217 217 1 236 236 236 236 186 186 186 186 186 
108 108 108 108 108 108 108 108 108 211 211 211 211 217 217 217 217 217 217 1 236 236 236 236 186 186 186 186 186 
108 108 108 108 108 108 108 108 211 211 211 211 211 217 217 217 217 217 15 15 164 236 236 236 65 65 65 65 65 
108 108 108 108 108 108 108 108 211 211 211 211 211 211 217 15 15 15 15 15 164 164 164 65 65 65 65 65 65 
108 108 108 108 108 108 108 211 211 211 211 211 211 211 15 15 15 15 15 15 164 164 164 65 65 65 65 65 65 
108 108 108 108 108 108 108 245 245 245 245 245 245 245 15 15 15 15 15 15 164 164 164 65 65 65 65 65 65 
222 85 85 85 85 85 245 245 245 245 245 245 245 245 245 15 15 15 15 15 164 164 164 197 197 197 197 197 197 
222 85 85 85 85 85 85 245 245 245 245 245 245 245 245 56 15 15 15 15 160 10 197 197 197 197 197 197 197 
152 152 152 85 85 85 85 245 245 245 245 245 245 245 56 56 56 56 160 160 160 10 10 197 197 197 197 197 197 
152 152 152 152 85 85 85 122 122 245 245 245 245 56 56 56 56 56 160 160 160 160 10 197 197 197 197 197 197 
152 152 152 152 152 85 122 122 122 122 122 122 56 56 56 56 56 56 56 160 160 160 10 197 197 197 197 197 197 
221 152 152 152 152 152 122 122 122 122 122 122 56 56 56 56 56 56 56 160 160 93 93 93 93 197 197 221 221 
221 104 104 104 152 152 122 122 122 122 122 94 94 56 56 56 56 56 56 160 93 93 93 93 93 93 221 221 221 
221 104 104 104 104 104 130 130 130 130 130 94 94 94 56 56 56 148 148 148 93 93 93 93 93 93 221 221 221 
144 104 104 104 104 104 130 130 130 130 94 94 94 94 94 94 148 148 148 148 148 93 93 93 93 93 93 221 221 
144 144 144 104 96 104 130 130 130 41 94 94 94 94 94 94 148 148 148 148 148 93 93 93 93 93 93 144 144 
144 144 144 144 96 96 96 41 41 41 41 94 94 94 94 94 148 148 148 148 148 93 93 93 93 43 43 144 144 
144 144 144 225 225 225 41 41 41 41 41 41 94 94 94 94 148 148 148 148 148 154 43 43 43 43 43 43 144 
144 144 225 225 225 225 41 41 41 41 41 41 41 94 94 32 148 148 154 154 154 154 43 43 43 43 43 43 144 
63 63 225 225 225 225 41 41 41 41 41 41 41 32 32 32 32 154 154 154 154 154 196 43 43 43 43 43 43 
63 63 225 225 225 225 41 41 41 41 41 41 41 32 32 32 32 154 154 154 154 154 196 196 196 43 43 43 43 
63 63 225 225 225 225 41 41 41 41 41 41 35 32 32 32 32 154 154 154 154 154 196 196 196 196 198 198 198 
55 55 225 225 225 225 7 7 7 7 7 35 35 32 32 32 32 154 154 154 154 154 196 196 196 196 55 55 55 
55 140 140 140 140 140 7 7 7 7 7 35 35 32 32 32 67 67 67 154 154 154 17 17 17 17 55 55 55 
55 140 140 140 140 140 208 208 208 7 7 35 35 35 30 67 67 67 67 67 154 154 17 17 186 186 186 186 55 
55 140 140 140 140 140 208 208 208 208 208 208 35 30 30 67 67 67 67 67 67 236 236 186 186 186 186 186 186 
237 140 140 140 140 140 190 208 208 208 208 208 30 30 30 30 67 67 67 67 236 236 236 186 186 186 186 186 186 
237 140 140 140 140 190 190 190 190 208 208 208 16 30 30 30 30 67 67 67 236 236 236 236 186 186 186 186 186 
237 108 108 108 108 108 190 190 190 190 16 16 16 217 217 217 217 217 217 236 236 236 236 236 186 186 186 186 186 
108 108 108 108 108 108 108 190 190 190 16 16 16 217 217 217 217 217 217 236 236 236 236 236 186 186 186 186 186 
108 108 108 108 108 108 108 108 190 190 16 16 16 217 217 217 217 217 217 236 236 236 236 236 236 186 186 186 186 
108 108 108 108 108 108 108 108 108 211 211 211 211 217 217 217 217 217 217 217 236 236 236 236 65 65 65 65 65 
108 108 108 108 108 108 108 108 211 211 211 211 211 217 217 217 217 217 15 15 164 100 236 65 65 65 65 65 65 
108 108 108 108 108 108 108 108 211 211 211 211 211 211 211 15 15 15 15 15 100 100 65 65 65 65 65 65 65 
222 108 108 108 108 108 108 245 245 245 245 245 245 245 245 15 15 15 15 15 100 100 65 65 65 65 65 65 65 
222 222 85 85 85 85 245 245 245 245 245 245 245 245 245 139 139 139 139 139 10 10 10 197 197 197 197 197 197 
222 222 85 85 85 85 85 245 245 245 245 245 245 245 56 56 139 139 139 10 10 10 10 197 197 197 197 197 197 
222 85 85 85 85 85 85 85 245 245 245 245 245 56 56 56 56 56 56 10 10 10 10 197 197 197 197 197 197 
152 152 152 85 85 85 85 85 245 245 245 245 56 56 56 56 56 56 56 10 10 10 10 197 197 197 197 197 197 
156 156 152 152 85 85 85 122 122 122 14 14 56 56 56 56 56 56 56 10 10 10 10 197 197 197 197 197 197 
156 156 152 152 85 85 122 122 122 122 14 14 56 56 56 56 56 205 205 205 10 93 93 93 93 197 197 197 221 
156 104 104 104 104 152 122 122 122 122 14 14 94 56 56 56 56 205 205 205 93 93 93 93 93 93 93 221 221 
156 104 104 104 104 104 130 130 130 14 14 94 94 94 56 56 205 205 205 205 93 93 93 93 93 93 93 221 221 
144 104 96 96 96 96 96 130 145 145 145 94 94 94 94 205 148 148 148 148 148 93 93 93 93 93 93 221 144 
144 144 96 96 96 96 96 130 145 145 145 94 94 94 94 94 148 148 148 148 148 93 93 93 93 93 93 144 144 
144 144 144 96 96 96 96 41 145 41 145 94 94 94 94 94 148 148 148 148 148 93 93 93 43 43 43 144 144 
144 144 144 144 225 225 41 41 41 41 41 41 94 94 94 94 148 148 148 148 148 43 43 43 43 43 43 144 144 
144 144 225 225 225 225 225 41 41 41 41 41 41 94 94 32 32 148 148 148 154 196 43 43 43 43 43 43 144 
144 225 225 225 225 225 41 41 41 41 41 41 41 32 32 32 32 32 32 154 154 196 196 43 43 43 43 43 43 
144 225 225 225 225 225 225 41 41 41 41 41 41 32 32 32 32 32 154 154 154 196 196 196 43 43 43 43 43 
144 225 225 225 225 225 41 41 41 41 41 41 32 32 32 32 32 32 154 154 154 196 196 196 196 196 43 43 43 
55 225 225 225 225 225 41 41 7 7 7 35 32 32 32 32 32 32 154 154 154 196 196 196 196 196 43 43 55 
140 140 140 140 140 140 140 7 7 7 7 35 35 32 32 32 32 67 67 67 154 196 196 196 196 196 55 55 55 
140 140 140 140 140 140 140 208 208 7 7 35 35 32 32 67 67 67 67 67 67 5 5 186 186 186 186 186 186 
140 140 140 140 140 140 140 208 208 208 208 208 208 30 30 67 67 67 67 67 67 5 5 186 186 186 186 186 186 
237 140 140 140 140 140 190 190 208 208 208 208 208 30 30 67 67 67 67 67 236 236 236 186 186 186 186 186 186 
237 140 140 140 140 190 190 190 190 190 16 16 16 217 217 217 217 67 67 67 236 236 236 236 186 186 186 186 186 
237 237 108 108 108 190 190 190 190 190 16 16 16 217 217 217 217 217 217 236 236 236 236 236 186 186 186 186 186 
237 108 108 108 108 108 190 190 190 190 16 16 16 217 217 217 217 217 217 236 236 236 236 236 236 186 186 186 186 
108 108 108 108 108 108 108 190 190 190 16 16 16 217 217 217 217 217 217 236 236 236 236 236 236 186 186 186 186 
108 108 108 108 108 108 108 108 190 190 16 16 16 217 217 217 217 217 217 100 100 236 236 236 65 65 65 65 65 
108 108 108 108 108 108 108 108 108 211 211 211 16 34 217 217 217 217 139 100 100 100 236 65 65 65 65 65 65 
222 222 108 108 108 108 108 108 245 211 211 211 211 211 217 139 139 139 139 139 100 100 100 65 65 65 65 65 65 
222 222 108 108 108 108 108 245 245 245 245 245 245 245 139 139 139 139 139 139 100 100 100 65 65 65 65 78 78 
222 222 222 85 85 85 245 245 245 245 245 245 245 245 139 139 139 139 139 139 10 10 10 197 197 197 197 197 222 
222 222 85 85 85 85 85 245 245 245 245 245 245 245 139 139 139 139 139 10 10 10 10 197 197 197 197 197 197 
222 222 85 85 85 85 85 85 245 245 245 245 245 56 56 56 56 139 139 10 10 10 10 197 197 197 197 197 197 
156 156 85 85 85 85 85 85 245 245 245 245 56 56 56 56 56 56 10 10 10 10 10 197 197 197 197 197 197 
156 156 156 156 85 85 85 14 14 14 14 14 167 56 56 56 205 205 205 10 10 10 10 10 197 197 197 197 156 
156 156 156 156 85 85 14 14 14 14 14 14 14 56 56 205 205 205 205 205 10 93 93 93 93 93 197 156 156 
156 156 156 156 96 111 111 14 14 14 14 14 56 56 205 205 205 205 205 205 205 93 93 93 93 93 93 156 156 
156 156 156 96 96 111 111 14 14 14 14 14 94 94 205 205 205 205 205 205 205 93 93 93 93 93 93 93 156 
144 144 96 96 96 96 111 145 145 145 145 145 94 94 205 205 205 205 205 205 205 93 93 93 93 93 93 144 144 
144 144 96 96 96 96 111 145 145 145 145 145 94 94 94 205 205 148 148 148 148 141 141 141 141 93 93 144 144 
144 144 144 96 96 96 111 145 145 145 145 145 94 155 155 155 148 148 148 148 148 141 141 141 141 43 43 144 144 
144 144 144 144 144 144 111 41 41 41 41 41 94 155 155 32 148 148 148 148 148 141 141 43 43 43 43 144 144 
144 144 144 144 225 225 41 41 41 41 41 41 41 32 32 32 32 32 148 148 196 196 43 43 43 43 43 43 144 
144 144 144 225 225 225 41 41 41 41 41 41 41 32 32 32 32 32 32 32 196 196 196 43 43 43 43 43 144 
144 225 225 225 225 225 41 41 41 41 41 41 32 32 32 32 32 32 32 32 196 196 196 196 43 43 43 43 43 
144 225 225 225 225 225 41 41 41 41 41 41 32 32 32 32 32 32 32 21 21 196 196 196 196 43 43 43 43 
200 200 241 241 241 241 7 7 7 7 7 7 32 32 32 32 32 32 21 21 21 196 196 196 196 196 43 43 43 
200 200 140 140 140 140 140 7 7 7 7 7 32 32 32 32 32 32 21 21 21 21 5 196 196 196 196 196 55 
140 140 140 140 140 140 140 208 208 7 7 7 32 32 32 32 67 67 21 21 21 5 5 5 5 5 186 186 237 
237 140 140 140 140 140 140 208 208 208 208 208 208 32 32 67 67 67 67 67 21 5 5 5 5 186 186 237 237 
237 140 140 140 140 140 190 190 190 208 208 208 16 117 117 67 67 67 67 67 236 236 236 5 186 186 186 237 237 
237 237 140 140 140 190 190 190 190 190 16 16 16 117 117 117 117 67 67 67 236 236 236 236 186 186 186 237 237 
237 237 108 108 108 190 190 190 190 190 16 16 16 117 117 117 117 117 117 236 236 236 236 236 186 186 186 237 237 
237 108 108 108 108 190 190 190 190 190 16 16 16 16 117 117 117 117 117 236 236 236 236 236 186 186 186 237 237 
237 108 108 108 108 108 190 190 190 190 16 16 16 16 117 117 117 117 117 117 236 236 236 236 186 186 186 237 237 
222 108 108 108 108 108 108 190 190 190 16 16 16 34 117 117 117 117 117 100 100 100 100 100 65 65 78 78 78 
222 222 108 108 108 108 108 108 190 190 16 16 34 34 34 117 139 139 139 100 100 100 100 100 65 65 78 78 78 
222 222 108 108 108 108 108 108 245 211 218 218 218 34 34 139 139 139 139 139 100 100 100 100 65 78 78 78 78 
222 222 222 108 108 108 108 245 245 245 218 218 218 218 139 139 139 139 139 139 100 100 100 100 65 78 78 78 222 
222 222 222 222 85 85 245 245 245 245 218 218 218 218 139 139 139 139 139 139 10 10 10 10 197 78 78 78 222 
222 222 222 85 85 85 85 245 245 245 218 218 218 218 139 139 139 139 139 10 10 10 10 10 197 197 197 197 222 
222 222 222 85 85 85 85 85 245 245 218 218 218 167 167 139 139 139 139 10 10 10 10 10 197 197 197 197 222 
156 156 156 85 85 85 85 85 14 14 14 218 167 56 56 56 56 56 139 10 10 10 10 10 197 197 197 197 197 
156 156 156 156 18 18 18 14 14 14 14 14 167 167 167 205 205 205 205 10 10 10 10 10 197 197 197 156 156 
156 156 156 156 156 18 14 14 14 14 14 14 167 167 205 205 205 205 205 205 10 10 93 93 93 93 156 156 156 
156 156 156 156 156 111 111 14 14 14 14 14 167 205 205 205 205 205 205 205 205 93 93 93 93 93 93 156 156 
156 156 156 96 111 111 111 14 14 14 14 14 155 155 205 205 205 205 205 205 205 93 141 93 93 93 93 156 156 
156 156 96 96 96 111 111 145 145 145 145 145 155 155 155 205 205 205 205 205 205 141 141 141 141 141 141 144 144 
144 144 96 96 96 111 111 145 145 145 145 145 155 155 155 205 205 205 205 205 141 141 141 141 141 141 141 144 144 
144 144 144 96 111 111 111 145 145 145 145 145 155 155 155 155 205 205 205 205 141 141 141 141 141 141 141 144 144 
144 144 144 144 111 111 111 145 145 145 145 145 155 155 155 155 205 205 205 205 141 141 141 141 43 74 74 144 144 
144 144 144 144 144 144 111 41 145 41 145 41 155 155 155 32 32 32 32 52 52 43 43 43 43 74 74 74 144 
144 144 144 144 144 144 41 41 41 41 41 41 41 32 32 32 32 32 32 52 52 196 196 43 43 74 74 74 144 
144 144 144 144 225 225 41 41 41 41 41 41 32 32 32 32 32 32 32 52 52 196 196 196 43 43 43 43 43 
144 241 241 241 241 241 39 41 41 41 41 41 32 32 32 32 32 32 21 21 21 196 196 196 196 43 43 43 43 
241 241 241 241 241 241 241 39 7 7 7 7 32 32 32 32 32 32 21 21 21 21 196 196 196 196 43 43 43 
200 200 241 241 241 241 241 39 7 7 7 90 32 32 32 32 32 21 21 21 21 21 5 5 5 196 43 43 237 
237 200 200 200 140 140 140 140 208 7 7 7 32 32 32 32 32 21 21 21 21 5 5 5 5 5 5 237 237 
237 200 200 200 140 140 140 190 208 208 208 208 16 32 32 67 67 21 21 21 21 5 5 5 5 5 237 237 237 
237 200 200 200 140 140 190 190 190 190 208 16 16 117 117 117 67 67 21 21 21 5 5 5 5 237 237 237 237 
237 237 200 200 200 190 190 190 190 190 16 16 16 117 117 117 117 117 37 37 37 5 5 5 186 237 237 237 237 
237 237 200 200 190 190 190 190 190 190 16 16 16 117 117 117 117 117 117 37 236 236 236 236 186 237 237 237 237 
237 237 108 108 108 190 190 190 190 190 16 16 16 117 117 117 117 117 117 117 236 236 236 236 186 186 237 237 237 
237 237 108 108 108 190 190 190 190 190 16 16 16 34 117 117 117 117 117 100 100 100 236 236 186 186 237 237 237 
222 222 108 108 108 108 190 190 190 190 16 16 34 34 34 117 117 117 139 100 100 100 100 100 100 78 78 78 222 
222 222 222 108 108 108 108 190 190 190 16 34 34 34 34 34 139 139 139 100 100 100 100 100 78 78 78 78 222 
222 222 222 222 108 108 108 190 190 218 218 218 218 34 34 139 139 139 139 100 100 100 100 100 78 78 78 78 222 
222 222 222 222 108 108 108 245 245 218 218 218 218 218 139 139 139 139 139 139 100 100 100 100 78 78 78 78 222 
222 222 222 222 18 18 18 18 245 218 218 218 218 218 139 139 139 139 139 139 100 100 100 100 78 78 78 222 222 
222 222 222 222 18 18 18 18 218 218 218 218 218 218 139 139 139 139 139 139 10 10 10 10 10 78 222 222 222 
222 222 222 18 18 18 18 18 14 218 218 218 218 167 167 139 139 139 139 10 10 10 10 10 10 197 197 222 222 
156 156 156 18 18 18 18 14 14 14 14 167 167 167 167 167 139 139 139 10 10 10 10 10 197 197 197 222 222 
156 156 156 156 18 18 18 14 14 14 14 167 167 167 167 167 205 205 205 23 10 10 10 10 197 197 156 156 156 
156 156 156 156 156 18 18 14 14 14 14 14 167 167 167 205 205 205 205 205 10 10 93 93 93 93 156 156 156 
156 156 156 156 156 111 111 14 14 14 14 14 167 167 205 205 205 205 205 205 205 141 141 141 141 141 156 156 156 
156 156 156 156 111 111 111 14 14 14 14 14 155 155 205 205 205 205 205 205 205 141 141 141 141 141 141 156 156 
156 156 96 111 111 111 111 145 145 145 145 145 155 155 155 205 205 205 205 205 141 141 141 141 141 141 141 141 156 
144 144 96 111 111 111 111 145 145 145 145 145 155 155 155 155 205 205 205 205 141 141 141 141 141 141 141 141 144 
144 144 144 111 111 111 111 145 145 145 145 145 155 155 155 155 205 205 205 205 141 141 141 141 141 141 141 74 144 
144 144 144 144 111 111 111 145 145 145 145 145 155 155 155 155 205 205 205 52 52 141 141 141 74 74 74 74 144 
144 144 144 144 144 111 111 145 145 145 145 145 155 155 155 32 32 32 52 52 52 52 74 74 74 74 74 74 144 
144 144 144 144 144 144 111 41 41 41 41 82 82 32 32 32 32 32 52 52 52 52 74 74 74 74 74 74 74 
144 144 144 144 241 241 39 39 39 41 90 82 82 32 32 32 32 32 52 52 52 196 196 74 74 74 74 74 74 
241 241 241 241 241 241 39 39 39 90 90 82 82 32 32 32 32 32 21 21 21 21 196 196 196 74 74 74 74 
241 241 241 241 241 241 39 39 39 90 90 90 90 32 32 32 32 21 21 21 21 21 196 196 196 196 196 74 74 
241 241 241 241 241 241 241 39 39 90 90 90 90 32 32 32 32 21 21 21 21 21 5 5 5 5 237 237 237 
237 200 200 200 241 241 241 54 54 90 90 90 90 32 32 32 32 21 21 21 21 5 5 5 5 5 237 237 237 
237 200 200 200 200 200 200 54 54 90 194 194 194 194 32 37 37 37 21 21 21 5 5 5 5 5 237 237 237 
237 200 200 200 200 200 190 190 190 190 194 194 194 194 117 117 37 37 37 37 37 5 5 5 5 237 237 237 237 
237 237 200 200 200 190 190 190 190 190 16 16 16 185 117 117 117 37 37 37 37 5 5 5 5 237 237 237 237 
237 237 200 200 200 190 190 190 190 190 16 16 185 185 117 117 117 37 37 37 37 5 5 5 237 237 237 237 237 
237 237 200 200 108 190 190 190 190 190 16 16 34 34 34 117 117 117 132 132 100 236 236 236 237 237 237 237 237 
237 237 108 108 108 190 190 190 190 190 185 34 34 34 34 34 34 117 132 100 100 100 149 149 149 237 237 237 237 
222 222 222 108 214 214 190 190 190 190 185 34 34 34 34 34 34 83 83 100 100 100 100 100 100 78 78 237 222 
222 222 222 214 214 214 214 190 190 190 218 34 34 34 34 34 139 139 139 100 100 100 100 100 100 78 78 78 222 
222 222 222 222 214 214 214 214 214 218 218 218 218 34 34 139 139 139 139 100 100 100 100 100 78 78 78 78 222 
222 222 222 222 222 214 214 214 218 218 218 218 218 218 139 139 139 139 139 139 100 100 100 100 78 78 78 222 222 
222 222 222 222 18 18 18 18 218 218 218 218 218 218 139 139 139 139 139 139 100 100 100 100 73 78 222 222 222 
222 222 222 222 18 18 18 18 18 218 218 218 218 218 139 139 139 139 139 139 139 10 10 10 10 222 222 222 222 
222 222 222 18 18 18 18 18 18 218 218 218 167 167 167 139 139 139 139 139 10 10 10 10 10 222 222 222 222 
156 156 156 18 18 18 18 14 14 14 14 167 167 167 167 167 139 139 139 139 10 10 10 10 197 197 222 222 222 
156 156 156 156 18 18 18 14 14 14 14 167 167 167 167 167 205 205 23 23 23 23 23 141 141 197 156 156 156 
156 156 156 156 156 18 14 14 14 14 14 14 167 167 167 167 205 205 205 23 23 23 141 141 141 141 156 156 156 
156 156 156 156 156 111 111 14 14 14 14 14 167 167 205 205 205 205 205 205 205 141 141 141 141 141 156 156 156 
156 156 156 156 111 111 111 14 14 14 14 14 155 155 205 205 205 205 205 205 141 141 141 141 141 141 141 156 156 
156 156 156 111 111 111 111 145 145 145 145 145 155 155 155 205 205 205 205 205 141 141 141 141 141 141 141 156 156 
170 170 170 111 111 111 111 145 145 145 145 145 155 155 155 155 205 205 205 205 25 25 141 141 141 141 141 170 170 
170 170 170 170 111 111 111 145 145 145 145 145 155 155 155 155 155 205 205 52 25 25 141 141 141 141 74 170 170 
170 170 170 170 111 111 111 145 145 145 145 145 155 155 155 155 155 205 52 52 52 25 141 141 74 74 74 74 170 
170 170 170 170 170 111 111 145 145 145 145 82 155 155 155 155 32 52 52 52 52 52 74 74 74 74 74 74 170 
170 170 170 170 170 111 111 39 145 145 82 82 82 82 82 32 32 52 52 52 52 52 74 74 74 74 74 74 74 
170 170 170 241 241 39 39 39 39 90 90 82 82 82 82 137 32 52 52 52 52 52 52 74 74 74 74 74 74 
170 241 241 241 241 39 39 39 39 90 90 82 82 82 137 137 32 52 52 52 52 52 196 196 74 74 74 74 74 
241 241 241 241 241 241 39 39 39 90 90 90 90 82 137 137 32 52 21 21 21 21 21 196 74 74 74 74 74 
200 200 241 241 241 241 39 39 39 90 90 90 90 90 90 137 32 21 21 21 21 21 5 5 5 5 5 237 237 
237 200 200 200 200 200 200 54 54 90 90 90 90 90 90 37 37 37 21 21 21 5 5 5 5 5 5 237 237 
237 200 200 200 200 200 200 54 54 90 194 194 194 194 37 37 37 37 37 37 37 5 5 5 5 5 237 237 237 
237 200 200 200 200 200 200 190 190 194 194 194 194 194 194 132 37 37 37 37 37 5 5 5 5 237 237 237 237 
237 237 200 200 200 200 190 190 190 185 194 194 194 185 185 132 132 132 37 37 37 5 5 5 5 237 237 237 237 
237 237 200 200 200 190 190 190 190 185 185 185 185 185 185 132 132 132 132 37 37 149 149 149 149 237 237 237 237 
237 237 200 200 200 190 190 190 190 185 185 185 185 185 34 132 132 132 132 132 132 149 149 149 149 237 237 237 237 
237 237 237 214 214 190 190 190 190 185 185 185 34 34 34 34 132 132 132 83 100 100 149 149 149 149 237 237 237 
222 222 222 214 214 214 214 214 190 185 185 185 34 34 34 34 34 83 83 83 100 100 100 100 100 78 78 222 222 
222 222 222 214 214 214 214 214 214 185 185 34 34 34 34 34 139 83 83 83 100 100 100 100 100 78 78 222 222 
222 222 222 222 214 214 214 214 214 218 218 218 218 34 34 139 139 139 83 83 100 100 100 100 100 78 222 222 222 
222 222 222 222 214 214 214 214 218 218 218 218 218 218 139 139 139 139 139 83 100 100 100 100 73 73 222 222 222 
222 222 222 222 18 18 18 18 218 218 218 218 218 218 139 139 139 139 139 139 100 100 100 100 73 73 222 222 222 
222 222 222 222 18 18 18 18 218 218 218 218 218 167 139 139 139 139 139 139 23 23 100 100 73 73 222 222 222 
222 222 222 222 18 18 18 18 18 218 218 218 167 167 167 139 139 139 139 23 23 23 23 23 73 73 222 222 222 
156 156 156 18 18 18 18 18 14 14 14 167 167 167 167 167 139 139 23 23 23 23 23 23 73 73 222 222 222 
attribute "dep" string "positions"
#
# A field is created with three components: "positions", "connections",
# and "data"
object "regular positions regular connections" class field
component  "positions"    value 1
component  "connections"  value 2
component  "data"         value 3
#
end
