# object 1 are the regular positions. The grid is 29 29 29. The origin is
# at [0 0 0], and the deltas are 1 in the first and third dimensions, and
# 2 in the second dimension
#
object 1 class gridpositions counts 29 29 29
origin 0 0 0
delta  1 0 0
delta  0 1 0
delta  0 0 1
#
# object 2 are the regular connections
#
object 2 class gridconnections counts 29 29 29
#
# object 3 are the data, which are in a one-to-one correspondence with
# the positions ("dep" on positions). The positions increment in the order
# "last index varies fastest", i.e. (x0, y0, z0), (x0, y0, z1), (x0, y0, z2),
# (x0, y1, z0), etc.
#
object 3 class array type int rank 0 items 24389 data follows
44 44 44 44 44 44 44 44 57 87 87 87 87 53 53 53 53 53 83 103 103 103 103 103 4 4 4 4 112 
44 44 44 44 44 44 44 44 57 87 87 87 87 53 53 53 53 53 53 103 103 103 103 103 103 129 129 129 112 
44 44 44 44 44 44 44 44 57 57 87 87 189 189 53 53 53 53 53 108 103 103 103 103 103 129 129 129 129 
112 167 167 167 167 167 167 167 26 26 26 189 189 189 189 53 53 53 108 108 108 103 103 103 129 129 129 129 129 
69 1 167 167 167 167 167 167 26 26 26 170 189 189 189 189 53 53 108 108 108 108 103 103 129 129 129 69 69 
69 1 1 1 167 167 167 167 26 26 26 170 170 170 170 170 34 34 34 34 108 108 103 63 69 69 69 69 69 
69 1 1 1 1 1 1 167 26 26 170 170 170 170 170 34 34 34 34 34 34 63 63 63 69 69 69 69 69 
69 1 1 1 1 1 1 22 22 22 140 170 170 170 170 34 34 34 34 236 63 63 63 63 63 69 69 69 69 
1 1 1 1 1 1 22 22 22 22 140 140 140 170 140 34 34 34 236 236 236 63 63 63 187 69 69 69 69 
1 1 1 1 1 1 22 22 22 22 22 140 140 140 140 34 34 236 236 236 236 63 63 187 187 187 69 69 69 
75 1 1 1 1 22 22 22 22 22 22 140 140 10 10 140 236 236 236 236 236 63 187 187 187 187 75 75 75 
75 75 75 1 22 22 22 22 22 22 22 10 10 10 10 10 10 36 236 236 181 187 187 187 187 187 75 75 75 
75 75 75 75 22 22 22 22 22 22 22 10 10 10 10 10 36 36 36 36 181 181 187 187 187 187 75 75 75 
75 75 179 179 179 22 22 22 22 22 10 10 10 10 10 10 36 36 36 36 181 181 24 24 24 24 75 75 75 
75 75 179 179 179 22 22 22 22 22 10 10 10 10 10 10 10 36 36 181 181 181 24 24 24 24 75 75 75 
75 179 179 179 179 179 179 22 22 141 141 10 10 10 10 10 10 36 36 181 181 181 181 24 24 154 154 154 154 
154 179 179 179 179 179 179 141 141 141 141 141 141 10 10 10 124 68 68 165 181 181 181 24 24 154 154 154 154 
154 154 179 179 179 179 179 141 141 141 141 141 141 141 10 124 124 124 68 68 68 68 68 25 38 154 154 154 154 
154 154 179 179 179 179 179 141 141 141 141 141 141 23 23 124 124 124 124 68 68 68 68 25 38 38 154 154 154 
154 154 179 179 179 179 228 228 228 228 228 141 23 23 23 124 124 124 124 68 68 68 68 25 38 38 38 154 154 
154 154 179 115 115 115 228 228 228 228 228 228 23 23 23 124 124 124 124 68 68 68 25 25 145 145 145 145 154 
154 88 88 115 115 115 115 228 228 228 228 228 228 23 23 124 124 124 124 68 68 68 25 145 145 145 145 145 145 
88 88 88 115 115 115 115 228 228 228 228 228 228 224 224 224 124 124 255 255 255 255 25 145 145 145 145 145 145 
88 88 88 51 115 115 115 92 92 92 92 92 224 224 224 224 224 255 255 255 255 255 255 4 4 4 4 4 88 
88 88 88 51 51 115 115 92 92 92 92 224 224 224 224 224 224 83 255 255 255 255 4 4 4 4 4 4 88 
88 88 88 51 51 51 51 92 92 92 92 224 224 224 224 224 83 83 83 83 83 4 4 4 4 4 4 4 88 
88 88 88 51 51 51 51 44 92 92 224 224 224 224 224 224 83 83 83 83 83 4 4 4 4 4 4 4 88 
88 88 88 51 51 44 44 44 44 87 87 224 224 224 224 83 83 83 83 83 83 103 4 4 4 4 4 4 4 
88 88 88 44 44 44 44 44 44 87 87 87 53 53 53 53 83 83 83 83 103 103 103 4 4 4 4 4 4 
112 112 44 44 44 44 44 44 44 87 87 87 87 53 53 53 53 83 83 103 103 103 103 103 103 103 103 112 112 
112 112 44 44 44 44 44 44 87 87 87 87 87 53 53 53 53 53 53 103 103 103 103 103 103 129 129 112 112 
112 44 44 44 44 44 44 44 87 87 87 87 189 189 53 53 53 53 53 103 103 103 103 103 103 129 129 129 112 
112 167 167 167 167 167 167 167 167 87 87 189 189 32 189 53 53 53 53 103 103 103 103 103 103 129 129 129 69 
69 167 167 167 167 167 167 167 167 26 87 189 189 189 189 189 53 53 53 108 103 103 103 103 103 129 69 69 69 
69 69 167 167 167 167 167 167 167 26 87 189 189 189 189 189 34 34 34 34 34 103 103 103 142 69 69 69 69 
69 69 1 1 1 167 167 167 167 22 140 140 140 140 189 34 34 34 34 34 34 63 63 63 142 69 69 69 69 
69 1 1 1 1 1 22 22 22 22 140 140 140 140 140 34 34 34 34 236 236 63 63 63 142 69 69 69 69 
69 1 1 1 1 1 22 22 22 22 140 140 140 140 140 34 34 34 236 236 236 236 63 187 187 69 69 69 69 
69 1 1 1 1 22 22 22 22 22 140 140 140 140 140 140 34 236 236 236 236 236 187 187 187 187 69 69 69 
75 75 1 1 22 22 22 22 22 22 22 140 140 140 140 140 140 236 236 236 236 236 187 187 187 187 75 75 75 
75 75 75 75 22 22 22 22 22 22 22 10 10 10 10 10 36 36 36 236 236 187 187 187 187 187 75 75 75 
75 75 75 75 22 22 22 22 22 22 22 10 10 10 10 10 36 36 36 36 181 187 187 187 187 187 75 75 75 
75 75 75 75 22 22 22 22 22 22 10 10 10 10 10 10 36 36 36 36 181 24 24 24 24 24 75 75 75 
75 75 75 75 22 22 22 22 22 22 10 10 10 10 10 10 36 36 36 165 181 24 24 24 24 24 75 75 75 
75 75 75 179 179 22 22 22 22 22 10 10 10 10 10 10 10 165 165 165 165 181 24 24 24 154 154 154 154 
154 154 179 179 179 179 179 22 141 141 141 141 10 10 10 10 124 68 68 165 165 165 24 24 24 154 154 154 154 
154 154 179 179 179 179 121 141 141 214 141 141 141 10 10 124 124 124 68 68 68 68 68 25 25 154 154 154 154 
154 154 179 179 179 179 127 214 214 214 141 141 141 23 23 124 124 124 68 68 68 68 25 25 25 154 154 154 154 
154 154 154 179 179 127 228 228 228 228 228 228 23 23 23 124 124 124 68 68 68 68 25 25 25 154 154 154 154 
154 154 154 109 109 109 228 228 228 228 228 228 228 23 23 124 124 124 68 68 68 68 25 25 145 145 145 145 154 
154 88 109 109 109 109 228 228 228 228 228 228 228 224 124 124 124 124 68 68 68 68 25 25 145 145 145 145 145 
88 88 109 109 109 109 109 228 228 228 228 228 224 224 224 124 124 124 68 68 68 68 25 25 145 145 145 145 145 
88 88 88 51 109 109 109 92 92 92 92 92 224 224 224 224 224 124 68 68 255 255 255 4 4 145 145 145 88 
88 88 88 51 51 109 109 92 92 92 92 224 224 224 224 224 83 83 83 255 255 255 4 4 4 4 4 4 88 
88 88 88 51 51 51 109 92 92 92 92 224 224 118 224 224 83 83 83 83 83 4 4 4 4 4 4 4 88 
88 88 88 51 51 51 109 109 92 92 92 224 224 224 224 83 83 83 83 83 83 83 4 4 4 4 4 4 88 
88 88 88 51 51 44 44 44 44 87 87 224 224 224 224 83 83 83 83 83 83 83 4 4 4 4 4 4 88 
88 88 88 44 44 44 44 44 44 87 87 87 53 53 53 53 83 83 83 83 103 103 103 72 4 4 4 4 88 
112 112 112 44 44 44 44 44 44 87 87 87 53 53 53 53 53 83 83 103 103 103 72 72 72 72 72 112 112 
112 112 112 44 44 44 44 44 44 87 87 87 189 53 53 53 53 53 53 103 103 103 103 72 72 72 72 112 112 
112 112 44 44 44 44 44 44 44 87 87 87 189 189 53 53 53 53 53 103 103 103 103 103 72 72 72 112 112 
112 112 167 167 167 167 167 167 167 87 87 189 189 189 189 53 53 53 53 103 103 103 103 103 72 129 129 69 112 
112 112 167 167 167 167 167 167 167 167 189 189 189 189 189 189 53 53 53 103 103 103 103 103 142 142 69 69 69 
69 69 167 167 167 167 167 167 167 167 189 189 189 189 189 189 34 34 34 34 34 103 103 142 142 142 69 69 69 
69 69 101 101 167 167 167 167 167 140 140 140 140 140 140 34 34 34 34 34 34 34 142 142 142 142 69 69 69 
69 69 1 1 1 101 134 134 134 140 140 140 140 140 140 34 34 34 34 236 236 236 142 142 142 142 69 69 69 
69 69 1 1 1 134 134 134 134 22 140 140 140 140 140 140 34 34 236 236 236 236 187 187 142 142 69 69 69 
69 75 1 1 22 22 134 134 134 22 140 140 140 140 140 140 34 236 236 236 236 236 187 187 187 187 69 69 69 
75 75 75 1 22 22 22 22 22 22 140 140 140 140 140 140 140 236 236 236 236 236 187 187 187 187 75 75 75 
75 75 75 75 22 22 22 22 22 22 22 140 140 140 140 140 140 36 236 236 236 187 187 187 187 187 75 75 75 
75 75 75 75 22 22 22 22 22 22 22 10 10 10 10 10 36 36 36 36 36 24 24 187 187 187 75 75 75 
75 75 75 75 22 22 22 22 22 22 10 10 10 10 10 10 36 36 36 36 165 24 24 24 24 24 75 75 75 
75 75 75 75 66 22 22 22 22 22 10 10 10 10 10 10 36 36 165 165 165 24 24 24 24 24 75 75 75 
75 75 75 66 66 22 22 22 22 22 10 10 10 10 10 10 10 165 165 165 165 165 24 24 24 154 154 154 75 
154 154 66 66 66 66 121 121 121 214 214 10 10 10 10 10 124 68 165 165 165 165 165 24 24 154 154 154 154 
154 154 66 66 66 121 121 121 214 214 214 141 141 10 10 124 124 68 68 76 76 68 68 25 25 154 154 154 154 
154 154 154 66 66 127 127 214 214 214 214 214 159 159 159 124 124 68 68 68 68 68 25 25 25 154 154 154 154 
154 154 154 109 127 127 127 214 214 214 214 214 214 159 159 124 124 124 68 68 68 68 25 25 25 25 154 154 154 
231 231 109 109 109 109 127 228 228 228 228 228 228 159 159 124 124 124 68 68 68 68 25 25 25 145 145 231 231 
231 231 109 109 109 109 109 228 228 228 228 228 228 159 159 124 124 124 68 68 68 68 25 25 25 145 145 231 231 
231 88 109 109 109 109 109 228 228 228 228 228 228 224 224 224 124 68 68 68 68 68 25 25 145 145 145 231 231 
88 88 109 109 109 109 109 92 92 92 92 92 224 224 224 224 224 68 68 68 68 68 25 25 145 145 145 231 231 
88 88 88 51 109 109 109 109 92 92 92 224 224 224 224 224 224 83 251 46 46 46 46 4 4 4 4 252 88 
88 88 88 51 109 109 109 109 92 92 92 224 224 224 224 224 83 83 83 46 46 46 46 4 4 4 4 252 88 
88 88 88 51 109 109 109 109 92 92 70 224 224 224 224 83 83 83 83 83 46 46 72 4 4 4 4 88 88 
88 88 88 51 109 44 109 44 44 87 87 224 224 224 224 83 83 83 83 83 46 72 72 72 72 4 4 88 88 
88 88 112 44 44 44 44 44 44 87 87 87 53 53 53 53 83 83 83 83 103 72 72 72 72 72 72 88 88 
112 112 112 112 44 44 44 44 193 193 193 193 53 53 53 53 53 53 83 83 72 72 72 72 72 72 72 112 112 
112 112 112 112 44 44 44 44 193 193 193 87 189 53 53 53 53 53 53 103 72 72 72 72 72 72 112 112 112 
112 112 112 112 44 44 44 44 193 193 193 87 189 189 53 53 53 53 53 103 103 72 72 72 72 72 72 112 112 
112 112 112 167 167 167 167 167 167 193 193 189 189 189 189 53 53 53 53 103 103 72 72 72 72 72 142 112 112 
112 112 112 167 167 167 167 167 167 193 193 189 189 189 189 189 53 53 53 103 103 72 72 72 142 142 142 69 112 
69 101 101 101 55 55 55 55 55 55 140 140 189 189 189 189 34 34 34 34 34 192 192 142 142 142 142 69 69 
69 101 101 101 101 55 55 134 134 73 140 140 140 140 140 140 34 34 34 34 34 128 142 142 142 142 142 69 69 
69 101 101 101 101 101 134 134 134 73 140 140 140 140 140 140 34 34 34 236 236 128 142 142 142 142 142 69 69 
69 101 101 101 101 134 134 134 134 73 140 140 140 140 140 140 140 34 236 236 236 128 128 142 142 142 142 69 69 
75 101 101 101 101 134 134 134 134 73 73 140 140 140 140 140 140 236 236 236 236 236 128 187 142 142 142 69 69 
75 75 75 101 22 22 134 134 134 73 73 140 140 140 140 140 140 236 236 236 236 236 187 187 187 187 75 75 75 
75 75 75 22 22 22 22 22 22 22 22 140 140 140 140 140 140 140 236 236 236 236 187 187 187 187 75 75 75 
75 75 75 75 22 22 22 22 22 22 22 10 10 10 10 140 140 36 36 36 236 24 24 187 187 75 75 75 75 
75 75 75 66 66 22 22 22 22 22 10 10 10 10 10 10 36 36 165 165 165 24 24 24 24 75 75 75 75 
75 75 66 66 66 66 22 22 22 22 10 10 10 10 10 10 10 165 165 165 165 165 24 24 24 24 75 75 75 
75 75 66 66 66 66 121 121 121 22 10 10 10 10 10 10 165 165 165 165 165 165 24 24 24 154 154 75 75 
154 66 66 66 66 66 121 121 121 214 214 10 10 10 10 10 68 165 165 165 165 165 165 24 24 154 154 154 154 
154 154 66 66 66 121 121 121 214 214 214 214 159 159 159 124 68 68 76 76 76 76 76 25 25 154 154 154 154 
154 154 66 66 66 127 127 127 214 214 214 214 159 159 159 113 68 68 68 68 68 68 25 25 25 154 154 154 154 
231 162 162 109 127 127 127 127 214 214 214 214 159 159 159 113 68 68 68 68 68 68 25 25 25 25 231 231 231 
231 231 231 109 109 127 127 127 214 214 214 9 159 159 159 113 68 68 68 68 68 68 25 25 25 25 231 231 231 
231 231 109 109 109 109 109 127 228 228 9 9 9 159 159 159 68 68 68 68 68 68 25 25 25 145 231 231 231 
231 109 109 109 109 109 109 109 228 228 9 9 9 9 159 251 251 251 251 251 68 68 25 25 25 231 231 231 231 
231 109 109 109 109 109 109 109 92 92 92 92 224 224 224 251 251 251 251 251 251 251 25 25 252 252 231 231 231 
88 88 109 109 109 109 109 109 70 70 70 224 224 224 224 224 219 219 251 46 46 46 46 252 252 252 252 252 252 
88 88 109 109 109 109 109 109 70 70 70 224 224 224 224 224 219 219 219 46 46 46 46 46 252 252 252 252 252 
88 88 109 109 109 109 109 109 70 70 70 224 224 224 224 83 83 83 46 46 46 46 46 72 252 252 252 252 88 
88 88 109 109 109 109 109 109 70 70 70 224 224 224 224 83 83 83 83 46 46 72 72 72 72 72 252 252 88 
112 112 112 112 44 44 44 44 44 193 87 87 224 53 53 53 83 83 83 46 72 72 72 72 72 72 72 112 112 
112 112 112 112 112 44 44 148 148 148 193 193 193 53 53 53 53 53 83 240 72 72 72 72 72 72 112 112 112 
112 112 112 112 31 31 31 148 148 148 193 193 193 53 53 53 53 53 240 240 72 72 72 72 72 72 112 112 112 
112 112 112 112 31 31 31 31 148 148 193 193 193 189 53 53 53 53 240 240 72 72 72 72 72 72 112 112 112 
112 112 112 31 31 31 31 31 193 193 193 193 189 189 53 53 53 53 240 240 72 72 72 72 72 72 71 71 112 
112 112 112 31 55 55 55 55 55 193 193 193 189 189 189 189 53 53 240 240 192 192 192 192 192 142 71 71 112 
71 101 101 101 55 55 55 55 55 55 193 140 140 140 140 140 140 34 150 150 192 192 192 192 192 142 142 71 71 
101 101 101 101 101 55 55 55 73 73 73 140 140 140 140 140 140 34 150 150 128 128 192 192 142 142 142 71 69 
101 101 101 101 101 101 134 134 73 73 73 140 140 140 140 140 140 140 34 236 128 128 128 237 142 142 142 142 69 
8 101 101 101 101 101 134 134 73 73 73 140 140 140 140 140 140 140 236 236 128 128 128 237 142 142 142 142 69 
8 101 101 101 101 101 134 134 73 73 73 140 140 140 140 140 140 140 236 236 128 128 128 237 142 142 142 8 8 
75 75 101 101 101 14 134 134 73 73 73 140 140 140 140 140 140 140 236 236 128 128 128 237 187 142 75 75 75 
75 75 75 14 14 14 22 22 73 73 73 140 140 140 140 140 140 140 236 236 128 128 128 187 187 187 75 75 75 
75 75 75 14 14 14 22 22 22 22 73 10 10 140 140 140 140 246 246 246 246 128 24 187 187 75 75 75 75 
75 75 66 66 66 14 22 22 22 22 99 10 10 10 10 10 10 246 246 165 246 246 24 24 24 75 75 75 75 
75 66 66 66 66 66 66 121 121 22 99 10 10 10 10 10 165 165 165 165 165 165 165 24 24 24 75 75 75 
75 66 66 66 66 66 121 121 121 121 99 10 10 10 10 10 67 165 165 165 165 165 165 24 24 154 154 75 75 
66 66 66 66 66 66 121 121 121 121 121 159 159 159 159 113 165 165 165 165 165 165 165 165 24 154 154 154 75 
154 66 66 66 66 66 121 121 121 214 214 159 159 159 159 113 113 68 76 76 76 76 76 25 25 154 154 154 154 
162 162 66 66 66 127 127 127 127 214 214 159 159 159 159 113 113 68 68 68 68 68 25 25 25 225 231 231 231 
231 162 162 162 127 127 127 127 127 214 214 159 159 159 159 113 113 68 68 68 68 68 25 25 25 231 231 231 231 
231 231 231 109 109 127 127 127 127 214 9 9 159 159 159 113 113 68 68 68 68 68 25 25 25 231 231 231 231 
231 231 109 109 109 62 127 127 127 9 9 9 9 159 159 159 251 251 251 68 68 68 25 25 25 231 231 231 231 
231 231 109 109 109 62 62 62 62 9 9 9 9 9 9 251 251 251 251 251 251 125 125 25 231 231 231 231 231 
231 109 109 109 109 109 62 109 70 70 70 9 9 9 251 251 251 251 251 251 251 125 125 252 252 252 231 231 231 
231 109 109 109 109 109 109 109 70 70 70 70 70 224 224 219 219 219 251 251 46 46 46 252 252 252 252 252 252 
88 109 109 109 109 109 109 109 70 70 70 70 224 224 224 219 219 219 219 46 46 46 46 50 252 252 252 252 252 
88 109 109 109 109 109 109 109 70 70 70 70 70 224 224 219 219 219 219 46 46 46 46 50 252 252 252 252 252 
112 112 109 109 109 109 109 109 70 70 70 70 224 224 224 219 219 219 46 46 46 46 72 72 72 252 252 252 112 
112 112 112 112 112 109 109 109 193 193 193 193 224 53 53 53 219 219 46 46 46 72 72 72 72 72 252 112 112 
112 112 112 112 112 112 58 58 148 148 193 193 193 200 200 200 240 240 240 240 72 72 72 72 72 72 164 112 112 
112 47 112 112 31 31 58 58 148 148 193 193 193 200 200 200 240 240 240 240 72 72 72 72 72 72 164 112 112 
112 112 112 31 31 31 31 58 148 193 193 193 193 200 200 200 240 240 240 240 240 72 72 72 72 72 164 112 112 
112 112 112 31 31 31 31 31 193 193 193 193 193 200 200 240 240 240 240 240 240 72 192 192 192 71 71 71 112 
71 112 112 31 55 55 55 55 55 193 193 193 193 189 200 240 240 240 240 240 192 192 192 192 192 71 71 71 71 
71 101 101 101 55 55 55 55 55 55 193 140 140 140 140 140 150 150 150 150 192 192 192 192 192 71 71 71 71 
71 101 101 101 101 55 55 55 73 73 73 140 140 140 140 140 150 150 150 150 150 192 192 192 192 71 71 71 71 
8 101 101 101 101 101 101 73 73 73 73 73 140 140 140 140 150 150 150 150 128 128 237 237 192 142 71 71 71 
8 101 101 101 101 101 101 73 73 73 73 73 140 140 140 140 140 150 150 150 128 128 237 237 237 142 8 8 8 
8 101 101 101 101 101 101 73 73 73 73 73 140 140 140 140 140 150 150 236 128 128 237 237 237 8 8 8 8 
8 8 101 101 14 14 14 73 73 73 73 73 140 140 140 140 140 140 150 128 128 128 237 237 237 237 8 8 8 
8 75 75 14 14 14 14 14 73 73 73 73 140 140 140 140 140 140 246 171 128 128 237 237 237 61 61 61 61 
75 75 66 14 14 14 14 14 14 99 99 99 99 140 140 140 133 246 246 246 246 246 237 237 61 61 61 61 61 
75 66 66 66 66 14 14 14 99 99 99 99 99 99 10 133 133 246 246 246 246 246 246 246 61 61 61 61 61 
75 66 66 66 66 66 14 121 121 99 99 99 99 99 133 133 67 246 246 246 246 246 246 246 61 61 61 61 61 
66 66 66 66 66 66 121 121 121 121 99 99 99 99 133 67 67 67 246 246 246 246 246 246 61 61 61 61 61 
162 66 66 66 66 66 121 121 121 121 121 159 159 159 159 113 67 67 165 165 246 246 246 213 225 225 61 61 61 
162 162 66 66 66 121 121 121 121 121 121 159 159 159 159 113 113 68 76 76 76 213 213 213 225 225 225 231 231 
162 162 162 162 66 127 127 127 127 127 127 159 159 159 159 113 113 68 68 68 68 213 213 213 225 225 225 231 231 
162 162 162 162 234 127 127 127 127 127 9 159 159 159 159 113 113 113 68 68 68 213 213 213 225 225 231 231 231 
231 162 162 162 234 127 127 127 127 127 9 9 159 159 159 113 113 251 68 68 68 213 213 213 225 231 231 231 231 
231 162 162 109 62 62 127 127 127 9 9 9 9 159 159 113 251 251 251 251 68 125 213 213 231 231 231 231 231 
231 231 109 109 62 62 62 62 62 9 9 9 9 9 9 251 251 251 251 251 125 125 125 125 231 231 231 231 231 
231 109 109 109 109 62 62 62 70 70 70 9 9 9 251 251 251 251 251 251 125 125 125 125 252 252 252 231 231 
231 109 109 109 109 109 62 109 70 70 70 70 70 224 251 251 251 251 251 251 46 125 125 252 252 252 252 252 252 
109 109 109 109 109 109 109 70 70 70 70 70 70 224 219 219 219 219 219 46 46 46 50 50 252 252 252 252 252 
109 109 109 109 109 109 109 70 70 70 70 70 70 224 219 219 219 219 219 46 46 46 50 50 252 252 252 252 252 
112 112 109 109 109 109 109 70 70 70 70 70 70 224 219 219 219 219 219 46 46 46 50 50 50 252 252 252 252 
112 112 112 112 112 109 109 58 193 193 193 193 193 193 219 219 240 240 240 46 46 72 72 50 50 50 252 112 112 
112 112 112 112 112 58 58 58 58 193 193 193 193 200 200 200 240 240 240 240 240 50 50 50 50 164 164 164 112 
112 112 112 112 31 58 58 58 58 193 193 193 193 200 200 200 240 240 240 240 240 240 50 50 50 164 164 164 112 
112 112 112 31 31 31 58 58 58 193 193 193 193 200 200 200 240 240 240 240 240 72 72 72 192 164 164 164 112 
112 112 112 31 31 31 31 58 193 193 193 193 193 200 200 240 240 240 240 240 240 192 192 192 192 71 71 71 71 
71 120 120 31 31 55 55 31 31 193 193 193 193 200 200 240 240 240 240 240 192 192 192 192 192 71 71 71 71 
71 120 120 101 55 55 55 55 55 55 193 193 140 140 140 150 150 150 150 150 192 192 192 192 192 71 71 71 71 
71 120 101 101 101 55 55 55 73 73 73 73 140 140 140 150 150 150 150 150 150 192 192 192 192 71 71 71 71 
8 101 101 101 101 101 101 73 73 73 73 73 140 42 140 150 150 150 150 150 150 237 237 192 192 192 71 71 8 
8 101 101 101 101 101 101 73 73 73 73 73 42 42 140 150 150 150 150 150 128 237 237 237 237 8 8 8 8 
8 8 101 101 101 14 14 73 73 73 73 73 42 42 140 140 150 150 150 150 128 128 237 237 237 8 8 8 8 
8 8 8 101 14 14 14 73 73 73 73 73 42 42 140 140 150 150 150 171 128 128 237 237 237 8 8 8 8 
8 8 8 14 14 14 14 14 73 73 99 99 99 42 133 133 133 171 171 171 128 128 237 237 237 61 61 61 8 
61 61 66 14 14 14 14 14 14 99 99 99 99 99 133 133 133 246 246 246 246 246 246 237 61 61 61 61 61 
61 66 66 66 14 14 14 14 14 99 99 99 99 133 133 133 133 246 246 246 246 246 246 246 61 61 61 61 61 
61 66 66 66 66 66 14 14 238 99 99 99 99 133 133 133 67 246 246 246 246 246 246 246 61 61 61 61 61 
61 66 66 66 66 66 121 121 121 99 99 99 99 133 133 67 67 67 246 246 246 246 246 246 61 61 61 61 61 
162 66 66 66 66 66 121 121 121 121 99 99 99 159 133 67 67 67 246 246 246 246 246 213 225 225 61 61 61 
162 162 162 66 66 121 121 121 121 121 207 159 159 159 159 113 113 67 246 246 246 213 213 213 225 225 225 225 111 
162 162 162 162 162 127 127 127 127 127 127 159 159 159 159 113 113 113 68 68 68 213 213 213 225 225 225 225 162 
162 162 162 162 234 127 127 127 127 127 9 159 159 159 159 113 113 113 68 68 68 213 213 213 225 225 225 231 162 
162 162 162 162 234 234 127 127 127 127 9 9 9 159 159 113 113 251 251 68 68 213 213 213 225 225 231 231 231 
231 162 162 234 234 234 234 234 127 9 9 9 9 159 159 251 251 251 251 251 125 125 213 213 225 231 231 231 231 
231 162 109 109 62 62 234 234 234 9 9 9 9 9 9 251 251 251 251 251 125 125 125 125 231 231 231 231 231 
231 109 109 109 62 62 62 62 70 70 70 9 9 9 251 251 251 251 251 251 125 125 125 125 252 252 231 231 231 
231 109 109 109 109 109 62 109 70 70 70 70 70 70 156 251 251 251 219 219 125 125 125 125 252 252 252 252 252 
109 109 109 109 109 109 109 70 70 70 70 70 70 156 156 219 219 219 219 219 46 125 50 50 252 252 252 252 252 
112 109 109 109 109 109 109 70 70 70 70 70 70 156 156 156 219 219 219 46 46 50 50 50 50 252 252 252 252 
112 112 109 109 109 109 109 70 70 70 70 70 70 156 156 219 219 219 219 46 46 50 50 50 50 50 252 252 112 
112 112 112 112 112 109 58 58 58 193 193 193 193 200 200 200 240 240 240 240 46 50 50 50 50 50 50 164 112 
112 112 112 112 112 58 58 58 58 193 193 193 193 200 200 200 240 240 240 240 240 50 50 50 50 164 164 164 164 
112 112 112 112 31 58 58 58 58 193 193 193 193 200 200 200 240 240 240 240 240 240 50 50 164 164 164 164 164 
112 112 112 112 31 58 58 58 58 193 193 193 193 200 200 200 240 240 240 240 240 240 192 192 164 164 164 164 164 
112 112 112 31 31 31 58 58 58 193 193 193 193 200 200 240 240 240 240 240 240 192 192 192 192 71 71 71 71 
71 120 120 120 31 55 55 55 58 193 193 193 253 253 200 240 240 240 240 240 192 192 192 192 192 71 71 71 71 
71 120 120 120 120 55 55 55 55 94 193 253 253 253 253 150 150 150 150 150 192 192 192 192 192 71 71 71 71 
71 120 120 120 101 55 55 55 73 73 73 42 42 42 42 150 150 150 150 150 150 192 192 192 192 71 71 71 71 
8 120 120 101 101 101 101 73 73 73 73 42 42 42 42 150 150 150 150 150 150 192 192 192 192 192 71 71 8 
8 8 101 101 101 101 101 73 73 73 73 42 42 42 42 150 150 150 150 150 150 237 237 237 221 8 8 8 8 
8 8 101 101 101 14 14 73 73 73 73 42 42 42 42 196 196 150 150 171 171 237 237 237 221 8 8 8 8 
8 8 8 14 14 14 14 14 73 73 73 42 42 42 42 196 196 171 171 171 171 237 237 237 221 8 8 8 8 
8 8 8 14 14 14 14 14 73 73 99 99 99 42 133 133 133 171 171 171 171 171 237 237 221 61 61 61 8 
61 61 14 14 14 14 14 14 227 99 99 99 99 133 133 133 133 133 171 171 171 171 171 237 61 61 61 61 61 
61 61 66 14 14 14 14 238 238 99 99 99 99 133 133 133 133 246 246 246 246 246 246 95 95 61 61 61 61 
61 66 66 66 66 14 238 238 238 99 99 99 99 133 133 133 133 67 246 246 246 246 246 246 61 61 61 61 61 
61 66 66 66 66 66 238 238 238 99 99 99 99 133 133 133 67 67 67 246 246 246 246 246 61 61 61 61 61 
162 162 66 66 66 66 121 121 207 207 207 207 99 133 133 67 67 67 67 246 246 246 213 213 225 61 111 111 111 
162 162 162 162 66 121 121 121 207 207 207 194 159 159 159 159 67 67 67 246 246 213 213 213 225 225 225 111 111 
162 162 162 162 234 234 127 127 127 207 194 194 159 159 159 204 204 204 204 204 213 213 213 213 213 225 225 225 162 
162 162 162 162 234 234 234 127 127 194 194 194 194 159 159 204 204 204 204 204 213 213 213 213 213 225 225 225 162 
162 162 162 234 234 234 234 234 127 194 194 194 194 159 159 204 204 204 204 204 125 213 213 213 213 225 225 231 231 
162 162 162 234 234 234 234 234 54 54 9 9 9 159 159 204 204 204 204 125 125 125 213 213 213 225 231 231 231 
231 162 162 234 234 234 234 234 54 147 147 9 9 9 251 251 251 251 251 125 125 125 125 125 231 231 231 231 231 
231 162 109 109 234 234 234 234 70 70 147 147 147 147 156 251 251 251 251 125 125 125 125 125 252 252 231 231 231 
231 109 109 109 109 109 109 109 70 70 147 147 147 147 156 156 156 219 219 125 125 125 125 125 252 252 252 252 252 
186 109 109 109 109 109 109 70 70 70 70 70 147 156 156 156 156 156 219 219 125 125 50 50 50 252 252 252 252 
186 109 109 109 109 109 109 70 70 70 70 70 70 156 156 156 156 156 156 156 50 50 50 50 50 50 252 252 252 
112 112 112 109 109 109 109 58 70 70 70 70 97 156 156 156 156 156 156 156 50 50 50 50 50 50 50 164 164 
112 112 112 112 18 18 58 58 58 58 193 193 193 200 200 200 240 240 240 240 50 50 50 50 50 50 164 164 164 
164 164 164 18 18 18 58 58 58 58 193 193 160 200 200 200 240 240 240 240 240 50 50 50 50 164 164 164 164 
164 164 164 112 18 58 58 58 58 58 193 193 160 200 200 200 240 240 240 240 240 240 50 50 164 164 164 164 164 
164 164 164 112 31 58 58 58 58 58 193 193 160 200 200 200 240 240 240 240 240 240 192 192 164 164 164 164 164 
164 164 112 31 31 58 58 58 58 58 193 193 253 200 200 240 240 240 240 240 240 192 192 192 192 164 164 164 164 
71 120 120 120 120 55 58 94 94 94 193 253 253 253 200 240 240 240 240 240 192 192 192 192 192 71 71 71 71 
71 120 120 120 120 120 94 94 94 94 94 253 253 253 253 150 150 150 150 150 192 192 192 192 192 71 71 71 71 
120 120 120 120 120 120 94 94 94 94 94 253 42 42 42 150 150 150 150 150 150 192 192 192 192 71 71 71 71 
8 120 120 120 120 101 94 94 94 94 42 42 42 42 42 150 150 150 150 150 150 221 221 221 221 221 71 8 8 
8 8 120 120 101 101 94 94 73 73 42 42 42 42 42 196 150 150 150 150 171 221 221 221 221 221 8 8 8 
8 8 8 101 14 14 14 14 73 73 42 42 42 42 42 196 196 150 171 171 171 221 221 221 221 221 8 8 8 
8 8 8 14 14 14 14 14 73 73 42 42 42 42 42 196 196 171 171 171 171 171 221 221 221 221 8 8 8 
8 8 8 14 14 14 14 14 227 227 227 99 42 42 42 133 133 171 171 171 171 171 221 221 221 95 95 8 8 
95 95 14 14 14 14 14 238 227 227 227 99 99 133 133 133 133 171 171 171 171 171 171 221 95 95 95 95 95 
95 95 95 14 14 14 238 238 238 227 227 99 99 133 133 133 133 133 246 246 246 246 246 95 95 95 95 95 95 
95 95 66 66 14 14 238 238 238 227 99 99 99 133 133 133 133 67 246 246 246 246 246 95 95 95 95 95 95 
95 95 66 66 66 238 238 238 238 227 99 99 99 133 133 133 67 67 67 246 246 246 246 246 86 95 95 95 95 
111 162 162 66 66 242 238 207 207 207 207 207 207 133 133 133 67 67 67 246 246 246 213 213 86 111 111 111 111 
162 162 162 162 162 242 121 207 207 207 207 194 194 194 133 133 204 204 67 246 246 213 213 213 213 225 111 111 111 
162 162 162 162 162 234 127 207 207 207 194 194 194 194 204 204 204 204 204 204 195 213 213 213 213 225 225 111 111 
162 162 162 162 234 234 234 54 207 194 194 194 194 194 204 204 204 204 204 204 195 213 213 213 213 225 225 225 162 
162 162 162 234 234 234 234 54 54 194 194 194 194 194 204 204 204 204 204 204 125 213 213 213 213 225 225 225 162 
162 162 162 234 234 234 54 54 54 54 194 194 194 194 204 204 204 204 204 125 125 226 226 213 213 225 225 231 231 
162 162 162 234 234 234 54 54 54 147 147 147 147 147 147 204 204 204 204 125 226 226 226 125 125 231 231 231 231 
186 162 109 234 234 234 234 54 54 147 147 147 147 147 147 251 204 204 251 226 226 125 125 125 125 252 231 231 231 
186 186 109 109 109 109 109 54 70 147 147 147 147 147 156 156 156 156 156 226 226 125 125 125 125 252 252 252 186 
186 186 109 109 109 109 109 70 70 147 147 147 147 147 156 156 156 156 156 226 226 125 50 50 50 50 50 252 186 
186 186 18 18 18 18 18 18 70 70 147 147 147 156 156 156 156 156 156 156 226 50 50 50 50 50 50 186 186 
164 164 18 18 18 18 18 18 58 70 97 97 97 156 156 156 156 156 156 156 50 50 50 50 50 50 164 164 164 
164 164 112 18 18 18 18 58 58 58 193 97 97 156 156 240 240 240 240 240 240 50 50 50 50 50 164 164 164 
164 164 164 18 18 18 18 180 180 180 180 160 160 160 160 200 240 240 240 240 240 50 50 50 164 164 164 164 164 
164 164 164 18 18 180 180 180 180 180 180 160 160 160 160 200 240 240 240 240 240 240 50 50 164 164 164 164 164 
164 164 164 180 180 180 180 180 180 180 180 245 160 160 160 200 240 240 240 240 240 240 192 192 164 164 164 164 164 
164 164 120 120 131 180 180 180 180 180 245 253 253 253 253 253 240 240 240 240 240 192 192 192 192 164 164 164 164 
71 120 120 120 131 131 94 94 94 94 94 253 253 253 253 253 240 240 240 240 192 192 192 192 192 71 71 71 71 
71 120 120 120 131 131 94 94 94 94 94 253 253 253 253 253 253 150 150 218 192 192 192 192 192 71 71 71 71 
120 120 120 120 131 131 94 94 94 94 94 253 253 253 253 253 150 150 150 150 150 192 192 192 192 71 71 71 71 
120 120 120 120 120 94 94 94 94 94 42 42 42 42 42 196 150 150 150 150 171 221 221 221 221 221 8 8 8 
8 8 120 120 120 94 94 94 94 42 42 42 42 42 42 196 196 150 150 171 171 221 221 221 221 221 8 8 8 
8 8 8 8 14 14 14 94 13 13 42 42 42 42 42 196 196 196 171 171 171 221 221 221 221 221 8 8 8 
8 8 8 14 14 14 14 238 227 227 42 42 42 42 42 196 196 171 171 171 171 171 221 221 221 221 8 8 8 
8 8 8 14 14 14 238 238 227 227 227 42 42 42 42 196 171 171 171 171 171 171 221 221 221 95 95 95 95 
95 95 243 243 14 238 238 238 227 227 227 227 99 133 133 133 133 171 171 171 171 171 171 221 95 95 95 95 95 
95 95 95 14 14 238 238 238 227 227 227 99 99 133 133 133 133 171 171 171 171 171 171 95 95 95 95 95 95 
95 95 95 66 238 238 238 238 227 227 227 99 99 133 133 133 133 133 246 246 246 246 246 244 244 95 95 95 95 
95 95 95 66 242 242 238 238 227 227 207 99 99 133 133 133 67 67 67 246 246 246 246 244 86 86 95 95 95 
111 162 162 162 242 242 242 207 207 207 207 207 207 133 133 133 67 67 67 246 246 246 213 244 86 86 111 111 111 
111 162 162 162 242 242 242 207 207 207 207 194 194 194 194 204 204 204 204 195 195 195 213 213 213 111 111 111 111 
162 162 162 162 77 242 242 207 207 207 194 194 194 194 204 204 204 204 204 195 195 195 213 213 213 225 111 111 111 
162 162 162 162 77 77 77 54 207 194 194 194 194 194 204 204 204 204 204 195 195 195 213 213 213 225 225 111 111 
162 162 162 162 234 234 54 54 54 194 194 194 194 194 204 204 204 204 204 195 195 213 213 213 213 225 225 225 111 
162 162 162 234 234 54 54 54 54 54 194 194 194 194 204 204 204 204 204 204 226 226 226 226 213 225 225 231 231 
162 162 162 234 234 54 54 54 54 147 147 147 147 147 153 204 204 204 204 226 226 226 226 226 226 231 231 231 231 
186 186 162 234 234 54 54 54 54 147 147 147 147 147 153 153 204 204 226 226 226 226 226 226 226 186 186 186 186 
186 186 186 109 109 109 54 54 54 147 147 147 147 147 153 156 156 156 156 226 226 226 226 226 50 186 186 186 186 
186 186 18 18 18 18 18 18 54 147 147 147 147 147 156 156 156 156 156 226 226 226 226 50 50 186 186 186 186 
186 186 18 18 18 18 18 18 180 97 97 97 97 156 156 156 156 156 156 156 226 50 50 50 50 50 186 186 186 
186 186 18 18 18 18 18 18 180 97 97 97 97 97 156 156 156 156 156 156 50 50 50 50 50 50 164 164 164 
164 164 18 18 18 18 18 18 180 180 97 97 97 160 156 240 240 240 240 240 240 50 50 50 50 164 164 164 164 
164 164 164 18 18 18 180 180 180 180 180 160 160 160 160 160 160 240 240 240 240 123 50 50 164 164 164 164 164 
164 164 164 18 18 180 180 180 180 180 245 160 160 160 160 160 160 240 240 240 240 240 164 164 164 164 164 164 164 
164 164 164 180 180 180 180 180 180 180 245 245 160 160 160 160 160 240 240 240 218 218 164 164 164 164 164 164 164 
164 164 164 131 131 180 180 180 180 245 245 245 253 253 253 253 253 240 240 218 218 218 192 192 164 164 164 164 164 
164 120 120 131 131 131 94 94 94 94 245 253 253 253 253 253 253 218 218 218 218 218 192 192 192 164 164 164 164 
71 120 120 131 131 131 94 94 94 94 94 253 253 253 253 253 253 253 218 218 218 192 192 192 192 71 71 71 71 
120 120 120 131 131 131 94 94 94 94 94 253 253 253 253 253 253 150 150 218 218 218 192 192 192 71 71 71 71 
120 120 120 120 131 94 94 94 94 94 13 42 42 42 42 42 196 196 150 218 221 221 221 221 221 221 8 8 8 
8 8 149 149 149 94 94 94 94 13 13 13 42 42 42 196 196 196 196 171 171 221 221 221 221 221 8 8 8 
8 8 149 149 27 94 94 94 13 13 13 13 42 42 42 196 196 196 171 171 171 221 221 221 221 221 8 8 8 
8 8 8 149 14 238 238 238 227 13 13 13 42 42 42 196 196 171 171 171 171 171 221 221 221 221 8 8 8 
95 243 243 243 238 238 238 238 227 227 227 42 42 42 42 196 196 171 171 171 171 171 221 221 221 221 95 95 95 
95 243 243 243 238 238 238 238 227 227 227 227 42 42 133 133 133 171 171 171 171 171 171 221 221 95 95 95 95 
95 243 243 243 238 238 238 238 227 227 227 227 227 133 133 133 133 171 171 171 171 171 171 244 244 95 95 95 95 
95 243 243 243 238 238 238 238 227 227 227 227 99 133 133 133 133 133 171 171 171 171 244 244 244 86 95 95 95 
95 95 243 243 242 242 242 238 227 227 207 207 99 133 133 133 185 185 185 246 246 246 244 244 244 86 244 95 95 
111 111 243 242 242 242 242 207 207 207 207 207 207 133 185 185 185 185 185 185 246 195 244 244 244 86 244 111 111 
111 111 162 242 242 242 242 207 207 207 207 194 194 194 185 185 185 185 185 195 195 195 235 235 86 86 111 111 111 
111 162 162 77 77 242 242 242 207 207 194 194 194 194 204 204 204 204 195 195 195 195 235 235 235 111 111 111 111 
162 162 162 77 77 77 77 77 207 194 194 194 194 194 204 204 204 204 195 195 195 195 235 235 235 235 111 111 111 
162 162 162 77 77 77 77 54 54 194 194 194 194 194 204 204 204 204 204 195 195 195 235 235 235 235 235 111 111 
162 162 162 222 77 77 54 54 54 54 194 194 194 153 153 204 204 204 204 195 202 202 202 235 235 235 235 186 111 
186 162 222 222 234 54 54 54 54 147 147 147 147 153 153 153 204 204 204 202 202 202 202 226 226 186 186 186 186 
186 186 222 222 208 208 54 54 54 147 147 147 147 153 153 153 153 204 202 202 202 202 226 226 226 186 186 186 186 
186 186 222 222 208 208 208 54 54 147 147 147 147 153 153 153 156 156 202 202 202 226 226 226 226 186 186 186 186 
186 186 222 18 18 208 18 18 54 147 147 147 147 153 153 156 156 156 156 202 202 226 226 226 186 186 186 186 186 
186 186 18 18 18 18 18 18 180 97 97 97 97 97 156 156 156 156 156 202 202 226 226 50 50 186 186 186 186 
186 186 18 18 18 18 18 18 180 97 97 97 97 97 156 156 156 156 156 156 123 50 50 50 50 186 186 186 186 
164 164 18 18 18 18 18 180 180 180 97 97 97 160 160 160 156 240 240 123 123 123 50 50 50 164 164 164 164 
164 164 18 18 18 180 180 180 180 180 245 160 160 160 160 160 160 123 123 123 123 123 123 50 164 164 164 164 164 
164 164 164 18 180 180 180 180 180 180 245 245 160 160 160 160 160 123 123 123 123 123 123 198 198 164 164 164 164 
164 164 164 180 180 180 180 180 180 245 245 245 160 160 160 160 160 160 123 218 218 218 137 198 198 164 164 164 164 
164 164 131 131 131 180 180 180 180 245 245 245 253 253 253 253 253 218 218 218 218 218 137 198 198 198 164 164 164 
164 149 131 131 131 131 94 94 94 94 245 253 253 253 253 253 253 218 218 218 218 218 137 137 198 198 198 164 164 
149 149 149 131 131 131 94 94 94 94 94 253 253 253 253 253 253 218 218 218 218 218 137 137 137 198 198 71 71 
149 149 149 131 131 131 94 94 94 94 94 253 253 253 253 253 253 218 218 218 218 218 137 137 137 137 137 149 149 
149 149 149 149 131 131 94 94 94 94 13 13 253 253 253 253 253 218 218 218 218 218 221 221 221 221 8 149 149 
149 149 149 149 149 131 94 94 94 13 13 13 13 42 42 196 196 196 171 218 171 221 221 221 221 221 221 8 149 
149 149 149 149 27 27 27 94 13 13 13 13 13 42 42 196 196 196 171 171 171 221 221 221 221 221 221 8 8 
8 149 149 149 27 27 27 27 13 13 13 13 13 42 42 196 196 171 171 171 171 171 221 221 221 221 221 8 8 
243 243 243 243 243 238 238 238 227 227 13 13 42 42 42 196 171 171 171 171 171 171 221 221 221 221 95 95 95 
243 243 243 243 243 238 238 238 227 227 138 138 138 42 42 133 171 171 171 171 171 171 171 221 221 95 95 95 95 
243 243 243 243 243 238 238 238 227 227 138 138 138 138 133 133 133 171 201 201 201 171 171 244 244 86 95 95 95 
243 243 243 243 243 242 238 238 227 227 138 138 138 138 133 133 185 185 201 201 201 201 244 244 244 86 244 95 95 
243 243 243 243 242 242 242 238 227 227 138 138 138 138 185 185 185 185 185 185 201 201 244 244 244 86 244 244 95 
243 243 243 242 242 242 242 242 207 207 207 207 207 185 185 185 185 185 185 185 185 185 235 244 244 86 244 244 111 
111 111 242 242 242 242 242 242 207 207 207 194 194 194 185 185 185 185 185 185 195 235 235 235 244 86 244 111 111 
111 162 77 77 77 242 242 242 207 207 194 194 194 194 185 185 185 185 195 195 195 235 235 235 235 235 111 111 111 
162 162 77 77 77 77 77 77 207 194 194 194 194 194 204 204 204 204 195 195 195 195 235 235 235 235 111 111 111 
162 162 77 77 77 77 77 77 54 194 194 194 194 194 204 204 204 204 195 195 195 195 235 235 235 235 235 111 111 
162 222 222 222 77 77 77 54 54 54 194 194 153 153 153 204 204 233 233 195 202 202 202 235 235 235 235 186 186 
186 222 222 222 208 208 208 54 54 147 147 147 153 153 153 153 233 233 233 202 202 202 202 202 202 186 186 186 186 
186 222 222 222 208 208 208 208 54 147 147 147 153 153 153 153 233 233 233 202 202 202 202 202 202 186 186 186 186 
186 186 222 222 208 208 208 208 54 147 147 147 153 153 153 153 153 233 202 202 202 202 202 202 186 186 186 186 186 
186 186 222 222 208 208 208 208 180 97 97 97 153 153 153 153 156 156 79 202 202 202 202 202 186 186 186 186 186 
186 186 18 18 18 18 18 180 180 97 97 97 97 97 97 156 156 156 156 202 202 202 202 202 186 186 186 186 186 
186 186 18 18 18 18 18 180 180 97 97 97 97 97 97 156 156 156 123 123 123 123 123 50 186 186 186 186 186 
164 164 18 18 18 18 180 180 180 180 97 97 97 160 160 160 156 123 123 123 123 123 123 50 164 164 164 164 164 
164 164 18 18 180 180 180 180 180 245 245 245 160 160 160 160 160 123 123 123 123 123 123 49 49 164 164 164 164 
164 164 180 180 180 180 180 180 180 245 245 245 160 160 160 160 160 123 123 123 123 123 123 198 198 198 164 164 164 
164 164 180 180 180 180 180 180 180 245 245 245 245 160 160 160 160 123 123 123 123 218 137 198 198 198 198 164 164 
164 164 6 131 131 180 180 180 245 245 245 245 245 253 253 253 253 218 218 218 218 218 137 198 198 198 198 198 164 
149 6 6 131 131 131 94 94 94 245 245 245 253 253 253 253 253 218 218 218 218 218 137 137 198 198 198 198 198 
149 149 149 131 131 131 94 94 94 94 245 253 253 253 253 253 253 218 218 218 218 218 137 137 137 198 198 198 149 
149 149 149 149 131 131 94 94 94 94 94 253 253 253 253 253 253 218 218 218 218 218 137 137 137 137 137 149 149 
149 149 149 149 131 131 94 94 94 94 13 253 253 253 253 253 253 218 218 218 218 218 137 137 137 137 137 149 149 
149 149 149 149 27 27 27 94 94 13 13 13 13 42 42 253 196 196 218 218 218 218 137 137 106 106 106 149 149 
149 149 149 149 27 27 27 27 13 13 13 13 13 42 42 42 196 196 171 171 171 221 221 106 106 106 106 106 149 
90 90 90 90 27 27 27 27 13 13 13 13 13 42 42 196 196 171 171 171 171 171 221 106 106 106 106 106 106 
243 243 243 243 243 27 27 27 227 138 138 138 138 42 42 196 201 201 201 201 201 201 221 106 106 106 106 106 243 
243 243 243 183 183 183 238 238 227 138 138 138 138 138 138 138 201 201 201 201 201 201 201 106 106 106 106 106 243 
243 243 243 183 183 183 238 238 227 138 138 138 138 138 138 185 185 201 201 201 201 201 201 244 86 86 86 243 243 
243 243 243 183 183 183 242 238 227 138 138 138 138 138 138 185 185 185 201 201 201 201 201 244 244 86 244 244 243 
243 243 243 243 242 242 242 242 227 138 138 138 138 138 185 185 185 185 185 185 201 201 244 244 244 86 244 244 243 
243 243 243 242 242 242 242 242 242 207 138 138 138 185 185 185 185 185 185 185 185 185 229 244 244 86 244 244 244 
243 243 242 242 242 242 242 242 242 207 207 194 194 185 185 185 185 185 185 185 185 235 235 235 244 244 244 244 111 
111 77 77 77 77 77 77 242 207 207 194 194 194 194 185 185 185 185 185 195 195 235 235 235 235 235 235 111 111 
250 250 77 77 77 77 77 77 77 194 194 194 194 194 185 185 185 185 195 195 195 235 235 235 235 235 235 107 107 
250 250 250 77 77 77 77 77 77 194 194 194 194 194 153 233 233 233 195 195 195 195 235 235 235 235 235 107 250 
250 222 222 222 208 208 208 208 54 54 194 153 153 153 153 233 233 233 233 233 202 202 202 202 235 235 235 186 250 
136 222 222 222 208 208 208 208 208 91 147 153 153 153 153 153 233 233 233 233 202 202 202 202 202 186 186 186 186 
186 222 222 222 208 208 208 208 208 91 147 153 153 153 153 153 233 233 233 202 202 202 202 202 202 186 186 186 186 
186 222 222 222 208 208 208 208 208 91 147 153 153 153 153 153 153 233 79 202 202 202 202 202 202 186 186 186 186 
186 186 222 222 208 208 208 208 208 166 97 97 153 153 153 153 223 79 79 79 202 202 202 202 186 186 186 186 186 
186 186 222 222 172 172 172 172 180 166 97 97 97 97 153 153 223 79 79 123 123 123 202 202 186 186 186 186 186 
186 186 18 18 172 172 172 172 180 166 97 97 97 97 97 97 123 123 123 123 123 123 123 123 186 186 175 175 175 
164 164 18 18 172 172 172 180 180 180 97 97 97 160 160 160 123 123 123 123 123 123 123 123 186 186 175 175 175 
19 19 172 172 172 172 180 180 180 245 245 245 245 160 160 160 123 123 123 123 123 123 123 49 49 49 49 175 175 
19 19 19 180 180 180 180 180 180 245 245 245 245 160 160 160 123 123 123 123 123 123 123 198 198 198 198 198 164 
19 19 19 180 180 180 180 180 245 245 245 245 245 160 160 160 160 123 123 123 123 123 137 198 198 198 198 198 198 
19 6 6 6 131 180 180 180 245 245 245 245 245 253 253 253 64 218 218 218 218 218 137 198 198 198 198 198 198 
6 6 6 6 131 131 94 94 94 245 245 245 253 253 253 253 64 218 218 218 218 218 137 137 198 198 198 198 198 
149 149 149 149 131 131 94 94 94 94 245 245 253 253 253 253 64 218 218 218 218 218 137 137 137 198 198 198 149 
149 149 149 149 131 131 94 94 94 94 94 253 253 253 253 177 177 218 218 218 218 218 137 137 137 137 137 149 149 
149 149 149 149 27 27 94 94 94 94 94 253 253 253 177 177 177 218 218 218 218 218 137 137 137 137 106 149 149 
149 149 149 149 27 27 27 27 94 13 13 13 13 177 177 177 177 177 218 218 218 218 137 106 106 106 106 106 149 
149 149 149 149 27 27 27 27 27 13 13 13 13 13 177 177 177 177 218 218 45 45 106 106 106 106 106 106 149 
90 90 90 90 27 27 27 27 27 17 17 17 17 17 17 177 177 201 201 201 45 45 45 106 106 106 106 106 90 
90 90 90 90 90 27 27 27 39 17 17 17 138 138 138 138 201 201 201 201 201 45 45 106 106 106 106 106 90 
243 243 243 183 183 183 183 238 138 138 138 138 138 138 138 138 201 201 201 201 201 201 45 106 106 106 106 106 243 
243 243 243 183 183 183 183 183 138 138 138 138 138 138 138 185 185 201 201 201 201 201 201 106 86 106 106 243 243 
243 243 243 183 183 183 183 183 138 138 138 138 138 138 138 185 185 201 201 201 201 201 201 244 86 86 86 243 243 
243 243 243 243 242 242 242 242 138 138 138 138 138 138 185 185 185 185 185 184 184 184 229 229 229 86 86 243 243 
243 243 243 242 242 242 242 242 40 40 138 138 138 185 185 185 185 185 185 185 184 184 229 229 229 229 244 244 243 
243 243 243 100 100 100 100 100 40 40 40 40 138 185 185 185 185 185 185 185 185 185 229 229 229 229 229 229 229 
243 243 100 100 100 100 100 100 100 40 40 40 194 185 185 185 185 185 185 185 185 235 235 229 229 107 107 107 107 
250 250 250 100 100 100 100 100 100 40 40 194 194 185 185 185 185 185 185 185 195 235 235 235 107 107 107 107 107 
250 250 250 100 100 100 100 100 100 40 91 91 91 194 233 233 233 233 233 233 195 195 235 235 107 107 107 107 250 
250 250 250 222 208 208 208 208 208 91 91 91 91 153 153 233 233 233 233 233 202 202 202 202 107 107 107 107 250 
136 136 222 222 208 208 208 208 208 91 91 91 91 153 153 233 233 233 233 233 202 202 202 202 202 107 3 3 136 
136 136 222 222 208 208 208 208 208 91 91 91 91 153 153 153 233 233 233 79 202 202 202 202 202 186 186 186 186 
136 136 222 222 208 208 208 208 208 91 91 91 91 153 153 153 223 223 79 79 79 202 202 202 186 186 186 186 186 
186 136 222 222 208 208 208 208 208 166 166 166 166 166 153 223 223 79 79 79 79 79 202 202 186 186 186 186 186 
186 186 222 222 172 172 172 172 166 166 166 166 166 166 166 223 223 79 79 79 123 123 123 123 186 186 175 175 175 
175 175 175 172 172 172 172 172 166 166 166 166 166 166 166 166 123 123 123 123 123 123 123 123 175 175 175 175 175 
175 175 172 172 172 172 172 172 180 166 166 166 166 166 160 160 123 123 123 123 123 123 123 123 49 175 175 175 175 
19 19 19 172 172 172 172 180 245 245 245 166 245 245 160 191 191 123 123 123 123 123 123 49 49 49 49 49 49 
19 19 19 19 173 180 180 180 245 245 245 245 245 245 160 191 191 123 123 123 123 123 123 49 49 49 49 49 49 
19 19 19 19 173 180 180 180 245 245 245 245 245 245 160 191 191 123 123 123 123 123 151 198 198 198 198 198 198 
19 6 6 6 173 173 180 180 245 245 245 245 245 245 253 64 64 64 218 218 218 218 137 198 198 198 198 198 198 
6 6 6 6 6 131 197 197 245 245 245 245 245 253 253 64 64 64 218 218 218 218 137 137 198 198 198 198 6 
6 6 6 6 6 197 197 197 197 245 245 245 245 253 177 177 64 64 218 218 218 218 137 137 137 198 198 198 6 
149 149 149 149 149 131 197 197 197 245 245 245 253 177 177 177 177 64 218 218 218 218 137 137 137 137 198 149 149 
149 149 149 149 149 27 94 197 94 94 245 253 253 177 177 177 177 177 218 218 218 218 137 137 137 137 106 149 149 
149 149 149 149 27 27 27 27 199 199 17 17 17 177 177 177 177 177 177 218 218 45 137 106 106 106 106 106 149 
90 90 90 90 27 27 27 27 199 17 17 17 17 17 177 177 177 177 177 215 45 45 45 106 106 106 106 106 90 
90 90 90 90 27 27 27 27 199 17 17 17 17 17 17 177 177 215 215 215 45 45 45 106 106 106 106 106 90 
90 90 90 90 90 27 27 199 39 17 17 17 17 17 17 17 215 215 215 201 45 45 45 106 106 106 106 106 90 
90 90 90 183 183 183 183 199 17 17 17 17 17 17 17 17 201 201 201 201 201 45 45 106 106 106 106 106 90 
243 243 243 183 183 183 183 183 138 138 138 138 138 138 138 185 185 201 201 201 201 201 45 106 106 106 106 243 243 
243 243 243 183 183 183 183 98 98 138 138 138 138 138 138 185 185 184 184 184 184 184 184 229 229 229 106 243 243 
243 243 243 243 243 100 100 40 98 138 138 138 138 138 185 185 185 185 184 184 184 184 229 229 229 229 229 229 243 
243 243 243 100 100 100 100 100 40 40 40 40 138 185 185 185 185 185 185 184 184 184 229 229 229 229 229 229 243 
82 243 82 100 100 100 100 100 40 40 40 40 40 185 185 185 185 185 185 185 185 185 229 229 229 229 229 107 107 
82 82 100 100 100 100 100 100 40 40 40 40 40 185 185 185 185 185 185 185 185 185 229 229 229 107 107 107 107 
250 250 250 100 100 100 100 100 100 40 40 40 41 41 185 185 185 185 185 185 185 185 107 107 107 107 107 107 107 
250 250 250 100 100 100 100 100 100 40 40 91 41 41 41 233 233 233 233 233 233 233 107 107 107 107 107 107 250 
250 250 250 250 100 100 100 100 100 91 91 91 91 91 248 233 233 233 233 233 233 202 107 107 107 107 107 107 250 
136 136 136 222 208 208 208 208 208 91 91 91 91 91 248 248 233 233 233 233 202 202 202 202 107 107 3 3 136 
136 136 136 222 208 208 208 208 208 91 91 91 91 91 60 223 223 223 223 79 79 79 79 202 254 254 3 3 136 
136 136 136 222 208 208 208 208 208 91 91 91 91 91 60 223 223 223 79 79 79 79 79 202 254 186 3 3 136 
136 136 136 222 208 208 208 208 208 91 166 166 166 166 166 223 223 223 79 79 79 79 79 79 254 186 3 3 136 
136 136 136 222 172 172 172 172 166 166 166 166 166 166 166 223 223 79 79 79 79 79 79 239 239 186 175 175 175 
175 175 136 172 172 172 172 172 166 166 166 166 166 166 166 223 223 123 123 123 123 123 123 239 239 175 175 175 175 
175 19 172 172 172 172 172 172 166 166 166 166 166 166 166 166 123 123 123 123 123 123 123 123 49 49 175 175 175 
19 19 19 19 172 172 172 180 245 166 166 166 169 169 169 191 191 123 123 123 123 123 123 49 49 49 49 49 19 
19 19 19 19 173 173 173 180 245 245 245 245 245 245 191 191 191 191 123 123 123 123 123 49 49 49 49 49 19 
19 19 19 19 173 173 173 197 245 245 245 245 245 245 191 191 191 191 191 123 123 151 151 49 49 49 49 49 19 
19 19 6 6 173 173 197 197 197 245 245 245 245 245 217 64 64 64 64 218 151 151 151 151 198 49 49 49 19 
6 6 6 6 173 173 197 197 197 197 245 245 245 217 217 64 64 64 64 218 218 151 151 137 198 198 198 198 6 
6 6 6 6 173 197 197 197 197 197 245 245 217 217 217 177 64 64 64 218 218 218 137 137 137 198 198 6 6 
152 152 152 152 152 197 197 197 197 197 197 217 217 217 177 177 177 64 64 218 218 218 137 137 137 137 198 152 152 
152 152 152 152 152 197 197 197 197 197 197 217 217 217 177 177 177 177 64 218 218 218 137 137 137 106 106 152 152 
152 152 152 152 152 199 199 199 199 199 17 17 17 177 177 177 177 177 177 218 45 45 45 106 106 106 106 106 152 
90 90 90 90 90 199 199 199 199 199 17 17 17 17 177 177 177 177 177 215 45 45 45 106 106 106 106 106 90 
90 90 90 90 90 199 199 199 199 17 17 17 17 17 17 177 177 215 215 215 45 45 45 106 106 106 106 106 90 
90 90 90 90 90 90 199 199 39 17 17 17 17 17 17 17 215 215 215 215 45 45 45 45 106 106 106 106 90 
90 90 90 90 90 90 199 199 39 17 17 17 17 17 17 52 52 215 215 215 45 45 45 45 106 106 106 90 90 
90 243 243 243 183 183 183 98 205 17 17 17 17 17 17 52 52 52 215 201 184 45 45 45 106 106 106 90 90 
243 243 243 243 183 183 98 98 98 98 138 138 138 138 138 185 185 184 184 184 184 184 229 229 229 229 229 243 243 
243 243 243 243 100 100 100 40 98 98 40 138 138 138 185 185 185 184 184 184 184 184 229 229 229 229 229 229 243 
82 82 82 82 100 100 100 40 40 40 40 40 40 40 185 185 185 185 184 184 184 184 229 229 229 229 229 229 82 
82 82 82 100 100 100 100 40 40 40 40 40 40 40 185 185 185 185 185 185 184 184 229 229 229 229 229 107 93 
82 82 100 100 100 100 100 100 40 40 40 40 40 41 185 185 185 185 185 185 185 229 229 229 229 107 107 107 93 
250 250 250 100 100 100 100 100 80 40 40 40 41 41 41 185 185 185 185 185 185 107 107 107 107 107 107 107 93 
250 250 250 100 100 100 100 100 80 40 40 40 41 41 41 248 233 233 233 233 233 107 107 107 107 107 107 107 250 
250 250 250 250 100 100 100 100 100 91 91 91 91 41 248 248 248 233 233 233 233 79 107 107 107 107 107 3 250 
136 136 136 136 208 208 208 208 91 91 91 91 91 60 248 248 248 223 223 223 79 79 79 254 254 254 3 3 3 
136 136 136 136 208 208 208 208 208 91 91 91 91 60 60 248 223 223 223 79 79 79 79 158 254 254 3 3 3 
136 136 136 136 208 208 208 208 91 91 91 91 91 60 60 223 223 223 79 79 79 79 79 158 254 254 3 3 3 
136 136 136 136 208 208 208 208 91 91 91 166 166 60 60 223 223 223 79 79 79 79 79 79 254 254 3 3 3 
136 136 136 136 172 172 172 172 166 166 166 166 166 166 60 223 223 79 79 79 79 79 79 239 239 239 239 239 3 
19 136 136 172 172 172 172 172 166 166 166 166 166 166 166 223 223 79 123 123 123 123 123 239 239 239 239 175 175 
19 19 19 172 172 172 172 172 166 166 166 166 166 169 169 191 191 123 123 123 123 123 123 239 239 49 49 175 175 
19 19 19 19 173 173 173 173 169 169 169 169 169 169 169 191 191 191 191 123 123 123 123 239 49 49 49 49 19 
19 19 19 19 173 173 173 173 245 161 161 169 169 169 209 191 191 191 191 123 123 151 151 49 49 49 49 49 19 
19 19 19 19 173 173 173 197 197 161 161 161 245 245 191 191 191 191 191 191 151 151 151 151 49 49 49 19 19 
19 19 19 173 173 173 173 197 197 161 161 161 245 217 217 191 191 191 191 151 151 151 151 151 49 49 49 19 19 
6 6 6 173 173 173 197 197 197 197 161 161 217 217 217 217 64 64 64 151 151 151 151 151 151 49 49 19 19 
6 6 6 6 173 197 197 197 197 197 161 217 217 217 217 217 64 64 64 64 151 151 151 151 137 137 49 6 6 
152 152 152 152 152 197 197 197 197 197 197 217 217 217 217 177 177 64 64 64 151 151 151 137 137 143 143 152 152 
152 152 152 152 152 197 197 197 197 197 197 217 217 217 177 177 177 177 64 64 64 151 151 143 143 143 143 152 152 
152 152 152 152 152 199 199 199 199 199 199 17 217 177 177 177 177 177 177 177 45 45 45 143 143 143 143 143 152 
90 90 90 90 90 199 199 199 199 199 17 17 17 17 177 177 177 177 215 215 45 45 45 143 143 143 143 143 90 
90 90 90 90 90 199 199 199 199 39 17 17 17 17 17 177 215 215 215 215 45 45 45 45 106 106 106 106 90 
90 90 90 90 90 199 199 199 39 39 17 17 17 17 17 21 215 215 215 215 45 45 45 45 106 106 106 90 90 
90 90 90 90 90 199 199 199 39 39 17 17 17 17 17 52 52 215 215 215 215 45 45 45 106 106 106 90 90 
90 90 90 90 90 90 98 98 205 205 17 17 17 17 52 52 52 52 52 215 215 45 45 45 229 106 106 90 90 
243 243 243 243 178 178 98 98 98 98 205 205 205 205 52 52 52 52 184 184 184 184 184 229 229 229 15 15 90 
82 82 82 82 178 178 178 98 98 98 205 205 205 205 185 185 185 184 184 184 184 184 229 229 229 229 229 229 82 
82 82 82 82 100 100 40 40 40 40 40 40 40 40 185 185 185 184 184 184 184 184 229 229 229 229 229 229 82 
82 82 82 100 100 100 100 40 40 40 40 40 40 40 185 185 185 185 185 184 184 184 229 229 229 229 229 93 93 
82 82 82 100 100 100 100 80 40 40 40 40 40 40 41 185 185 185 185 185 184 184 229 229 229 107 107 93 93 
93 82 82 100 100 100 100 80 80 40 40 40 41 41 41 41 185 185 185 185 185 107 107 107 107 107 107 93 93 
250 250 250 100 100 100 100 80 80 40 40 41 41 41 41 41 248 248 233 233 233 107 107 107 107 107 107 107 93 
250 250 250 250 100 100 100 100 80 91 91 91 41 41 41 248 248 248 248 248 79 79 107 107 107 107 3 3 3 
136 136 136 136 74 74 74 74 74 91 91 91 60 60 248 248 248 248 248 248 79 79 158 254 254 254 3 3 3 
136 136 136 136 74 74 74 74 74 91 91 91 60 60 60 248 248 223 223 79 79 79 158 158 254 254 3 3 3 
136 136 136 136 74 74 74 74 74 91 91 91 60 60 60 248 223 223 223 79 79 79 78 158 254 254 3 3 3 
136 136 136 136 74 74 74 74 169 169 169 169 60 60 60 248 223 223 79 79 79 78 78 158 254 254 3 3 3 
136 136 136 136 74 74 74 169 169 169 169 169 169 169 60 248 223 79 79 79 79 78 78 239 239 239 239 239 3 
19 19 19 19 172 172 172 169 169 169 169 169 169 169 169 169 223 79 79 79 123 123 78 239 239 239 239 239 239 
19 19 19 19 172 172 172 172 169 169 169 169 169 169 169 191 191 191 123 123 123 123 123 239 239 239 239 239 239 
19 19 19 19 173 173 173 161 161 169 169 169 169 169 209 191 191 191 191 191 123 123 151 239 239 239 239 19 19 
19 19 19 19 173 173 173 161 161 161 161 169 169 169 209 191 191 191 191 191 151 151 151 151 49 49 49 19 19 
19 19 19 19 173 173 173 173 161 161 161 161 161 209 209 191 191 191 191 191 151 151 151 151 49 49 49 19 19 
19 19 19 173 173 173 173 197 161 161 161 161 161 217 217 191 191 191 191 151 151 151 151 151 49 49 49 19 19 
19 19 19 173 173 173 197 197 197 161 161 161 217 217 217 217 64 64 64 151 151 151 151 151 151 49 49 19 19 
6 6 6 6 173 197 197 197 197 197 161 161 217 217 217 217 64 64 64 64 151 151 151 151 151 143 143 19 19 
152 152 152 152 173 197 197 197 197 197 197 217 217 217 217 217 177 64 64 64 151 151 151 143 143 143 143 143 152 
152 152 152 152 105 197 197 197 197 197 197 217 217 217 217 177 177 177 64 64 151 151 143 143 143 143 143 143 152 
152 152 152 152 105 199 199 199 199 199 199 17 217 217 177 177 177 177 177 215 215 45 143 143 143 143 143 143 143 
90 90 90 90 105 199 199 199 199 199 39 17 17 17 177 177 177 215 215 215 215 45 143 143 143 143 143 143 143 
90 90 90 90 90 199 199 199 199 39 39 17 17 17 21 21 21 215 215 215 215 45 45 143 143 143 143 143 90 
90 90 90 90 90 199 199 199 39 39 39 17 17 17 21 21 215 215 215 215 215 45 45 143 143 143 143 143 90 
90 90 90 90 90 199 199 199 39 39 39 17 17 17 21 52 52 52 215 215 215 45 45 143 143 143 143 90 90 
90 90 90 90 90 199 199 205 205 205 39 17 17 17 52 52 52 52 52 215 215 45 45 15 15 15 15 15 90 
174 174 174 174 178 178 178 205 205 205 98 98 98 98 52 52 52 52 52 184 184 184 184 15 15 15 15 15 174 
174 174 174 174 178 178 178 205 205 98 205 205 205 205 132 52 52 52 184 184 184 184 229 229 15 15 15 15 174 
82 82 82 82 178 178 178 40 40 40 40 40 40 40 132 132 185 184 184 184 184 184 229 229 229 229 15 15 82 
82 82 82 82 178 178 178 40 40 40 40 40 40 40 132 132 130 130 130 184 184 249 229 229 229 229 229 93 93 
93 82 82 82 100 100 80 80 40 40 40 40 40 40 132 130 130 130 130 130 184 249 229 229 229 107 93 93 93 
93 82 82 100 100 100 80 80 80 40 40 40 41 41 41 41 130 130 130 130 130 249 107 107 107 107 93 93 93 
93 250 250 100 100 100 80 80 80 40 40 41 41 41 41 41 130 130 130 130 130 107 107 107 107 107 107 93 93 
250 250 250 250 100 100 80 80 80 80 91 41 41 41 41 248 248 248 130 130 78 78 158 158 254 254 3 3 3 
3 250 250 250 74 74 74 74 74 91 91 60 60 60 248 248 248 248 248 248 78 78 158 158 254 254 3 3 3 
3 136 136 136 74 74 74 74 74 91 91 60 60 60 248 248 248 248 248 79 78 78 158 158 254 254 3 3 3 
3 136 136 136 74 74 74 74 74 91 91 60 60 60 60 248 248 248 79 79 78 78 78 158 158 254 3 3 3 
3 136 136 136 74 74 74 74 169 169 169 169 169 60 60 248 248 248 79 79 78 78 78 158 158 254 3 3 3 
3 3 136 136 74 74 74 74 169 169 169 169 169 169 60 248 248 79 79 79 78 78 78 239 239 239 239 239 3 
3 19 19 19 74 74 74 169 169 169 169 169 169 169 169 169 248 79 79 79 79 78 78 239 239 239 239 239 239 
19 19 19 19 172 172 172 169 169 169 169 169 169 169 169 191 191 191 191 123 123 123 239 239 239 239 239 239 239 
19 19 19 19 173 146 146 161 161 161 169 169 169 169 209 209 191 191 191 191 191 188 168 239 239 239 239 239 19 
19 19 19 19 173 173 173 161 161 161 161 161 169 209 209 209 191 191 191 191 151 151 151 151 239 239 239 19 19 
19 19 19 19 173 173 173 161 161 161 161 161 161 209 209 209 191 191 191 191 151 151 151 151 151 49 49 19 19 
19 19 19 173 173 173 173 161 161 161 161 161 161 161 209 209 191 191 191 151 151 151 151 151 151 49 49 19 19 
19 19 19 173 173 173 197 197 161 161 161 161 161 217 217 217 191 191 191 151 151 151 151 151 151 151 49 19 19 
43 43 43 43 173 197 197 197 197 161 161 161 217 217 217 217 64 64 64 151 151 151 151 151 151 143 143 43 43 
152 43 43 105 105 197 197 197 197 197 161 161 217 217 217 217 177 64 64 64 151 151 151 143 143 143 143 143 43 
152 152 105 105 105 197 197 197 197 197 197 182 217 217 217 217 177 177 64 64 151 151 143 143 143 143 143 143 143 
152 152 105 105 105 199 199 199 199 199 199 182 182 217 217 177 177 177 16 215 119 119 143 143 143 143 143 143 143 
90 90 90 105 105 199 199 199 199 199 39 17 17 182 21 21 21 16 215 215 215 215 143 143 143 143 143 143 143 
90 90 90 90 105 199 199 199 199 39 39 39 17 21 21 21 21 215 215 215 215 215 143 143 143 143 143 143 143 
90 90 90 90 59 199 199 199 39 39 39 39 39 21 21 21 21 215 215 215 215 215 45 143 143 143 143 143 143 
90 90 90 90 59 199 199 199 39 39 39 39 17 21 21 21 21 52 215 215 215 215 45 143 143 143 143 143 90 
174 174 174 174 59 232 232 205 205 205 205 205 17 21 21 52 52 52 52 215 215 215 15 15 15 15 15 15 174 
174 174 174 174 174 232 232 205 205 205 98 98 98 48 48 241 52 52 52 52 184 184 15 15 15 15 15 15 174 
174 174 174 174 178 178 178 40 205 98 98 98 98 132 132 241 241 241 241 241 184 249 249 15 15 15 15 15 174 
174 174 174 178 178 178 178 40 40 40 40 40 40 132 132 132 241 241 241 241 184 249 249 15 15 15 15 15 174 
82 82 82 178 178 178 178 40 40 40 40 40 40 132 132 132 130 130 130 130 249 249 249 249 15 15 15 93 93 
93 82 82 178 178 178 178 80 40 40 40 40 40 132 132 130 130 130 130 130 130 249 249 135 135 135 93 93 93 
93 93 82 178 178 178 80 80 80 40 40 40 41 41 41 130 130 130 130 130 130 249 249 135 135 135 135 93 93 
93 93 93 100 100 80 80 80 80 80 40 41 41 41 41 130 130 130 130 130 130 249 249 135 135 135 135 93 93 
3 3 250 250 100 80 80 80 80 80 40 41 41 41 41 248 248 130 130 130 130 139 158 158 254 254 3 3 3 
3 3 3 74 74 74 74 74 74 91 60 60 60 60 248 248 248 248 248 248 139 139 158 158 158 254 3 3 3 
3 3 3 74 74 74 74 74 74 91 60 60 60 60 248 248 248 248 248 248 78 78 158 158 158 254 3 3 3 
3 3 3 74 74 74 74 74 74 169 60 60 60 60 248 248 248 248 248 79 78 78 158 158 158 254 3 3 3 
3 3 3 74 74 74 74 74 169 169 169 169 169 60 248 248 248 248 248 79 78 78 78 158 158 239 3 3 3 
3 3 3 74 74 74 74 74 169 169 169 169 169 169 248 248 248 248 79 79 78 78 78 239 239 239 239 239 3 
3 19 19 89 74 74 146 146 169 169 169 169 169 169 169 169 248 191 79 79 79 78 78 239 239 239 239 239 239 
19 19 19 19 146 146 146 146 146 169 169 169 169 169 169 209 191 191 191 191 123 123 239 239 239 239 239 239 239 
19 19 19 19 146 146 146 146 146 161 161 169 169 209 209 209 209 209 188 188 188 188 168 168 168 168 239 239 19 
19 19 19 19 146 146 146 146 161 161 161 161 161 209 209 209 209 209 188 188 188 188 168 168 168 168 168 19 19 
19 19 19 173 173 173 146 161 161 161 161 161 161 209 209 209 209 209 188 188 188 151 151 168 168 168 168 19 19 
43 43 43 43 173 173 173 161 161 161 161 161 161 209 209 209 209 209 188 188 151 151 151 151 168 168 168 43 43 
43 43 43 43 173 173 197 161 161 161 161 161 161 161 209 209 209 209 188 188 151 151 151 151 151 143 143 43 43 
43 43 43 43 173 197 197 197 161 161 161 161 161 217 217 217 210 210 210 210 151 151 151 151 143 143 143 43 43 
43 43 43 105 105 197 197 197 197 161 161 161 217 217 217 217 210 210 210 210 151 151 151 143 143 143 143 143 43 
43 43 105 105 105 105 197 197 197 197 161 182 182 182 182 126 126 16 16 119 119 119 143 143 143 143 143 143 43 
43 105 105 105 105 105 199 199 199 199 182 182 182 182 182 182 16 16 16 16 119 119 143 143 143 143 143 143 143 
90 105 105 105 105 105 199 199 199 199 199 182 182 182 182 21 21 16 16 16 119 119 143 143 143 143 143 143 143 
90 90 59 105 105 105 199 199 199 39 39 182 182 182 21 21 21 21 215 215 215 119 143 143 143 143 143 143 143 
90 59 59 59 59 59 199 199 39 39 39 39 182 21 21 21 21 21 215 215 215 215 143 143 143 143 143 143 143 
90 90 59 59 59 59 232 199 39 39 39 39 21 21 21 21 21 21 215 215 215 215 143 143 143 143 143 143 143 
174 174 174 174 59 232 232 232 232 205 205 205 48 48 48 48 241 241 241 241 215 249 249 15 15 15 15 15 174 
174 174 174 174 174 232 232 232 232 205 98 98 98 48 48 241 241 241 241 241 249 249 249 15 15 15 15 15 174 
174 174 174 174 178 178 178 232 232 40 98 40 40 132 132 132 241 241 241 241 249 249 249 15 15 15 15 15 174 
174 174 174 178 178 178 178 178 40 40 40 40 40 132 132 132 132 241 241 249 249 249 249 15 15 15 15 15 174 
174 174 174 178 178 178 178 178 40 40 40 40 40 132 132 132 132 130 130 249 249 249 249 249 15 15 15 93 93 
93 82 82 178 178 178 178 178 40 40 40 40 40 132 132 132 130 130 130 130 249 249 249 249 135 135 135 93 93 
93 93 82 178 178 178 178 80 80 40 40 40 41 132 132 130 130 130 130 130 249 249 249 135 135 135 135 93 93 
93 93 93 178 178 80 80 80 80 80 40 41 41 41 41 130 130 130 130 130 249 249 249 135 135 135 135 93 93 
3 3 250 178 178 80 80 80 80 80 40 41 41 41 41 130 130 130 130 130 139 139 139 158 135 135 3 3 3 
3 3 3 74 74 74 74 74 114 114 114 60 60 60 60 248 248 248 130 139 139 139 139 158 158 254 3 3 3 
3 3 3 74 74 74 74 74 114 114 60 60 60 60 248 248 248 248 248 139 139 139 139 158 158 254 3 3 3 
3 3 3 74 74 74 74 74 114 114 114 60 60 60 248 248 248 248 248 139 139 139 139 158 158 254 3 3 3 
3 3 3 89 89 74 74 74 169 169 169 169 169 60 248 248 248 248 248 190 190 190 190 158 158 239 3 3 3 
3 3 89 89 89 74 74 146 169 169 169 169 169 169 248 248 248 248 248 79 190 190 190 239 239 239 239 239 3 
3 3 89 89 89 146 146 146 146 169 169 169 169 169 169 248 209 191 188 188 188 190 190 239 239 239 239 239 239 
19 19 19 89 146 146 146 146 146 169 169 169 169 169 209 209 209 191 188 188 188 188 168 239 239 239 239 239 239 
19 19 19 146 146 146 146 146 146 146 161 161 169 209 209 209 209 209 188 188 188 188 168 168 168 168 168 168 19 
19 19 19 146 146 146 146 146 146 161 161 161 161 209 209 209 209 209 188 188 188 188 168 168 168 168 168 168 19 
19 19 84 43 146 146 146 146 161 161 161 161 161 209 209 209 209 209 188 188 188 188 168 168 168 168 168 43 43 
43 43 43 43 43 146 203 161 161 161 161 161 161 209 209 209 209 188 188 188 188 188 168 168 168 168 168 43 43 
43 43 43 43 43 146 161 161 161 161 161 161 161 161 209 210 210 210 210 188 188 188 151 168 168 168 43 43 43 
43 43 43 43 105 105 197 161 161 161 161 161 161 161 126 210 210 210 210 210 210 188 151 168 143 143 143 43 43 
43 43 43 105 105 105 197 197 161 161 161 161 30 30 126 126 210 210 210 210 119 119 119 143 143 143 143 206 43 
43 43 105 105 105 105 105 197 11 11 11 182 182 182 182 126 126 16 16 119 119 119 119 143 143 143 143 143 43 
43 105 105 105 105 105 105 105 199 11 11 182 182 182 182 182 16 16 16 16 119 119 119 143 143 143 143 143 143 
105 105 105 105 105 105 105 105 199 199 11 182 182 182 182 182 16 16 16 16 119 119 119 143 143 143 143 143 143 
59 59 59 59 105 105 105 199 199 39 182 182 182 182 182 21 21 16 16 16 119 119 119 143 143 143 143 143 143 
116 59 59 59 59 59 59 199 39 39 39 182 182 182 21 21 21 21 21 215 119 119 119 143 143 143 143 143 143 
116 116 59 59 59 59 59 232 232 37 37 37 182 48 48 21 21 241 241 215 215 119 119 143 143 143 143 143 143 
116 116 116 59 59 232 232 232 232 37 37 37 48 48 48 48 48 241 241 241 241 249 249 15 15 15 15 15 116 
174 174 174 174 174 232 232 232 232 37 37 37 37 48 48 48 241 241 241 241 249 249 249 15 15 15 15 15 174 
174 174 174 174 178 178 232 232 232 37 37 37 37 132 132 132 241 241 241 241 249 249 249 15 15 15 15 15 174 
174 174 174 178 178 178 232 232 232 232 37 37 132 132 132 132 132 241 241 249 249 249 249 249 15 15 15 15 174 
174 174 174 178 178 178 178 178 232 40 40 40 132 132 132 132 132 132 130 249 249 249 249 249 249 15 15 15 174 
174 174 174 178 178 178 178 178 40 40 40 40 132 132 132 132 132 130 130 249 249 249 249 249 135 135 135 135 93 
93 93 122 178 178 178 178 178 178 40 40 40 132 132 132 132 130 130 130 130 249 249 249 249 135 135 135 135 93 
93 122 122 178 178 178 178 178 80 80 40 114 41 132 132 130 130 130 130 130 249 249 249 249 135 135 135 135 93 
212 212 212 212 178 80 80 80 114 114 114 114 41 41 132 130 130 130 130 130 139 139 139 139 135 135 3 3 3 
3 212 212 212 212 74 74 114 114 114 114 114 60 60 60 248 130 130 130 139 139 139 139 139 158 254 3 3 3 
212 212 212 212 89 74 74 114 114 114 114 114 60 60 60 248 248 248 29 139 139 139 139 139 158 158 3 3 3 
3 212 212 89 89 74 74 114 114 114 114 114 60 60 248 248 248 248 29 139 139 139 139 139 158 254 3 3 3 
3 212 89 89 89 89 89 114 114 114 114 169 169 60 248 248 248 248 29 190 190 190 190 190 190 239 3 3 3 
3 89 89 89 89 89 89 89 114 169 169 169 169 169 211 248 211 248 190 190 190 190 190 190 239 239 239 239 3 
3 89 89 89 89 89 146 203 146 169 169 169 169 169 211 211 211 188 188 188 190 190 190 168 239 239 239 239 239 
19 19 89 89 146 146 146 146 146 146 146 169 169 169 209 209 209 188 188 188 188 188 168 168 168 168 239 239 239 
144 144 144 144 146 146 146 203 146 146 146 247 247 247 209 209 209 188 188 188 188 188 168 168 168 168 168 168 168 
144 144 144 146 146 146 146 146 146 146 161 247 247 247 209 209 209 188 188 65 188 188 168 168 168 168 168 168 144 
84 84 84 84 146 146 146 203 146 161 161 161 247 247 209 209 209 188 188 188 188 188 168 168 168 168 168 168 84 
43 43 43 43 43 146 203 203 161 161 161 161 247 247 247 209 210 210 188 188 188 188 168 168 168 168 168 43 43 
43 43 43 43 43 43 161 161 161 161 161 161 161 247 247 210 210 210 210 210 210 188 168 168 168 168 206 43 43 
43 43 43 43 105 105 197 161 161 161 161 161 30 30 126 210 210 210 210 210 210 119 119 168 168 143 206 43 43 
43 43 43 105 105 105 105 11 11 11 11 11 30 30 126 126 126 210 210 210 119 119 119 119 143 143 206 206 43 
43 43 105 105 105 105 105 11 11 11 11 11 182 182 126 126 126 16 16 119 119 119 119 119 143 143 206 206 43 
43 105 105 105 105 105 105 11 11 11 11 182 182 182 182 126 16 16 16 119 119 119 119 119 143 143 143 206 206 
105 105 105 105 105 105 105 11 11 11 11 182 182 182 182 182 16 16 16 119 119 119 119 143 143 143 143 143 143 
59 59 59 59 59 105 105 11 11 11 11 182 182 182 182 182 16 16 16 119 119 119 119 143 143 143 143 143 143 
116 59 59 59 59 59 59 232 232 37 37 182 182 182 182 48 21 16 16 119 119 119 119 143 143 143 143 143 143 
116 116 116 59 59 59 232 232 232 37 37 37 182 48 48 48 48 48 48 241 119 119 119 143 143 143 143 143 116 
116 116 116 59 59 232 232 232 232 37 37 37 37 48 48 48 48 241 241 241 241 249 249 249 15 15 15 116 116 
116 116 116 116 59 232 232 232 232 37 37 37 37 48 48 48 241 241 241 241 249 249 249 249 15 15 15 15 116 
174 174 174 174 178 232 232 232 232 37 37 37 37 132 132 132 132 241 241 249 249 249 249 249 15 15 15 15 116 
174 174 174 178 178 232 232 232 232 37 37 37 132 132 132 132 132 132 241 249 249 249 249 249 15 15 15 15 174 
174 174 174 178 178 178 232 232 232 37 37 37 132 132 132 132 132 132 132 249 249 249 249 249 110 110 110 110 110 
122 122 122 178 178 178 178 232 232 37 37 132 132 132 132 132 132 132 132 249 249 249 249 249 110 110 110 110 110 
122 122 122 178 178 178 178 178 178 114 37 132 132 132 132 132 132 130 130 249 249 249 249 110 110 110 110 110 110 
122 122 122 122 178 178 178 178 114 114 114 114 132 132 132 132 132 130 130 249 249 249 249 110 110 110 110 110 110 
212 212 212 212 212 178 114 114 114 114 114 114 230 230 230 132 130 130 130 139 139 139 139 20 20 20 20 20 212 
212 212 212 212 212 89 114 114 114 114 114 114 230 230 230 230 29 29 29 139 139 139 139 139 20 20 20 20 212 
212 212 212 212 89 89 114 114 114 114 114 114 230 230 230 29 29 29 29 139 139 139 139 139 20 20 20 3 212 
212 212 212 89 89 89 89 114 114 114 114 114 230 230 230 29 29 29 29 139 139 139 139 139 139 20 3 3 212 
212 212 89 89 89 89 89 114 114 114 114 114 230 230 211 211 29 29 29 190 190 190 190 190 190 190 3 3 212 
212 89 89 89 89 89 89 89 114 114 114 114 230 211 211 211 211 29 29 190 190 190 190 190 190 190 239 239 212 
212 89 89 89 89 89 89 203 203 114 114 169 247 211 211 211 211 211 188 188 190 190 190 190 168 168 239 239 239 
144 144 89 89 89 146 146 203 203 146 146 247 247 247 211 211 211 188 188 188 188 188 168 168 168 168 168 239 239 
144 144 144 144 146 146 146 146 146 146 146 247 247 247 247 247 209 188 188 188 188 188 168 168 168 168 102 102 102 
144 144 144 144 146 146 146 146 146 146 247 247 247 247 247 247 209 188 188 188 188 188 168 168 168 168 102 102 144 
84 84 84 84 146 146 146 146 146 146 161 247 247 247 247 247 209 188 188 188 188 188 168 168 168 168 102 102 84 
84 84 84 84 84 146 146 146 146 161 161 247 247 247 247 210 210 210 210 188 188 188 168 168 168 168 102 84 84 
43 43 43 43 43 85 85 85 85 161 161 161 247 247 247 210 210 210 210 210 210 188 168 168 168 168 206 206 43 
43 43 43 43 105 85 85 85 11 11 11 11 30 30 126 210 210 210 210 210 210 119 119 81 81 206 206 206 43 
43 43 43 105 105 105 85 11 11 11 11 11 30 30 126 126 126 210 210 210 119 119 119 119 81 206 206 206 206 
43 43 105 105 105 105 105 11 11 11 11 11 30 30 126 126 126 126 210 119 119 119 119 119 104 104 206 206 206 
43 105 105 105 105 105 105 11 11 11 11 11 182 30 126 126 126 16 16 119 119 119 119 119 104 104 104 206 206 
105 105 105 105 105 105 105 11 11 11 11 182 182 182 182 126 16 16 16 119 119 119 119 119 104 104 104 104 206 
59 59 59 59 59 105 105 11 11 11 11 182 182 182 182 182 16 16 16 119 119 119 119 119 104 104 104 104 104 
116 59 59 59 59 59 59 2 37 37 37 182 182 182 182 48 48 16 16 119 119 119 119 119 104 104 104 104 104 
116 116 116 59 59 59 59 232 37 37 37 37 182 48 48 48 48 48 48 119 119 119 119 119 104 104 104 104 116 
116 116 116 59 59 232 232 232 37 37 37 37 37 48 48 48 48 241 241 241 119 119 119 119 15 15 15 116 116 
116 116 116 33 33 232 232 232 37 37 37 37 37 48 48 48 48 241 241 241 249 249 249 249 15 15 15 15 116 
116 116 33 33 33 232 232 232 232 37 37 37 37 132 132 132 132 241 241 249 249 249 249 249 249 15 15 15 116 
56 56 33 33 33 232 232 232 232 37 37 37 132 132 132 132 132 132 132 249 249 249 249 249 110 110 110 110 56 
122 122 122 33 178 232 232 232 232 37 37 37 132 132 132 132 132 132 132 249 249 249 249 249 110 110 110 110 110 
122 122 122 122 122 232 232 232 232 37 37 37 132 132 132 132 132 132 132 249 249 249 249 110 110 110 110 110 122 
122 122 122 122 122 178 178 178 114 114 216 216 132 132 132 132 132 132 132 249 249 249 249 110 110 110 110 110 122 
122 122 122 122 122 178 220 114 114 114 114 114 114 132 132 132 132 132 130 249 249 249 249 110 110 110 110 110 122 
212 212 212 212 212 220 220 114 114 114 114 114 230 230 230 230 132 130 29 139 139 139 139 20 20 20 20 20 212 
212 212 212 212 212 89 114 114 114 114 114 114 230 230 230 230 29 29 29 139 139 139 139 20 20 20 20 20 212 
212 212 212 212 89 89 114 114 114 114 114 114 230 230 230 29 29 29 29 139 139 139 139 139 20 20 20 20 212 
212 212 212 89 89 89 89 114 114 114 114 114 230 230 230 29 29 29 29 29 139 139 139 139 139 20 20 212 212 
212 212 89 89 89 89 89 114 114 114 114 114 230 230 211 211 29 29 29 29 190 190 190 190 190 190 20 212 212 
212 89 89 89 89 89 89 114 114 114 114 114 230 211 211 211 211 29 29 29 190 190 190 190 190 4 4 212 212 
89 89 89 89 89 89 89 203 114 114 114 7 12 211 211 211 211 211 29 188 190 190 190 168 168 4 4 4 212 
144 144 89 89 89 146 146 203 203 146 146 247 247 247 211 211 211 211 188 188 188 188 168 168 168 102 102 102 102 
144 144 144 144 5 146 146 146 146 146 7 247 247 247 247 247 211 188 188 188 188 188 168 168 102 102 102 102 102 
144 144 144 144 144 146 146 146 146 146 247 247 247 247 247 247 247 188 188 188 188 188 168 168 102 102 102 102 144 
84 84 84 84 84 146 146 146 146 146 247 247 247 247 247 247 210 210 188 188 188 188 168 168 102 102 102 102 84 
84 84 84 84 84 85 85 85 85 85 85 247 247 247 247 247 210 210 210 210 188 188 168 168 102 102 102 102 84 
84 84 84 84 85 85 85 85 85 85 85 247 247 247 247 210 210 210 210 210 210 188 81 81 102 102 102 206 84 
43 43 43 43 85 85 85 85 85 11 11 11 30 30 126 126 210 210 210 210 210 119 81 81 81 206 206 206 43 
43 43 43 43 85 85 85 85 11 11 11 11 30 30 126 126 126 210 210 210 119 119 81 81 81 206 206 206 206 
206 43 105 105 105 85 85 11 11 11 11 11 30 30 126 126 126 126 126 119 119 119 119 81 81 104 206 206 206 
206 105 105 105 105 105 105 11 11 11 11 11 30 30 126 126 126 126 119 119 119 119 119 119 104 104 104 206 206 
206 105 105 105 105 2 2 11 11 11 11 11 182 182 126 126 126 126 119 119 119 119 119 119 104 104 104 104 206 
59 59 59 59 2 2 2 2 11 11 11 182 182 182 182 126 126 126 119 119 119 119 119 119 104 104 104 104 104 
116 59 59 59 2 2 2 2 28 28 28 28 182 182 182 48 48 48 119 119 119 119 119 119 104 104 104 104 104 
116 116 59 2 2 2 2 2 28 28 28 28 182 182 48 48 48 48 157 157 119 119 119 119 104 104 104 104 104 
116 116 33 33 2 2 2 232 28 37 37 37 37 37 48 48 48 157 157 157 157 157 119 119 104 104 104 104 116 
116 33 33 33 33 232 232 232 37 37 37 37 37 37 48 48 48 157 157 157 157 249 249 249 15 15 15 15 56 
56 33 33 33 33 232 232 232 37 37 37 37 37 132 132 132 132 132 157 249 249 249 249 249 110 110 110 110 56 
56 56 33 33 33 232 232 232 232 37 37 37 37 132 132 132 132 132 132 249 249 249 249 249 110 110 110 110 56 
56 56 56 33 33 232 232 232 232 37 37 37 216 132 132 132 132 132 132 249 249 249 249 110 110 110 110 110 56 
122 122 122 122 33 232 232 232 232 216 216 216 216 132 132 132 132 132 132 249 249 249 249 110 110 110 110 110 122 
122 122 122 122 122 220 220 220 220 216 216 216 216 132 132 132 132 132 132 249 249 249 110 110 110 110 110 110 122 
122 122 122 122 122 220 220 220 114 114 114 216 216 216 132 132 132 132 132 249 249 249 110 110 110 110 110 110 122 
212 212 212 212 212 220 220 220 114 114 114 114 230 230 230 230 29 29 29 29 163 163 163 20 20 20 20 20 212 
212 212 212 212 155 220 220 114 114 114 114 114 230 230 230 230 29 29 29 29 163 163 163 20 20 20 20 20 212 
212 212 212 155 155 89 114 114 114 114 114 114 230 176 230 29 29 29 29 29 163 163 163 20 20 20 20 212 212 
212 212 212 155 89 89 89 114 114 114 114 114 230 230 230 29 29 29 29 29 139 163 163 163 20 20 20 212 212 
212 212 155 89 89 89 89 114 114 114 114 114 230 230 211 29 29 29 29 29 29 190 190 190 4 4 4 212 212 
212 89 89 89 89 89 89 114 114 114 114 114 12 12 211 211 211 29 29 29 29 190 190 190 4 4 4 4 212 
89 89 89 89 89 89 89 89 114 7 7 7 12 12 211 211 211 211 29 29 188 190 190 4 4 4 4 4 212 
144 144 89 89 89 89 146 146 146 146 7 7 247 247 211 211 211 211 188 188 188 188 168 102 102 102 102 102 102 
144 144 144 144 5 5 5 146 146 7 7 7 247 247 247 247 211 188 188 188 188 188 102 102 102 102 102 102 102 
144 144 144 144 5 5 5 146 146 7 7 247 247 247 247 247 247 188 188 188 188 188 102 102 102 102 102 102 102 
84 84 84 84 5 5 5 85 85 85 247 247 247 247 247 247 247 210 188 188 188 188 102 102 102 102 102 102 84 
84 84 84 84 85 85 85 85 85 85 85 247 247 247 247 247 210 210 210 210 210 188 102 102 102 102 102 102 84 
84 84 84 84 85 85 85 85 85 85 85 85 247 247 247 210 210 210 210 210 210 81 81 102 102 102 102 102 84 
84 84 84 84 85 85 85 85 85 85 11 11 30 30 126 126 210 210 210 210 210 81 81 81 81 81 206 206 206 
84 1 1 1 85 85 85 85 85 11 11 11 30 30 126 126 126 210 210 210 119 81 81 81 81 81 206 206 206 
206 1 1 1 1 85 85 85 11 11 11 11 30 30 126 126 126 126 126 119 119 119 81 81 81 81 206 206 206 
206 1 1 1 1 2 85 11 11 11 11 11 30 30 126 126 126 126 119 119 119 119 119 81 81 104 104 206 206 
206 1 1 2 2 2 2 11 11 11 11 11 30 30 126 126 126 126 119 119 119 119 119 119 104 104 104 104 206 
1 1 2 2 2 2 2 2 2 11 11 11 30 30 126 126 126 126 119 119 119 119 119 119 104 104 104 104 104 
2 2 2 2 2 2 2 2 28 28 28 28 28 182 182 48 48 157 157 119 119 119 119 119 104 104 104 104 104 
116 33 2 2 2 2 2 2 28 28 28 28 28 182 48 48 48 157 157 157 157 181 181 181 104 104 104 104 104 
33 33 33 33 2 2 2 28 28 28 28 28 28 28 48 48 48 157 157 157 157 181 181 181 181 104 104 104 56 
56 33 33 33 33 33 96 96 96 28 28 28 28 28 48 48 157 157 157 157 157 181 181 181 181 110 110 56 56 
56 33 33 33 33 33 96 96 96 96 37 37 37 132 132 132 132 157 157 157 157 181 181 181 110 110 110 56 56 
56 56 33 33 33 33 96 96 96 96 37 37 141 132 132 132 132 132 157 157 249 249 249 110 110 110 110 110 56 
56 56 56 33 33 33 96 96 96 96 216 216 216 216 132 132 132 132 132 249 249 249 249 110 110 110 110 110 56 
56 56 56 56 33 33 96 96 96 216 216 216 216 216 132 132 132 132 132 249 249 249 110 110 110 110 110 110 56 
122 122 122 122 122 220 220 220 220 216 216 216 216 216 132 132 132 132 132 249 249 249 110 110 110 110 110 110 122 
122 122 122 122 122 220 220 220 220 114 216 216 216 216 216 132 132 132 29 249 163 163 110 110 110 110 110 110 122 
212 212 212 212 212 220 220 220 220 114 114 114 230 230 230 230 29 29 29 163 163 163 163 20 20 20 20 20 212 
212 212 212 212 155 220 220 220 114 114 114 114 230 230 230 230 29 29 29 163 163 163 163 20 20 20 20 20 212 
212 212 212 155 155 155 114 114 114 114 114 114 230 230 230 29 29 29 29 163 163 163 163 163 20 20 20 20 212 
212 212 155 155 155 89 89 114 114 114 114 114 230 230 230 29 29 29 29 29 163 163 163 163 163 4 4 4 212 
212 155 155 155 89 89 89 114 114 114 114 114 230 12 12 29 29 29 29 29 163 163 163 163 4 4 4 4 212 
212 155 155 89 89 89 89 114 114 114 114 114 12 12 12 211 211 29 29 29 29 163 163 4 4 4 4 4 212 
89 89 89 89 89 89 89 89 114 7 7 7 12 12 12 211 211 211 29 29 29 163 4 4 4 4 4 4 4 
89 89 89 89 89 89 89 146 146 7 7 7 12 12 12 211 211 211 211 188 188 188 102 102 102 102 102 102 102 
144 144 144 5 5 5 5 5 57 7 7 7 247 247 247 247 247 188 188 188 188 102 102 102 102 102 102 102 102 
144 144 144 5 5 5 5 5 57 57 57 7 247 247 247 247 247 108 108 108 108 102 102 102 102 102 102 102 102 
84 84 84 84 5 5 5 85 26 26 26 247 247 247 247 247 247 108 108 108 108 108 102 102 102 102 102 102 102 
84 84 84 84 85 85 85 85 85 26 26 247 247 247 247 247 210 210 108 108 108 108 102 102 102 102 102 102 102 
84 84 84 84 85 85 85 85 85 85 85 170 170 170 170 170 210 210 108 108 108 108 81 102 102 102 102 102 84 
84 1 1 1 85 85 85 85 85 85 85 170 170 170 170 170 126 210 210 210 108 81 81 81 81 81 102 206 206 
1 1 1 1 1 85 85 85 85 85 11 11 170 170 170 126 126 126 210 63 63 81 81 81 81 81 206 206 206 
1 1 1 1 1 85 85 85 85 11 11 11 30 30 126 126 126 126 126 63 63 81 81 81 81 81 206 206 206 
1 1 1 1 1 1 85 85 11 11 11 11 30 30 126 126 126 126 63 63 63 63 81 81 81 81 104 206 206 
1 1 1 1 2 2 2 2 11 11 11 11 30 30 126 126 126 126 63 63 63 63 63 81 81 104 104 104 206 
1 1 1 2 2 2 2 2 2 11 11 28 30 30 126 126 126 126 63 63 63 63 63 63 104 104 104 104 104 
2 2 2 2 2 2 2 2 28 28 28 28 28 28 126 126 157 157 157 157 181 181 63 63 104 104 104 104 104 
33 33 2 2 2 2 2 2 28 28 28 28 28 28 10 48 157 157 157 157 157 181 181 181 181 104 104 104 75 
33 33 33 33 2 2 2 28 28 28 28 28 28 28 10 48 157 157 157 157 157 181 181 181 181 181 104 56 56 
56 33 33 33 33 96 96 96 28 28 28 28 28 28 10 48 157 157 157 157 157 181 181 181 181 181 110 56 56 
56 33 33 33 33 96 96 96 96 28 28 28 141 141 132 132 132 157 157 157 157 181 181 181 181 110 110 56 56 
56 56 33 33 33 96 96 96 96 96 141 141 141 141 132 132 132 132 157 157 157 181 181 110 110 110 110 56 56 
56 56 56 33 33 33 96 96 96 141 141 141 141 23 23 132 132 132 117 117 249 249 117 110 110 110 110 56 56 
56 56 56 56 33 33 96 96 141 141 216 216 216 23 23 23 132 132 117 117 117 117 110 110 110 110 110 110 56 
56 56 56 56 56 220 220 220 220 216 216 216 216 216 23 23 23 23 23 249 117 117 110 110 110 110 110 110 56 
122 122 122 122 220 220 220 220 220 220 216 216 216 23 23 23 23 23 255 163 163 163 110 110 110 110 110 110 110 
212 212 212 212 115 220 220 220 220 220 114 216 216 23 23 23 29 29 255 163 163 163 163 20 20 20 20 20 212 
212 212 212 155 155 220 220 220 220 114 114 114 230 230 230 230 29 29 255 163 163 163 163 163 20 20 20 20 212 
212 212 155 155 155 115 115 114 114 114 114 114 230 230 230 29 29 29 255 255 163 163 163 163 20 20 20 4 212 
212 212 155 155 155 155 115 114 114 114 114 114 230 230 230 29 29 29 29 255 163 163 163 163 4 4 4 4 212 
212 155 155 155 155 89 89 114 114 114 114 114 230 12 12 29 29 29 29 29 163 163 163 4 4 4 4 4 212 
212 155 155 155 89 89 89 114 114 114 114 7 12 12 12 12 29 29 29 29 163 163 4 4 4 4 4 4 4 
212 155 155 89 89 89 89 89 7 7 7 7 12 12 12 211 211 211 29 29 163 4 4 4 4 4 4 4 4 
212 155 155 89 89 5 5 57 57 7 7 7 7 12 12 211 211 211 211 188 188 4 4 102 102 102 102 102 102 
144 144 144 5 5 5 5 57 57 57 7 7 7 247 247 247 53 53 108 108 108 102 102 102 102 102 102 102 102 
144 144 144 5 5 5 5 57 57 57 57 57 57 247 247 247 53 108 108 108 108 108 102 102 102 102 102 102 102 
84 84 84 5 5 5 5 57 57 26 26 57 57 247 247 247 53 108 108 108 108 108 102 102 102 102 102 102 102 
84 84 84 84 85 85 85 85 26 26 26 26 170 170 170 170 108 108 108 108 108 108 102 102 129 129 129 102 102 
84 84 84 1 85 85 85 85 85 26 26 170 170 170 170 170 170 108 108 108 108 108 108 102 129 129 129 129 129 
1 1 1 1 85 85 85 85 85 85 85 170 170 170 170 170 35 108 108 108 108 81 81 81 81 81 129 129 129 
1 1 1 1 1 85 85 85 85 85 85 170 170 170 170 35 35 35 108 63 63 81 81 81 81 81 81 206 206 
1 1 1 1 1 1 85 85 85 85 85 170 170 170 35 35 35 35 63 63 63 63 81 81 81 81 81 206 206 
1 1 1 1 1 1 1 85 85 85 11 11 170 35 35 35 35 35 63 63 63 63 63 81 81 81 81 206 206 
1 1 1 1 1 2 2 2 2 11 11 11 170 35 35 35 35 63 63 63 63 63 63 63 81 81 104 104 206 
1 1 1 1 2 2 2 2 2 28 28 28 28 10 35 35 35 63 63 63 63 63 63 63 63 63 104 104 104 
1 1 1 2 2 2 2 2 28 28 28 28 28 10 10 35 157 157 157 63 181 63 63 63 63 63 104 75 75 
179 179 179 2 2 2 2 2 28 28 28 28 28 10 10 10 157 157 157 157 181 181 181 181 181 181 104 75 75 
179 179 179 179 2 2 2 28 28 28 28 28 28 10 10 10 157 157 157 157 181 181 181 181 181 181 75 75 75 
56 179 179 179 179 179 96 96 28 28 28 28 28 10 10 10 157 157 157 157 181 181 181 181 181 181 75 75 56 
56 33 179 179 179 179 96 96 96 28 141 141 141 141 10 10 132 157 157 157 181 181 181 181 181 181 38 56 56 
56 56 33 33 179 179 96 96 96 141 141 141 141 141 23 23 132 117 117 117 117 117 117 117 38 38 38 56 56 
56 56 56 33 179 179 96 96 141 141 141 141 141 23 23 23 23 124 117 117 117 117 117 117 38 38 38 38 56 
56 56 56 56 56 179 96 96 141 141 141 141 23 23 23 23 23 23 117 117 117 117 117 38 38 38 38 38 56 
56 56 56 56 56 220 220 220 220 141 216 216 23 23 23 23 23 23 124 117 117 117 117 38 38 38 38 38 56 
56 56 56 56 115 220 220 220 220 220 216 216 23 23 23 23 23 255 255 255 163 163 163 38 38 38 38 38 38 
212 212 212 115 115 220 220 220 220 220 216 216 23 23 23 23 23 255 255 255 163 163 163 163 38 38 38 38 38 
212 212 212 115 115 115 115 220 220 220 114 216 23 23 23 23 255 255 255 255 163 163 163 163 163 38 38 4 212 
212 212 155 155 115 115 115 115 114 114 114 114 230 230 230 29 29 255 255 255 163 163 163 163 4 4 4 4 4 
212 155 155 155 115 115 115 115 114 114 114 114 230 230 230 29 29 255 255 255 163 163 163 4 4 4 4 4 4 
212 155 155 155 155 115 115 115 114 114 114 114 12 12 12 29 29 29 255 255 163 163 163 4 4 4 4 4 4 
155 155 155 155 155 89 89 89 114 7 7 7 12 12 12 12 29 29 255 255 163 163 4 4 4 4 4 4 4 
155 155 155 155 155 89 89 57 57 7 7 7 12 12 12 12 12 83 83 255 163 4 4 4 4 4 4 4 4 
155 155 155 155 155 5 5 57 57 7 7 7 7 12 12 12 211 211 83 83 4 4 4 4 4 4 4 4 4 
144 144 44 44 5 44 57 57 57 57 57 57 57 53 53 53 53 53 83 108 103 103 4 4 102 102 102 102 102 
144 144 44 44 44 44 57 57 57 57 57 57 57 53 53 53 53 53 108 108 108 108 102 102 102 102 102 102 102 
84 84 44 44 44 44 44 57 57 57 57 57 57 170 53 53 53 108 108 108 108 108 102 102 129 129 102 102 102 
84 84 167 167 167 85 85 26 26 26 26 26 170 170 170 170 53 108 108 108 108 108 108 129 129 129 129 129 129 
1 1 1 1 85 85 85 85 26 26 26 170 170 170 170 170 170 108 108 108 108 108 108 129 129 129 129 129 129 
1 1 1 1 1 85 85 85 85 26 26 170 170 170 170 170 35 35 108 108 108 108 81 81 81 129 129 129 129 
1 1 1 1 1 1 85 85 85 85 85 170 170 170 170 35 35 35 35 63 63 63 81 81 81 81 69 69 69 
1 1 1 1 1 1 85 85 85 85 85 170 170 170 35 35 35 35 63 63 63 63 63 81 81 81 81 69 69 
1 1 1 1 1 1 1 85 85 85 85 170 170 35 35 35 35 35 63 63 63 63 63 63 81 81 69 69 69 
1 1 1 1 1 1 1 22 22 22 22 170 170 35 35 35 35 35 63 63 63 63 63 63 63 63 69 69 69 
1 1 1 1 1 2 2 22 22 22 22 28 10 10 35 35 35 63 63 63 63 63 63 63 63 63 63 75 75 
75 1 1 1 2 2 2 22 22 28 28 28 10 10 10 10 35 157 63 63 63 63 63 63 63 63 75 75 75 
75 75 179 179 2 2 2 22 28 28 28 28 10 10 10 10 10 157 157 181 181 181 181 181 181 181 75 75 75 
75 179 179 179 179 2 2 22 28 28 28 28 10 10 10 10 10 157 157 181 181 181 181 181 181 181 75 75 75 
75 179 179 179 179 179 96 96 96 28 28 28 10 10 10 10 10 157 157 181 181 181 181 181 181 181 75 75 75 
56 179 179 179 179 179 96 96 96 141 141 141 141 10 10 10 10 181 181 181 181 181 181 181 181 181 154 154 56 
56 56 179 179 179 179 96 96 141 141 141 141 141 141 141 141 124 124 117 117 117 117 117 117 117 38 154 154 56 
56 56 56 179 179 179 96 96 141 141 141 141 141 23 23 23 23 124 117 117 117 117 117 117 38 38 38 38 56 
56 56 56 56 56 179 96 141 141 141 141 141 23 23 23 23 23 124 124 117 117 117 117 38 38 38 38 38 56 
56 56 56 56 56 220 220 220 141 141 141 141 23 23 23 23 23 124 124 117 117 117 117 38 38 38 38 38 56 
56 56 56 56 115 220 220 220 220 220 216 23 23 23 23 23 23 124 124 68 117 117 117 38 38 38 38 38 38 
56 56 115 115 115 115 220 220 220 220 216 23 23 23 23 23 23 255 255 255 255 163 163 38 38 38 38 38 38 
212 212 115 115 115 115 115 220 220 220 228 228 23 23 23 23 255 255 255 255 255 163 163 163 38 38 38 4 4 
212 212 155 115 115 115 115 115 115 114 114 114 224 224 224 224 255 255 255 255 255 163 163 4 4 4 4 4 4 
88 155 155 115 115 115 115 115 115 114 92 224 224 224 224 224 29 255 255 255 255 163 163 4 4 4 4 4 4 
88 155 155 155 115 115 115 115 115 114 92 224 224 224 224 224 29 255 255 255 255 163 4 4 4 4 4 4 4 
88 155 155 155 115 115 115 115 57 7 7 224 12 224 12 12 83 83 255 255 255 163 4 4 4 4 4 4 4 
88 155 155 155 115 44 44 57 57 7 7 7 12 12 12 12 83 83 83 83 83 4 4 4 4 4 4 4 4 
88 155 155 155 44 44 44 57 57 57 57 7 7 12 12 53 83 83 83 83 83 4 4 4 4 4 4 4 4 
44 44 44 44 44 44 44 57 57 57 57 57 57 53 53 53 53 53 83 83 103 103 103 4 4 4 4 4 4 
44 44 44 44 44 44 44 57 57 57 57 57 57 53 53 53 53 53 108 108 103 103 103 102 102 102 102 102 102 
84 44 44 44 44 44 44 57 57 57 57 57 189 189 53 53 53 53 108 108 108 103 103 103 129 129 129 129 129 
1 1 167 167 167 167 167 26 26 26 26 26 170 170 170 53 53 108 108 108 108 108 108 129 129 129 129 129 129 
1 1 1 167 167 167 167 85 26 26 26 170 170 170 170 170 170 108 108 108 108 108 108 129 129 129 129 129 129 
1 1 1 1 1 85 85 85 85 26 26 170 170 170 170 170 35 108 108 108 108 108 63 81 129 129 129 69 69 
1 1 1 1 1 1 85 85 85 85 26 170 170 170 170 35 35 34 34 63 63 63 63 63 81 69 69 69 69 
1 1 1 1 1 1 1 85 85 85 85 170 170 170 35 35 35 34 34 63 63 63 63 63 63 81 69 69 69 
1 1 1 1 1 1 1 1 22 22 22 170 170 35 35 35 35 236 236 63 63 63 63 63 63 63 69 69 69 
1 1 1 1 1 1 22 22 22 22 22 22 170 35 35 35 35 236 236 63 63 63 63 63 63 63 69 69 69 
1 1 1 1 1 22 22 22 22 22 22 10 10 10 10 35 35 236 236 63 63 63 63 63 187 187 75 75 75 
75 75 1 1 1 22 22 22 22 22 22 10 10 10 10 10 10 236 236 63 63 63 63 187 187 187 75 75 75 
75 75 75 179 1 22 22 22 22 22 22 10 10 10 10 10 10 36 36 181 181 181 181 181 187 187 75 75 75 
75 179 179 179 179 22 22 22 22 22 22 10 10 10 10 10 10 36 36 181 181 181 181 181 24 24 75 75 75 
75 179 179 179 179 179 179 22 22 22 28 10 10 10 10 10 10 36 36 181 181 181 181 181 24 24 75 75 75 
75 179 179 179 179 179 179 96 141 141 141 141 10 10 10 10 10 36 181 181 181 181 181 181 181 181 154 154 154 
56 179 179 179 179 179 179 96 141 141 141 141 141 141 10 10 124 124 124 117 117 117 117 117 38 38 154 154 154 
154 56 179 179 179 179 179 141 141 141 141 141 141 23 23 23 124 124 124 117 117 117 117 117 38 38 154 154 154 
56 56 56 179 179 179 179 141 141 141 141 141 23 23 23 23 124 124 124 68 117 117 117 38 38 38 38 154 154 
56 56 56 56 179 179 220 220 141 141 141 141 23 23 23 23 124 124 124 68 117 117 117 38 38 38 38 38 38 
56 56 56 115 115 115 220 220 228 228 228 23 23 23 23 23 124 124 124 68 68 117 38 38 38 38 38 38 38 
56 56 115 115 115 115 115 115 228 228 228 23 23 23 23 23 124 124 255 255 255 255 255 38 38 38 38 38 38 
88 88 115 115 115 115 115 115 228 228 228 228 23 23 23 23 255 255 255 255 255 255 255 4 38 38 38 4 4 
88 88 88 115 115 115 115 115 92 92 92 92 224 224 224 224 255 255 255 255 255 255 4 4 4 4 4 4 4 
88 88 88 115 115 115 115 115 92 92 92 224 224 224 224 224 224 255 255 255 255 255 4 4 4 4 4 4 4 
88 88 88 51 115 115 115 115 92 92 92 224 224 224 224 224 83 83 83 255 255 255 4 4 4 4 4 4 4 
88 88 88 51 51 115 115 115 57 92 92 224 224 224 224 224 83 83 83 83 83 4 4 4 4 4 4 4 4 
88 88 88 51 51 44 44 57 57 57 57 57 224 224 224 83 83 83 83 83 83 4 4 4 4 4 4 4 4 
88 88 88 51 44 44 44 57 57 57 57 57 53 53 53 53 83 83 83 83 83 4 4 4 4 4 4 4 4 
attribute "dep" string "positions"
#
# A field is created with three components: "positions", "connections",
# and "data"
object "regular positions regular connections" class field
component  "positions"    value 1
component  "connections"  value 2
component  "data"         value 3
#
end
