# object 1 are the regular positions. The grid is 29 29 29. The origin is
# at [0 0 0], and the deltas are 1 in the first and third dimensions, and
# 2 in the second dimension
#
object 1 class gridpositions counts 29 29 29
origin 0 0 0
delta  1 0 0
delta  0 1 0
delta  0 0 1
#
# object 2 are the regular connections
#
object 2 class gridconnections counts 29 29 29
#
# object 3 are the data, which are in a one-to-one correspondence with
# the positions ("dep" on positions). The positions increment in the order
# "last index varies fastest", i.e. (x0, y0, z0), (x0, y0, z1), (x0, y0, z2),
# (x0, y1, z0), etc.
#
object 3 class array type int rank 0 items 24389 data follows
216 216 216 216 17 17 17 205 25 25 25 25 167 167 167 167 98 98 98 98 98 98 30 30 30 99 99 99 99 
216 216 216 216 216 216 25 25 25 25 25 25 167 167 167 167 98 98 98 98 98 98 30 30 30 30 30 30 6 
216 216 216 216 216 216 25 25 25 25 25 25 167 167 167 167 98 98 98 98 98 98 30 30 30 30 30 6 6 
216 216 216 216 216 216 25 25 25 25 25 25 184 184 184 184 184 98 98 98 98 98 30 30 234 234 6 6 6 
6 216 216 216 216 216 216 25 25 25 25 184 184 184 184 184 184 98 98 98 98 98 30 234 234 234 6 6 6 
6 216 216 216 216 216 75 25 25 25 25 184 184 184 184 184 184 177 3 3 3 3 83 234 234 234 6 6 6 
6 6 216 216 75 75 75 75 25 25 175 184 184 184 184 184 184 177 177 177 3 3 3 234 234 234 6 6 6 
6 6 216 75 75 75 75 75 175 175 175 175 175 184 184 184 177 177 177 177 3 3 3 234 57 57 6 6 6 
6 173 75 75 75 75 75 75 175 175 175 175 175 175 175 175 177 177 177 3 3 70 70 159 57 57 57 6 6 
6 173 75 75 75 75 75 75 175 175 175 175 175 175 175 175 177 177 70 70 70 70 70 70 57 57 57 6 6 
45 136 136 136 136 136 136 136 175 175 175 175 175 175 175 175 186 186 70 70 70 70 70 70 57 57 45 45 45 
45 136 136 136 136 136 136 136 136 175 175 175 175 175 175 186 186 186 186 70 70 70 70 212 212 212 212 45 45 
45 136 136 136 136 136 136 136 136 135 135 135 135 135 135 186 186 186 186 186 186 70 212 212 212 212 212 212 45 
45 136 136 136 136 136 136 136 72 135 135 135 135 135 135 186 186 186 186 186 186 212 212 212 212 212 212 212 212 
45 136 136 136 136 188 188 188 72 72 135 135 135 135 135 186 186 186 186 186 186 212 212 212 212 212 212 212 212 
244 244 244 136 188 188 188 188 72 72 72 135 135 135 135 191 191 191 191 191 191 212 212 212 212 212 212 212 212 
244 244 244 244 188 188 108 108 108 72 72 72 207 207 207 191 191 191 191 191 191 191 212 212 212 212 212 202 202 
244 244 244 244 108 108 108 108 108 108 72 207 207 207 207 207 191 191 191 191 191 191 104 104 104 202 202 202 202 
244 244 244 244 210 108 108 108 108 108 207 207 207 207 207 207 96 96 96 96 96 131 104 104 104 202 202 202 202 
244 244 244 210 210 210 108 108 108 108 207 207 207 207 207 207 96 96 96 96 131 131 104 104 104 104 202 202 202 
244 244 210 210 210 210 210 210 108 207 207 207 207 207 207 207 96 96 96 96 131 131 131 104 104 104 202 202 202 
244 210 210 210 210 210 210 210 210 207 207 207 207 207 207 207 96 96 96 131 131 131 131 104 104 104 190 202 202 
210 210 210 210 210 210 210 210 210 210 197 207 207 207 207 222 222 213 213 213 131 131 131 104 232 190 190 40 40 
210 210 210 210 210 210 210 210 210 197 197 197 197 207 222 222 222 213 213 213 213 131 131 131 190 190 190 40 40 
42 210 210 210 210 210 210 205 205 197 197 197 197 197 222 222 222 213 213 213 213 213 131 190 190 190 40 40 40 
42 17 17 17 17 17 17 205 205 197 197 197 197 197 197 222 249 249 213 213 213 213 48 99 99 99 168 168 168 
42 17 17 17 17 17 17 205 205 197 197 197 197 197 249 249 249 249 249 48 48 48 48 99 99 99 99 168 168 
42 17 17 17 17 17 17 205 205 205 197 197 197 197 249 249 249 249 98 98 48 48 48 99 99 99 99 99 99 
42 17 17 17 17 17 17 205 205 205 197 197 197 249 249 249 249 249 98 98 98 98 30 30 99 99 99 99 99 
216 216 216 216 17 17 17 205 25 25 25 25 25 167 167 167 170 170 170 170 170 30 30 30 30 30 30 30 30 
216 216 216 216 216 216 25 25 25 25 25 25 25 195 195 195 170 170 170 170 170 30 30 30 30 30 30 30 6 
216 216 216 216 216 216 25 25 25 25 25 25 25 195 195 195 170 170 170 170 170 30 30 30 30 30 30 6 6 
6 216 216 216 216 216 25 25 25 25 25 25 184 184 184 184 184 170 170 170 170 30 30 30 234 234 234 6 6 
6 216 216 216 216 216 25 25 25 25 25 184 184 184 184 184 184 170 170 170 3 83 83 234 234 234 234 6 6 
6 216 216 216 216 216 216 25 25 25 25 184 184 184 184 184 184 3 3 3 3 3 83 234 234 234 234 6 6 
6 6 216 216 216 216 75 75 25 25 175 184 184 184 184 184 184 3 3 3 3 3 83 234 234 234 234 6 6 
6 6 216 75 75 75 75 75 175 175 175 175 175 184 184 184 3 3 3 3 3 3 159 159 234 234 6 6 6 
6 173 173 75 75 75 75 75 175 175 175 175 175 175 175 65 3 3 3 3 3 3 159 159 159 159 6 6 6 
6 173 173 75 75 75 75 111 111 175 175 175 175 175 175 65 65 3 3 3 3 3 159 159 159 159 45 45 45 
45 45 136 136 136 136 136 136 226 175 175 175 175 175 175 65 186 186 186 3 3 70 70 159 159 45 45 45 45 
45 45 136 136 136 136 136 136 226 175 175 175 175 175 175 186 186 186 186 186 186 70 70 212 110 110 45 45 45 
45 45 136 136 136 136 188 188 226 135 135 135 135 135 135 186 186 186 186 186 186 186 212 212 212 110 45 45 45 
45 45 136 136 188 188 188 188 72 135 135 135 135 135 186 186 186 186 186 186 186 186 212 212 212 110 110 45 45 
45 45 136 136 188 188 188 188 72 72 135 135 135 135 135 186 186 186 186 186 186 186 212 212 212 212 45 45 45 
45 45 244 136 188 188 188 188 72 72 72 135 135 135 207 36 36 36 36 36 36 95 95 212 212 212 45 45 45 
244 244 244 244 188 188 188 188 72 72 72 72 207 207 207 191 191 191 191 191 191 191 95 95 212 212 45 45 45 
244 244 244 47 47 108 108 108 72 72 72 207 207 207 207 191 191 191 191 191 191 191 131 104 104 202 202 202 202 
244 244 244 244 210 108 108 108 108 72 207 207 207 207 207 207 96 96 96 96 96 131 131 104 104 202 202 202 202 
244 244 244 210 210 210 108 108 108 207 207 207 207 207 207 207 96 96 96 96 131 131 131 131 131 104 202 202 202 
244 244 210 210 210 210 210 210 108 207 207 207 207 207 207 207 96 96 96 96 131 131 131 131 232 232 232 202 202 
244 210 210 210 183 210 210 210 210 207 207 207 207 207 207 207 96 96 96 131 131 131 131 131 232 232 190 190 190 
210 210 183 183 183 183 183 210 210 197 197 197 207 207 207 207 96 213 213 213 131 131 131 232 232 190 190 190 190 
42 183 183 183 183 183 183 183 183 197 197 197 197 197 142 222 222 213 213 213 213 131 131 232 190 190 190 190 190 
42 42 183 183 183 183 183 183 205 197 197 197 197 197 142 142 222 213 213 213 213 213 213 232 190 190 190 190 190 
42 42 61 17 17 17 17 205 205 197 197 197 197 197 142 142 142 213 213 213 213 213 48 48 190 190 190 190 168 
42 42 61 17 17 17 17 205 205 197 197 197 197 197 142 142 249 249 48 48 48 48 48 48 99 99 190 168 168 
42 42 61 17 17 17 17 205 205 205 197 197 197 197 197 249 249 170 170 48 48 48 48 48 99 99 99 99 99 
42 61 61 17 17 17 17 205 205 25 197 197 197 197 249 249 249 170 170 170 48 48 30 30 30 99 99 99 99 
216 216 216 61 61 17 17 25 25 25 25 25 25 195 195 170 170 170 170 170 170 48 30 30 30 30 30 30 30 
216 216 216 216 216 216 25 25 25 25 25 25 25 195 195 195 170 170 170 170 170 30 30 30 30 30 30 30 6 
216 216 216 216 216 216 25 25 25 25 25 25 195 195 195 195 170 170 170 170 170 170 30 30 30 30 234 6 6 
6 216 216 216 216 216 25 25 25 25 25 25 195 195 195 195 195 170 170 170 170 83 83 83 83 234 234 6 6 
6 216 216 216 216 216 25 25 25 25 25 25 195 195 184 184 184 170 170 170 170 83 83 83 83 234 234 6 6 
6 216 216 216 216 216 216 25 25 25 25 184 184 184 184 184 184 3 3 3 3 83 83 83 83 234 234 6 6 
6 6 216 216 216 216 75 25 25 25 175 184 184 184 184 184 184 3 3 3 177 83 83 83 83 234 234 6 6 
6 173 173 173 216 75 75 111 111 175 175 175 175 184 184 184 65 3 3 177 177 159 159 159 159 159 234 6 6 
173 173 173 173 75 75 111 111 111 175 175 175 175 175 65 65 65 3 3 177 177 159 159 159 159 159 159 6 6 
173 173 173 144 75 144 111 111 111 175 175 175 175 175 65 65 65 3 3 3 3 159 159 159 159 159 45 45 45 
45 45 45 136 136 136 136 111 226 226 175 175 175 175 65 65 186 186 186 186 3 159 159 159 159 45 45 45 45 
45 45 45 136 136 136 136 226 226 226 226 175 175 175 65 186 186 186 186 186 186 186 159 110 110 110 45 45 45 
45 45 45 136 188 188 188 188 226 226 135 135 135 135 186 186 186 186 186 186 186 186 110 110 110 110 110 45 45 
45 45 45 136 188 188 188 188 72 135 135 135 135 135 186 186 186 186 186 186 186 186 110 110 110 110 110 45 45 
45 45 45 155 188 188 188 188 72 72 135 135 135 135 186 186 186 186 186 186 186 186 95 110 110 110 110 45 45 
45 45 47 155 188 188 188 188 72 72 72 135 135 135 36 36 36 36 36 36 36 95 95 95 95 110 45 45 45 
45 47 47 47 188 188 188 188 72 72 72 72 207 207 207 36 36 36 36 36 36 95 95 95 95 110 45 45 45 
45 47 47 47 47 188 188 188 72 72 72 207 207 207 207 207 191 191 191 191 191 160 160 95 95 95 45 45 45 
244 47 47 47 47 47 108 108 108 72 207 207 207 207 207 207 96 191 96 96 96 160 160 160 160 105 105 202 45 
244 47 47 47 47 47 108 108 108 207 207 207 207 207 207 207 96 96 96 96 131 131 131 131 160 105 105 202 202 
29 29 29 29 29 183 183 183 207 207 207 207 207 207 207 207 96 96 96 131 131 131 131 131 232 232 232 232 232 
29 29 29 183 183 183 183 183 183 207 207 207 207 207 207 207 96 96 96 131 131 131 131 232 232 232 190 190 190 
29 29 183 183 183 183 183 183 183 197 197 197 197 207 207 207 96 213 213 213 131 131 131 232 232 190 190 190 190 
42 183 183 183 183 183 183 183 183 197 197 197 197 197 142 142 213 213 213 213 213 131 131 232 190 190 190 190 190 
42 42 183 183 183 183 183 183 197 197 197 197 197 142 142 142 142 213 213 213 213 213 131 232 190 190 190 190 190 
42 42 61 61 61 183 183 205 197 197 197 197 197 142 142 142 142 213 213 213 48 48 48 48 190 190 190 190 42 
42 42 61 61 61 17 17 205 205 197 197 197 197 142 142 142 142 170 48 48 48 48 48 48 48 190 42 42 42 
42 42 61 61 61 17 17 205 205 197 197 197 197 142 142 142 170 170 170 48 48 48 48 48 48 99 42 42 42 
42 61 61 61 17 17 17 205 205 25 197 197 197 197 142 249 170 170 170 170 48 48 48 30 30 30 30 42 42 
61 61 61 61 61 61 61 25 25 25 25 25 25 195 195 170 170 170 170 170 170 48 48 30 30 30 30 30 30 
216 216 216 216 216 61 25 25 25 25 25 25 195 195 195 195 170 170 170 170 170 170 30 30 30 30 30 30 6 
216 216 216 216 216 216 25 25 25 25 25 25 195 195 195 195 170 170 170 170 170 170 30 30 30 83 83 6 6 
173 216 216 216 216 216 25 25 166 25 25 25 195 195 195 195 170 170 170 170 170 83 83 83 83 83 83 6 6 
173 173 216 216 216 216 166 166 166 166 166 195 195 195 195 195 195 170 170 170 170 83 83 83 83 83 234 6 6 
173 173 173 216 216 216 166 166 166 166 166 166 195 195 184 184 184 3 3 170 83 83 83 83 83 83 234 6 6 
173 173 173 173 216 216 166 166 166 166 166 184 184 184 184 184 65 3 3 177 177 83 83 83 83 83 234 6 173 
173 173 173 173 173 144 111 111 111 111 175 175 65 65 65 65 65 3 3 177 177 159 159 159 159 159 234 6 173 
173 173 173 173 144 144 111 111 111 111 111 175 65 65 65 65 65 65 3 177 177 159 159 159 159 159 159 173 173 
173 173 173 144 144 144 111 111 111 111 111 175 65 65 65 65 65 227 227 227 3 159 159 159 159 159 45 45 45 
45 45 45 144 144 144 111 111 226 226 226 175 65 65 65 65 227 227 227 227 227 159 159 159 159 45 45 45 45 
45 45 45 64 64 136 111 111 226 226 226 175 65 65 65 186 186 227 227 186 186 186 181 110 110 110 45 45 45 
45 45 45 64 64 188 188 188 226 226 226 135 135 135 186 186 186 186 186 186 186 186 181 110 110 110 45 45 45 
45 45 45 64 155 188 188 188 226 226 135 135 135 135 186 186 186 186 186 186 186 186 95 110 110 110 110 45 45 
45 45 45 155 155 155 188 188 188 72 135 135 135 135 186 186 186 186 186 186 186 186 95 95 110 110 45 45 45 
45 45 47 155 155 155 155 188 72 72 72 135 135 135 186 36 36 36 36 36 36 95 95 95 95 95 45 45 45 
45 47 47 47 155 155 155 155 72 72 72 72 207 207 207 36 36 36 36 36 36 95 95 95 95 95 95 45 45 
45 47 47 47 47 155 155 155 72 72 72 207 207 207 207 207 36 36 36 36 36 160 160 95 95 95 95 95 95 
47 47 47 47 47 47 155 155 155 72 207 207 207 207 207 207 191 191 191 191 160 160 160 160 160 105 105 95 95 
47 47 47 47 47 47 47 155 108 207 207 207 207 207 207 207 96 96 96 96 131 160 160 160 160 105 105 105 105 
29 29 29 29 29 29 183 183 183 207 207 207 207 207 207 207 96 96 96 131 131 131 160 160 232 232 232 105 105 
29 29 29 29 183 183 183 183 183 197 197 207 207 207 207 207 96 96 96 131 131 131 131 232 232 232 190 190 190 
29 29 29 183 183 183 183 183 183 197 197 197 197 207 207 107 107 213 213 131 131 131 131 232 232 190 190 190 190 
42 29 29 183 183 183 183 183 197 197 197 197 197 197 142 142 107 213 213 213 131 131 131 232 232 190 190 190 190 
42 42 61 183 183 183 183 183 197 197 197 197 197 142 142 142 142 213 213 213 213 48 48 232 190 190 190 190 42 
42 42 61 61 61 61 183 183 197 197 197 197 197 142 142 142 142 142 213 213 48 48 48 48 163 163 163 42 42 
42 42 61 61 61 61 61 61 197 197 197 197 197 142 142 142 142 170 170 48 48 48 48 48 163 163 42 42 42 
42 42 61 61 61 61 61 205 197 197 197 197 197 142 142 142 142 170 170 48 48 48 48 48 48 163 42 42 42 
42 42 61 61 61 61 61 205 205 197 197 197 197 197 142 142 170 170 170 170 48 48 48 48 48 163 42 42 42 
122 122 122 122 61 61 224 224 25 25 25 25 195 195 195 170 170 170 170 170 170 141 141 141 30 30 30 30 173 
122 122 122 122 122 224 224 166 166 166 25 25 195 195 195 195 170 170 170 170 170 170 170 30 30 30 30 30 173 
122 122 122 122 122 122 122 166 166 166 166 166 195 195 195 195 170 170 170 170 170 170 83 30 83 83 83 173 173 
173 122 122 122 122 122 122 166 166 166 166 166 195 195 195 195 195 170 170 170 170 83 83 83 83 83 83 173 173 
173 173 122 122 122 122 122 166 166 166 166 166 195 195 195 195 195 170 170 170 170 83 83 83 83 83 83 173 173 
173 173 173 122 122 122 166 166 166 166 166 166 195 195 195 195 195 170 3 58 58 83 83 83 83 83 83 173 173 
173 173 173 173 173 144 144 62 62 62 62 65 65 65 65 65 65 65 3 177 58 83 83 83 83 83 83 173 173 
173 173 173 173 173 144 144 111 62 62 62 65 65 65 65 65 65 65 3 177 177 159 159 159 159 159 159 173 173 
173 173 173 173 144 144 111 111 111 111 111 65 65 65 65 65 65 65 65 177 58 159 159 159 159 159 45 173 173 
173 173 173 144 144 144 111 111 111 111 111 111 65 65 65 65 65 227 227 227 58 159 159 159 159 45 45 45 45 
45 45 45 144 144 144 111 111 111 111 111 111 65 65 65 65 227 227 227 227 227 181 181 181 181 45 45 45 45 
45 45 64 64 64 144 144 111 226 226 226 111 65 65 65 65 227 227 227 227 227 181 181 181 181 45 45 45 45 
45 45 64 64 64 64 155 111 226 226 226 226 65 65 65 186 186 186 186 186 186 91 181 181 110 45 45 45 45 
45 45 64 64 155 155 155 155 155 226 226 135 135 65 186 186 186 186 186 186 186 186 95 95 110 110 45 45 45 
45 45 64 155 155 155 155 155 155 155 135 135 135 186 186 186 186 186 186 186 186 95 95 95 95 95 45 45 45 
45 45 47 155 155 155 155 155 155 155 155 135 135 186 186 186 36 36 36 36 36 95 95 95 95 95 95 45 45 
45 47 47 47 155 155 155 155 155 72 72 125 207 207 13 36 36 36 36 36 36 95 95 95 95 95 95 95 45 
45 47 47 47 47 155 155 155 155 125 125 125 207 207 207 36 36 36 36 36 160 160 160 95 95 95 95 95 95 
47 47 47 47 47 47 47 155 155 125 125 125 207 207 207 207 36 36 36 36 160 160 160 160 160 105 105 95 95 
47 47 47 47 47 47 47 155 34 125 125 125 207 207 207 207 96 96 96 96 160 160 160 160 160 105 105 105 105 
29 29 29 29 29 29 29 29 34 125 125 125 207 207 207 207 96 96 96 131 131 160 160 160 160 105 105 105 105 
29 29 29 29 29 183 183 183 183 39 39 39 207 207 207 107 107 107 96 131 131 160 160 160 232 232 105 105 105 
29 29 29 29 183 183 183 183 183 197 197 197 197 197 107 107 107 107 107 131 131 131 160 232 232 232 190 190 190 
42 29 29 29 183 183 183 183 197 197 197 197 197 197 107 107 107 107 213 213 131 131 160 232 232 190 190 190 42 
42 42 61 61 183 183 183 183 197 197 197 197 197 142 142 107 107 107 213 213 141 141 141 163 163 163 163 42 42 
42 42 61 61 61 61 61 61 197 197 197 197 197 142 142 142 107 107 48 48 141 141 141 163 163 163 163 42 42 
42 42 61 61 61 61 61 61 197 197 197 197 197 142 142 142 142 170 48 48 48 141 141 141 163 163 42 42 42 
42 42 61 61 61 61 61 61 197 197 197 197 197 142 142 142 170 170 170 141 141 141 48 48 163 163 42 42 42 
42 42 61 61 61 61 61 61 197 197 197 197 197 142 142 149 170 170 170 170 141 141 141 48 48 163 42 42 42 
173 122 122 122 224 224 224 224 209 209 209 209 209 209 195 149 170 170 170 170 141 141 141 141 141 141 126 126 173 
173 122 122 122 122 224 224 224 209 209 209 209 209 195 195 195 170 170 170 170 170 170 141 141 30 30 126 126 173 
173 122 122 122 122 224 224 166 166 166 166 166 195 195 195 195 170 170 170 170 170 170 83 30 83 126 126 126 173 
173 122 122 122 122 122 224 166 166 166 166 166 195 195 195 195 195 170 170 170 170 83 83 83 83 83 126 173 173 
173 173 122 122 122 122 122 166 166 166 166 166 195 195 195 195 195 170 170 170 58 83 83 83 83 83 83 173 173 
173 173 173 122 122 122 166 166 166 166 166 166 195 65 65 65 65 65 58 58 58 58 83 83 83 83 173 173 173 
173 173 173 173 173 144 144 62 62 62 62 65 65 65 65 65 65 65 58 58 58 58 83 83 83 83 173 173 173 
173 173 173 173 144 144 144 111 62 62 62 65 65 65 65 65 65 65 58 58 58 58 159 159 159 159 173 173 173 
173 173 173 173 144 144 144 111 111 111 111 65 65 65 65 65 65 65 58 58 58 58 159 159 159 181 45 173 173 
173 173 173 144 144 144 144 111 111 111 111 111 65 65 65 65 65 65 227 58 58 58 181 181 181 181 45 45 45 
45 45 45 144 144 144 144 111 111 111 111 111 65 65 65 65 65 227 227 227 227 181 181 181 181 181 45 45 45 
45 45 64 64 64 144 144 111 111 111 111 65 65 65 65 65 227 227 227 227 91 181 181 181 181 181 45 45 45 
45 45 64 64 64 64 64 111 111 111 111 65 65 65 65 186 186 186 186 186 91 91 181 181 181 45 45 45 45 
45 45 64 64 64 155 155 155 155 155 111 65 65 65 13 186 186 186 186 186 91 91 91 95 95 45 45 45 45 
45 45 64 64 155 155 155 155 155 155 155 135 13 13 13 13 186 186 186 186 91 91 95 95 95 95 95 45 45 
45 47 47 155 155 155 155 155 155 155 155 228 13 13 13 13 13 36 36 36 91 91 95 95 95 95 95 95 45 
45 47 47 47 155 155 155 155 155 155 125 125 125 13 13 13 13 36 36 36 91 91 95 95 95 95 95 95 95 
45 47 47 47 47 155 155 155 155 125 125 125 125 125 13 13 13 36 36 36 160 160 160 160 95 95 95 95 95 
47 47 47 47 47 47 47 155 34 125 125 125 125 125 125 13 185 36 36 160 160 160 160 160 160 105 105 95 95 
47 47 47 47 47 47 47 34 34 125 125 125 125 125 125 185 185 185 185 160 160 160 160 160 160 105 105 105 105 
29 29 29 29 29 29 29 34 34 125 125 125 125 125 107 107 185 185 185 185 160 160 160 160 160 105 105 105 105 
29 29 29 29 29 29 183 183 39 39 39 39 125 107 107 107 107 107 107 185 185 160 160 160 160 105 105 105 105 
117 29 29 29 29 183 183 183 183 39 39 39 39 107 107 107 107 107 107 185 185 160 160 160 160 105 105 105 42 
117 117 117 117 117 183 183 183 197 197 197 197 197 107 107 107 107 107 107 185 131 73 160 163 163 163 163 163 42 
42 117 117 117 117 183 183 183 197 197 197 197 197 107 107 107 107 107 107 107 141 73 73 163 163 163 163 42 42 
42 42 117 61 61 61 61 61 197 197 197 197 197 142 107 107 107 107 107 141 141 141 141 163 163 163 163 42 42 
42 42 61 61 61 61 61 61 197 197 197 197 197 142 142 142 107 107 141 141 141 141 141 141 163 163 163 42 42 
42 42 61 61 61 61 61 61 197 197 197 197 197 142 142 149 149 149 170 141 141 141 141 141 163 163 42 42 42 
42 42 61 61 61 61 61 209 209 209 209 197 197 142 149 149 149 170 170 141 141 141 141 141 141 163 42 42 42 
122 122 122 224 224 224 224 209 209 209 209 209 209 209 149 149 149 149 170 170 141 141 141 141 141 126 126 126 173 
122 122 122 224 224 224 224 209 209 209 209 209 209 209 149 149 149 170 170 170 170 141 141 141 126 126 126 126 173 
122 122 122 122 224 224 224 209 209 209 209 209 209 209 195 195 170 170 170 170 170 139 139 139 126 126 126 126 173 
173 122 122 122 122 224 224 166 166 166 166 166 166 195 195 195 195 170 170 170 170 139 139 139 139 139 126 126 173 
173 173 122 122 122 122 122 166 166 166 166 166 166 195 195 195 65 58 58 58 58 139 139 139 139 139 139 173 173 
173 173 173 122 122 122 122 166 166 166 166 166 65 65 65 65 65 58 58 58 58 58 139 139 139 139 139 173 173 
173 173 173 173 173 144 151 62 62 62 62 65 65 65 65 65 65 65 58 58 58 58 139 139 139 139 139 173 173 
173 173 173 173 144 144 144 111 62 62 62 65 65 65 65 65 65 65 58 58 58 58 58 139 139 139 173 173 173 
173 173 173 144 144 144 144 111 111 111 111 65 65 65 65 65 65 65 58 58 58 58 58 58 139 181 45 173 173 
173 173 173 144 144 144 144 111 111 111 111 111 65 65 65 65 65 65 227 58 58 58 181 181 181 181 45 45 173 
45 45 173 144 144 144 144 111 111 111 111 65 65 65 65 65 65 227 227 227 58 181 181 181 181 181 45 45 45 
45 45 64 64 64 144 144 144 111 111 111 65 65 65 65 65 65 227 227 91 91 181 181 181 181 181 45 45 45 
45 64 64 64 64 64 64 144 111 111 111 65 65 65 65 65 186 186 186 91 91 91 181 181 181 181 45 45 45 
45 64 64 64 64 64 155 155 155 155 111 65 65 13 13 13 186 186 186 91 91 91 91 181 95 95 45 45 45 
45 64 64 64 155 155 155 155 155 155 228 228 13 13 13 13 13 186 186 91 91 91 91 95 95 95 95 45 45 
45 47 47 155 155 155 155 155 155 155 228 228 13 13 13 13 13 13 13 91 91 91 91 95 95 95 95 95 45 
45 47 47 47 155 155 155 155 155 34 228 228 228 13 13 13 13 13 13 37 91 91 95 95 95 95 95 95 95 
47 47 47 47 47 155 155 155 34 125 125 125 125 125 13 13 13 13 13 37 189 160 160 160 95 95 95 95 95 
47 47 47 47 47 47 34 34 34 125 125 125 125 125 125 13 185 185 185 185 123 160 160 160 160 105 105 95 95 
47 47 47 47 47 47 34 34 34 125 125 125 125 125 125 185 185 185 185 185 160 160 160 160 160 105 105 105 105 
29 29 29 29 29 29 29 34 34 125 125 125 125 125 107 107 185 185 185 185 185 160 160 160 160 105 105 105 105 
117 117 29 29 29 29 29 34 39 39 39 39 39 107 107 107 107 185 185 185 185 160 160 160 160 105 105 105 105 
117 117 117 117 117 117 117 117 39 39 39 39 39 107 107 107 107 107 185 185 185 160 160 160 160 105 105 42 42 
117 117 117 117 117 117 117 117 66 39 39 39 107 107 107 107 107 107 107 185 185 73 60 60 163 163 163 42 42 
42 117 117 117 117 117 117 66 66 197 197 197 197 107 107 107 107 107 107 107 141 73 73 163 163 163 163 42 42 
42 42 117 117 117 117 117 66 66 197 197 197 197 107 107 107 107 107 107 141 141 73 73 73 163 163 163 42 42 
42 42 42 61 61 61 61 61 66 197 197 197 197 149 149 149 149 149 141 141 141 141 73 73 163 163 42 42 42 
42 42 42 61 61 61 61 209 209 209 197 197 197 149 149 149 149 149 149 141 141 141 141 73 163 163 42 42 42 
42 42 42 61 224 224 224 209 209 209 209 209 209 149 149 149 149 149 149 141 141 141 141 141 141 163 42 42 42 
193 224 224 224 224 224 224 209 209 209 209 209 209 149 149 149 149 149 149 149 141 141 141 141 126 126 126 126 126 
122 122 122 224 224 224 224 209 209 209 209 209 209 209 149 149 149 149 170 170 170 141 141 126 126 126 126 126 126 
122 122 122 224 224 224 224 209 209 209 209 209 209 209 149 149 149 149 170 218 218 139 139 126 126 126 126 126 126 
173 122 122 122 224 224 224 209 209 209 209 209 209 209 195 195 19 19 218 218 218 139 139 139 139 126 126 126 126 
173 173 173 122 122 158 158 158 166 166 166 166 166 195 195 65 19 19 218 58 58 139 139 139 139 126 126 126 173 
173 173 173 173 122 158 158 151 166 166 166 166 65 65 65 65 65 19 58 58 58 139 139 139 139 139 126 126 173 
173 173 173 173 144 144 151 151 151 151 62 65 65 65 65 65 65 58 58 58 58 58 139 139 139 139 139 173 173 
173 173 173 173 144 144 144 151 151 111 111 65 65 65 65 65 65 58 58 58 58 58 58 139 139 139 139 173 173 
173 173 173 144 144 144 144 144 111 111 111 65 65 65 65 65 65 35 58 58 58 58 58 58 139 139 139 173 173 
173 173 173 144 144 144 144 144 111 111 111 65 65 65 65 65 65 35 35 58 58 58 181 181 181 181 45 45 173 
45 173 64 144 144 144 144 144 111 111 111 65 65 65 65 65 171 171 171 171 171 181 181 181 181 181 45 45 45 
45 64 64 64 64 144 144 144 111 111 111 65 65 65 65 65 171 171 171 91 91 91 181 181 181 181 45 45 45 
45 64 64 64 64 64 64 144 111 111 111 65 65 65 65 65 171 171 171 91 91 91 91 181 181 181 45 45 45 
45 64 64 64 64 64 155 155 155 111 111 228 65 13 13 13 13 171 91 91 91 91 91 91 181 45 45 45 45 
45 64 64 64 64 155 155 155 155 155 228 228 13 13 13 13 13 13 37 37 91 91 91 91 95 95 95 45 45 
45 64 64 64 155 155 155 155 155 34 228 228 228 13 13 13 13 13 37 37 37 91 91 95 95 95 95 95 45 
45 47 47 47 155 155 155 155 34 34 228 228 228 13 13 13 13 13 37 37 37 189 189 95 95 95 95 95 95 
47 47 47 47 47 155 155 34 34 34 125 125 125 125 13 13 13 13 37 37 189 189 189 189 95 95 95 95 95 
47 47 47 47 47 47 34 34 34 34 125 125 125 125 125 185 185 185 185 185 123 123 160 160 160 105 105 95 95 
47 47 47 47 47 47 34 34 34 125 125 125 125 125 185 185 185 185 185 185 123 123 160 160 160 105 105 105 105 
87 87 87 87 87 87 34 34 34 125 125 125 125 125 107 185 185 185 185 185 123 123 160 160 160 105 105 105 223 
117 117 117 117 117 117 117 34 34 39 39 39 39 39 107 107 185 185 185 185 185 123 160 160 160 105 105 105 223 
117 117 117 117 117 117 117 66 66 39 39 39 39 107 107 107 107 185 185 185 185 60 60 60 60 60 60 42 42 
117 117 117 117 117 117 117 66 66 66 39 39 107 107 107 107 107 107 185 185 185 60 60 60 60 60 42 42 42 
42 117 117 117 117 117 117 66 66 66 66 39 107 107 107 107 107 107 107 185 73 73 60 60 60 163 42 42 42 
42 117 117 117 117 117 117 66 66 66 66 197 149 107 107 107 107 107 107 73 73 73 73 73 163 163 42 42 42 
42 42 117 117 117 117 117 66 66 66 197 197 149 149 149 149 149 149 149 73 73 73 73 73 73 163 42 42 42 
42 42 42 117 117 224 224 209 209 209 209 209 149 149 149 149 149 149 149 73 73 73 73 73 73 163 42 42 42 
42 42 224 224 224 224 224 209 209 209 209 209 149 149 149 149 149 149 149 73 73 73 73 73 73 163 42 42 42 
193 77 77 224 224 224 224 209 209 209 209 53 53 149 149 149 149 149 149 149 169 73 73 126 126 126 126 126 126 
193 77 77 224 224 224 224 209 209 209 209 53 53 53 149 149 149 149 149 149 169 73 169 126 126 126 126 126 126 
134 134 122 224 224 224 224 209 209 209 209 53 53 53 149 149 149 149 218 218 218 218 139 126 126 126 126 126 126 
134 134 134 158 158 158 158 158 209 209 209 53 53 53 162 149 19 19 218 218 218 218 139 139 126 126 126 126 126 
134 134 134 158 158 158 158 158 158 209 209 53 53 162 162 19 19 19 218 218 218 218 139 139 126 126 126 126 134 
134 134 134 134 158 158 158 151 151 151 151 162 162 162 162 19 19 19 58 218 58 58 139 139 139 126 126 126 134 
134 134 134 134 43 151 151 151 151 151 151 162 65 65 65 65 19 19 58 58 58 58 139 139 139 139 139 134 134 
173 173 173 144 144 144 151 151 151 151 68 68 65 65 65 65 35 35 58 58 58 58 58 139 139 139 139 173 173 
173 173 173 144 144 144 144 151 151 68 68 68 65 65 65 65 35 35 35 58 58 58 58 58 139 139 88 88 173 
173 173 144 144 144 144 144 144 68 68 68 68 65 65 65 65 35 35 35 58 58 58 58 181 181 88 88 88 173 
45 64 64 144 144 144 144 144 68 68 68 68 65 65 65 65 171 171 171 171 171 181 181 181 181 88 88 88 45 
45 64 64 64 144 144 144 144 68 68 68 68 65 65 65 171 171 171 171 171 91 91 91 181 181 88 88 45 45 
45 64 64 64 64 64 124 144 68 68 68 68 65 65 65 171 171 171 171 91 91 91 91 91 181 88 45 45 45 
45 64 64 64 64 64 124 124 124 68 68 228 228 13 13 13 171 171 37 37 91 91 91 91 91 88 45 45 45 
45 64 64 64 64 64 124 155 155 228 228 228 228 13 13 13 13 37 37 37 37 91 91 91 91 95 45 45 45 
64 64 64 64 64 155 155 155 34 228 228 228 228 13 13 13 13 37 37 37 37 37 91 91 95 95 95 95 45 
64 64 64 47 64 155 155 34 34 34 228 228 228 228 13 13 13 37 37 37 37 189 189 189 189 95 95 95 95 
47 47 47 47 47 155 34 34 34 34 228 228 228 228 241 241 241 37 37 37 189 189 189 189 189 95 95 95 95 
223 47 47 47 47 47 34 34 34 34 125 125 125 125 241 241 241 185 185 123 123 189 189 189 189 105 223 223 223 
87 87 87 87 87 87 34 34 34 34 125 125 125 125 185 185 185 185 185 185 123 123 123 123 123 105 105 223 223 
87 87 87 87 87 87 34 34 34 125 125 125 125 125 185 185 185 185 185 185 123 123 123 123 123 105 223 223 223 
87 87 87 87 87 87 87 34 34 39 39 39 39 107 107 185 185 185 185 185 185 123 60 60 60 60 223 223 223 
117 117 117 87 117 117 117 66 66 66 39 39 39 107 107 107 185 185 185 185 185 60 60 60 60 60 60 60 223 
117 117 117 117 117 117 117 66 66 66 66 39 107 107 107 107 107 185 185 185 185 60 60 60 60 60 60 42 42 
14 14 117 117 117 117 66 66 66 66 66 66 107 107 107 107 107 107 185 185 185 60 60 60 60 60 60 42 42 
14 14 14 117 117 117 66 66 66 66 66 149 149 149 149 107 107 107 107 73 73 73 73 73 60 60 42 42 42 
14 14 14 117 117 117 66 66 66 66 66 119 149 149 149 149 149 149 149 73 73 73 73 73 73 73 42 42 42 
42 14 14 14 224 224 224 209 209 209 209 209 149 149 149 149 149 149 149 73 73 73 73 73 73 73 42 42 42 
42 14 14 224 224 224 224 209 209 209 209 209 149 149 149 149 149 149 149 73 73 73 73 73 73 73 42 42 42 
193 77 77 77 224 224 224 209 209 209 53 53 53 149 149 149 149 149 149 169 169 169 169 169 84 84 84 126 126 
193 77 77 77 224 224 224 209 209 209 53 53 53 53 149 149 149 149 149 169 169 169 169 169 126 126 126 126 126 
193 77 77 77 158 158 158 209 209 209 53 53 53 53 53 149 149 149 218 218 218 169 169 126 126 126 126 126 126 
134 134 77 158 158 158 158 158 209 209 53 53 162 162 162 19 19 19 218 218 218 218 139 126 126 126 126 126 126 
134 134 134 158 158 158 158 158 158 209 162 162 162 162 162 19 19 19 218 218 218 218 139 126 126 126 126 126 134 
134 134 134 134 158 158 158 151 151 151 162 162 162 162 162 19 19 19 19 218 218 218 139 139 126 126 126 126 134 
134 134 134 43 43 151 151 151 151 151 151 162 162 162 162 19 19 19 19 58 58 58 58 139 139 126 126 134 134 
134 134 43 43 43 151 151 151 151 151 68 68 199 199 199 19 35 35 58 58 58 58 58 139 139 139 88 134 134 
43 43 43 43 144 144 151 151 151 68 68 68 199 199 199 35 35 35 35 58 58 58 58 58 88 88 88 88 88 
173 43 43 144 144 144 144 151 68 68 68 68 199 199 199 35 35 35 35 35 58 58 58 88 88 88 88 88 88 
64 64 64 144 144 144 144 68 68 68 68 68 199 199 199 171 171 171 171 171 171 58 88 88 88 88 88 88 88 
64 64 64 64 124 124 92 92 68 68 68 68 199 199 199 171 171 171 171 171 91 91 91 88 88 88 88 88 88 
64 64 64 64 124 124 124 92 92 92 68 68 199 199 171 171 171 171 171 171 91 91 91 88 88 88 88 88 88 
64 64 64 64 64 124 124 124 124 124 228 228 228 214 13 171 171 171 37 37 37 91 91 91 88 88 88 88 88 
64 64 64 64 64 124 124 124 124 228 228 228 228 214 13 13 13 37 37 37 37 37 91 91 88 88 88 88 88 
64 64 64 64 64 124 124 124 124 228 228 228 228 214 13 13 13 37 37 37 37 37 189 189 88 95 95 95 45 
246 64 64 64 64 124 124 34 34 34 228 228 228 228 241 241 241 37 37 37 37 189 189 189 189 95 95 223 223 
106 47 47 47 47 34 34 34 34 34 228 228 228 228 241 241 241 241 37 37 189 189 189 189 189 223 223 223 223 
223 87 87 87 87 87 34 34 34 34 228 228 228 228 241 241 241 185 185 189 123 189 189 189 189 223 223 223 223 
223 87 87 87 87 87 34 34 34 34 125 125 125 125 241 185 185 185 185 185 123 123 123 123 123 223 223 223 223 
223 87 87 87 87 87 34 34 34 125 125 125 125 125 185 185 185 185 185 185 123 123 123 123 123 223 223 223 223 
87 87 87 87 87 87 87 146 146 146 146 125 125 125 185 185 185 185 185 185 185 123 60 60 60 60 223 223 223 
14 87 87 87 87 87 87 146 146 146 146 118 118 107 107 185 185 185 185 185 185 60 60 60 60 60 60 223 223 
14 14 87 87 117 117 117 66 66 66 146 118 118 107 107 107 185 185 185 185 185 60 60 60 60 60 60 14 14 
14 14 14 117 117 117 66 66 66 66 146 118 118 107 107 107 107 185 185 185 185 60 60 60 60 60 60 14 14 
14 14 14 14 117 117 66 66 66 66 146 119 149 149 149 149 149 149 149 185 73 73 60 60 60 60 60 42 14 
14 14 14 14 14 117 66 66 66 66 119 119 149 149 149 149 149 149 149 73 73 73 73 73 73 73 42 42 14 
14 14 14 14 224 130 224 66 209 209 119 119 119 149 149 149 149 149 149 73 73 73 73 73 73 73 42 42 14 
14 14 77 77 224 224 224 209 209 209 53 119 119 149 149 149 149 149 149 149 73 73 73 73 73 73 84 42 14 
193 77 77 77 77 77 77 209 209 53 53 53 53 149 149 149 149 149 149 169 169 169 169 169 84 84 84 84 193 
193 77 77 77 77 77 77 209 209 53 53 53 53 53 149 149 149 149 149 169 169 169 169 169 126 126 126 126 193 
193 77 77 77 77 158 158 158 209 53 53 53 53 162 162 149 149 149 218 218 169 169 169 126 126 126 126 126 193 
134 134 77 77 158 158 158 158 158 53 53 162 162 162 162 19 19 19 218 218 218 218 169 126 126 126 126 126 126 
134 134 134 158 158 158 158 158 158 162 162 162 162 162 162 19 19 19 19 218 218 218 218 126 126 126 126 126 134 
134 134 134 43 43 158 158 151 151 151 162 162 162 162 162 19 19 19 19 218 218 218 218 126 126 126 126 126 134 
134 134 43 43 43 151 151 151 151 151 162 162 162 162 206 19 19 19 19 218 218 218 218 139 126 126 126 126 134 
134 43 43 43 43 151 151 151 151 151 68 199 199 199 199 19 19 19 19 58 58 58 58 139 88 88 88 88 134 
43 43 43 43 43 151 151 151 151 68 68 199 199 199 199 199 35 35 35 58 58 58 58 88 88 88 88 88 88 
43 43 43 43 43 144 151 68 68 68 68 199 199 199 199 199 35 35 35 35 58 58 88 88 88 88 88 88 88 
43 43 43 124 124 124 92 92 68 68 68 199 199 199 199 199 171 171 171 171 171 88 88 88 88 88 88 88 88 
246 64 64 124 124 124 92 92 92 92 68 199 199 199 199 171 171 171 171 171 171 91 88 88 88 88 88 88 88 
246 64 64 124 124 124 124 92 92 92 92 199 199 199 199 171 171 171 171 171 171 91 88 88 88 88 88 88 88 
246 64 64 124 124 124 124 124 124 124 124 228 214 214 214 171 171 171 37 37 37 37 88 88 88 88 88 88 88 
246 64 64 124 124 124 124 124 124 124 228 228 214 214 214 214 171 37 37 37 37 37 37 88 88 88 88 88 88 
246 246 64 124 124 124 124 124 124 228 228 228 214 214 214 241 241 37 37 37 37 37 189 189 88 88 88 88 246 
246 246 246 246 124 124 124 124 34 228 228 228 228 214 214 241 241 37 37 37 37 189 189 189 189 223 223 223 223 
106 106 106 87 124 124 34 34 34 34 228 228 228 228 241 241 241 37 37 37 189 189 189 189 189 223 223 223 223 
223 223 87 87 87 34 34 34 34 34 228 228 228 228 241 241 241 185 185 189 123 123 123 189 189 223 223 223 223 
223 87 87 87 87 87 34 34 34 34 228 228 228 228 185 185 185 185 185 185 123 123 123 123 123 223 223 223 223 
223 87 87 87 87 87 87 34 34 146 146 125 125 125 185 185 185 185 185 185 123 123 123 123 123 223 223 223 223 
223 87 87 87 87 87 87 146 146 146 146 118 118 185 185 185 185 185 185 185 185 123 60 60 60 60 223 223 223 
14 87 87 87 87 87 146 146 146 146 146 118 118 118 185 185 185 185 185 185 185 60 60 60 60 60 60 223 223 
14 14 87 87 87 87 146 146 146 146 146 118 118 118 107 185 185 185 185 185 185 60 60 60 60 60 60 178 14 
14 14 14 14 87 117 146 66 146 146 146 118 118 149 149 107 185 185 185 185 185 60 60 60 60 60 60 178 14 
14 14 14 14 117 130 66 66 66 146 146 119 119 149 149 149 149 149 149 185 73 73 60 60 60 60 60 14 14 
14 14 14 14 130 130 130 66 66 119 119 119 119 149 149 149 149 149 149 149 73 73 73 73 60 60 14 14 14 
14 14 14 130 130 130 130 66 119 119 119 119 119 149 149 149 149 149 149 149 73 73 73 73 247 247 84 14 14 
14 14 77 77 77 130 224 209 209 119 119 119 119 149 149 149 149 149 149 149 169 169 73 73 247 84 84 84 193 
193 193 77 77 77 77 77 209 209 119 119 119 119 9 149 149 149 115 115 169 169 169 169 247 84 84 84 84 193 
193 193 77 77 77 77 77 209 209 53 53 53 9 9 9 115 115 115 115 169 169 169 169 247 84 84 84 84 193 
193 193 77 77 77 77 158 158 209 53 53 53 162 9 9 115 115 115 115 169 169 169 169 169 84 84 84 84 193 
193 193 77 77 77 158 158 158 158 162 162 162 162 162 162 19 19 19 19 218 218 218 169 126 126 126 126 126 193 
134 134 134 158 158 158 158 158 158 162 162 162 162 162 162 19 19 19 19 218 218 218 218 126 126 126 126 126 193 
134 134 43 43 43 158 158 151 151 162 162 162 162 162 206 19 19 19 19 218 218 218 218 126 126 126 126 126 134 
134 134 43 43 43 43 151 151 151 151 162 162 162 206 206 19 19 19 19 19 218 218 218 139 126 126 126 126 134 
43 43 43 43 43 43 151 151 151 151 162 199 199 199 199 19 19 19 19 19 19 58 58 88 88 88 88 88 219 
43 43 43 43 43 43 151 151 151 68 68 199 199 199 199 199 35 35 35 35 58 58 88 88 88 88 88 88 88 
43 43 43 43 43 43 92 92 92 68 68 199 199 199 199 199 35 35 35 35 58 88 88 88 88 88 88 88 88 
43 43 43 124 124 124 92 92 92 92 68 199 199 199 199 199 171 171 171 171 171 88 88 88 88 88 88 88 88 
246 246 124 124 124 124 92 92 92 92 92 199 199 199 199 133 171 171 171 171 171 88 88 88 88 88 88 88 88 
246 246 124 124 124 124 124 92 92 92 92 199 199 199 133 133 171 171 171 171 171 88 88 88 88 88 88 88 88 
246 246 124 124 124 124 124 124 124 124 214 214 214 214 214 133 171 171 37 37 37 37 231 88 88 88 88 88 88 
246 246 246 124 124 124 124 124 124 124 214 214 214 214 214 214 97 97 37 37 37 37 231 231 231 88 88 88 246 
246 246 246 124 124 124 124 124 124 124 228 214 214 214 214 214 97 97 97 37 37 37 231 231 231 231 88 246 246 
246 246 246 246 124 124 124 124 148 148 228 228 214 214 214 214 97 97 97 37 37 189 231 231 231 231 223 223 246 
106 106 106 106 124 124 124 148 148 148 148 228 228 214 214 241 241 97 37 37 189 189 189 189 231 223 223 223 223 
223 106 106 106 106 34 34 148 148 148 148 228 228 103 103 241 185 185 185 185 123 123 123 123 223 223 223 223 223 
223 106 87 87 87 87 176 176 148 148 148 103 103 103 103 185 185 185 185 185 123 123 123 123 223 223 223 223 223 
223 87 87 87 87 87 176 176 176 146 146 103 103 103 185 185 185 185 185 185 123 123 123 123 223 223 223 223 223 
223 87 87 87 87 87 176 176 146 146 146 118 118 103 185 185 185 185 185 185 185 123 60 60 60 223 223 223 223 
223 87 87 87 87 87 176 146 146 146 146 118 118 118 185 185 185 185 185 185 185 60 60 60 60 60 178 178 223 
14 14 87 87 87 146 146 146 146 146 146 118 118 118 185 185 185 185 185 185 185 60 60 60 60 60 178 178 178 
14 14 14 127 127 130 146 146 146 146 146 118 118 118 149 185 185 185 185 185 185 60 60 60 60 60 178 178 178 
14 14 14 127 130 130 130 146 146 146 146 119 119 149 149 149 149 149 185 185 73 73 60 60 60 60 178 178 14 
14 14 14 130 130 130 130 130 146 119 119 119 119 119 149 149 149 149 149 149 73 73 73 247 247 247 178 178 14 
14 14 193 130 130 130 130 130 146 119 119 119 119 119 149 149 149 149 149 149 169 73 247 247 247 247 84 84 193 
193 193 77 77 77 130 130 130 119 119 119 119 119 119 149 149 149 149 149 149 169 169 247 247 247 84 84 84 193 
193 193 193 77 77 130 130 130 130 119 119 119 9 9 9 115 115 115 115 115 169 169 247 247 247 84 84 84 193 
193 193 193 77 77 77 77 77 209 53 119 9 9 9 9 115 115 115 115 115 169 169 169 247 84 84 84 84 193 
193 193 193 77 77 77 77 77 209 53 53 9 9 9 9 115 115 115 115 115 169 169 169 84 84 84 84 84 193 
193 193 193 77 77 77 158 158 243 243 162 162 206 206 206 206 115 115 115 218 218 169 169 84 84 84 84 84 193 
193 193 193 161 77 158 158 158 243 243 162 162 206 206 206 206 19 19 19 19 218 218 218 84 84 84 84 84 193 
193 161 161 161 161 161 161 151 151 243 162 206 206 206 206 206 19 19 19 19 218 218 218 84 84 84 84 84 193 
219 161 161 161 161 161 161 151 151 243 162 206 206 206 206 206 19 19 19 19 218 218 218 230 230 230 88 88 219 
219 161 161 161 161 161 161 151 151 243 243 206 206 206 206 206 19 19 19 19 19 58 58 230 230 230 88 88 219 
219 161 161 161 161 161 161 151 151 68 100 199 199 199 199 199 199 19 19 32 32 32 88 88 88 88 88 88 219 
219 161 161 161 161 161 92 92 92 92 68 199 199 199 199 199 133 133 35 32 32 113 88 88 88 88 88 88 88 
219 161 161 124 124 124 92 92 92 92 92 199 199 199 199 133 133 133 133 137 137 113 88 88 88 88 88 88 88 
246 52 124 124 124 124 92 92 92 92 92 199 199 199 133 133 133 133 133 137 137 113 88 88 88 88 88 88 88 
246 246 124 124 124 124 124 92 92 92 92 199 199 133 133 133 133 133 133 137 137 113 88 88 88 88 88 88 88 
246 246 246 124 124 124 124 124 124 124 214 214 214 214 133 133 133 97 97 97 44 231 231 231 88 23 88 88 246 
246 246 246 124 124 124 124 124 124 124 214 214 214 214 214 97 97 97 97 97 97 231 231 231 231 23 23 23 246 
246 246 246 246 124 124 124 124 124 148 148 214 214 214 214 97 97 97 97 97 97 231 231 231 231 231 231 246 246 
246 246 246 246 124 124 124 124 148 148 148 148 214 214 214 90 97 97 97 97 97 231 231 231 231 231 231 223 246 
106 106 106 106 106 124 124 148 148 148 148 148 103 103 103 90 90 97 97 97 189 231 231 231 231 223 223 223 106 
106 106 106 106 106 176 176 148 148 148 148 148 103 103 103 90 90 185 185 185 123 123 231 231 231 223 223 223 223 
223 106 106 106 106 176 176 176 148 148 148 103 103 103 103 103 185 185 185 185 123 123 123 123 223 223 223 223 223 
223 223 87 87 87 176 176 176 176 148 148 103 103 103 103 185 185 185 185 185 185 123 123 123 223 223 223 223 223 
223 87 87 87 87 176 176 176 176 146 146 118 103 103 103 185 185 185 185 185 185 123 60 60 60 223 223 223 223 
178 127 127 127 87 176 176 176 146 146 146 118 118 118 185 185 185 185 185 185 185 60 60 60 60 178 178 178 178 
178 127 127 127 127 176 176 146 146 146 146 118 118 118 118 185 185 185 185 185 185 60 60 60 60 178 178 178 178 
127 127 127 127 127 127 146 146 146 146 146 118 118 118 16 149 185 185 185 185 185 60 60 60 60 178 178 178 178 
127 127 127 127 130 130 130 146 146 146 146 119 119 119 149 149 149 149 185 185 73 60 60 10 10 178 178 178 178 
14 127 127 12 130 130 130 130 146 119 119 119 119 119 149 149 149 149 149 149 73 247 247 247 10 10 178 178 178 
193 193 193 12 130 130 12 12 12 119 119 119 119 119 149 149 149 149 149 149 169 247 247 247 247 247 247 247 193 
193 193 193 77 130 130 12 12 12 119 119 119 119 9 149 149 115 115 115 115 169 247 247 247 247 247 84 84 193 
193 193 193 193 130 130 130 130 153 153 153 9 9 9 9 115 115 115 115 115 169 247 247 247 247 247 84 193 193 
193 193 193 193 77 77 77 77 153 153 153 9 9 9 9 115 115 115 115 115 169 169 247 247 247 84 84 193 193 
193 193 193 193 77 77 77 77 153 243 243 9 9 9 9 115 115 115 115 115 169 169 169 247 84 84 84 193 193 
193 193 193 193 77 77 158 221 243 243 243 206 206 206 206 206 115 115 115 115 115 169 169 247 84 84 84 193 193 
193 193 193 161 161 161 161 221 243 243 243 206 206 206 206 206 19 19 19 19 19 19 169 247 84 84 84 193 193 
219 161 161 161 161 161 161 221 243 243 243 206 206 206 206 206 19 19 19 19 19 19 211 211 84 84 84 219 219 
219 161 161 161 161 161 161 221 243 243 243 206 206 206 206 206 19 19 19 19 19 109 211 230 230 230 230 219 219 
219 161 161 161 161 161 161 221 243 243 243 206 206 206 206 206 19 19 19 32 32 32 230 230 230 230 230 219 219 
219 161 161 161 161 161 161 161 100 100 100 100 199 199 199 199 199 19 32 32 32 32 230 230 230 230 51 51 219 
219 161 161 161 161 161 161 92 92 100 100 100 199 199 199 133 133 133 32 32 32 113 113 230 230 230 51 88 88 
219 161 52 161 161 124 92 92 92 92 114 100 199 199 133 133 133 133 137 137 137 113 113 88 88 88 88 88 88 
52 52 52 124 124 124 92 92 92 92 114 199 199 133 133 133 133 133 137 137 137 113 113 88 88 88 88 88 88 
246 246 52 124 124 124 124 92 92 92 114 199 199 133 133 133 133 133 44 137 137 113 113 88 88 23 88 88 88 
246 246 246 124 124 124 124 124 124 124 114 133 133 133 133 133 133 97 44 44 44 44 231 231 23 23 23 88 246 
246 246 246 246 124 124 124 124 124 124 148 214 214 214 214 97 97 97 97 44 44 231 231 231 231 23 23 23 246 
246 246 246 246 124 124 124 124 148 148 148 214 18 214 90 97 97 97 97 97 44 231 231 231 231 231 180 180 246 
246 246 246 246 246 124 124 148 148 148 148 148 18 18 90 90 90 97 97 97 97 231 231 231 231 231 180 180 246 
106 106 106 106 106 124 148 148 148 148 148 148 103 103 90 90 90 97 97 97 97 231 231 231 231 180 180 180 106 
106 106 106 106 106 176 176 148 148 148 148 148 103 103 103 90 90 90 90 97 97 231 231 180 180 180 180 223 106 
106 106 106 106 176 176 176 176 148 148 148 103 103 103 103 103 38 38 38 38 38 38 231 180 180 180 223 223 223 
106 106 106 138 138 176 176 176 176 148 148 103 103 103 103 103 38 38 38 38 38 38 38 180 180 223 223 223 223 
178 127 127 138 138 176 176 176 176 176 146 20 20 20 20 20 38 38 38 38 38 38 38 194 194 178 178 178 178 
178 127 127 127 138 138 176 176 176 146 146 118 20 20 16 16 38 38 38 38 38 38 194 194 194 178 178 178 178 
178 127 127 127 138 138 176 176 146 146 146 118 16 16 16 16 38 38 38 38 38 38 194 194 194 178 178 178 178 
127 127 127 127 127 138 138 146 146 146 146 146 16 16 16 16 172 38 38 38 38 38 10 10 10 10 178 178 178 
127 127 127 127 127 130 130 130 146 146 146 119 119 16 16 149 172 172 172 172 145 145 10 10 10 10 10 178 178 
127 127 127 127 130 130 130 130 130 153 119 119 119 119 149 149 149 172 172 172 145 247 247 10 10 10 10 10 178 
193 193 193 12 12 12 12 12 153 153 119 119 119 119 149 149 115 115 115 115 115 247 247 247 247 247 10 10 193 
193 193 193 193 130 130 130 12 153 153 119 119 9 9 9 115 115 115 115 115 115 247 247 247 247 247 247 193 193 
193 193 193 193 130 130 130 130 153 153 153 153 9 9 9 115 115 115 115 115 235 235 247 247 247 247 84 193 193 
193 193 193 193 193 193 130 130 153 153 153 9 9 9 9 115 115 115 115 115 235 235 235 247 247 84 84 193 193 
193 193 193 193 193 193 221 221 153 243 243 9 9 9 9 115 115 115 115 115 235 235 235 247 84 84 84 193 193 
193 193 193 193 193 221 221 221 221 243 243 243 206 206 206 206 115 115 115 115 235 235 235 229 229 229 229 229 193 
193 193 193 193 161 221 221 221 221 243 243 243 206 206 206 206 206 19 115 115 235 235 229 229 229 229 229 229 193 
219 219 161 161 161 161 221 221 243 243 243 243 206 206 206 206 206 19 19 19 109 109 211 211 229 229 229 229 219 
219 219 161 161 161 161 221 221 243 243 243 243 206 206 206 206 206 19 19 32 109 109 211 211 211 230 229 219 219 
219 219 161 161 161 161 161 221 243 243 243 243 206 206 206 206 206 19 32 32 32 32 230 230 230 230 51 51 219 
219 219 161 161 161 161 161 221 100 100 100 100 100 206 206 206 133 32 32 32 32 32 230 230 230 230 51 51 219 
219 219 161 161 161 161 161 92 114 100 100 100 100 100 133 133 133 32 32 32 32 113 113 230 230 51 51 51 51 
219 52 52 52 52 161 92 92 114 114 114 100 100 133 133 133 133 137 137 137 137 113 113 230 230 51 51 51 51 
52 52 52 52 52 52 92 92 114 114 114 114 114 133 133 133 133 137 137 137 137 113 113 113 88 88 88 88 88 
52 52 52 52 52 124 124 92 114 114 114 114 114 133 133 133 133 137 137 137 137 113 113 113 23 23 23 23 23 
246 246 246 147 124 124 124 124 124 114 114 201 201 133 133 133 133 44 44 44 44 44 231 231 23 23 23 23 246 
246 246 246 147 147 124 124 124 124 102 201 201 201 214 133 97 97 97 44 44 44 231 231 231 231 23 23 23 246 
246 246 246 147 147 124 124 124 102 102 102 18 18 18 90 90 97 97 97 97 44 231 231 231 231 180 180 180 246 
246 246 246 147 147 147 124 148 148 148 148 18 18 18 90 90 90 97 97 97 97 231 231 231 180 180 180 180 246 
106 106 106 106 106 106 148 148 148 148 148 148 18 18 18 90 90 90 97 97 97 231 231 231 180 180 180 180 106 
106 106 106 106 106 176 176 148 148 148 148 148 103 103 18 90 90 90 90 38 38 231 231 180 180 180 180 180 106 
106 106 106 106 106 176 176 176 148 148 148 103 103 103 103 103 38 38 38 38 38 38 180 180 180 180 180 180 106 
106 106 106 138 208 176 176 176 176 148 148 20 20 20 103 103 38 38 38 38 38 38 38 180 180 180 180 223 223 
152 127 127 138 138 138 176 176 176 176 176 20 20 20 20 26 26 38 38 38 38 38 194 194 194 194 178 178 178 
178 127 127 127 138 138 138 176 176 176 176 20 20 16 16 16 38 38 38 38 38 38 194 194 194 194 178 178 178 
178 127 127 127 138 138 138 138 176 146 146 16 16 16 16 16 38 38 38 38 38 38 194 194 194 10 178 178 178 
127 127 127 127 127 138 138 138 146 146 146 16 16 16 16 16 172 172 38 38 38 38 194 10 10 10 10 178 178 
127 127 127 127 127 130 130 130 146 153 153 153 16 16 16 172 172 172 172 172 145 145 145 10 10 10 10 10 178 
127 127 127 127 12 130 130 130 153 153 153 153 153 153 16 172 172 172 172 172 145 145 145 10 10 10 10 10 10 
193 193 193 12 12 130 130 12 153 153 153 153 153 153 9 172 172 172 172 172 145 145 247 247 247 10 10 10 193 
193 193 193 193 130 130 130 12 153 153 153 153 153 9 9 115 115 115 115 115 145 247 247 247 247 247 247 193 193 
193 193 193 193 250 130 130 153 153 153 153 153 153 9 9 115 115 115 115 115 235 235 235 247 247 247 229 193 193 
193 193 193 193 193 193 130 153 153 153 153 153 9 9 9 115 115 115 115 235 235 235 235 235 229 229 229 229 193 
193 193 193 193 193 193 221 221 153 153 153 243 9 9 9 115 115 115 115 235 235 235 235 229 229 229 229 229 193 
193 193 193 193 193 221 221 221 221 243 243 243 243 206 206 206 115 115 115 235 235 235 235 229 229 229 229 229 193 
193 193 193 193 161 221 221 221 221 243 243 243 243 206 206 206 206 115 115 235 235 235 229 229 229 229 229 229 229 
219 219 219 161 161 221 221 221 221 243 243 243 243 206 206 206 206 19 19 109 109 109 211 211 229 229 229 229 219 
219 219 219 161 161 221 221 221 221 243 243 243 243 206 206 206 206 19 32 109 109 109 211 211 211 211 229 219 219 
219 219 219 161 161 161 221 221 221 243 243 243 243 206 206 206 206 32 32 32 109 109 211 211 211 51 51 51 219 
219 219 219 161 161 161 161 221 221 100 100 100 100 100 206 133 32 32 32 32 32 109 211 230 230 51 51 51 219 
219 219 219 161 161 161 161 114 114 114 100 100 100 100 133 133 133 32 32 32 32 113 113 230 51 51 51 51 51 
52 52 52 52 52 161 92 114 114 114 114 114 100 114 133 133 133 137 137 137 137 113 113 113 51 51 51 51 51 
52 52 52 52 52 52 52 114 114 114 114 114 114 114 133 133 133 137 137 137 137 113 113 113 51 51 51 51 51 
52 52 52 52 52 52 52 114 114 114 114 114 114 114 133 133 133 137 137 137 137 113 113 113 113 51 51 51 51 
246 52 52 147 147 147 147 124 114 114 114 201 201 201 201 133 133 44 44 44 44 44 113 113 23 23 23 23 246 
246 147 147 147 147 147 147 102 102 102 201 201 201 201 201 97 97 97 44 44 44 44 231 231 231 180 180 180 246 
246 147 147 147 147 147 102 102 102 102 102 201 201 201 201 90 97 97 97 44 44 44 231 231 180 180 180 180 246 
246 246 147 147 147 147 102 102 102 102 102 18 18 18 18 90 90 97 97 97 44 231 231 180 180 180 180 180 246 
106 106 106 106 147 147 102 102 102 102 102 18 18 18 18 90 90 90 97 97 44 231 231 180 180 180 180 180 180 
106 106 106 106 106 208 102 102 148 148 148 18 18 18 18 18 90 90 38 38 38 180 180 180 180 180 180 180 180 
106 106 106 106 208 208 176 102 148 148 148 103 103 103 18 18 38 38 38 38 38 38 180 180 180 180 180 180 180 
152 106 208 208 208 208 176 176 176 148 148 20 20 20 20 26 26 26 38 38 38 38 180 180 194 180 180 180 152 
152 152 127 138 138 138 138 176 176 176 148 20 20 20 16 26 26 26 38 38 38 38 194 194 194 194 194 152 152 
152 127 127 138 138 138 138 138 176 176 16 16 16 16 16 16 26 38 38 38 38 38 194 194 194 194 194 152 152 
152 127 127 127 138 138 138 138 176 146 16 16 16 16 16 16 38 38 38 38 38 194 194 194 194 194 10 152 152 
127 127 127 127 138 138 138 138 138 146 153 16 16 16 16 16 172 172 172 38 38 145 194 194 10 10 10 152 152 
127 127 127 127 127 138 138 138 153 153 153 153 16 16 16 172 172 172 172 172 145 145 145 10 10 10 10 10 152 
127 127 127 250 250 130 130 130 153 153 153 153 153 153 172 172 172 172 172 172 145 145 145 10 10 10 10 10 10 
193 250 250 250 250 130 130 130 153 153 153 153 153 153 153 172 172 172 172 145 145 145 145 145 10 10 10 10 10 
193 193 250 250 250 130 130 153 153 153 153 153 153 153 153 172 172 115 115 145 145 145 145 247 247 247 10 10 193 
193 193 250 250 250 250 250 153 153 153 153 153 153 153 9 41 41 41 41 145 145 235 235 229 229 229 229 229 193 
193 193 193 250 250 250 250 153 153 153 153 153 153 153 9 41 41 41 41 41 235 235 235 229 229 229 229 229 229 
193 193 193 193 193 221 221 221 221 153 153 243 243 9 9 41 41 41 41 41 235 235 235 229 229 229 229 229 229 
193 193 193 193 221 221 221 221 221 221 243 243 243 243 206 41 41 41 41 41 235 235 229 229 229 229 229 229 229 
81 81 81 193 221 221 221 221 221 221 243 243 243 243 206 206 41 41 41 78 78 78 229 229 229 229 229 229 229 
219 219 219 219 221 221 221 221 221 221 243 243 243 243 206 206 206 41 109 109 109 109 211 211 229 229 229 229 229 
219 219 219 219 221 221 221 221 221 221 243 243 243 243 206 206 206 109 109 109 109 109 211 211 211 211 229 229 219 
219 219 219 219 198 221 221 221 221 243 243 243 243 243 206 206 206 32 32 109 109 109 211 211 211 211 51 219 219 
219 219 219 219 198 198 221 221 221 114 100 100 100 100 100 2 2 32 32 32 109 109 211 211 211 51 51 51 219 
219 219 219 198 198 198 198 221 114 114 114 114 100 114 114 2 2 137 32 32 32 109 211 211 51 51 51 51 51 
52 52 52 52 198 198 198 114 114 114 114 114 114 114 2 2 2 137 137 137 137 113 113 113 51 51 51 51 51 
52 52 52 52 52 52 215 215 114 114 114 114 114 114 2 2 2 137 137 137 137 113 113 113 51 51 51 51 51 
52 52 52 52 52 52 215 215 114 114 114 114 114 114 2 2 2 137 137 137 137 113 113 113 113 51 51 51 51 
52 52 52 147 147 147 215 215 215 114 201 201 201 201 201 201 2 44 44 44 44 44 113 113 113 51 51 51 246 
246 147 147 147 147 147 215 215 102 102 201 201 201 201 201 201 201 44 44 44 44 44 44 231 231 180 180 180 246 
246 147 147 147 147 147 102 102 102 102 102 201 201 201 201 201 201 44 44 44 44 44 231 180 180 180 180 180 246 
246 147 147 147 147 147 102 102 102 102 102 102 201 201 201 201 201 201 44 44 44 44 231 180 180 180 180 180 180 
106 147 147 147 147 102 102 102 102 102 102 102 18 18 18 18 18 90 90 44 44 180 180 180 180 180 180 180 180 
106 106 106 106 208 208 102 102 102 102 102 102 18 18 18 18 18 38 38 38 38 180 180 180 180 180 180 180 180 
106 106 106 208 208 208 208 102 102 102 102 102 18 18 18 18 38 38 38 38 38 56 56 180 180 180 180 180 180 
152 152 208 208 208 208 208 208 102 102 102 20 20 20 20 26 26 26 38 38 38 38 56 194 194 180 180 152 152 
152 152 150 208 208 208 208 208 208 102 102 20 20 16 16 26 26 26 38 38 38 38 194 194 194 194 194 152 152 
152 127 127 138 138 138 138 138 138 140 16 16 16 16 16 26 26 26 38 38 38 194 194 194 194 194 194 152 152 
152 127 127 138 138 138 138 138 138 140 153 16 16 16 16 16 172 38 38 38 38 194 194 194 194 194 194 152 152 
152 127 127 127 138 138 138 138 138 153 153 16 16 16 16 172 172 172 172 38 38 194 194 194 194 194 10 152 152 
127 127 250 250 250 138 138 138 153 153 153 153 153 16 16 172 172 172 172 172 145 145 145 194 10 10 10 10 152 
250 250 250 250 250 250 250 153 153 153 153 153 153 153 172 172 172 172 172 145 145 145 145 145 10 10 10 10 10 
250 250 250 250 250 250 250 153 153 153 153 153 153 153 172 172 172 172 172 145 145 145 145 145 10 10 10 10 10 
250 250 250 250 250 250 250 153 153 153 153 153 153 153 153 172 41 41 41 145 145 145 145 145 145 10 10 10 193 
193 250 250 250 250 250 250 55 153 153 153 153 153 153 240 41 41 41 41 145 145 145 145 229 229 229 229 229 229 
193 250 250 250 250 250 59 55 55 55 153 153 153 153 41 41 41 41 41 41 154 235 235 229 229 229 229 229 229 
193 193 250 250 250 59 59 59 55 55 55 55 55 55 41 41 41 41 41 41 154 235 229 229 229 229 229 229 229 
81 81 81 81 221 221 221 221 221 221 55 8 8 8 8 41 41 41 41 41 78 78 229 229 229 229 229 229 229 
81 81 81 81 221 221 221 221 221 221 8 8 8 8 8 41 41 41 41 78 78 78 78 229 229 229 229 229 229 
81 81 81 81 221 221 221 221 221 221 8 8 8 8 8 8 41 41 78 78 78 78 211 211 229 229 229 229 81 
81 81 81 81 221 221 221 221 221 221 8 8 8 243 243 243 22 22 109 109 109 109 211 211 211 211 229 229 81 
219 219 219 198 198 221 221 221 221 221 8 243 243 243 243 2 22 22 109 109 109 109 211 211 211 211 211 219 219 
219 219 198 198 198 198 221 221 221 114 114 114 114 114 2 2 2 2 32 109 109 109 211 211 211 211 51 51 219 
219 198 198 198 198 198 198 221 114 114 114 114 114 114 2 2 2 2 32 32 109 109 211 211 211 51 51 51 51 
198 198 198 198 198 198 198 215 114 114 114 114 114 114 2 2 2 2 137 137 137 113 113 211 51 51 51 51 51 
52 52 52 52 198 198 215 215 114 114 114 114 114 2 2 2 2 2 137 137 137 113 113 113 113 51 51 51 51 
52 52 52 52 52 215 215 215 215 114 114 114 114 2 2 2 2 2 137 44 44 113 113 113 113 51 51 51 51 
52 52 52 147 147 215 215 215 215 215 80 201 201 201 201 2 2 2 44 44 44 44 113 113 113 31 51 31 246 
246 147 147 147 147 215 215 215 215 102 80 201 201 201 201 201 201 156 44 44 44 44 44 231 231 180 180 31 246 
246 147 147 147 147 215 215 102 102 102 102 201 201 201 201 201 201 156 156 44 44 44 231 180 180 180 180 180 246 
246 147 147 147 147 102 102 102 102 102 102 102 201 201 201 201 201 156 156 44 44 44 231 180 180 180 180 180 180 
106 147 203 203 203 102 102 102 102 102 102 102 201 201 201 201 201 156 156 44 7 7 56 56 180 180 180 180 180 
106 106 203 203 208 208 102 102 102 102 102 102 18 18 18 18 18 156 38 7 7 56 56 56 180 180 180 180 180 
150 150 150 208 208 208 208 102 102 102 102 102 18 18 18 18 38 38 38 38 56 56 56 56 56 180 180 180 180 
150 150 150 208 208 208 208 208 140 102 102 102 20 18 18 26 26 26 38 38 38 56 56 56 56 56 194 152 152 
150 150 150 208 208 208 208 208 140 140 140 140 20 16 16 187 26 26 38 38 239 239 239 194 194 194 194 152 152 
152 150 150 208 208 208 208 140 140 140 140 16 16 16 16 187 26 26 38 38 239 239 239 194 194 194 194 152 152 
152 196 196 196 138 138 138 140 140 140 140 16 16 16 187 187 187 172 38 38 239 239 194 194 194 194 194 152 152 
196 196 196 196 196 138 138 140 140 140 153 153 16 16 187 187 172 172 172 172 239 239 194 194 194 194 194 152 152 
196 196 196 196 196 196 138 138 153 153 153 153 153 240 240 172 172 172 172 172 145 145 145 194 194 10 10 10 152 
250 250 250 250 250 250 250 153 153 153 153 153 153 240 240 172 172 172 172 145 145 145 145 145 10 10 10 10 10 
250 250 250 250 250 250 250 153 153 153 153 153 153 240 240 172 172 172 172 145 145 145 145 145 10 10 10 10 10 
250 250 250 250 250 250 250 153 153 153 153 153 153 240 240 240 41 41 41 145 145 145 145 145 145 10 10 10 193 
24 250 250 250 250 250 55 55 55 55 55 153 153 240 240 41 41 41 41 154 154 145 145 145 229 229 229 229 229 
24 24 24 250 250 59 59 55 55 55 55 55 55 55 240 41 41 41 41 154 154 154 229 229 229 229 229 229 229 
24 24 24 24 59 59 59 59 55 55 55 55 55 55 41 41 41 41 41 154 154 154 229 229 229 229 229 229 229 
81 81 81 81 59 59 59 59 59 55 55 55 8 8 8 41 41 41 41 154 78 78 78 229 229 229 229 229 229 
81 81 81 81 221 221 221 221 221 221 8 8 8 8 8 41 41 41 41 78 78 78 78 229 229 229 229 229 81 
81 81 81 81 221 221 221 221 221 221 8 8 8 8 8 8 41 22 78 78 78 78 78 78 229 229 229 229 81 
81 81 81 81 198 221 221 221 221 221 8 8 8 8 8 8 22 22 78 78 78 78 211 211 211 211 229 229 81 
81 81 198 198 198 198 221 221 221 221 8 8 8 8 8 2 22 22 22 109 109 109 211 211 211 211 211 81 81 
198 198 198 198 198 198 198 221 132 132 114 114 114 114 2 2 2 22 109 109 109 109 211 211 211 211 211 211 81 
198 198 198 198 198 198 198 132 132 114 114 114 114 2 2 2 2 2 2 109 109 109 211 211 211 211 51 51 51 
198 198 198 198 198 198 198 132 132 114 114 114 114 2 2 2 2 2 2 137 109 109 211 211 211 51 51 51 51 
198 198 198 198 198 198 215 215 215 114 114 114 114 2 2 2 2 2 2 137 137 113 113 113 113 51 51 51 51 
198 198 198 198 198 215 215 215 215 215 114 114 114 2 2 2 2 2 2 44 44 113 113 113 113 31 31 31 31 
198 198 198 198 198 215 215 215 215 215 80 80 201 201 2 2 2 156 156 44 44 44 113 31 31 31 31 31 242 
242 242 147 147 215 215 215 215 215 80 80 80 201 201 201 201 156 156 156 156 44 44 31 31 31 31 31 31 242 
242 242 147 203 203 215 215 215 102 102 80 80 80 201 201 201 156 156 156 156 44 44 31 31 31 31 31 31 242 
242 242 203 203 203 203 102 102 102 102 102 80 201 201 201 201 156 156 156 156 7 7 238 31 31 31 31 31 242 
242 242 203 203 203 203 102 102 102 102 102 102 201 201 201 201 156 156 156 7 7 7 56 56 56 31 180 242 242 
242 203 203 203 203 203 102 102 102 102 102 102 102 201 201 201 49 156 7 7 7 56 56 56 56 56 56 242 242 
150 150 150 203 208 208 208 102 102 102 102 102 102 18 18 49 49 49 7 7 56 56 56 56 56 56 56 56 242 
150 150 150 150 208 208 208 140 140 140 140 102 102 18 182 182 54 26 54 54 1 56 56 56 56 56 56 56 50 
150 150 150 150 208 208 208 140 140 140 140 140 140 187 187 187 187 26 38 239 239 239 239 56 194 194 194 194 50 
150 150 150 150 208 208 140 140 140 140 140 140 16 187 187 187 187 187 187 239 239 239 239 239 194 194 194 194 152 
196 196 196 196 196 140 140 140 140 140 140 140 16 187 187 187 187 187 187 239 239 239 239 194 194 194 194 194 152 
196 196 196 196 196 196 140 140 140 140 140 153 16 187 187 187 187 187 187 239 239 239 239 194 194 194 194 194 152 
196 196 196 196 196 196 196 140 153 153 153 153 240 240 240 187 172 172 172 145 145 145 179 179 179 179 179 10 152 
196 196 196 196 196 196 196 153 153 153 153 153 240 240 240 240 172 172 172 145 145 145 145 179 179 179 179 10 10 
250 250 250 250 250 250 250 153 153 153 153 153 240 240 240 240 172 217 217 145 145 145 145 145 179 179 179 10 10 
250 250 250 250 250 250 250 55 153 153 153 153 240 240 240 240 41 41 41 145 145 145 145 145 145 179 179 10 193 
24 24 24 24 250 250 55 55 55 55 55 55 240 240 240 240 217 217 154 154 154 154 86 86 229 229 229 229 24 
24 24 24 24 24 59 59 55 55 55 55 55 55 55 240 240 217 154 154 154 154 154 86 229 229 229 229 229 24 
24 24 24 24 24 59 59 59 55 55 55 55 55 55 236 236 41 154 154 154 154 86 86 229 229 229 229 229 24 
81 81 81 81 81 59 59 59 59 55 55 55 55 55 236 236 41 154 154 154 78 78 78 229 229 229 229 229 81 
81 81 81 81 81 59 59 59 59 59 55 55 8 8 236 236 236 236 78 78 78 78 78 78 229 229 229 229 81 
81 81 81 81 221 221 221 221 221 221 8 8 8 8 236 236 236 22 78 78 78 78 78 78 229 229 229 229 81 
81 81 81 81 198 221 221 221 221 221 8 8 8 8 8 22 22 22 22 78 78 78 78 211 211 211 229 229 81 
81 81 198 198 198 198 221 221 132 132 132 132 8 8 22 22 22 22 22 248 248 78 211 211 211 211 211 81 81 
198 198 198 198 198 198 198 132 132 132 132 132 132 2 2 2 2 22 22 248 109 109 211 211 211 211 211 81 81 
198 198 198 198 198 198 198 132 132 132 132 132 132 2 2 2 2 2 2 248 109 109 211 211 211 211 51 51 81 
198 198 198 198 198 198 198 132 132 132 132 132 132 2 2 2 2 2 2 2 109 109 211 211 211 51 51 51 81 
198 198 198 198 198 198 215 215 215 132 132 132 2 2 2 2 2 2 2 2 2 165 165 165 165 31 31 31 31 
198 198 198 198 198 215 215 215 215 215 101 101 101 2 2 2 2 2 2 2 44 113 165 165 31 31 31 31 31 
89 198 198 198 198 215 215 215 215 215 80 80 80 2 2 2 2 156 156 156 44 44 31 31 31 31 31 31 242 
242 242 203 203 203 215 215 215 215 215 80 80 80 201 201 2 156 156 156 156 7 31 31 31 31 31 31 31 242 
242 242 203 203 203 215 215 215 215 80 80 80 80 201 201 201 156 156 156 156 7 7 31 31 31 31 31 31 242 
242 242 203 203 203 203 203 102 102 102 80 80 80 201 201 201 156 156 156 7 7 7 238 31 31 31 31 31 242 
242 242 203 203 203 203 203 102 102 102 102 80 80 201 201 201 49 156 7 7 7 7 56 56 56 31 31 242 242 
242 203 203 203 203 203 203 102 102 102 102 102 102 201 49 49 49 49 7 7 7 56 56 56 56 56 56 242 242 
150 150 150 203 203 203 140 140 140 102 102 102 102 49 49 49 49 49 7 7 7 56 56 56 56 56 56 242 242 
150 150 150 150 208 140 140 140 140 140 140 140 182 182 182 182 54 54 54 54 1 1 56 56 56 56 56 50 50 
50 150 150 150 208 140 140 140 140 140 140 140 140 182 182 182 54 54 54 54 239 239 239 239 56 56 56 50 50 
50 50 150 150 208 140 140 140 140 140 140 140 187 187 187 187 187 54 54 239 239 239 239 239 194 194 194 50 50 
50 50 196 196 196 140 140 140 140 140 140 140 187 187 187 187 187 187 54 239 239 239 239 239 194 194 194 50 50 
196 196 196 196 196 196 140 140 140 140 140 240 240 187 187 187 187 187 217 239 239 239 239 179 179 179 179 179 50 
196 196 196 196 196 196 196 140 140 153 153 240 240 240 240 187 187 217 217 217 145 239 179 179 179 179 179 179 179 
196 196 196 196 196 196 196 196 153 153 153 240 240 240 240 240 217 217 217 217 145 145 179 179 179 179 179 179 179 
196 196 196 196 196 196 196 153 153 153 153 240 240 240 240 240 217 217 217 217 145 145 145 179 179 179 179 179 179 
24 24 250 250 250 250 250 55 55 55 55 240 240 240 240 240 217 217 217 154 145 145 145 145 179 179 179 179 179 
24 24 24 24 24 24 55 55 55 55 55 55 240 240 240 217 217 217 217 154 154 154 86 86 225 225 225 24 24 
24 24 24 24 24 59 59 55 55 55 55 55 55 55 236 236 217 217 154 154 154 86 86 86 86 229 229 225 24 
24 24 24 24 24 59 59 59 55 55 55 55 55 71 236 236 236 236 154 154 154 86 86 86 86 229 229 229 24 
24 24 24 24 59 59 59 59 59 55 55 55 55 236 236 236 236 236 154 154 78 86 86 86 229 229 229 229 24 
81 81 81 81 81 59 59 59 59 59 55 55 55 236 236 236 236 236 78 78 78 78 78 78 229 229 229 229 81 
81 81 81 81 81 59 59 59 59 59 8 8 8 236 236 236 236 22 22 78 78 78 78 78 229 229 229 229 81 
81 81 81 81 198 198 221 221 132 132 132 132 132 132 236 22 22 22 22 248 248 248 248 78 78 211 229 81 81 
81 81 198 198 198 198 132 132 132 132 132 132 132 132 22 22 22 22 22 248 248 248 248 248 248 211 211 81 81 
198 198 198 198 198 198 132 132 132 132 132 132 132 132 2 82 82 22 22 248 248 248 248 248 211 211 211 174 81 
198 198 198 198 198 198 132 132 132 132 132 132 132 2 2 2 2 82 82 248 248 248 248 211 211 211 174 174 174 
198 198 198 198 198 198 132 132 132 132 132 132 132 2 2 2 2 2 2 2 165 165 165 165 165 165 165 174 174 
198 198 198 198 198 198 215 215 132 132 132 101 101 2 2 2 2 2 2 2 165 165 165 165 165 165 31 31 174 
89 198 198 198 198 215 215 215 215 132 101 101 101 2 2 2 2 2 2 2 165 165 165 165 165 31 31 31 89 
89 89 198 198 198 215 215 215 215 215 101 101 101 101 2 2 2 2 2 2 7 165 165 31 31 31 31 31 242 
242 242 203 203 203 215 215 215 215 215 101 101 101 101 2 2 156 156 156 156 7 7 31 31 31 31 31 31 242 
242 242 203 203 203 203 215 215 215 80 80 80 80 80 80 2 156 156 156 7 7 7 238 31 31 31 31 31 242 
242 242 203 203 203 203 203 28 28 28 28 80 80 80 201 201 156 156 7 7 7 7 238 238 31 31 31 242 242 
242 242 203 203 203 203 203 28 28 28 28 28 80 201 49 49 49 7 7 7 7 7 238 238 238 31 31 242 242 
242 242 203 203 203 203 203 28 28 28 28 28 28 49 49 49 49 49 7 7 7 7 157 56 56 56 242 242 242 
242 242 203 203 203 203 140 140 140 140 140 140 49 49 49 49 49 49 7 7 7 1 157 157 157 157 157 242 242 
50 150 150 150 203 140 140 140 140 140 140 140 182 182 182 182 54 54 54 54 1 1 1 157 157 157 157 50 50 
50 50 150 150 150 140 140 140 140 140 140 140 237 182 182 182 54 54 54 54 1 1 1 1 157 157 50 50 50 
50 50 50 50 140 140 140 140 140 140 140 140 237 187 187 187 54 54 54 54 1 239 239 239 239 194 50 50 50 
50 50 50 196 196 140 140 140 140 140 140 140 237 187 187 187 187 54 54 54 239 239 239 239 179 179 179 50 50 
50 196 196 196 196 196 140 140 140 140 140 237 237 187 187 187 187 187 217 217 239 239 239 179 179 179 179 179 50 
196 196 196 196 196 196 196 140 140 140 153 240 240 240 240 217 217 217 217 217 239 239 179 179 179 179 179 179 179 
196 196 196 196 196 196 196 196 140 153 153 240 240 240 240 217 217 217 217 217 76 76 179 179 179 179 179 179 179 
196 196 196 196 196 196 196 55 153 153 153 240 240 240 240 217 217 217 217 217 76 76 76 179 179 179 179 179 179 
24 24 24 24 24 196 55 55 55 55 55 240 240 240 240 217 217 217 217 217 76 76 76 76 179 179 179 225 225 
24 24 24 24 24 24 55 55 55 55 55 55 71 71 71 217 217 217 217 217 217 76 86 86 225 225 225 225 24 
24 24 24 24 24 59 59 55 55 55 55 55 71 71 236 236 236 217 217 154 86 86 86 86 225 225 225 225 24 
24 24 24 24 24 59 59 59 55 55 55 55 71 71 236 236 236 236 154 154 86 86 86 86 86 225 225 225 24 
24 24 24 24 24 59 59 59 59 55 55 55 71 236 236 236 236 236 236 154 86 86 86 86 86 225 225 24 24 
81 81 81 81 81 4 4 59 59 59 55 55 236 236 236 236 236 236 236 78 78 78 86 86 86 229 229 229 81 
81 81 81 81 81 4 4 4 4 4 132 132 132 236 236 236 236 22 22 248 248 248 248 248 248 229 229 81 81 
81 81 81 81 198 4 4 4 132 132 132 132 132 132 236 22 22 22 22 248 248 248 248 248 248 248 229 81 81 
81 81 198 198 198 198 132 132 132 132 132 132 132 132 15 22 22 22 22 248 248 248 248 248 248 248 174 174 174 
198 198 198 198 198 198 132 132 132 132 132 132 132 132 15 82 82 82 22 248 248 248 248 248 248 248 174 174 174 
198 198 198 198 198 198 132 132 132 132 132 132 132 2 2 82 82 82 82 82 248 248 165 165 165 165 174 174 174 
198 198 198 198 198 198 132 132 132 132 132 132 132 2 2 2 2 2 2 2 165 165 165 165 165 165 165 174 174 
198 198 198 198 198 198 132 132 132 132 132 101 101 2 2 2 2 2 2 165 165 165 165 165 165 165 165 27 174 
89 89 89 198 198 215 215 215 132 132 101 101 101 101 2 2 2 2 2 2 165 165 165 165 165 31 31 31 89 
89 89 89 89 215 215 215 215 215 101 101 101 101 101 2 2 2 2 129 129 165 165 165 31 31 31 31 31 31 
242 242 203 203 203 215 215 215 215 63 101 101 101 101 101 2 156 156 156 7 7 7 165 31 31 31 31 31 242 
242 242 203 203 203 203 215 215 63 63 101 101 101 101 101 156 156 156 7 7 7 7 238 31 31 31 31 31 242 
242 242 203 203 203 203 203 28 28 28 28 28 28 49 49 49 156 7 7 7 7 7 238 238 31 31 31 242 242 
242 242 203 203 203 203 203 28 28 28 28 28 28 49 49 49 49 7 7 7 7 7 238 238 238 31 31 242 242 
242 242 203 203 203 203 203 28 28 28 28 28 28 49 49 49 49 49 7 7 7 7 157 157 157 157 242 242 242 
242 242 203 203 203 203 140 140 200 200 200 200 49 49 49 49 49 49 7 7 7 1 157 157 157 157 242 242 242 
50 50 50 50 203 140 140 140 200 200 200 200 200 182 182 182 49 54 54 54 1 1 1 157 157 157 157 50 50 
50 50 50 50 50 140 140 140 140 200 200 200 237 182 182 182 54 54 54 54 1 1 1 1 157 157 157 50 50 
50 50 50 50 50 140 140 140 140 140 200 237 237 237 182 182 54 54 54 54 1 1 1 1 1 157 128 50 50 
50 50 50 50 196 140 140 140 140 140 140 237 237 237 182 182 54 54 54 54 1 1 1 179 179 179 128 128 50 
50 50 196 196 196 196 140 140 140 140 140 237 237 237 237 187 217 217 217 112 112 112 112 179 179 179 128 128 128 
196 196 196 196 196 196 196 140 140 140 237 237 237 237 237 217 217 217 217 217 112 112 112 179 179 179 179 128 128 
196 196 196 196 196 196 196 140 140 153 237 240 240 240 217 217 217 217 217 217 76 76 76 179 179 179 179 128 128 
24 24 196 196 196 196 196 55 55 153 153 240 240 240 240 217 217 217 217 217 76 76 76 76 179 179 179 128 128 
24 24 24 24 24 196 55 55 55 55 55 240 240 240 240 217 217 217 217 217 76 76 76 76 225 225 225 225 225 
24 24 24 24 24 24 55 55 94 94 94 94 71 71 71 217 217 217 217 217 217 76 86 225 225 225 225 225 24 
24 24 24 24 24 24 59 55 94 94 94 94 71 71 71 71 217 217 217 217 86 86 86 86 225 225 225 225 24 
24 24 24 24 24 4 59 4 94 94 94 94 71 71 71 236 236 236 217 154 86 86 86 86 225 225 225 225 24 
24 24 24 24 4 4 4 4 4 94 94 94 71 71 236 236 236 236 236 86 86 86 86 86 86 225 225 225 24 
24 24 24 5 5 4 4 4 4 4 4 4 236 236 236 236 236 236 236 248 248 86 86 86 86 86 225 225 24 
24 81 81 81 5 4 4 4 4 4 4 132 21 236 236 236 236 22 22 248 248 248 248 248 86 86 225 174 81 
174 81 81 5 116 4 4 4 4 132 132 132 21 21 15 15 22 22 22 248 248 248 248 248 248 248 174 174 174 
174 174 198 198 198 4 4 4 132 132 132 132 132 21 15 15 82 22 22 248 248 248 248 248 248 174 174 174 174 
174 174 198 198 198 198 132 132 132 132 132 132 132 21 15 82 82 82 82 248 248 248 248 248 248 174 174 174 174 
174 174 198 198 198 198 132 132 132 132 132 132 132 132 15 82 82 82 82 82 248 165 165 165 165 165 174 174 174 
174 174 198 198 198 198 132 132 132 132 132 132 132 132 2 2 2 82 82 82 165 165 165 165 165 165 174 174 174 
89 89 89 198 198 132 132 132 132 132 132 101 101 101 2 2 2 2 129 165 165 165 165 165 165 165 27 27 174 
89 89 89 89 89 215 132 132 132 132 101 101 101 101 2 2 2 129 129 129 165 165 165 165 165 31 31 27 89 
89 89 89 89 89 215 215 63 63 63 101 101 101 101 101 2 129 129 129 129 165 165 165 165 31 31 31 31 89 
89 89 89 203 203 203 215 63 63 63 63 101 101 101 101 129 129 129 129 129 33 165 165 31 31 31 31 31 89 
242 242 203 203 203 203 203 63 63 63 63 101 101 101 101 156 156 7 7 7 7 7 238 31 31 31 31 31 242 
242 242 203 203 203 203 203 63 63 63 63 63 63 245 245 245 164 7 7 7 7 7 238 238 31 31 31 31 242 
242 242 203 203 203 203 203 28 28 28 28 28 28 49 49 49 49 7 7 7 7 7 238 238 238 31 31 242 242 
242 242 203 203 203 203 203 28 28 28 28 28 28 49 49 49 49 49 7 7 7 157 157 157 157 157 242 242 242 
242 242 203 203 203 203 203 200 200 200 200 200 49 49 49 49 49 49 49 7 7 157 157 157 157 157 157 242 242 
50 50 50 50 203 140 140 200 200 200 200 200 237 182 182 49 49 54 54 54 1 1 1 157 157 157 157 50 50 
50 50 50 50 50 140 140 200 200 200 200 200 237 237 182 182 54 54 54 54 1 1 1 1 157 157 128 50 50 
50 50 50 50 50 140 140 140 200 200 200 237 237 237 182 182 54 54 54 54 1 1 1 1 1 128 128 128 50 
50 50 50 50 50 140 140 140 140 200 237 237 237 237 237 237 54 54 54 112 112 112 112 112 179 128 128 128 128 
128 50 50 196 196 196 140 140 140 237 237 237 237 237 237 237 217 217 217 112 112 112 112 112 179 128 128 128 128 
128 128 196 196 196 196 196 140 140 237 237 237 237 237 237 217 217 217 217 112 112 112 112 112 179 128 128 128 128 
128 204 204 204 204 204 46 140 140 237 237 237 237 237 217 217 217 217 217 217 112 112 112 112 179 128 128 128 128 
24 24 204 204 204 204 46 46 55 153 237 237 237 237 217 217 217 217 217 217 76 76 76 76 179 225 128 128 128 
24 24 24 24 204 46 46 46 55 55 55 71 71 71 217 217 217 217 217 217 76 76 76 76 225 225 225 225 225 
24 24 24 204 204 204 46 94 94 94 94 94 71 71 71 71 217 217 217 217 121 121 121 225 225 225 225 225 24 
24 24 24 24 24 24 46 74 94 94 94 94 71 71 71 71 217 217 217 121 121 121 121 225 225 225 225 225 24 
24 24 24 24 24 4 4 4 94 94 94 94 71 71 71 71 71 71 217 121 121 121 86 225 225 225 225 225 24 
24 24 24 5 5 4 4 4 4 94 94 94 71 71 71 71 236 236 98 86 86 86 86 86 225 225 225 225 24 
24 5 5 5 5 4 4 4 4 4 220 220 71 71 15 15 236 236 236 248 248 86 86 86 86 225 225 225 24 
174 5 5 5 5 4 4 4 4 4 220 220 21 21 15 15 15 15 15 248 248 248 248 86 86 225 174 174 174 
174 5 5 5 116 4 4 4 4 220 220 220 21 21 15 15 15 22 22 248 248 79 79 79 79 174 174 174 174 
174 174 116 116 116 4 4 4 4 220 220 220 21 21 15 15 15 82 22 79 79 79 79 79 79 174 174 174 174 
174 174 116 116 116 116 132 132 132 132 132 132 21 21 15 15 15 82 82 79 79 79 79 79 79 174 174 174 174 
174 174 174 116 116 132 132 132 132 132 132 132 132 21 15 15 82 82 82 82 79 79 165 165 165 11 174 174 174 
174 174 174 198 198 198 132 132 132 132 132 132 132 21 143 143 143 82 129 129 165 165 165 165 165 165 174 174 174 
89 89 89 89 120 136 132 132 132 132 132 132 101 143 143 143 129 129 129 129 165 165 165 165 165 27 27 27 27 
89 89 89 89 89 136 136 132 132 132 132 101 101 101 143 129 129 129 129 129 33 165 165 165 165 31 27 27 89 
89 89 89 89 89 136 136 63 63 63 63 101 101 101 143 129 129 129 129 129 33 33 33 165 31 31 31 31 89 
89 89 89 89 89 136 136 63 63 63 63 101 101 101 129 129 129 129 129 129 33 33 33 31 31 31 31 31 89 
89 89 203 203 203 203 136 63 63 63 63 63 101 101 245 164 164 164 164 7 7 33 33 31 31 31 31 31 242 
242 242 203 203 203 203 203 63 63 63 63 63 63 245 245 245 164 164 7 7 7 7 238 238 31 31 31 31 242 
242 242 203 203 203 203 203 63 63 63 63 63 63 245 245 245 49 49 7 7 7 7 238 238 238 31 31 242 242 
242 242 203 203 203 203 203 28 28 28 28 28 245 245 49 49 49 49 7 7 7 7 157 157 157 157 242 242 242 
242 242 203 203 203 203 200 200 200 200 200 200 237 49 49 49 49 49 49 69 69 69 157 157 157 157 157 242 242 
50 50 50 50 50 210 140 200 200 200 200 200 237 237 49 49 49 49 69 69 69 1 1 157 157 157 128 128 50 
50 50 50 50 50 210 140 200 200 200 200 237 237 237 237 182 54 54 69 69 69 1 1 1 157 128 128 128 50 
50 50 50 50 50 140 140 200 200 200 200 237 237 237 237 237 54 54 69 69 69 1 1 1 128 128 128 128 128 
128 50 50 50 50 140 140 140 200 237 237 237 237 237 237 237 237 54 69 112 112 112 112 112 128 128 128 128 128 
128 128 50 204 196 196 140 140 237 237 237 237 237 237 237 237 237 217 217 112 112 112 112 112 128 128 128 128 128 
128 128 204 204 204 46 46 46 237 237 237 237 237 237 237 237 217 217 217 112 112 112 112 112 112 128 128 128 128 
128 204 204 204 204 46 46 46 46 237 237 237 237 237 237 217 217 217 217 112 112 112 112 112 112 128 128 128 128 
204 204 204 204 204 46 46 46 46 74 237 237 237 237 217 217 217 217 217 217 112 112 112 112 112 128 128 128 128 
24 24 204 204 204 46 46 46 74 74 94 94 71 71 71 217 217 217 217 217 217 112 112 112 225 225 225 225 225 
24 204 204 204 204 46 46 74 74 74 94 94 233 233 71 71 71 217 217 121 121 121 121 225 225 225 225 225 225 
24 24 204 204 204 46 46 74 74 74 94 94 233 233 71 71 71 98 98 121 121 121 121 225 225 225 225 225 225 
24 24 24 204 5 4 4 74 74 94 94 94 233 233 233 233 233 98 98 121 121 121 121 225 225 225 225 225 225 
24 24 5 5 5 4 4 4 4 94 94 94 233 233 233 233 233 98 98 98 121 121 121 225 225 225 225 225 24 
5 5 5 5 5 4 4 4 4 4 220 220 233 233 15 15 15 15 98 98 79 121 121 225 225 225 225 225 24 
174 5 5 5 5 4 4 4 4 220 220 220 21 21 15 15 15 15 15 79 79 79 79 79 79 57 174 174 174 
174 5 5 5 116 116 4 4 220 220 220 220 21 21 15 15 15 15 15 79 79 79 79 79 79 57 174 174 174 
174 174 116 116 116 116 4 220 220 220 220 220 21 21 15 15 15 15 15 79 79 79 79 79 79 174 174 174 174 
174 174 116 116 116 116 220 220 220 220 220 220 21 21 15 15 15 15 15 79 79 79 79 79 79 174 174 174 174 
174 93 93 116 116 116 220 220 220 220 220 220 21 21 15 15 15 15 70 70 70 79 79 79 165 11 174 174 174 
174 93 93 93 116 116 136 132 132 132 132 132 21 143 143 143 143 143 143 70 70 70 165 165 165 11 27 27 174 
174 89 89 120 120 136 136 132 132 132 132 132 143 143 143 143 143 129 129 129 33 33 165 165 165 27 27 27 27 
89 89 89 120 120 136 136 136 63 132 63 101 101 143 143 143 129 129 129 129 33 33 33 165 165 212 27 27 27 
89 89 89 120 120 136 136 136 63 63 63 63 101 143 143 129 129 129 129 129 33 33 33 33 212 212 212 27 27 
89 89 89 120 120 136 136 63 63 63 63 63 101 101 129 129 129 129 129 129 33 33 33 33 31 31 31 27 27 
89 89 89 120 136 136 136 63 63 63 63 63 63 245 245 164 164 164 164 67 67 33 33 33 31 31 31 31 242 
242 89 203 203 203 136 108 63 63 63 63 63 63 245 245 245 164 164 164 67 67 67 33 238 31 31 31 31 242 
242 242 203 203 203 203 108 108 63 63 63 63 245 245 245 245 245 245 164 67 67 7 238 238 238 31 31 202 242 
242 242 203 203 203 203 108 108 108 63 63 63 245 245 245 245 245 245 69 69 69 69 157 157 157 157 202 202 242 
242 242 203 203 203 210 108 108 200 200 200 200 237 245 245 49 49 69 69 69 69 69 69 104 104 104 202 202 202 
50 50 50 50 210 210 210 200 200 200 200 237 237 237 237 49 49 69 69 69 69 69 69 104 104 104 202 202 50 
128 50 50 50 210 210 210 200 200 200 200 237 237 237 237 237 69 69 69 69 69 69 69 104 104 128 128 128 128 
128 128 50 50 210 210 210 210 200 200 237 237 237 237 237 237 237 69 69 69 69 69 69 104 104 128 128 128 128 
128 128 128 128 210 210 210 210 200 237 237 237 237 237 237 237 237 69 69 69 69 112 112 112 128 128 128 128 128 
128 128 128 204 204 46 46 46 237 237 237 237 237 237 237 237 237 237 69 112 112 112 112 112 128 128 128 128 128 
128 128 204 204 204 46 46 46 237 237 237 237 237 237 237 237 237 217 217 112 112 112 112 112 128 128 128 128 128 
128 204 204 204 204 46 46 46 46 237 237 237 237 237 237 237 217 217 217 112 112 112 112 112 128 128 128 128 128 
204 204 204 204 204 46 46 46 46 74 237 237 237 237 237 217 217 217 217 217 112 112 112 112 99 99 128 128 128 
204 204 204 204 204 46 46 46 74 74 74 74 233 233 233 233 217 217 217 217 121 121 121 121 225 225 225 225 128 
24 204 204 204 204 46 46 74 74 74 74 233 233 233 233 233 233 98 98 98 121 121 121 121 225 225 225 225 225 
24 204 204 204 204 204 46 74 74 74 74 233 233 233 233 233 233 98 98 98 121 121 121 121 225 225 225 225 225 
24 24 204 204 204 204 74 74 74 74 74 233 233 233 233 233 233 98 98 98 121 121 121 121 225 225 225 225 225 
24 5 5 5 5 5 4 4 74 74 74 233 233 233 233 233 233 98 98 98 121 121 121 121 225 225 225 225 24 
5 5 5 5 5 5 4 4 4 220 220 220 233 233 15 15 15 15 98 98 121 121 121 121 225 225 225 174 174 
174 5 5 5 5 5 4 4 220 220 220 220 21 21 15 15 15 15 15 79 79 79 79 79 57 57 57 174 174 
174 5 5 5 116 116 75 220 220 220 220 220 21 21 15 15 15 15 15 79 79 79 79 79 57 57 57 174 174 
174 174 116 116 116 116 75 220 220 220 220 220 21 21 15 15 15 15 15 79 79 79 79 79 57 57 174 174 174 
174 93 116 116 116 116 220 220 220 220 220 220 21 21 15 15 15 15 70 70 79 79 79 79 57 57 174 174 174 
174 93 93 116 116 116 220 220 220 220 220 220 21 21 15 15 15 15 70 70 70 70 70 70 57 11 11 11 174 
174 93 93 93 93 136 136 220 220 220 220 220 21 143 143 143 143 143 70 70 70 70 70 70 70 11 11 11 174 
27 174 120 120 120 136 136 136 136 220 220 220 143 143 143 143 143 129 129 129 70 33 33 33 212 27 27 27 27 
27 120 120 120 120 136 136 136 136 136 63 101 143 143 143 143 129 129 129 129 33 33 33 33 212 212 27 27 27 
89 89 120 120 120 136 136 136 136 63 63 63 143 143 143 129 129 129 129 129 33 33 33 33 212 212 212 27 27 
89 89 120 120 120 136 136 136 63 63 63 63 63 129 129 129 129 129 129 67 33 33 33 33 212 212 212 212 212 
244 89 244 120 136 136 136 108 63 63 63 63 63 245 245 164 164 164 164 67 67 67 33 33 212 212 212 212 212 
244 244 244 244 136 108 108 108 108 63 63 63 245 245 245 245 164 164 164 67 67 67 67 67 212 212 212 202 244 
244 244 244 244 108 108 108 108 108 108 63 63 245 245 245 245 245 245 164 67 67 67 104 104 104 104 202 202 202 
244 244 244 244 108 108 108 108 108 108 108 108 245 245 245 245 245 245 69 69 69 69 104 104 104 104 202 202 202 
202 244 244 210 210 210 108 108 108 108 200 200 237 245 245 245 245 69 69 69 69 69 104 104 104 104 202 202 202 
202 202 210 210 210 210 210 210 210 200 200 237 237 237 237 237 69 69 69 69 69 69 104 104 104 104 202 202 202 
128 128 50 210 210 210 210 210 210 200 237 237 237 237 237 237 69 69 69 69 69 69 104 104 104 104 128 128 128 
128 128 128 210 210 210 210 210 210 237 237 237 237 237 237 237 237 69 69 69 69 69 104 104 104 128 128 128 128 
128 128 128 204 210 210 210 210 237 237 237 237 237 237 237 237 237 69 69 69 69 69 104 104 128 128 128 128 128 
128 128 204 204 204 204 210 46 237 237 237 237 237 237 237 237 237 69 69 69 112 112 112 112 128 128 128 128 128 
128 128 204 204 204 46 46 46 46 237 237 237 237 237 237 237 237 237 69 112 112 112 112 112 128 128 128 128 128 
128 204 204 204 204 46 46 46 46 46 237 237 237 237 237 249 249 249 249 112 112 112 112 112 99 99 128 128 128 
204 204 204 204 204 46 46 46 46 46 237 237 237 237 249 249 249 249 217 98 112 112 112 99 99 99 99 99 128 
204 204 204 204 204 46 46 46 74 74 74 74 233 233 233 249 249 249 98 98 121 121 121 99 99 99 99 99 99 
204 204 204 204 204 46 46 74 74 74 74 167 167 233 167 167 249 98 98 98 98 121 121 99 99 99 99 99 99 
204 204 204 204 204 204 46 74 74 74 74 167 167 233 167 167 98 98 98 98 98 121 121 121 121 99 99 99 99 
24 5 5 204 204 204 74 74 74 74 74 167 167 167 167 167 167 98 98 98 98 121 121 121 121 225 225 225 225 
5 5 5 5 5 5 5 74 74 74 74 167 167 167 167 167 98 98 98 98 98 121 121 121 121 225 225 225 24 
5 5 5 5 5 5 5 220 220 220 220 220 167 167 15 15 15 98 98 98 98 121 121 121 57 57 57 57 174 
174 5 5 5 5 5 75 220 220 220 220 220 21 21 15 15 15 15 15 79 79 79 79 79 57 57 57 57 174 
174 116 116 116 116 75 75 220 220 220 220 220 21 21 15 15 15 15 15 79 79 79 79 79 57 57 57 174 174 
174 93 116 116 116 75 75 220 220 220 220 220 21 21 21 15 15 15 70 79 79 79 79 79 57 57 57 174 174 
174 93 93 116 116 75 75 220 220 220 220 220 21 21 15 15 15 15 70 70 70 70 70 70 57 57 11 174 174 
174 93 93 116 75 75 75 220 220 220 220 220 21 21 15 15 15 15 70 70 70 70 70 70 57 11 11 11 174 
174 93 93 120 136 136 136 136 220 220 220 220 21 143 143 143 143 143 70 70 70 70 70 70 70 11 11 11 174 
174 174 120 120 120 136 136 136 136 220 220 220 143 143 143 143 143 129 129 70 70 70 70 212 212 212 27 27 27 
27 120 120 120 120 136 136 136 136 136 136 135 143 143 143 143 129 129 129 129 33 33 33 212 212 212 212 27 27 
27 120 120 120 120 136 136 136 136 85 85 85 143 143 143 129 129 129 129 129 33 33 33 212 212 212 212 212 27 
244 120 120 120 136 136 136 136 136 85 85 85 85 129 129 129 129 129 129 67 33 33 33 212 212 212 212 212 212 
244 244 244 136 136 136 136 108 108 85 85 85 245 245 245 164 164 164 164 67 67 67 33 212 212 212 212 212 244 
244 244 244 244 136 108 108 108 108 85 85 85 245 245 245 245 164 164 164 67 67 67 67 212 212 212 212 202 244 
244 244 244 244 108 108 108 108 108 108 108 108 245 245 245 245 245 164 164 67 67 67 104 104 104 202 202 202 244 
244 244 244 244 108 108 108 108 108 108 108 108 207 245 245 245 245 245 69 69 69 69 104 104 104 202 202 202 202 
202 244 244 210 210 210 108 108 108 108 108 192 192 192 245 245 245 69 69 69 69 69 104 104 104 104 202 202 202 
202 202 244 210 210 210 210 210 210 108 108 192 192 192 192 192 69 69 69 69 69 69 104 104 104 104 202 202 202 
202 202 210 210 210 210 210 210 210 237 237 237 192 192 192 192 69 69 69 69 69 69 104 104 104 104 104 202 202 
40 128 210 210 210 210 210 210 210 237 237 237 237 192 237 222 222 69 69 69 69 69 104 104 104 104 40 40 40 
128 128 128 210 210 210 210 210 210 237 237 237 237 237 237 222 222 69 69 69 69 69 104 104 104 40 40 40 40 
128 128 204 204 204 210 210 210 210 237 237 237 237 237 237 222 222 222 69 69 69 69 104 104 128 128 128 128 128 
128 204 204 204 204 46 46 46 46 237 237 237 237 237 237 249 249 249 69 69 112 112 112 99 99 99 168 168 168 
168 204 204 204 204 46 46 46 46 46 237 237 237 237 249 249 249 249 249 98 112 112 99 99 99 99 99 168 168 
204 204 204 204 204 46 46 46 46 46 237 237 237 249 249 249 249 249 249 98 98 112 99 99 99 99 99 99 168 
204 204 204 204 204 46 46 46 46 74 74 167 167 167 249 249 249 249 98 98 98 121 121 99 99 99 99 99 99 
204 204 204 204 204 204 46 74 74 74 74 167 167 167 167 249 249 98 98 98 98 98 121 99 99 99 99 99 99 
204 204 204 204 204 204 46 74 74 74 74 167 167 167 167 167 98 98 98 98 98 98 121 121 99 99 99 99 99 
216 216 216 216 216 216 25 25 74 74 74 167 167 167 167 167 98 98 98 98 98 98 121 121 30 99 99 99 99 
5 5 5 5 5 5 5 25 74 74 74 167 167 167 167 167 98 98 98 98 98 98 121 121 30 234 6 6 6 
5 5 5 5 5 5 5 220 220 220 220 167 167 167 167 15 15 98 98 98 98 98 121 234 234 234 6 6 6 
174 5 5 5 5 75 75 75 220 220 220 220 21 21 15 15 15 15 98 98 79 79 79 57 57 57 57 57 6 
174 116 116 116 75 75 75 75 220 220 220 220 21 21 21 15 15 15 70 70 79 79 79 57 57 57 57 57 174 
174 174 116 116 75 75 75 75 220 220 220 21 21 21 21 15 15 15 70 70 70 70 70 57 57 57 57 57 174 
174 93 116 75 75 75 75 75 220 220 220 21 21 21 21 15 15 15 70 70 70 70 70 57 57 57 57 174 174 
174 174 174 75 75 75 75 75 220 220 220 220 21 21 21 15 15 70 70 70 70 70 70 70 57 57 11 11 174 
174 174 174 120 136 136 136 136 220 220 220 175 175 21 143 143 143 143 70 70 70 70 70 70 70 11 11 11 174 
174 174 120 120 136 136 136 136 136 136 220 175 175 143 143 143 129 129 70 70 70 70 70 212 212 212 212 27 27 
27 120 120 120 136 136 136 136 136 136 135 135 135 143 143 129 129 129 129 129 33 33 33 212 212 212 212 212 27 
120 120 120 120 136 136 136 136 136 85 85 135 135 143 143 129 129 129 129 129 33 33 33 212 212 212 212 212 212 
244 120 120 136 136 136 136 136 85 85 85 85 135 135 129 129 129 129 129 67 67 33 33 212 212 212 212 212 212 
244 244 244 136 136 136 136 108 85 85 85 85 135 245 245 164 164 164 164 67 67 67 33 212 212 212 212 212 212 
244 244 244 244 136 108 108 108 108 85 85 85 207 245 245 245 164 164 164 67 67 67 67 212 212 212 212 212 244 
244 244 244 244 108 108 108 108 108 108 108 108 207 207 245 245 245 164 164 67 67 67 104 104 104 202 202 202 244 
244 244 244 244 108 108 108 108 108 108 108 207 207 207 245 245 245 245 96 69 69 104 104 104 104 202 202 202 202 
202 244 244 210 210 210 108 108 108 108 108 192 192 192 192 245 245 69 69 69 69 104 104 104 104 104 202 202 202 
202 202 244 210 210 210 210 210 210 108 192 192 192 192 192 192 192 69 69 69 69 104 104 104 104 104 202 202 202 
202 202 210 210 210 210 210 210 210 210 192 192 192 192 192 192 222 69 69 69 69 104 104 104 104 104 104 202 202 
40 40 210 210 210 210 210 210 210 237 237 192 192 192 192 222 222 69 69 69 69 69 104 104 104 104 40 40 40 
40 40 210 210 210 210 210 210 210 237 237 237 237 237 222 222 222 222 69 69 69 69 104 104 104 40 40 40 40 
168 168 204 204 210 210 210 210 210 237 237 237 237 237 222 222 222 222 69 69 69 69 104 104 104 40 168 168 168 
168 204 204 204 204 46 46 46 46 237 237 237 237 237 249 249 249 249 69 69 112 112 99 99 99 99 168 168 168 
168 204 204 204 204 46 46 46 46 46 237 237 237 249 249 249 249 249 249 98 98 99 99 99 99 99 99 168 168 
204 204 204 204 204 46 46 46 46 46 237 237 237 249 249 249 249 249 98 98 98 98 99 99 99 99 99 99 168 
204 204 204 204 204 46 46 46 46 74 74 167 167 167 249 249 249 249 98 98 98 98 99 99 99 99 99 99 99 
204 204 204 204 204 204 46 25 25 74 25 167 167 167 167 249 249 98 98 98 98 98 30 30 99 99 99 99 99 
216 216 216 216 216 216 25 25 25 25 25 167 167 167 167 167 98 98 98 98 98 98 30 30 30 99 99 99 99 
216 216 216 216 216 216 25 25 25 25 25 167 167 167 167 167 167 98 98 98 98 98 30 30 30 30 30 99 99 
216 216 216 216 216 216 25 25 25 25 25 167 167 167 167 167 98 98 98 98 98 98 98 30 30 234 6 6 6 
216 216 216 216 216 216 75 75 25 25 25 184 184 184 184 184 98 98 98 98 98 98 98 234 234 234 6 6 6 
174 216 216 75 75 75 75 75 220 220 220 184 184 184 184 184 15 98 177 177 70 70 70 234 234 234 6 6 6 
174 116 116 75 75 75 75 75 75 220 220 184 184 184 184 184 15 15 177 177 70 70 70 57 57 57 57 6 6 
174 174 116 75 75 75 75 75 75 220 175 175 21 21 21 15 15 177 177 70 70 70 70 57 57 57 57 57 174 
174 93 116 75 75 75 75 75 220 220 175 175 175 21 21 15 15 70 70 70 70 70 70 57 57 57 57 57 174 
174 174 174 75 75 75 75 75 220 220 175 175 175 175 175 15 15 70 70 70 70 70 70 70 57 57 57 11 174 
174 174 174 136 136 136 136 136 220 175 175 175 175 175 143 143 143 70 70 70 70 70 70 70 57 57 11 11 174 
174 174 136 136 136 136 136 136 136 136 175 175 175 175 143 143 129 129 70 70 70 70 70 212 212 212 212 212 27 
27 136 136 136 136 136 136 136 136 136 135 135 135 135 143 129 129 129 129 70 70 70 70 212 212 212 212 212 212 
120 120 136 136 136 136 136 136 136 85 135 135 135 135 135 129 129 129 129 129 33 33 33 212 212 212 212 212 212 
244 244 136 136 136 136 136 136 85 85 85 135 135 135 129 129 129 129 129 67 67 33 33 212 212 212 212 212 212 
244 244 244 136 136 136 136 108 85 85 85 85 135 135 245 164 164 129 164 67 67 67 212 212 212 212 212 212 212 
244 244 244 244 136 108 108 108 108 85 108 108 207 207 245 245 191 191 191 191 67 67 67 212 212 212 212 212 244 
244 244 244 244 108 108 108 108 108 108 108 207 207 207 207 207 191 191 191 191 67 67 104 104 104 202 202 202 244 
244 244 244 244 108 108 108 108 108 108 108 207 207 207 207 207 96 96 96 96 69 104 104 104 104 202 202 202 202 
202 244 244 210 210 210 108 108 108 108 108 207 207 207 207 207 96 96 96 96 69 104 104 104 104 104 202 202 202 
202 202 244 210 210 210 210 210 210 108 207 207 207 192 207 207 96 96 96 69 131 131 104 104 104 104 202 202 202 
202 202 210 210 210 210 210 210 210 210 192 192 192 192 192 192 222 96 69 69 131 131 104 104 104 104 104 202 202 
40 40 210 210 210 210 210 210 210 210 192 192 192 192 222 222 222 222 69 213 131 131 104 104 104 104 40 40 40 
40 40 210 210 210 210 210 210 210 210 237 237 192 192 222 222 222 222 222 213 131 131 131 104 104 40 40 40 40 
168 168 204 210 210 210 210 210 210 210 237 237 237 237 222 222 222 222 222 213 131 131 131 104 104 40 40 168 168 
168 168 204 204 204 210 210 205 205 205 237 237 237 237 249 249 249 249 249 213 131 131 99 99 99 99 168 168 168 
168 168 204 204 17 17 17 205 205 205 237 237 237 249 249 249 249 249 249 98 98 99 99 99 99 99 99 168 168 
168 204 204 204 17 17 17 205 205 205 167 167 167 249 249 249 249 249 249 98 98 98 99 99 99 99 99 99 168 
204 204 204 204 17 17 17 17 17 74 167 167 167 167 249 249 249 249 98 98 98 98 98 99 99 99 99 99 99 
attribute "dep" string "positions"
#
# A field is created with three components: "positions", "connections",
# and "data"
object "regular positions regular connections" class field
component  "positions"    value 1
component  "connections"  value 2
component  "data"         value 3
#
end
