# object 1 are the regular positions. The grid is 29 29 29. The origin is
# at [0 0 0], and the deltas are 1 in the first and third dimensions, and
# 2 in the second dimension
#
object 1 class gridpositions counts 29 29 29
origin 0 0 0
delta  1 0 0
delta  0 1 0
delta  0 0 1
#
# object 2 are the regular connections
#
object 2 class gridconnections counts 29 29 29
#
# object 3 are the data, which are in a one-to-one correspondence with
# the positions ("dep" on positions). The positions increment in the order
# "last index varies fastest", i.e. (x0, y0, z0), (x0, y0, z1), (x0, y0, z2),
# (x0, y1, z0), etc.
#
object 3 class array type int rank 0 items 24389 data follows
152 117 117 117 223 223 178 178 185 185 185 185 82 82 82 82 82 78 78 85 85 85 85 85 85 224 224 167 234 
234 117 117 117 117 117 117 117 185 185 185 185 82 82 82 82 78 78 78 85 85 85 85 85 85 224 224 234 234 
234 117 117 117 117 117 117 117 185 185 185 185 82 82 82 82 78 78 78 78 85 85 85 85 224 224 224 234 234 
234 234 117 117 117 117 117 117 117 185 185 47 47 47 47 47 78 78 78 78 85 85 85 224 224 212 212 212 234 
234 117 117 117 117 117 117 117 117 117 47 47 47 47 47 47 78 78 78 78 18 85 18 18 212 212 212 212 212 
234 119 119 117 117 117 117 117 117 117 47 47 47 47 47 47 78 78 78 78 18 18 18 18 212 212 212 212 212 
119 119 119 119 119 12 12 12 12 183 183 47 47 47 47 47 78 78 32 32 18 18 18 18 212 212 212 212 212 
84 119 119 119 119 12 12 183 183 183 183 183 47 47 47 47 32 32 32 32 32 18 18 18 212 212 212 212 212 
84 119 119 119 48 48 48 183 183 183 183 183 183 47 47 32 32 32 32 32 32 32 32 165 165 165 165 84 84 
84 84 48 48 48 48 48 183 183 183 183 183 183 183 14 14 219 219 219 219 219 219 219 165 165 165 165 84 84 
84 84 48 48 48 48 48 48 183 183 183 183 183 183 14 14 219 219 219 219 219 219 219 165 165 165 84 84 84 
84 84 48 48 48 48 48 48 183 183 183 183 183 14 14 14 219 219 219 219 219 219 219 84 84 84 84 84 84 
84 84 48 48 48 48 48 48 116 116 116 116 226 160 160 160 160 160 219 219 219 219 219 98 98 84 84 84 84 
84 84 48 48 48 48 48 116 116 116 116 226 226 160 160 160 160 160 160 219 219 219 98 98 98 84 84 84 84 
84 84 48 48 48 48 116 116 116 116 226 226 226 160 160 160 160 160 160 160 160 229 56 98 98 84 84 84 84 
84 84 48 48 48 116 116 116 116 226 226 226 226 160 160 160 160 160 160 160 54 56 56 156 156 156 156 84 84 
84 84 48 48 48 116 116 116 116 226 226 226 226 226 160 160 160 160 160 54 54 54 56 156 156 156 156 156 156 
45 45 90 90 99 99 99 99 99 226 226 226 226 226 123 160 160 160 160 54 54 54 54 156 156 156 156 156 156 
45 45 90 90 99 99 99 99 99 226 226 226 226 226 123 123 160 160 54 54 54 54 54 156 156 156 156 156 156 
45 45 90 90 90 99 99 99 99 99 226 226 226 226 226 226 160 54 54 54 54 54 54 54 156 35 35 35 45 
45 45 90 90 90 99 99 99 99 99 226 226 226 226 226 169 180 54 54 54 54 54 54 54 35 35 35 35 45 
45 45 90 90 90 99 99 99 99 99 99 226 226 182 182 169 180 180 54 54 54 54 54 54 35 35 35 35 45 
45 45 45 90 90 99 99 99 99 99 57 182 182 182 182 169 180 180 180 54 74 74 74 74 35 35 35 35 45 
45 45 45 90 90 99 99 57 57 57 182 182 182 182 182 169 180 180 180 74 74 74 74 74 26 26 26 26 26 
195 195 195 195 195 124 124 57 57 57 182 182 182 182 182 182 182 180 180 74 74 74 74 26 26 26 26 26 26 
195 195 195 195 195 124 124 124 124 182 182 182 182 182 182 182 182 182 182 74 74 74 74 26 26 26 26 26 26 
195 195 195 195 124 124 124 124 124 124 182 182 182 182 182 182 182 182 182 74 74 74 106 106 26 26 26 26 26 
195 195 195 195 124 124 124 124 124 124 182 182 182 182 182 182 182 182 182 182 106 106 106 106 26 26 26 26 26 
195 195 195 223 223 124 124 124 124 124 182 182 182 182 182 182 182 182 182 106 106 106 106 106 106 106 26 26 26 
152 152 152 223 223 223 178 178 178 178 185 82 82 82 82 82 82 78 78 85 85 85 85 85 85 167 167 167 234 
234 152 152 117 117 117 117 178 178 178 185 82 82 82 82 82 82 78 78 85 85 85 85 85 85 234 234 234 234 
234 234 152 117 117 117 117 117 178 178 185 82 82 82 82 82 78 78 78 85 85 85 85 85 85 234 234 234 234 
234 234 117 117 117 117 117 117 178 178 47 47 47 47 47 47 78 78 78 78 85 85 85 85 85 234 234 234 234 
234 234 117 117 117 117 117 117 117 117 47 47 47 47 47 47 78 78 78 78 85 85 85 18 18 212 234 234 234 
234 234 119 117 117 117 117 117 12 12 47 47 47 47 47 47 78 78 78 18 18 18 18 18 18 212 212 234 234 
234 119 119 12 12 12 12 12 12 12 47 47 47 47 47 47 47 32 32 32 18 18 18 18 18 212 212 212 212 
84 119 119 12 12 12 12 12 12 227 227 47 47 47 47 47 32 32 32 32 32 18 18 18 18 212 212 212 84 
84 84 48 48 48 48 12 12 183 227 227 227 47 47 47 47 32 32 32 32 32 32 32 18 165 84 84 84 84 
84 84 48 48 48 48 48 48 227 227 227 227 227 14 14 14 219 219 219 219 219 219 219 165 165 84 84 84 84 
84 84 48 48 48 48 48 48 48 227 227 227 14 14 14 14 14 219 219 219 219 219 219 165 84 84 84 84 84 
84 84 48 48 48 48 48 48 48 227 227 227 14 14 14 14 14 219 219 219 219 219 219 84 84 84 84 84 84 
84 84 48 48 48 48 48 116 116 116 116 116 14 14 14 14 14 14 219 219 219 219 98 98 98 84 84 84 84 
84 84 48 48 48 48 116 116 116 116 116 116 226 160 160 160 160 160 219 219 219 219 98 98 98 98 84 84 84 
84 84 48 48 48 116 116 116 116 116 226 226 226 226 160 160 160 160 160 229 229 229 56 98 98 98 98 84 84 
84 84 48 48 48 116 116 116 116 116 226 226 226 226 160 160 160 160 160 229 229 56 56 56 56 98 98 84 84 
84 45 65 65 65 116 116 116 116 226 226 226 226 226 226 160 160 160 160 54 54 56 56 56 56 56 156 156 84 
45 45 45 65 65 65 65 116 226 226 226 89 226 226 226 160 160 160 54 54 54 54 56 56 56 56 156 156 156 
45 45 45 90 65 65 99 99 99 226 226 226 226 226 226 226 160 54 54 54 54 54 54 56 56 35 35 35 45 
45 45 45 90 90 99 99 99 99 226 226 226 226 226 226 226 153 54 54 54 54 54 54 54 35 35 35 35 45 
45 45 45 45 90 99 99 99 99 99 226 226 226 226 226 153 153 54 54 54 54 54 54 35 35 35 35 35 45 
45 45 45 45 45 99 99 99 99 57 57 226 226 182 182 182 182 153 54 54 54 54 54 35 35 35 35 35 45 
45 45 45 45 45 115 99 57 57 57 57 182 182 182 182 182 182 180 54 54 54 54 54 35 35 35 35 35 45 
45 45 45 45 45 115 57 57 57 57 57 182 182 182 182 182 182 182 180 54 54 54 54 26 26 26 26 35 45 
102 102 102 102 102 57 57 57 57 57 182 182 182 182 182 182 182 182 180 198 74 74 74 26 26 26 26 26 26 
102 102 102 102 102 124 124 57 57 182 182 182 182 182 182 182 182 182 182 198 198 74 26 26 26 26 26 26 26 
102 102 102 102 102 124 124 124 124 182 182 182 182 182 182 182 182 182 182 198 198 74 106 26 26 26 26 26 26 
102 102 102 152 223 223 124 124 124 182 182 182 182 182 182 182 182 182 182 198 198 106 106 26 26 26 26 26 26 
102 102 152 223 223 223 124 124 124 124 182 182 182 182 182 182 182 182 182 198 198 106 106 106 26 26 26 26 26 
152 152 152 223 223 223 178 178 178 178 178 82 82 82 82 82 82 82 78 85 85 85 85 167 167 167 167 167 234 
234 152 152 223 223 223 223 178 178 178 178 82 82 82 82 82 82 78 78 85 85 85 85 85 85 234 234 234 234 
234 152 152 117 117 117 223 178 178 178 178 82 82 82 82 82 82 78 78 85 85 85 85 85 85 234 234 234 234 
234 234 152 117 117 117 117 117 178 178 47 47 47 47 47 47 47 78 78 85 85 85 85 85 85 234 234 234 234 
234 234 117 117 117 117 117 117 117 117 47 47 47 47 47 47 47 78 78 18 85 85 85 18 18 234 234 234 234 
234 234 12 12 12 12 12 12 12 12 47 47 47 47 47 47 47 78 211 18 18 18 18 18 18 234 234 234 234 
234 12 12 12 12 12 12 12 12 12 47 47 47 47 47 47 47 32 32 32 18 18 18 18 18 234 234 234 234 
84 12 12 12 12 12 12 12 12 227 227 47 47 47 47 47 47 32 32 32 32 18 18 18 18 18 84 84 84 
84 84 48 48 12 12 12 12 227 227 227 227 47 47 14 14 32 32 32 32 32 32 32 18 18 84 84 84 84 
84 84 48 48 48 48 48 12 227 227 227 227 227 14 14 14 14 219 219 219 219 219 219 173 173 84 84 84 84 
84 84 48 48 48 48 48 48 227 227 227 227 14 14 14 14 14 219 219 219 219 219 219 173 173 173 84 84 84 
84 84 48 48 48 48 48 48 116 227 227 227 14 14 14 14 14 14 219 219 219 219 219 173 173 173 84 84 84 
84 84 48 48 48 48 48 116 116 116 116 116 14 14 14 14 14 14 219 219 219 219 98 98 98 98 84 84 84 
84 84 48 48 48 48 116 116 116 116 116 116 120 120 14 14 14 14 14 219 229 229 98 98 98 98 98 84 84 
84 84 48 48 48 116 116 116 116 116 226 226 226 120 120 160 160 14 171 229 229 229 56 98 98 98 98 98 84 
84 84 48 48 48 116 116 116 116 116 226 226 226 226 226 160 160 160 171 229 229 56 56 56 56 98 98 98 84 
84 45 65 65 65 65 116 116 116 226 226 226 226 226 226 160 160 160 164 164 56 56 56 56 56 56 56 56 84 
45 45 45 65 65 65 65 116 226 226 226 226 226 226 226 226 160 54 54 54 54 56 56 56 56 56 56 56 56 
45 45 45 65 65 65 65 65 226 226 226 226 226 226 226 226 153 54 54 54 54 54 54 56 56 35 35 35 45 
45 45 45 45 65 65 65 99 226 226 226 226 226 226 226 153 153 153 54 54 54 54 54 54 35 35 35 35 45 
45 45 45 45 45 115 115 99 99 226 226 226 226 226 226 153 153 153 54 54 54 54 54 35 35 35 35 35 45 
45 45 45 45 45 115 115 115 57 57 57 57 226 182 182 153 153 153 54 54 54 54 54 35 35 35 35 35 45 
45 45 45 45 45 115 115 57 57 57 57 57 182 182 182 182 153 153 54 54 54 54 54 35 35 35 35 35 45 
45 45 45 45 45 115 57 57 57 57 57 182 182 182 182 182 182 182 198 198 54 54 54 35 35 35 35 35 45 
102 102 102 102 102 57 57 57 57 57 57 182 182 182 182 182 182 182 198 198 198 198 26 26 26 26 26 26 26 
102 102 102 102 102 102 57 57 57 57 182 182 182 182 182 182 182 182 198 198 198 198 26 26 26 26 26 26 102 
102 102 102 102 102 223 124 57 57 57 182 182 182 182 182 182 182 182 198 198 198 198 167 26 26 26 26 26 102 
102 102 102 152 223 223 178 178 178 182 182 182 182 182 182 182 182 182 198 198 198 198 167 167 167 167 167 167 167 
102 102 152 223 223 223 178 178 178 178 182 182 82 82 82 182 182 182 198 198 198 198 167 167 167 167 167 167 167 
152 152 152 152 223 223 178 178 178 208 208 82 82 82 82 82 82 82 78 85 85 85 85 167 167 167 167 167 167 
234 152 152 152 223 223 223 178 178 178 208 82 82 82 82 82 82 82 78 85 85 85 85 85 167 234 234 234 234 
234 152 152 152 223 223 223 178 178 208 208 82 82 82 82 82 82 78 78 85 85 85 85 85 234 234 234 234 234 
234 234 152 152 117 117 117 178 178 208 208 47 47 47 47 47 47 44 44 85 85 85 85 85 234 234 234 234 234 
234 234 152 152 117 117 117 117 117 208 47 47 47 47 47 47 47 44 44 44 18 85 85 18 234 234 234 234 234 
234 234 152 12 12 12 12 12 12 12 47 47 47 47 47 47 47 44 44 44 18 18 18 18 18 234 234 234 234 
234 234 12 12 12 12 12 12 12 12 47 47 47 47 47 47 47 211 211 211 211 18 18 18 18 234 234 234 234 
130 214 12 12 12 12 12 12 12 227 227 47 47 47 47 47 47 211 211 211 211 211 18 18 18 130 130 130 130 
130 130 12 12 12 12 12 12 227 227 227 227 47 47 14 14 14 211 211 211 211 211 211 18 68 130 130 130 130 
84 84 48 48 48 48 12 227 227 227 227 227 14 14 14 14 14 14 219 211 211 211 211 173 173 130 130 130 130 
84 84 48 48 48 48 48 48 227 227 227 227 14 14 14 14 14 14 219 219 219 219 173 173 173 173 173 84 84 
84 84 48 48 48 48 48 48 227 227 227 227 14 14 14 14 14 14 219 219 219 219 173 173 173 173 173 84 84 
84 84 48 48 48 48 48 116 116 116 116 120 14 14 14 14 14 14 14 219 219 229 98 98 98 98 98 84 84 
84 84 48 48 48 48 116 116 116 116 116 120 120 120 14 14 14 14 14 229 229 229 56 98 98 98 98 98 84 
84 84 48 48 48 116 116 116 116 116 226 120 120 120 120 120 120 14 171 229 229 229 56 98 98 98 98 98 98 
84 45 149 65 65 116 116 116 116 116 226 226 120 120 120 120 120 171 171 229 229 56 56 56 56 98 98 98 98 
45 45 146 65 65 65 65 116 116 226 226 226 226 120 120 120 120 171 164 164 56 56 56 56 56 56 56 201 201 
45 45 45 65 65 65 65 116 226 226 226 226 226 226 120 120 120 164 164 164 164 56 56 56 56 56 56 201 201 
45 45 45 45 65 65 65 65 226 226 226 226 226 226 226 226 153 164 164 54 54 54 56 56 56 56 35 35 45 
45 45 45 45 65 65 115 115 115 226 226 226 226 226 226 153 153 153 54 54 54 54 54 35 35 35 35 35 45 
45 45 45 45 45 115 115 115 115 115 226 226 226 226 153 153 153 153 153 54 54 54 54 35 35 35 35 35 45 
45 45 45 45 115 115 115 115 57 57 57 57 226 182 153 153 153 153 153 54 54 54 54 35 35 35 35 35 45 
45 45 45 45 45 115 115 115 57 57 57 57 182 182 182 153 153 153 153 153 54 54 54 35 35 35 35 35 45 
45 45 45 45 45 115 115 57 57 57 57 57 182 182 182 182 153 153 198 198 198 198 143 35 35 35 35 35 45 
102 102 102 102 102 102 57 57 57 57 57 182 182 182 182 182 182 198 198 198 198 198 198 26 26 26 26 26 45 
102 102 102 102 102 102 57 57 57 57 57 182 182 182 182 182 182 198 198 198 198 198 167 167 167 167 167 167 102 
102 102 102 102 102 223 178 57 57 57 182 182 182 182 182 182 182 198 198 198 198 198 167 167 167 167 167 167 102 
102 102 152 152 152 223 178 178 178 208 182 182 182 182 182 182 182 198 198 198 198 198 167 167 167 167 167 167 167 
102 152 152 152 223 223 178 178 178 208 208 182 82 82 82 82 182 198 198 198 198 198 167 167 167 167 167 167 167 
152 152 152 152 152 11 178 178 208 208 208 208 82 82 82 82 82 82 82 85 85 85 167 167 167 167 167 167 167 
152 152 152 152 152 223 223 178 208 208 208 208 82 82 82 82 82 2 2 44 85 85 85 167 167 167 234 234 234 
234 152 152 152 152 223 223 178 208 208 208 208 82 82 82 82 82 2 2 44 44 85 85 85 167 234 234 234 234 
234 152 152 152 152 152 223 178 208 208 208 47 47 47 47 47 47 44 44 44 44 85 85 85 234 234 234 234 234 
234 152 152 152 152 117 12 12 208 208 47 47 47 47 47 47 47 44 44 44 44 44 44 18 234 234 234 234 234 
234 152 152 12 12 12 12 12 12 47 47 47 47 47 47 47 47 44 44 44 44 44 44 18 215 234 234 234 234 
234 214 214 12 12 12 12 12 12 12 47 47 47 47 47 47 47 44 44 44 44 44 44 18 18 234 234 234 234 
130 214 214 12 12 12 12 12 12 227 227 47 47 47 47 47 47 211 211 211 211 211 211 18 68 130 130 130 130 
130 130 214 12 12 12 12 12 227 227 227 227 47 47 14 14 14 211 211 211 211 211 211 79 68 130 130 130 130 
130 130 214 48 12 12 12 12 227 227 227 227 14 14 14 14 14 14 211 211 211 211 79 79 68 130 130 130 130 
130 130 48 48 48 48 48 227 227 227 227 227 14 14 14 14 14 14 14 14 211 211 186 173 173 173 130 130 130 
130 130 48 48 48 48 48 48 227 227 227 227 14 14 14 14 14 14 14 14 14 186 186 173 173 173 173 130 130 
84 84 48 48 48 48 48 116 116 116 227 120 14 14 14 14 14 14 14 14 229 229 186 98 98 98 98 98 98 
84 84 48 48 48 116 116 116 116 116 120 120 120 120 14 14 14 14 14 229 229 229 229 98 98 98 98 98 98 
84 196 149 149 116 116 116 116 116 116 120 120 120 120 120 120 171 171 171 229 229 229 229 56 98 98 98 98 98 
196 196 149 149 65 116 116 116 116 132 132 120 120 120 120 120 171 171 171 229 229 229 56 56 56 98 98 98 98 
146 146 146 146 65 65 65 116 116 132 239 239 120 120 120 120 171 171 164 164 229 229 56 56 56 56 201 201 201 
45 45 146 146 65 65 65 65 226 226 239 239 239 120 120 120 120 164 164 164 164 56 56 56 56 201 201 201 201 
45 45 146 146 65 65 65 65 115 226 239 239 239 120 120 120 153 164 164 164 164 56 56 56 56 201 201 201 201 
45 45 45 45 65 65 115 115 115 115 239 239 239 120 120 153 153 153 153 164 54 54 54 25 35 35 201 201 201 
45 45 45 45 115 115 115 115 115 115 115 239 239 120 153 153 153 153 153 153 54 54 25 25 35 35 35 35 45 
45 45 45 45 115 115 115 115 115 115 57 57 57 67 153 153 153 153 153 153 54 54 25 25 35 35 35 35 45 
45 45 45 45 115 115 115 115 57 57 57 57 57 182 153 153 153 153 153 153 54 54 25 25 35 35 35 35 45 
45 45 45 45 45 115 115 57 57 57 57 57 182 182 182 153 153 153 198 198 198 198 143 143 35 35 35 35 45 
102 102 102 102 102 72 115 57 57 57 57 57 182 182 182 182 182 198 198 198 198 198 143 143 167 167 167 167 102 
102 102 102 102 102 72 72 57 57 57 57 182 182 182 182 182 182 198 198 198 198 198 167 167 167 167 167 167 102 
102 102 102 102 152 72 72 57 57 57 182 182 182 182 182 182 182 198 198 198 198 198 167 167 167 167 167 167 167 
102 152 152 152 152 152 178 178 208 208 208 182 182 182 182 182 101 198 198 198 198 198 167 167 167 167 167 167 167 
152 152 152 152 152 152 178 178 208 208 208 208 82 82 82 82 101 198 198 198 198 198 167 167 167 167 167 167 167 
152 152 152 152 152 11 11 208 208 208 208 208 82 82 82 82 101 101 29 29 44 167 167 167 167 167 167 167 167 
152 152 152 152 152 11 11 208 208 208 208 208 82 82 82 82 2 2 2 44 44 44 167 167 167 167 167 167 167 
152 152 152 152 152 11 11 208 208 208 208 208 82 82 82 82 2 2 2 44 44 44 215 215 167 234 234 234 234 
234 152 152 152 152 152 11 208 208 208 208 208 47 47 47 47 2 2 44 44 44 44 215 215 215 234 234 234 234 
234 152 152 152 152 152 12 208 208 208 208 47 47 47 47 47 47 44 44 44 44 44 215 215 215 234 234 234 234 
234 152 214 214 214 12 12 12 12 208 47 47 47 47 47 47 44 44 44 44 44 44 215 215 215 215 234 234 234 
4 214 214 214 214 12 12 12 12 12 141 47 47 47 47 47 44 44 44 44 44 44 215 215 215 68 4 4 4 
130 214 214 214 214 12 12 12 12 227 141 141 33 33 33 33 33 44 44 44 44 44 79 79 68 68 130 130 130 
130 214 214 214 214 126 12 12 227 227 227 141 33 33 33 14 14 14 211 211 211 211 79 79 68 68 130 130 130 
130 130 214 214 126 126 126 12 227 227 227 227 14 14 14 14 14 14 14 211 211 79 79 79 68 68 130 130 130 
130 130 214 71 71 71 71 71 227 227 227 227 14 14 14 14 14 14 14 14 211 186 186 186 68 68 130 130 130 
130 130 71 71 71 71 71 71 227 227 227 7 14 14 14 14 14 14 14 14 186 186 186 186 186 68 130 130 130 
130 130 71 71 71 71 71 71 132 7 7 7 14 14 14 14 14 14 14 14 229 186 186 186 186 98 98 98 130 
130 196 149 71 71 71 71 132 132 132 132 120 120 120 14 14 14 14 14 229 229 229 229 186 98 98 98 98 98 
196 196 149 149 71 71 71 132 132 132 132 120 120 120 120 120 171 171 171 229 229 229 229 56 98 98 98 98 98 
196 196 149 149 149 149 132 132 132 132 132 120 120 120 120 120 171 171 171 229 229 229 229 56 56 201 201 201 201 
146 146 146 146 146 65 65 132 132 132 239 239 120 120 120 120 171 171 164 164 229 229 56 56 56 201 201 201 201 
146 146 146 146 146 65 65 132 132 132 239 239 239 120 120 120 120 164 164 164 164 229 56 56 201 201 201 201 201 
45 45 146 146 146 65 65 115 132 132 239 239 239 120 120 120 153 164 164 164 164 164 56 56 201 201 201 201 201 
45 45 45 146 146 65 115 115 115 115 239 239 239 120 153 153 153 153 153 164 164 164 25 25 201 201 201 201 201 
45 45 45 45 115 115 115 115 115 115 115 239 67 67 153 153 153 153 153 153 153 25 25 25 25 35 35 201 201 
45 45 45 45 115 115 115 115 115 115 115 115 67 67 153 153 153 153 153 153 153 25 25 25 25 35 35 35 45 
45 45 45 45 115 115 115 115 115 115 57 57 67 67 153 153 153 153 153 153 198 143 25 25 25 35 35 35 45 
45 45 45 72 72 115 115 115 115 57 57 57 182 182 153 153 153 153 198 198 198 143 143 143 143 35 35 35 45 
102 102 102 72 72 72 72 57 57 57 57 57 182 182 182 153 198 198 198 198 198 198 143 143 143 167 167 167 167 
102 102 102 102 72 72 72 72 57 57 57 182 182 182 101 101 198 198 198 198 198 198 143 167 167 167 167 167 167 
102 102 102 72 72 72 72 72 57 208 208 182 182 101 101 101 101 198 198 198 198 198 167 167 167 167 167 167 167 
152 152 152 152 152 152 152 208 208 208 208 208 182 101 101 101 101 198 198 198 198 198 167 167 167 110 167 167 167 
152 152 152 152 152 152 11 208 208 208 208 208 208 101 101 101 101 101 198 198 198 198 167 167 167 167 167 167 167 
152 152 152 152 152 11 11 208 208 208 208 208 208 82 101 101 101 101 29 29 29 167 167 167 167 167 167 167 167 
152 152 152 152 152 11 11 208 208 208 208 208 208 82 101 101 2 2 2 2 44 44 167 167 167 167 167 167 167 
152 152 152 152 152 11 11 208 208 208 208 208 208 82 82 2 2 2 2 2 44 44 215 215 167 167 167 234 234 
152 152 152 152 152 152 11 208 208 208 208 208 47 47 47 2 2 2 2 44 44 44 215 215 215 215 234 234 234 
4 152 152 152 152 152 11 208 208 208 208 47 47 47 47 2 2 2 44 44 44 162 215 215 215 215 234 234 234 
4 214 214 214 214 126 126 126 135 135 141 141 33 33 33 33 2 44 44 44 44 162 215 215 215 215 4 4 4 
4 214 214 214 214 126 126 126 126 141 141 141 33 33 33 33 33 44 44 44 44 162 215 215 215 215 4 4 4 
4 214 214 214 214 126 126 126 126 141 141 141 33 33 33 33 33 44 44 44 44 44 79 79 68 68 68 130 130 
130 214 214 214 214 126 126 126 126 141 141 141 33 33 33 33 14 14 44 44 44 79 79 79 68 68 68 130 130 
130 214 214 214 126 126 126 126 126 227 141 141 33 33 14 14 14 14 14 14 79 79 79 79 68 68 68 130 130 
130 130 214 71 71 71 71 71 71 7 7 7 14 14 14 14 14 14 14 14 186 186 186 186 68 68 68 130 130 
130 130 71 71 71 71 71 71 71 7 7 7 14 14 14 14 14 14 14 14 186 186 186 186 186 68 68 130 130 
130 71 71 71 71 71 71 71 132 7 7 7 14 14 14 14 14 14 14 14 229 186 186 186 186 186 186 130 130 
196 196 149 71 71 71 71 132 132 132 132 120 120 120 14 14 14 14 14 229 229 229 186 186 186 186 98 98 130 
196 196 149 149 149 149 132 132 132 132 132 120 120 120 120 120 171 171 171 229 229 229 229 229 186 98 98 98 196 
196 196 149 149 149 149 132 132 132 132 132 132 120 120 120 120 171 171 171 229 229 229 229 56 201 201 201 201 201 
196 146 146 146 146 146 132 132 132 132 132 239 120 120 120 120 171 171 164 164 229 229 229 56 201 201 201 201 201 
146 146 146 146 146 146 146 132 132 132 239 239 239 120 120 120 120 164 164 164 164 229 56 201 201 201 201 201 201 
31 146 146 146 146 146 146 132 132 132 239 239 239 120 120 120 153 164 164 164 164 164 56 201 201 201 201 201 201 
31 45 146 146 146 146 115 115 115 115 239 239 67 67 120 153 153 153 153 164 164 164 25 201 201 201 201 201 201 
45 45 146 146 146 115 115 115 115 115 67 67 67 67 67 153 153 153 153 153 153 25 25 25 25 201 201 201 201 
45 45 45 45 115 115 115 115 115 115 67 67 67 67 67 153 153 153 153 153 153 143 25 25 25 143 143 201 45 
45 45 45 72 72 115 115 115 115 115 67 67 67 67 153 153 153 153 153 153 143 143 143 143 143 143 143 35 45 
45 45 72 72 72 72 72 115 115 115 67 67 67 67 153 153 153 153 198 198 198 143 143 143 143 143 143 143 143 
21 102 21 72 72 72 72 72 72 57 57 57 67 101 101 101 153 198 198 198 198 143 143 143 143 143 167 167 167 
102 102 102 72 72 72 72 72 72 57 57 182 101 101 101 101 101 198 198 198 198 198 143 143 167 167 167 167 167 
21 21 21 72 72 72 72 72 72 208 166 166 101 101 101 101 101 198 198 198 198 198 167 167 167 167 167 167 167 
21 152 152 152 72 72 72 72 208 208 166 166 204 101 101 101 101 101 198 198 198 198 167 167 167 167 167 167 167 
152 152 152 152 152 152 11 208 208 208 208 208 208 101 101 101 101 101 29 198 198 198 167 167 167 167 167 167 167 
152 152 152 152 152 152 11 208 208 208 166 166 166 204 101 101 101 29 29 29 29 29 167 167 167 167 167 167 167 
152 152 152 152 152 152 11 208 208 208 208 208 208 118 101 2 2 2 2 2 2 107 167 167 174 174 174 174 174 
152 152 152 152 152 152 11 208 208 208 208 208 208 118 118 2 2 2 2 2 2 44 215 215 174 174 174 174 174 
152 152 152 152 152 152 11 208 208 208 208 208 47 118 118 118 2 2 2 2 44 44 215 215 215 174 174 174 174 
4 152 152 152 152 152 126 135 135 135 135 135 47 118 118 118 2 2 2 44 162 162 215 215 215 215 4 4 4 
4 214 214 214 214 126 126 126 135 135 135 141 33 33 33 33 2 2 44 44 162 162 215 215 215 215 4 4 4 
4 214 214 214 214 126 126 126 135 135 141 141 33 33 33 33 33 188 44 44 162 162 215 215 215 4 4 4 4 
4 214 214 214 214 126 126 126 126 141 141 141 33 33 33 33 33 188 44 44 44 79 79 79 68 68 4 4 4 
4 214 214 214 126 126 126 126 126 141 141 141 33 33 33 33 33 14 44 44 44 79 79 79 68 68 68 4 4 
4 214 214 214 126 126 126 126 126 141 141 141 33 33 33 14 14 14 14 14 79 79 79 79 68 68 68 68 130 
130 214 71 71 71 71 71 71 63 7 7 7 14 14 240 240 240 14 14 14 79 79 186 186 68 68 68 68 130 
130 71 71 71 71 71 71 71 63 7 7 7 14 14 240 240 240 14 14 14 186 186 186 186 186 68 68 68 130 
196 196 71 71 71 71 71 71 132 7 7 7 14 14 240 240 240 14 14 14 186 186 186 186 186 186 186 68 130 
196 196 149 149 71 71 71 132 132 132 132 132 120 120 14 14 14 14 14 229 229 229 186 186 186 186 186 68 196 
196 196 149 149 149 149 132 132 132 132 132 132 120 120 120 14 14 14 171 229 229 229 229 229 186 201 201 201 196 
196 196 149 149 149 149 132 132 132 132 132 132 120 120 120 120 120 171 171 229 229 229 229 229 201 201 201 201 196 
196 196 146 146 146 146 132 132 132 132 132 132 120 120 120 120 120 171 164 164 229 229 229 201 201 201 201 201 201 
31 146 146 146 146 146 137 137 132 132 132 132 120 120 120 120 120 164 164 164 164 229 229 201 201 201 201 201 201 
31 31 146 146 146 137 137 137 137 132 132 239 67 67 120 120 153 164 164 164 164 164 201 201 201 201 201 201 201 
31 31 31 146 146 137 137 137 137 67 67 67 67 67 67 153 153 153 153 164 164 143 143 201 201 201 201 201 201 
31 31 31 31 146 115 115 115 115 67 67 67 67 67 67 153 153 153 153 153 153 143 143 143 143 201 201 201 201 
31 31 31 31 72 115 115 115 115 67 67 67 67 67 67 153 153 153 153 153 143 143 143 143 143 143 143 201 201 
31 21 31 72 72 72 115 115 115 67 67 67 67 67 67 153 153 153 153 153 143 143 143 143 143 143 143 143 21 
21 21 21 72 72 72 72 72 72 67 67 67 67 67 67 153 153 153 198 198 143 143 143 143 143 143 143 143 21 
21 21 21 72 72 72 72 72 72 72 67 67 67 67 101 101 101 198 198 198 198 143 143 143 143 143 143 143 21 
21 21 21 72 72 72 72 72 72 72 67 67 204 101 101 101 101 198 198 198 198 143 143 143 143 167 167 167 21 
21 21 21 72 72 72 72 72 72 166 166 166 204 101 101 101 101 29 29 198 198 198 143 167 167 167 167 167 21 
21 21 21 72 72 72 72 72 72 166 166 166 204 101 101 101 101 29 29 29 198 198 167 167 167 167 167 167 167 
21 152 152 152 152 72 72 72 166 166 166 166 204 101 101 101 101 29 29 29 29 198 167 167 167 167 167 167 167 
152 152 152 152 152 152 11 166 166 166 166 166 166 204 101 101 29 29 29 29 29 107 107 174 174 174 174 174 174 
152 152 152 152 152 152 11 166 166 166 166 166 166 118 118 118 118 2 2 2 107 107 107 174 174 174 174 174 174 
174 152 152 152 152 152 11 208 208 166 166 166 166 118 118 118 118 2 2 2 107 107 107 107 174 174 174 174 174 
49 152 152 152 152 152 11 135 135 135 135 135 118 118 118 118 118 2 2 2 107 107 215 215 174 174 174 174 174 
49 49 49 152 228 228 228 135 135 135 135 135 135 118 118 118 118 2 188 188 162 162 215 215 215 215 4 4 4 
4 214 214 214 214 126 126 135 135 135 135 135 33 33 33 118 188 188 188 188 162 162 215 215 215 4 4 4 4 
4 214 214 214 214 126 126 126 135 135 135 141 33 33 33 33 188 188 188 188 162 162 215 215 215 4 4 4 4 
4 214 214 214 214 126 126 126 135 135 141 141 33 33 33 33 33 188 188 188 162 79 79 79 68 4 4 4 4 
4 214 214 214 126 126 126 126 126 141 141 141 33 33 33 33 33 188 188 188 79 79 79 79 79 68 4 4 4 
4 214 214 214 126 126 126 126 63 63 63 33 33 33 33 240 240 14 14 79 79 79 79 79 79 68 68 4 4 
4 214 71 71 71 71 71 71 63 63 63 7 7 240 240 240 240 14 14 14 79 79 79 79 68 68 68 68 4 
4 71 71 71 71 71 71 71 63 63 7 7 7 240 240 240 240 14 14 14 186 186 186 186 186 68 68 68 68 
196 196 71 71 71 71 71 71 63 7 7 7 7 240 240 240 240 14 14 20 20 186 186 186 186 186 186 68 68 
196 196 196 149 71 71 71 132 132 132 7 7 7 120 14 14 14 14 14 20 20 20 186 186 186 186 186 196 196 
196 196 196 149 149 149 132 132 132 132 132 132 132 120 120 14 14 14 150 150 229 20 186 186 186 186 201 196 196 
196 196 196 149 149 149 132 132 132 132 132 132 132 120 120 120 5 5 150 229 229 229 229 229 140 201 201 196 196 
196 196 196 146 146 137 137 132 132 132 132 132 132 120 120 120 5 5 164 164 229 229 229 140 140 140 201 201 196 
31 31 146 146 146 137 137 137 137 132 132 132 132 120 120 120 5 5 5 164 164 229 140 140 140 140 140 201 201 
31 31 31 146 146 137 137 137 137 132 67 67 67 67 67 5 5 5 5 164 161 161 140 140 140 140 140 140 31 
31 31 31 31 146 137 137 137 137 67 67 67 67 67 67 67 153 153 153 164 161 161 161 140 140 140 140 140 31 
31 31 31 31 31 137 137 137 67 67 67 67 67 67 67 67 153 153 153 153 161 143 143 143 140 140 140 140 31 
31 31 31 31 72 72 137 137 67 67 67 67 67 67 67 67 153 153 153 153 143 143 143 143 143 143 140 140 31 
31 21 31 72 72 72 72 72 67 67 67 67 67 67 67 67 153 153 153 153 143 143 143 143 143 143 143 143 21 
21 21 21 72 72 72 72 72 72 67 67 67 67 67 67 67 153 153 198 198 143 143 143 143 143 143 143 143 21 
21 21 21 72 72 72 72 72 72 67 67 67 67 67 101 101 29 29 29 198 143 143 143 143 143 143 143 143 21 
21 21 21 72 72 72 72 72 72 72 67 67 204 204 101 101 29 29 29 29 29 143 143 143 143 143 143 167 21 
21 21 21 72 72 72 72 72 72 166 166 166 204 204 101 101 29 29 29 29 29 143 143 143 167 167 167 167 21 
21 21 21 72 72 72 72 72 166 166 166 166 204 204 101 101 29 29 29 29 29 29 143 167 167 167 167 167 21 
21 21 21 72 72 72 72 72 166 166 166 166 204 204 101 101 29 29 29 29 29 29 167 167 167 174 174 174 174 
174 174 152 209 209 209 209 166 166 166 166 166 166 204 204 29 29 29 29 29 29 107 107 174 174 174 174 174 174 
174 174 209 209 209 209 209 166 166 166 166 166 166 118 118 118 118 29 29 107 107 107 107 174 174 174 174 174 174 
174 174 152 209 209 209 209 209 166 166 166 166 166 118 118 118 118 118 118 107 107 107 107 107 174 174 174 174 174 
49 49 49 209 209 209 228 135 135 135 135 135 118 118 118 118 118 118 188 107 107 107 107 107 174 174 174 174 174 
49 49 49 49 228 228 228 135 135 135 135 135 135 118 118 118 118 188 188 188 107 107 107 215 215 174 4 4 4 
4 49 49 49 228 228 228 135 135 135 135 135 22 22 118 118 188 188 188 188 107 107 215 215 215 4 4 4 4 
4 218 214 214 214 233 126 135 135 135 135 135 22 33 33 188 188 188 188 188 188 107 215 215 4 4 4 4 4 
4 4 214 214 126 126 126 126 135 135 135 141 33 33 33 33 188 188 188 188 188 79 79 79 4 4 4 4 4 
4 4 214 214 126 126 126 126 126 135 141 141 33 33 33 33 33 188 188 188 79 79 79 79 79 4 4 4 4 
4 4 214 214 126 126 126 126 63 63 63 63 33 33 33 240 240 188 188 133 133 79 79 79 79 68 4 4 4 
4 4 71 71 71 71 71 63 63 63 63 63 88 88 88 240 240 240 14 133 133 79 79 79 79 68 68 4 4 
4 71 71 71 71 71 71 63 63 63 63 63 88 88 88 240 240 240 240 20 20 20 186 186 186 68 68 68 4 
196 196 196 71 71 71 71 63 63 63 63 63 88 88 88 240 240 14 14 20 20 20 20 186 186 186 68 68 4 
196 196 196 196 71 71 71 132 63 63 63 63 88 88 88 240 14 14 150 20 20 20 20 20 186 186 68 196 196 
196 196 196 196 196 196 132 132 132 132 132 132 132 88 88 5 14 150 150 150 20 20 20 20 20 140 140 196 196 
196 196 196 196 196 137 132 132 132 132 132 132 132 120 120 5 5 5 150 150 150 20 20 20 140 140 140 140 196 
196 196 196 146 146 137 137 137 132 132 132 132 132 120 5 5 5 5 5 150 150 150 140 140 140 140 140 140 196 
196 31 31 146 146 137 137 137 137 132 132 132 67 67 5 5 5 5 5 5 161 161 140 140 140 140 140 140 140 
31 31 31 31 146 137 137 137 137 132 67 67 67 67 67 5 5 5 5 5 161 161 140 140 140 140 140 140 31 
31 31 31 31 146 137 137 137 137 67 67 67 67 67 67 5 5 5 5 5 161 161 161 140 140 140 140 140 31 
31 31 31 31 31 137 137 137 67 67 67 67 67 67 67 67 5 5 5 161 161 161 161 140 140 140 140 140 31 
31 31 31 31 72 72 72 137 67 67 67 67 67 67 67 67 153 153 153 1 161 143 143 143 143 140 140 140 31 
21 21 21 72 72 72 72 72 67 67 67 67 67 67 67 67 67 153 1 1 207 143 143 143 143 143 184 184 184 
21 21 21 72 72 72 72 72 72 67 67 67 67 67 67 67 29 29 1 1 207 207 143 143 143 143 184 184 21 
21 21 21 72 72 72 72 72 72 67 67 67 67 67 204 29 29 29 29 29 207 143 143 143 143 143 184 184 21 
21 21 21 72 72 10 72 72 72 72 72 67 204 204 204 29 29 29 29 29 207 143 143 143 143 66 66 184 21 
21 21 21 72 72 72 72 72 72 166 166 166 204 204 204 29 29 29 29 29 29 29 109 109 66 66 66 66 21 
21 21 21 72 72 72 72 72 166 166 166 166 204 204 204 29 29 29 29 29 29 29 109 109 66 66 66 174 21 
21 21 21 72 72 72 72 72 166 166 166 166 204 204 204 29 29 29 29 29 29 29 109 109 174 174 174 174 174 
174 174 209 209 209 209 209 166 166 166 166 166 166 204 204 29 29 29 29 29 29 107 109 109 174 174 174 174 174 
174 174 209 209 209 209 209 209 166 166 166 166 166 118 118 118 118 29 29 107 107 107 107 174 174 174 174 174 174 
174 174 209 209 209 209 209 209 40 40 166 166 166 118 118 118 118 100 100 107 107 107 107 107 174 174 174 174 174 
49 49 49 209 209 209 228 228 135 135 40 40 40 118 118 118 118 100 100 107 107 107 107 107 174 174 174 174 174 
49 49 49 49 228 228 228 228 135 135 135 135 22 118 118 118 188 188 188 107 107 107 107 107 107 174 174 4 49 
218 49 49 49 228 228 228 135 135 135 135 135 22 22 136 136 188 188 188 188 107 107 107 107 4 4 4 4 4 
218 218 49 49 233 233 233 233 135 135 135 22 22 22 22 136 188 188 188 188 188 107 107 107 4 4 4 4 4 
4 49 49 233 233 233 233 233 135 135 135 22 22 22 22 22 188 188 188 188 133 133 79 79 4 4 4 4 4 
4 4 4 233 233 233 233 233 233 135 135 22 22 22 22 22 22 188 188 133 133 133 79 79 4 4 4 4 4 
4 4 4 233 233 233 233 233 63 63 63 22 22 22 22 22 22 22 133 133 133 133 79 79 79 4 4 4 4 
4 4 71 71 233 233 233 63 63 63 63 88 88 88 88 88 88 88 133 133 133 133 79 79 79 4 4 4 4 
4 196 71 71 71 71 71 63 63 63 63 88 88 88 88 88 88 88 20 20 20 20 20 20 20 68 4 4 4 
196 196 196 71 71 71 71 63 63 63 63 88 88 88 88 88 88 150 150 20 20 20 20 20 20 127 127 127 4 
196 196 196 196 71 71 71 63 63 63 63 88 88 88 88 88 88 150 150 20 20 20 20 20 20 127 127 196 196 
196 196 196 196 196 96 96 132 63 132 63 132 88 88 88 5 5 150 150 150 20 20 20 20 20 140 140 196 196 
196 196 196 196 196 96 96 96 96 132 132 132 36 36 5 5 5 5 150 150 150 20 20 20 140 140 140 140 196 
196 196 196 196 196 96 96 96 96 96 96 132 36 36 5 5 5 5 5 150 150 150 150 140 140 140 140 140 196 
196 196 31 31 146 137 96 96 96 96 96 67 67 67 5 5 5 5 5 5 161 161 161 140 140 140 140 140 140 
31 31 31 31 31 137 137 137 96 96 67 67 67 67 151 5 5 5 5 5 161 161 161 140 140 140 140 140 31 
31 31 31 31 31 137 137 137 137 67 67 67 67 67 67 5 5 5 5 161 161 161 161 140 140 140 140 140 31 
31 31 31 31 31 137 137 137 67 67 67 67 67 67 67 67 5 5 5 161 161 161 161 140 140 140 140 140 31 
31 31 31 31 72 72 72 72 67 67 67 67 67 67 67 67 5 5 1 1 161 161 161 143 140 140 140 184 184 
184 21 31 72 72 72 72 72 67 67 67 67 67 67 67 67 1 1 1 1 207 207 207 143 143 184 184 184 184 
21 21 21 72 72 72 72 72 72 67 67 67 67 67 67 67 29 1 1 1 207 207 207 143 143 184 184 184 184 
21 21 21 72 72 72 72 72 72 67 67 67 67 67 204 29 29 29 1 1 207 207 207 143 143 184 184 184 184 
21 21 21 72 72 72 72 72 72 72 67 204 204 204 204 29 29 29 29 29 207 207 109 109 66 66 66 184 21 
21 21 21 72 72 72 72 72 72 166 166 204 204 204 204 29 29 29 29 29 29 109 109 109 66 66 66 66 21 
21 21 21 72 72 72 72 72 166 166 166 166 204 204 204 29 29 29 29 29 29 109 109 109 66 66 66 66 21 
21 21 21 72 72 72 72 72 166 166 166 166 204 204 204 29 29 29 29 29 29 29 109 109 66 66 66 174 174 
174 174 209 209 209 209 209 64 166 166 166 166 27 27 122 122 122 29 29 29 107 107 109 109 66 174 174 174 174 
174 209 209 209 209 209 209 40 40 40 40 27 27 27 122 122 122 122 122 107 107 107 107 107 174 174 174 174 174 
174 49 209 209 209 209 209 40 40 40 40 40 27 27 122 122 100 100 100 107 107 107 107 107 174 174 174 174 174 
49 49 49 209 209 228 228 40 40 40 40 40 40 118 118 136 100 100 100 107 107 107 107 107 107 174 174 174 49 
49 49 49 49 228 228 228 40 40 40 40 40 22 136 136 136 136 100 100 107 107 107 107 107 107 174 174 4 49 
49 49 49 49 228 228 228 228 40 40 40 22 22 22 136 136 136 188 188 107 107 107 107 107 107 4 4 4 49 
49 49 49 49 233 233 233 233 135 135 135 22 22 22 22 136 136 188 188 188 107 107 107 107 4 4 4 4 4 
4 49 49 233 233 233 233 233 135 135 135 22 22 22 22 22 136 188 188 133 133 133 133 133 4 4 4 4 4 
4 4 49 233 233 233 233 233 233 135 22 22 22 22 22 22 22 188 133 133 133 133 133 133 4 4 4 4 4 
4 4 4 233 233 233 233 233 233 63 63 22 22 22 22 22 22 22 133 133 133 133 133 133 127 127 4 4 4 
4 4 23 23 233 233 233 233 63 63 63 88 88 88 88 88 88 88 133 133 133 133 133 133 127 127 127 127 4 
4 23 23 23 23 233 233 63 63 63 63 88 88 88 88 88 88 88 20 20 20 20 20 20 127 127 127 127 127 
196 196 196 23 71 71 71 63 63 63 63 88 88 88 88 88 88 150 150 20 20 20 20 20 127 127 127 127 127 
196 196 196 196 23 71 46 63 63 63 63 88 88 88 88 88 88 150 150 20 20 20 20 20 20 127 127 127 196 
196 196 196 196 196 46 46 46 131 131 131 36 36 36 88 5 5 150 150 150 20 20 20 20 20 127 127 196 196 
196 196 196 196 196 46 46 46 131 131 131 36 36 36 36 5 5 5 150 150 150 20 20 20 20 140 140 140 196 
196 196 196 196 96 96 96 96 96 131 131 36 36 36 5 5 5 5 5 150 150 150 150 140 140 140 140 140 196 
196 196 31 31 96 96 96 96 96 96 131 36 36 36 5 5 5 5 5 5 161 161 161 140 140 140 140 140 38 
31 31 31 31 96 96 96 96 96 96 67 67 67 151 151 5 5 5 5 5 161 161 161 140 140 140 140 140 38 
31 31 31 31 31 96 96 96 96 67 67 67 67 67 151 151 5 5 5 161 161 161 161 140 140 140 140 140 38 
31 31 31 31 31 96 96 96 67 67 67 67 67 67 151 151 151 5 5 161 161 161 161 161 140 140 140 38 38 
31 31 31 31 72 72 72 67 67 67 67 67 67 67 67 151 151 1 1 1 161 161 161 161 140 140 184 184 184 
184 184 21 72 72 72 72 72 67 67 67 67 67 67 67 67 1 1 1 1 207 207 207 207 207 184 184 184 184 
184 21 21 72 72 72 72 72 72 67 67 67 67 67 67 67 1 1 1 1 207 207 207 207 207 184 184 184 184 
21 21 21 72 72 72 72 72 72 67 67 67 67 67 67 29 29 1 1 1 207 207 207 207 207 184 184 184 184 
21 21 21 72 72 72 72 72 72 72 67 67 204 204 204 29 29 29 29 1 207 207 109 109 66 66 66 184 184 
21 21 21 72 72 72 72 72 72 166 166 204 204 204 204 29 29 29 29 29 29 109 109 109 66 66 66 66 66 
21 21 21 72 72 72 72 72 72 166 166 166 204 204 204 29 29 29 29 29 29 109 109 109 66 66 66 66 66 
21 21 72 72 72 72 72 72 166 166 166 166 204 204 122 29 29 29 29 29 29 109 109 109 66 66 66 66 174 
174 191 191 191 209 209 64 64 64 40 40 27 27 27 122 122 122 122 122 107 107 107 109 109 66 66 66 174 174 
191 191 191 191 209 209 64 64 40 40 40 27 27 27 122 122 122 122 122 107 107 107 107 107 174 174 174 174 174 
49 49 191 191 209 209 64 40 40 40 40 40 27 27 122 122 122 122 100 107 107 107 107 107 107 174 174 174 174 
49 49 218 191 228 228 40 40 40 40 40 40 40 27 122 122 100 100 100 107 107 107 107 107 107 174 174 174 49 
49 218 218 218 228 228 228 40 40 40 40 40 40 136 136 136 136 100 100 107 107 107 107 107 107 174 113 113 49 
49 49 218 49 228 228 228 40 40 40 40 40 22 22 136 136 136 136 136 107 107 107 107 107 107 113 113 113 49 
49 49 49 233 233 233 233 233 40 40 40 22 22 22 22 136 136 136 136 107 107 107 107 107 113 113 113 113 113 
113 49 49 233 233 233 233 233 233 40 40 22 22 22 22 22 136 136 136 133 133 133 133 133 113 113 113 113 113 
113 113 49 233 233 233 233 233 233 233 22 22 22 22 22 22 22 22 133 133 133 133 133 133 133 113 113 113 113 
113 23 23 233 233 233 233 233 233 63 22 22 22 22 22 22 22 22 133 133 133 133 133 133 127 127 127 113 113 
113 23 23 23 233 233 233 233 63 63 88 88 88 88 88 88 88 88 133 133 133 133 133 133 127 127 127 127 127 
23 23 23 23 23 176 176 176 63 63 63 88 88 88 88 88 88 51 51 20 20 20 20 127 127 127 127 127 127 
23 23 23 23 23 176 176 176 63 63 63 88 88 88 88 88 88 150 150 20 20 20 20 20 127 127 127 127 127 
196 23 23 23 23 176 46 131 131 131 131 36 88 88 88 88 88 150 150 20 20 20 20 20 127 127 127 127 127 
196 196 83 83 83 46 46 46 131 131 131 36 36 36 36 36 5 150 150 150 20 20 20 20 20 127 127 127 243 
196 196 196 83 83 46 46 46 131 131 131 36 36 36 36 5 5 5 150 150 150 20 20 20 140 140 243 243 243 
196 196 83 83 83 46 46 46 46 131 131 36 36 36 36 5 5 5 5 150 150 150 150 140 140 140 140 243 243 
38 196 37 83 83 46 96 96 96 131 131 36 36 36 151 5 5 5 5 5 161 161 161 140 140 140 140 38 38 
38 38 31 37 37 96 96 96 96 96 205 205 205 151 151 151 5 5 5 5 161 161 161 140 140 140 38 38 38 
38 38 31 37 37 96 96 96 96 96 205 205 205 151 151 151 151 5 5 161 161 161 161 161 140 140 38 38 38 
38 38 31 37 37 37 96 96 96 53 53 53 53 151 151 151 151 151 1 1 161 161 161 161 140 38 38 38 38 
38 38 31 37 37 72 72 67 67 53 53 53 53 53 151 151 151 1 1 1 1 161 161 161 140 38 38 38 38 
184 184 121 72 72 72 72 72 67 53 53 53 53 53 53 151 151 1 1 1 1 207 207 207 207 184 184 184 184 
184 121 121 72 72 72 72 72 72 53 53 53 53 53 53 1 1 1 1 1 1 207 207 207 207 184 184 184 184 
121 121 121 72 72 72 72 72 72 87 87 87 87 87 87 29 1 1 1 1 1 207 207 207 207 184 184 184 184 
121 121 121 72 72 72 72 72 72 128 87 87 87 87 87 29 29 1 1 1 1 207 109 109 66 66 66 184 184 
121 121 121 72 72 72 72 72 72 128 87 87 87 204 204 29 29 29 29 1 1 109 109 109 66 66 66 66 66 
121 121 121 72 72 72 72 72 72 166 166 87 204 204 204 29 29 29 29 29 29 109 109 109 66 66 66 66 66 
121 121 191 72 72 72 72 72 64 166 166 27 27 27 122 122 122 29 29 29 29 109 109 109 66 66 66 66 66 
191 191 191 191 191 64 64 64 64 40 40 27 27 27 122 122 122 122 122 122 107 107 107 109 66 66 66 80 80 
191 191 191 191 191 64 64 64 40 40 40 27 27 27 122 122 122 122 122 107 107 107 107 107 107 66 174 80 194 
49 191 191 191 191 64 64 64 40 40 40 40 27 27 122 122 122 122 122 107 107 107 107 107 107 174 174 174 194 
49 49 191 191 191 64 64 40 40 40 40 40 40 27 122 122 122 122 122 107 107 107 107 107 107 194 194 194 194 
49 218 218 218 193 228 40 40 40 40 40 40 40 40 136 136 136 122 100 107 107 107 107 107 107 194 194 194 49 
49 49 218 218 228 228 228 40 40 40 40 40 22 22 136 136 136 136 136 107 107 107 107 107 113 113 113 113 113 
113 49 49 233 233 233 233 40 40 40 40 22 22 22 22 136 136 136 136 28 107 107 107 28 113 113 113 113 113 
113 49 49 233 233 233 233 233 233 40 40 22 22 22 22 22 136 136 133 133 133 133 133 133 113 113 113 113 113 
113 113 23 233 233 233 233 233 233 40 22 22 22 22 22 22 189 189 133 133 133 133 133 133 133 113 113 113 113 
113 23 23 23 23 233 233 233 202 202 22 22 22 22 22 189 189 189 133 133 133 133 133 133 127 127 127 113 113 
113 23 23 23 23 176 176 176 176 63 88 88 88 88 88 88 189 189 51 133 133 133 133 127 127 127 127 127 127 
23 23 23 23 23 176 176 176 176 63 88 88 88 88 88 88 189 51 51 51 133 133 133 127 127 127 127 127 127 
23 23 23 23 23 176 176 176 131 131 131 88 88 88 88 88 88 51 51 20 20 20 20 127 127 127 127 127 127 
23 23 23 23 23 176 176 131 131 131 131 36 36 36 88 88 5 150 150 20 20 20 20 20 127 127 127 127 127 
243 83 83 83 83 83 46 131 131 131 131 36 36 36 36 36 5 150 150 150 20 20 20 20 127 127 127 127 243 
243 83 83 83 83 46 46 46 131 131 131 36 36 36 36 5 5 5 150 150 150 20 20 20 140 243 243 243 243 
243 83 83 83 83 46 46 46 131 131 131 36 36 36 36 5 5 5 5 150 150 150 150 140 140 243 243 243 243 
38 37 37 83 83 46 46 46 46 131 131 36 36 36 151 151 5 5 5 5 161 161 161 140 140 243 38 38 38 
38 37 37 37 37 37 96 96 96 205 205 205 205 151 151 151 151 5 5 5 161 161 161 161 140 38 38 38 38 
38 37 37 37 37 37 96 96 134 205 205 205 205 151 151 151 151 151 5 161 161 161 161 161 140 38 38 38 38 
38 37 37 37 37 37 96 134 134 134 53 53 53 151 151 151 151 151 1 1 1 161 161 161 140 38 38 38 38 
38 37 37 37 37 37 134 134 134 53 53 53 53 53 151 151 151 1 1 1 1 1 161 161 220 38 38 38 38 
121 121 121 37 37 128 128 134 134 134 53 53 53 53 53 151 1 1 1 1 1 1 207 207 220 220 184 184 184 
121 121 121 121 72 128 128 128 128 134 53 53 53 53 53 1 1 1 1 1 1 1 207 207 220 220 184 184 184 
121 121 121 121 121 128 128 128 128 87 87 87 87 87 87 1 1 1 1 1 1 1 207 207 220 220 184 184 121 
121 121 121 121 121 128 128 128 128 128 87 87 87 87 87 87 1 1 1 1 1 1 109 109 66 66 80 80 121 
121 121 121 121 121 128 128 128 128 128 87 87 87 87 87 29 29 1 1 1 1 1 109 109 66 66 80 80 80 
121 121 121 121 72 128 128 128 128 128 87 87 87 87 122 122 29 29 1 1 1 109 109 109 66 66 80 80 80 
121 121 191 191 191 64 64 64 64 64 27 27 27 27 122 122 122 122 122 122 1 109 109 109 66 66 80 80 80 
80 191 191 191 191 64 64 64 64 64 40 27 27 27 122 122 122 122 122 122 225 225 225 225 80 80 80 80 80 
80 191 191 191 191 64 64 64 64 40 40 27 27 27 122 122 122 122 122 122 225 107 107 225 194 194 194 194 194 
194 191 191 191 191 64 64 64 40 40 40 40 27 27 122 122 122 122 122 107 107 107 107 107 194 194 194 194 194 
194 194 191 191 193 64 64 40 40 40 40 40 40 27 122 122 122 122 122 107 28 107 107 107 194 194 194 194 194 
49 218 218 193 193 193 193 40 40 40 40 40 40 40 122 122 122 122 28 28 28 28 28 28 194 194 194 194 194 
49 49 218 193 193 193 193 40 40 40 40 40 40 22 136 136 136 136 28 28 28 28 28 28 28 113 113 113 113 
113 113 49 193 193 193 193 193 40 40 40 40 22 22 22 136 108 108 203 28 28 28 28 28 28 113 113 113 113 
113 113 49 193 193 193 193 193 40 40 40 22 22 22 189 189 189 189 203 28 28 28 28 28 113 113 113 113 113 
113 113 23 23 233 193 193 193 202 40 40 22 22 22 189 189 189 189 189 133 133 133 133 133 127 113 113 113 113 
113 23 23 23 23 176 176 202 202 202 210 210 22 22 189 189 189 189 189 51 133 133 133 133 127 127 127 113 113 
23 23 23 23 23 176 176 176 202 202 210 210 88 88 189 189 189 189 51 51 51 133 133 127 127 127 127 127 127 
23 23 23 23 23 176 176 176 176 202 60 88 88 88 189 189 189 51 51 51 51 133 133 127 127 127 127 127 127 
23 23 23 23 23 176 176 176 202 202 60 60 88 88 88 189 189 51 51 51 51 20 20 127 127 127 127 127 127 
23 23 23 23 23 176 176 131 131 131 131 36 36 36 36 19 19 51 51 51 51 20 20 127 127 127 127 127 127 
243 83 83 83 83 83 83 131 131 131 131 36 36 36 36 36 19 19 150 51 20 20 20 20 127 127 127 243 243 
243 83 83 83 83 83 46 46 131 131 131 36 36 36 36 36 5 5 150 150 150 20 158 158 158 243 243 243 243 
243 83 83 83 83 83 46 46 131 131 131 36 36 36 36 36 5 5 5 150 150 150 158 158 158 243 243 243 243 
243 83 83 37 83 83 46 46 131 131 36 36 36 36 151 151 151 5 5 5 161 161 161 158 243 243 243 243 243 
243 37 37 37 37 37 37 46 131 131 205 205 205 151 151 151 151 151 151 163 161 161 161 69 69 243 243 243 243 
38 37 37 37 37 37 37 134 134 134 205 205 205 151 151 151 151 151 151 163 161 161 161 69 69 38 38 38 38 
38 37 37 37 37 37 37 134 134 134 134 53 53 151 151 151 151 151 1 1 1 1 161 69 69 38 38 38 38 
38 37 37 37 37 37 134 134 134 134 134 53 53 53 151 151 151 1 1 1 1 1 1 220 220 220 38 38 38 
121 121 121 37 37 128 128 134 134 134 134 53 53 53 53 151 151 1 1 1 1 1 1 220 220 220 220 220 38 
121 121 121 121 121 128 128 128 128 134 87 87 87 87 8 8 1 1 1 1 1 1 1 220 220 220 220 220 121 
121 121 121 121 121 128 128 128 128 128 87 87 87 87 87 8 1 1 1 1 1 1 1 220 220 220 220 220 121 
121 121 121 121 128 128 128 128 128 128 87 87 87 87 87 8 1 1 1 1 1 1 1 220 220 220 80 80 121 
121 121 121 121 128 128 128 128 128 128 87 87 87 87 87 87 1 1 1 1 1 1 109 109 66 80 80 80 80 
121 121 121 121 121 128 128 128 128 128 87 87 87 87 87 122 122 122 1 1 1 225 109 109 80 80 80 80 80 
80 121 121 121 191 64 64 64 64 64 64 27 27 27 122 122 122 122 122 122 225 225 225 109 66 80 80 80 80 
80 80 191 191 64 64 64 64 64 64 40 40 27 27 122 122 237 237 237 237 225 225 225 225 225 194 80 80 80 
80 80 191 191 64 64 64 64 64 64 40 40 27 27 122 122 122 237 237 237 225 225 225 225 194 194 194 194 194 
194 194 191 191 64 64 64 64 64 40 40 40 27 27 122 122 122 237 237 237 225 225 225 225 194 194 194 194 194 
194 194 191 193 193 64 64 64 40 40 40 40 40 27 122 122 122 237 237 28 28 28 28 28 194 194 194 194 194 
194 194 193 193 193 193 193 64 40 40 40 40 40 27 122 122 122 237 28 28 28 28 28 28 194 194 194 194 194 
194 49 193 193 193 193 193 193 40 40 40 40 40 27 122 108 108 108 203 28 28 28 28 28 28 194 194 194 194 
113 113 193 193 193 193 193 193 40 40 40 40 22 189 189 108 108 108 203 28 28 28 28 28 28 113 113 113 113 
113 113 193 193 193 193 193 193 40 40 40 22 22 189 189 189 189 108 203 203 28 28 28 28 28 113 113 113 113 
113 23 23 23 23 193 193 202 202 202 210 210 210 189 189 189 189 189 203 203 203 28 28 28 13 113 113 113 113 
172 23 23 23 23 176 176 202 202 202 210 210 210 189 189 189 189 189 189 51 51 133 133 13 13 13 13 172 113 
23 23 23 23 23 176 176 202 202 202 210 210 210 210 189 189 189 189 51 51 51 51 51 13 13 13 13 13 13 
23 23 23 23 23 176 176 202 202 202 60 60 60 231 231 231 189 189 51 51 51 51 51 13 13 13 13 13 13 
23 23 23 23 23 176 176 202 202 202 60 60 60 60 231 231 231 51 51 51 51 51 13 13 13 13 13 13 13 
23 23 23 23 83 176 202 202 202 131 131 36 36 36 19 19 19 51 51 51 51 51 13 13 13 13 13 13 13 
83 83 83 83 83 83 83 131 131 131 131 36 36 36 19 19 19 19 19 51 51 51 158 158 158 13 13 13 243 
83 83 83 83 83 83 83 131 131 131 131 36 36 36 19 19 19 19 19 155 155 158 158 158 158 243 243 243 243 
243 83 83 83 83 83 83 131 131 131 36 36 36 36 19 19 19 19 19 155 150 158 158 158 158 243 243 243 243 
243 83 83 37 37 37 37 46 131 131 36 36 36 36 19 19 163 163 163 163 163 69 69 158 243 243 243 243 243 
243 37 37 37 37 37 37 46 134 134 205 36 36 151 151 151 163 163 163 163 163 69 69 69 69 243 243 243 243 
243 37 37 37 37 37 37 134 134 134 134 134 205 151 151 151 163 163 163 163 163 69 69 69 69 243 243 243 243 
243 37 37 37 37 37 37 134 134 134 134 134 53 151 151 151 163 163 163 163 1 69 69 69 69 69 38 38 38 
121 37 37 37 37 37 37 134 134 134 134 134 53 53 151 151 163 163 1 1 1 1 69 69 220 220 220 38 38 
121 121 121 37 37 37 128 134 134 134 134 134 147 147 8 8 8 1 1 1 1 1 1 220 220 220 220 220 220 
121 121 121 121 121 128 128 128 128 134 87 87 147 147 8 8 8 1 1 1 1 1 1 220 220 220 220 220 121 
121 121 121 121 128 128 128 128 128 128 87 87 87 87 8 8 8 1 1 1 1 1 1 220 220 220 220 220 121 
121 121 121 121 128 128 128 128 128 128 87 87 87 87 87 8 8 1 1 1 1 1 1 220 220 220 80 80 121 
121 121 121 121 128 128 128 128 128 128 87 87 87 87 87 8 237 1 1 1 1 225 225 225 80 80 80 80 80 
121 121 121 121 128 128 128 128 128 128 87 87 87 87 87 122 237 237 237 1 225 225 225 225 80 80 80 80 80 
80 121 121 121 64 64 64 64 64 64 64 87 87 87 122 122 237 237 237 237 225 225 225 225 225 80 80 80 80 
80 80 191 191 64 64 64 64 64 64 64 40 27 27 237 237 237 237 237 237 225 225 225 225 225 194 194 80 80 
194 194 191 191 64 64 64 64 64 64 40 40 27 27 237 237 237 237 237 237 225 225 225 225 194 194 194 194 194 
194 194 194 191 193 64 64 64 64 64 40 40 27 27 237 237 237 237 237 237 225 225 225 225 194 194 194 194 194 
194 194 193 193 193 64 64 64 64 40 40 40 40 27 122 237 237 237 237 28 28 28 28 28 194 194 194 194 194 
194 194 193 193 193 193 193 64 64 40 40 40 175 175 42 237 237 237 237 28 28 28 28 28 194 194 194 194 194 
194 142 142 193 193 193 193 193 193 40 40 40 175 175 175 108 108 108 203 28 28 28 28 28 28 194 194 194 194 
113 142 142 142 193 193 193 193 193 216 216 175 175 175 175 108 108 108 203 203 28 28 28 28 28 28 194 194 113 
113 142 142 142 142 193 193 193 216 216 216 216 235 235 189 189 108 108 203 203 203 28 28 28 200 200 113 113 113 
238 238 142 142 142 193 202 202 202 216 216 210 235 235 189 189 189 108 203 203 203 203 28 28 200 172 172 172 172 
172 23 23 23 23 176 202 202 202 202 210 210 210 210 189 189 189 189 108 203 203 203 28 13 13 13 172 172 172 
172 23 23 23 23 176 202 202 202 202 210 210 210 210 231 189 189 189 51 51 51 51 13 13 13 13 13 172 172 
172 23 23 23 23 176 202 202 202 202 60 60 60 231 231 231 231 231 51 51 51 51 51 13 13 13 13 13 172 
23 23 23 23 23 176 202 202 202 202 60 60 60 231 231 231 231 231 155 155 155 155 62 13 13 13 13 13 172 
83 83 83 83 75 75 75 202 202 202 60 60 60 19 19 19 19 155 155 155 155 155 155 158 13 13 13 13 13 
83 83 83 83 83 83 75 202 202 202 131 36 36 19 19 19 19 19 155 155 155 155 158 158 158 158 13 243 243 
83 83 83 83 83 83 83 202 202 131 131 36 36 19 19 19 19 19 155 155 155 158 158 158 158 158 243 243 243 
243 83 83 83 83 83 83 131 131 131 36 36 36 19 19 19 19 19 19 155 155 158 158 158 158 243 243 243 243 
243 83 83 37 37 37 37 37 131 131 36 36 36 19 19 19 163 163 163 163 163 69 69 158 158 243 243 243 243 
243 37 37 37 37 37 37 97 97 134 134 36 36 19 19 163 163 163 163 163 163 69 69 69 69 243 243 243 243 
243 37 37 37 37 37 37 134 134 134 134 134 134 19 163 163 163 163 163 163 163 69 69 69 69 69 243 243 243 
243 37 37 37 37 37 37 134 134 134 134 134 134 151 151 163 163 163 163 163 163 69 69 69 69 69 69 243 243 
121 37 37 37 37 37 37 134 134 134 134 147 147 147 8 8 163 163 163 163 1 104 69 69 69 220 220 220 243 
121 121 121 37 37 37 61 134 134 134 134 147 147 147 8 8 8 8 1 1 1 104 104 220 220 220 220 220 121 
121 121 121 121 121 128 128 128 128 134 147 147 147 147 8 8 8 8 1 1 1 104 104 220 220 220 220 220 121 
121 121 121 121 128 128 128 128 128 128 87 87 147 87 8 8 8 8 1 1 1 104 104 220 220 220 220 220 121 
121 121 121 121 128 128 128 128 128 128 87 87 87 87 8 8 8 8 1 1 1 104 159 159 220 220 80 80 121 
121 121 121 121 128 128 128 128 128 128 87 87 87 87 87 8 8 237 1 159 159 159 159 159 80 80 80 80 80 
121 121 121 121 121 128 128 128 128 128 87 87 87 87 87 237 237 237 237 159 225 225 225 225 225 80 80 80 80 
80 121 121 121 64 64 64 64 64 64 64 87 87 87 237 237 237 237 237 237 225 225 225 225 225 80 80 80 80 
187 24 24 24 64 64 64 64 64 64 64 64 27 55 237 237 237 237 237 237 225 225 225 225 225 194 194 187 187 
187 187 24 191 64 64 64 64 64 64 64 64 55 55 237 237 237 237 237 237 225 225 225 225 225 194 194 194 187 
194 194 112 112 64 64 64 64 64 9 9 9 55 55 237 237 237 237 237 237 225 225 225 225 194 194 194 194 194 
194 194 112 112 193 64 64 64 9 9 40 175 175 175 42 237 237 237 237 237 28 28 28 28 194 194 194 194 194 
194 112 112 112 193 193 193 64 9 40 40 175 175 175 42 42 42 237 237 28 28 28 28 28 194 194 194 194 194 
142 142 142 142 142 193 193 193 216 216 216 175 175 175 175 42 108 108 203 28 28 28 28 28 28 194 194 194 194 
142 142 142 142 142 193 193 216 216 216 216 175 175 175 175 42 108 108 203 203 28 28 28 28 200 200 230 230 230 
238 142 142 142 142 142 193 216 216 216 216 216 235 235 235 108 108 108 203 203 203 28 28 200 200 200 230 230 230 
238 238 142 142 142 142 202 202 216 216 216 216 235 235 235 108 108 108 108 203 203 203 200 200 200 172 172 172 172 
172 238 238 142 142 202 202 202 202 202 210 210 210 235 231 189 189 108 108 203 203 203 200 200 200 172 172 172 172 
172 238 23 23 23 202 202 202 202 202 210 210 210 210 231 231 231 231 51 51 51 62 62 13 13 172 172 172 172 
172 23 23 23 23 202 202 202 202 202 60 60 60 231 231 231 231 231 155 155 62 62 62 13 13 13 172 172 172 
172 23 23 23 75 75 202 202 202 202 60 60 60 231 231 231 231 231 155 155 155 62 62 13 13 13 13 172 172 
83 83 83 75 75 75 75 202 202 202 60 60 60 19 19 19 19 155 155 155 155 62 62 158 158 13 13 172 172 
83 83 83 83 75 75 75 202 202 202 60 60 19 19 19 19 19 19 155 155 155 62 158 158 158 158 158 243 243 
83 83 83 83 83 83 75 202 202 202 60 36 19 19 19 19 19 19 155 155 155 158 158 158 158 158 243 243 243 
103 103 83 83 83 83 83 97 97 131 36 36 19 19 19 19 19 19 19 155 155 158 158 158 158 158 243 243 243 
103 103 103 103 37 37 37 97 97 97 97 36 19 19 19 19 163 163 163 163 163 69 69 69 69 30 243 243 243 
103 103 37 37 37 37 37 97 97 97 97 36 154 19 163 163 163 163 163 163 163 69 69 69 69 69 243 243 243 
103 103 37 37 37 37 97 97 97 97 134 134 154 154 163 163 163 163 163 163 163 69 69 69 69 69 243 243 243 
103 37 37 37 37 61 61 97 134 134 134 134 154 154 163 163 163 163 163 163 163 69 69 69 69 69 69 243 243 
121 37 37 37 61 61 61 61 134 134 147 147 147 147 8 8 163 163 163 163 104 104 69 69 69 39 39 39 39 
121 121 121 37 61 61 61 43 43 43 147 147 147 147 8 8 8 8 104 104 104 104 104 104 39 39 39 39 39 
121 121 121 121 222 222 128 128 43 43 147 147 147 147 8 8 8 8 104 104 104 104 104 104 39 39 39 39 121 
121 121 121 121 222 222 128 128 128 43 147 147 147 147 8 8 8 8 8 104 104 104 104 104 39 39 39 39 121 
121 121 121 121 222 222 128 128 128 87 87 87 87 87 8 8 8 8 159 159 159 159 159 159 159 39 80 80 121 
121 121 24 24 222 222 128 128 128 128 87 87 87 87 87 8 8 237 159 159 159 159 159 159 159 80 80 80 80 
121 24 24 24 222 222 128 128 128 128 87 87 87 87 87 237 237 237 237 159 225 225 225 225 225 80 80 80 80 
24 24 24 24 24 64 64 64 64 64 64 87 87 87 237 237 237 237 237 237 225 225 225 225 225 80 80 80 80 
187 24 24 24 9 9 9 9 9 9 9 55 55 55 91 237 237 237 237 237 225 225 225 225 225 187 187 187 187 
187 187 24 24 9 9 9 9 9 9 9 55 55 55 55 237 237 237 237 237 225 225 225 225 225 187 187 187 187 
187 187 112 112 9 9 9 9 9 9 9 55 55 55 55 237 237 237 237 237 225 225 225 225 194 194 187 187 187 
187 112 112 112 112 9 9 9 9 9 9 175 175 175 42 42 237 237 237 237 28 28 28 125 125 194 194 187 187 
112 112 112 112 112 112 9 9 9 216 216 175 175 175 42 42 42 237 237 28 28 28 28 28 125 194 194 187 187 
142 142 112 112 112 142 142 216 216 216 216 175 175 175 175 42 42 108 203 203 28 28 28 200 200 200 230 230 230 
142 142 142 142 142 142 216 216 216 216 216 175 175 175 175 42 42 108 203 203 203 28 200 200 200 200 230 230 230 
238 142 142 142 142 142 216 216 216 216 216 216 235 235 235 235 108 108 203 203 203 200 200 200 200 200 230 230 230 
238 238 142 142 142 142 202 216 216 216 216 216 235 235 235 235 108 108 203 203 203 200 200 200 200 172 172 172 172 
238 238 238 142 142 202 202 202 202 216 216 210 235 235 235 231 108 108 203 203 203 200 200 200 200 172 172 172 172 
238 238 238 238 142 202 202 202 202 202 60 60 34 34 231 231 231 231 231 203 62 62 62 200 172 172 172 172 172 
238 238 238 23 75 202 202 202 202 202 60 60 60 34 231 231 231 231 155 62 62 62 62 62 172 172 172 172 172 
238 238 238 75 75 75 75 202 202 202 60 60 34 34 34 231 231 231 155 155 62 62 62 62 62 172 172 172 172 
238 238 144 144 75 75 75 202 202 202 60 60 34 34 19 19 19 19 155 155 62 62 62 62 158 158 172 172 172 
103 83 144 144 144 75 75 75 202 202 199 60 34 19 19 19 19 19 155 155 62 62 158 158 158 158 158 172 172 
103 103 144 144 144 144 144 75 202 202 199 60 19 19 19 19 19 19 155 155 62 62 158 158 158 158 158 30 103 
103 103 103 144 144 144 144 97 97 97 105 36 19 19 19 19 19 19 19 155 62 62 158 158 30 30 30 30 103 
103 103 103 103 103 144 97 97 97 97 97 19 19 19 19 19 163 163 163 163 163 69 69 69 30 30 30 30 103 
103 103 103 103 37 37 97 97 97 97 97 154 154 154 154 163 163 163 163 163 163 69 69 69 69 30 30 30 103 
103 103 103 61 61 61 97 97 97 97 97 154 154 154 154 163 163 163 163 163 163 69 69 69 69 69 69 243 103 
103 103 37 61 61 61 61 97 97 177 177 154 154 154 154 163 163 163 163 163 104 69 69 69 69 69 69 39 39 
103 103 61 61 61 61 61 61 177 177 177 147 154 154 154 154 163 163 163 104 104 104 104 69 39 39 39 39 39 
121 121 61 61 61 61 61 43 43 43 147 147 147 154 8 8 8 8 104 104 104 104 104 104 39 39 39 39 39 
121 121 121 222 222 222 222 43 43 43 147 147 147 147 8 8 8 8 104 104 104 104 104 104 39 39 39 39 39 
121 121 121 222 222 222 222 222 43 43 147 147 147 147 8 8 8 8 159 159 159 104 159 159 39 39 39 39 39 
121 24 24 222 222 222 222 222 43 43 147 147 147 147 8 8 8 159 159 159 159 159 159 159 159 159 39 39 121 
24 24 24 24 222 222 222 222 222 43 87 87 87 87 87 8 8 52 159 159 159 159 159 159 159 159 80 80 80 
24 24 24 24 222 222 222 9 9 9 87 87 87 87 91 237 237 237 159 159 159 159 159 159 159 80 80 80 80 
24 24 24 24 24 9 9 9 9 9 9 87 87 55 91 237 237 237 237 237 225 225 225 225 225 225 187 187 187 
187 24 24 24 9 9 9 9 9 9 9 55 55 55 91 91 91 237 237 237 225 225 225 225 225 187 187 187 187 
187 187 24 9 9 9 9 9 9 9 9 55 55 55 55 91 237 237 237 237 225 225 225 225 125 187 187 187 187 
187 187 112 112 9 9 9 9 9 9 9 55 55 55 55 91 237 237 237 237 232 232 125 125 125 187 187 187 187 
187 112 112 112 112 9 9 9 9 9 9 55 175 175 175 42 42 237 237 232 232 232 125 125 125 125 187 187 187 
112 112 112 112 112 112 9 9 216 216 216 175 175 175 175 42 42 42 232 232 232 232 125 125 125 125 125 187 187 
142 112 112 112 112 112 216 216 216 216 216 175 175 175 175 42 42 42 203 232 232 28 200 200 200 200 230 230 230 
142 142 142 142 142 142 216 216 216 216 216 216 175 175 175 42 42 42 203 203 203 200 200 200 200 200 230 230 230 
238 142 142 142 142 142 216 216 216 216 216 216 235 235 235 235 42 108 203 203 203 200 200 200 200 200 230 230 230 
238 238 142 142 142 142 142 216 216 216 216 216 235 235 235 235 108 108 203 203 203 200 200 200 200 200 230 230 230 
238 192 238 142 142 142 202 202 216 216 216 216 34 34 235 235 108 108 203 203 203 200 200 200 200 172 172 172 172 
238 238 238 238 142 202 202 202 202 157 157 34 34 34 34 34 231 231 231 62 62 62 62 200 172 172 172 172 172 
238 238 238 238 75 202 202 202 202 202 60 60 34 34 34 34 231 231 62 62 62 62 62 62 62 172 172 172 172 
238 238 238 144 75 75 75 202 202 202 199 199 34 34 34 34 231 231 155 62 62 62 62 62 62 172 172 172 172 
238 238 144 144 144 75 75 202 202 202 199 199 199 34 81 81 81 81 155 62 62 62 62 62 158 158 172 172 172 
103 103 144 144 144 144 75 75 202 199 199 199 199 81 81 81 81 81 155 62 62 62 62 62 158 158 158 172 103 
103 103 144 144 144 144 144 75 105 105 199 199 199 81 81 81 81 81 81 62 62 62 62 158 158 30 30 30 103 
103 103 103 144 144 144 144 97 105 105 105 105 81 81 81 81 81 81 81 62 62 62 62 30 30 30 30 30 103 
103 103 103 103 103 144 97 97 97 97 97 154 154 81 81 81 81 163 163 163 163 62 69 30 30 30 30 30 103 
103 103 103 103 103 61 97 97 97 97 97 154 154 154 154 163 163 163 163 163 163 69 69 69 30 30 30 30 103 
103 103 103 103 61 61 97 97 97 97 97 154 154 154 154 163 163 163 163 163 163 69 69 69 69 30 30 30 103 
103 103 103 61 61 61 61 97 97 177 177 154 154 154 154 154 163 163 163 163 104 104 69 69 69 39 39 39 39 
103 103 61 61 61 61 61 61 177 177 177 154 154 154 154 154 154 163 163 104 104 104 104 39 39 39 39 39 39 
121 61 61 61 61 61 61 43 43 43 43 154 154 154 154 154 154 163 104 104 104 104 104 104 39 39 39 39 39 
121 121 222 222 222 222 222 43 43 43 43 43 154 154 154 8 8 8 104 104 104 104 104 104 39 39 39 39 39 
121 121 24 222 222 222 222 222 43 43 43 43 147 154 154 8 8 159 159 159 159 159 159 159 159 39 39 39 39 
24 24 24 222 222 222 222 222 43 43 43 43 147 154 154 8 8 52 159 159 159 159 159 159 159 159 39 39 39 
24 24 24 24 222 222 222 222 222 43 43 87 87 154 114 8 52 52 52 159 159 159 159 159 159 159 159 39 168 
24 24 24 24 222 222 222 9 9 9 9 87 87 94 91 91 52 52 52 52 159 159 159 159 159 159 187 187 168 
24 24 24 24 24 9 9 9 9 9 9 55 55 55 91 91 91 52 52 52 159 225 225 225 225 187 187 187 187 
168 168 168 168 70 9 9 9 9 9 9 55 55 55 91 91 91 91 52 52 52 52 225 125 125 187 187 187 187 
187 187 168 70 9 9 9 9 9 9 9 55 55 55 55 91 91 91 91 232 232 232 125 125 125 187 187 187 187 
187 187 70 70 9 9 9 9 9 9 9 55 55 55 55 91 91 91 232 232 232 232 125 125 125 125 187 187 187 
187 112 112 112 112 9 9 9 9 9 9 55 55 55 55 91 91 91 232 232 232 232 125 125 125 125 125 187 187 
112 112 112 112 112 112 9 9 216 216 216 175 175 175 175 42 42 42 232 232 232 232 125 125 125 125 125 187 187 
142 142 112 112 112 142 142 216 216 216 216 175 175 175 175 42 42 42 232 232 232 232 125 125 125 125 230 230 230 
142 142 142 142 142 142 142 216 216 216 216 216 235 235 235 42 42 42 42 232 200 200 200 200 200 200 230 230 230 
238 142 142 142 142 142 142 216 216 216 216 216 235 235 235 235 42 42 203 203 200 200 200 200 200 200 230 230 230 
238 238 142 142 142 142 142 157 157 157 216 216 235 235 235 235 235 108 203 203 200 200 200 200 200 200 230 230 230 
238 238 238 142 142 142 157 157 157 157 157 157 34 34 235 235 58 58 76 76 76 200 200 200 200 172 172 172 238 
238 238 238 238 142 142 202 157 157 157 157 157 34 34 34 34 58 58 58 62 62 62 200 200 200 172 172 172 238 
238 238 238 238 142 202 202 157 157 157 157 199 34 34 34 34 58 58 62 62 62 62 62 62 62 172 172 172 172 
238 238 144 144 144 144 75 157 157 199 199 199 199 34 34 58 58 58 62 62 62 62 62 62 62 172 172 172 172 
238 144 144 144 144 144 144 202 202 199 199 199 199 199 81 81 81 81 155 62 62 62 62 62 62 138 172 172 172 
103 103 144 144 144 144 144 105 105 199 199 199 199 199 81 81 81 81 81 62 62 62 62 62 62 138 138 138 103 
103 103 144 144 144 144 144 105 105 105 199 199 199 81 81 81 81 81 81 62 62 62 62 62 62 30 138 138 103 
103 103 103 144 144 144 144 105 105 105 105 105 199 81 81 81 81 81 81 62 62 62 62 30 30 30 30 30 103 
103 103 103 103 103 144 97 97 97 97 105 105 154 81 81 81 81 81 163 163 62 62 30 30 30 30 30 30 103 
103 103 103 103 103 61 97 97 97 97 97 154 154 154 154 154 81 163 163 163 163 69 69 30 30 30 30 30 103 
103 103 103 61 61 61 97 97 97 97 97 154 154 154 154 154 154 163 163 163 104 104 69 69 30 30 30 30 103 
103 103 61 61 61 61 61 97 97 177 177 154 154 154 154 154 154 163 206 104 104 104 104 104 39 39 39 39 39 
103 103 61 61 61 61 61 61 177 177 177 154 154 154 154 154 154 206 206 104 104 104 104 104 39 39 39 39 39 
95 95 61 61 61 61 61 61 43 43 43 154 154 154 154 154 154 206 206 104 104 104 104 104 39 39 39 39 39 
95 95 95 222 222 222 222 43 43 43 43 43 154 154 154 154 154 206 206 104 104 104 104 104 39 39 39 39 39 
95 95 95 222 222 222 222 222 43 43 43 43 154 154 154 154 154 206 159 159 159 104 159 159 159 39 39 39 39 
168 168 168 222 222 222 222 222 43 43 43 43 154 154 154 154 52 52 52 159 159 159 159 159 159 159 39 39 168 
168 168 168 222 222 222 222 222 222 43 43 43 94 94 114 114 52 52 52 52 159 159 159 159 159 159 181 181 168 
168 168 168 168 222 222 222 9 9 9 9 94 94 94 114 114 52 52 52 52 52 159 159 159 159 159 187 187 168 
168 168 168 168 168 9 9 9 9 9 9 55 55 55 91 91 91 52 52 52 52 52 159 159 159 187 187 187 168 
168 168 168 70 70 221 221 221 221 221 55 55 55 55 55 91 91 91 52 52 52 52 125 125 125 125 241 241 241 
168 70 70 70 70 221 221 221 221 221 55 55 55 55 91 91 91 91 91 232 232 232 125 125 125 125 241 241 241 
187 70 70 70 70 221 221 221 221 221 55 55 55 55 91 91 91 91 91 232 232 232 125 125 125 125 241 241 241 
187 70 70 70 70 221 221 221 221 221 55 55 55 55 91 91 91 91 232 232 232 232 125 125 125 125 125 241 241 
112 112 112 112 112 3 221 221 216 216 216 175 175 175 175 42 42 42 232 232 232 232 125 125 125 125 125 125 241 
3 142 142 142 3 3 3 216 216 216 216 216 175 175 175 42 42 42 76 232 232 232 125 125 125 125 125 230 230 
3 142 142 3 3 3 3 216 216 216 216 216 235 235 235 42 42 42 76 76 76 76 200 200 200 200 230 230 230 
238 3 3 3 3 3 3 157 157 157 157 216 235 235 235 235 42 76 76 76 76 200 200 200 200 200 230 230 230 
238 238 3 3 3 3 3 157 157 157 157 157 235 235 235 235 58 76 76 76 76 200 200 200 200 200 230 230 230 
238 238 3 3 3 3 157 157 157 157 157 157 157 34 58 58 58 58 76 76 76 200 200 200 200 200 172 230 238 
238 238 238 3 3 3 157 157 157 157 157 157 157 34 58 58 58 58 58 76 76 62 200 200 200 200 172 172 238 
238 238 238 3 3 3 157 157 157 157 157 199 199 34 58 58 58 58 58 62 62 62 62 62 200 172 172 172 172 
41 238 41 144 144 144 157 157 157 199 199 199 199 199 58 58 58 58 58 62 62 62 62 62 62 138 172 172 172 
41 41 144 144 144 144 105 105 105 199 199 199 199 199 58 58 58 58 58 62 62 62 62 62 138 138 138 138 41 
41 41 144 144 144 144 105 105 105 105 199 199 199 199 81 81 81 81 81 62 62 62 62 62 138 138 138 138 41 
103 103 144 144 144 144 105 105 105 105 105 199 199 199 81 81 81 81 81 62 62 62 62 138 138 138 138 138 59 
103 103 103 144 144 144 105 105 105 105 105 105 105 81 81 81 81 81 139 139 62 62 138 138 138 138 138 59 59 
103 103 103 103 144 144 97 97 105 105 105 105 105 154 81 81 81 139 139 139 139 139 138 138 138 30 59 59 59 
103 103 103 103 103 61 97 97 97 97 111 154 154 154 154 154 154 139 139 139 139 139 139 138 138 30 59 59 59 
103 103 103 61 61 61 97 97 97 97 111 154 154 154 154 154 154 154 139 139 139 139 69 213 213 213 213 59 59 
103 103 61 61 61 61 61 97 97 111 111 154 154 154 154 154 154 206 206 206 104 104 104 213 213 213 213 213 213 
6 6 61 61 61 61 61 111 111 111 111 154 154 154 154 154 154 206 206 206 104 104 104 86 213 213 213 213 213 
95 95 95 61 61 61 61 111 111 111 111 154 154 154 154 154 206 206 206 206 104 104 104 86 86 39 39 39 39 
95 95 95 222 222 222 222 111 43 43 43 154 154 154 154 154 206 206 206 206 104 104 104 86 86 39 39 39 39 
95 95 95 222 222 222 222 222 43 43 43 154 154 154 154 154 206 206 206 206 104 104 104 86 86 39 39 181 181 
168 95 95 222 222 222 222 222 43 43 43 154 94 94 114 114 114 52 52 52 159 159 159 159 159 159 181 181 168 
168 168 168 168 222 222 222 222 222 43 43 94 94 94 114 114 114 52 52 52 52 52 159 159 159 159 181 181 168 
168 168 168 168 222 222 222 9 221 221 94 94 94 94 114 114 114 52 52 52 52 52 159 159 159 159 181 181 168 
168 168 168 168 168 222 221 221 221 221 55 55 55 55 55 91 91 52 52 52 52 52 159 159 159 187 187 187 168 
168 168 70 70 70 221 221 221 221 221 221 55 55 55 55 91 91 91 52 52 52 52 125 125 125 241 241 241 241 
241 70 70 70 70 221 221 221 221 221 55 55 55 55 55 91 91 91 91 232 232 232 232 125 125 241 241 241 241 
241 70 70 70 70 221 221 221 221 221 221 55 55 55 91 91 91 91 91 232 232 232 232 125 125 125 241 241 241 
241 70 70 70 70 221 221 221 221 221 217 55 55 55 91 91 91 91 232 232 232 232 232 125 125 125 241 241 241 
3 3 3 3 3 3 3 221 221 217 217 55 55 55 91 91 91 91 76 232 232 232 125 125 125 125 125 241 241 
3 3 3 3 3 3 3 3 217 217 217 93 175 175 175 42 42 76 76 76 76 232 125 125 125 125 125 230 230 
3 3 3 3 3 3 3 3 216 217 216 216 235 235 235 42 42 76 76 76 76 76 200 125 125 125 230 230 230 
3 3 3 3 3 3 3 157 157 157 157 157 157 235 235 235 76 76 76 76 76 76 200 200 200 200 230 230 230 
3 3 3 3 3 3 3 157 157 157 157 157 157 235 235 58 58 76 76 76 76 76 200 200 200 200 230 230 230 
3 3 3 3 3 3 3 157 157 157 157 157 157 58 58 58 58 58 76 76 76 76 200 200 200 200 172 230 238 
3 3 3 3 3 3 3 157 157 157 157 157 157 58 58 58 58 58 58 58 76 242 242 242 200 200 172 172 238 
41 41 41 3 3 3 157 157 157 157 157 199 199 58 58 58 58 58 58 242 242 242 242 242 242 138 172 41 41 
41 41 41 41 41 3 157 157 105 199 199 199 199 58 58 58 58 58 58 242 242 242 242 242 242 138 138 138 41 
41 41 41 41 41 41 105 105 105 105 199 199 199 199 58 58 58 58 58 242 242 242 242 242 138 138 138 138 41 
41 41 41 41 144 144 105 105 105 105 105 199 199 199 58 58 58 58 58 242 242 242 242 138 138 138 138 138 41 
41 41 41 144 144 144 105 105 105 105 105 105 105 105 58 58 58 58 139 242 242 242 138 138 138 138 138 138 59 
59 59 103 144 144 105 105 105 105 105 105 105 105 105 81 81 81 139 139 139 139 139 138 138 138 138 59 59 59 
59 59 103 103 144 105 105 105 105 105 105 105 105 154 154 81 139 139 139 139 139 139 138 138 138 138 59 59 59 
59 59 103 103 103 61 97 105 105 111 111 154 154 154 154 154 139 139 139 139 139 139 139 138 138 59 59 59 59 
59 59 103 103 61 61 97 111 111 111 111 154 154 154 154 154 154 139 139 139 139 139 16 213 213 213 213 59 59 
6 6 6 6 61 61 61 111 111 111 111 154 154 154 154 154 154 206 206 206 139 16 86 213 213 213 213 213 213 
6 6 6 6 61 61 61 111 111 111 111 154 154 154 154 154 206 206 206 206 206 86 86 86 213 213 213 213 213 
6 6 6 6 61 61 61 111 111 111 111 154 154 154 154 154 206 206 206 206 206 86 86 86 86 213 213 213 213 
95 95 95 95 129 129 129 111 111 111 111 154 154 154 154 154 206 206 206 206 206 86 86 86 86 86 213 213 95 
95 95 95 95 129 129 129 129 111 111 111 154 154 154 154 154 206 206 206 206 206 86 86 86 86 86 181 181 181 
95 95 95 95 129 129 129 129 129 111 111 94 94 94 114 114 114 52 52 52 52 52 86 86 86 86 181 181 181 
95 95 95 95 129 129 129 129 129 111 94 94 94 94 114 114 114 52 52 52 52 52 52 86 86 181 181 181 181 
168 168 168 168 129 129 129 221 221 221 94 94 94 94 114 114 114 52 52 52 52 52 52 52 52 181 181 181 168 
168 168 168 168 70 70 221 221 221 221 94 94 94 94 114 114 114 52 52 52 52 52 52 52 197 197 241 241 168 
241 70 70 70 70 70 221 221 221 221 55 55 55 55 55 114 114 91 52 52 52 52 232 125 197 241 241 241 241 
241 70 70 70 70 70 221 221 221 221 55 55 55 55 55 91 91 91 91 52 232 232 232 125 125 241 241 241 241 
241 70 70 70 70 70 221 221 221 221 145 55 55 55 91 91 91 91 91 232 232 232 232 125 125 241 241 241 241 
241 70 70 70 70 70 221 217 217 217 217 93 93 55 91 91 91 91 91 232 232 232 125 125 125 125 197 241 241 
3 3 3 3 3 3 3 217 217 217 217 93 93 93 91 91 91 91 76 232 232 232 125 125 125 125 197 197 197 
3 3 3 3 3 3 3 217 217 217 217 93 93 93 93 91 76 76 76 76 76 76 125 125 125 125 212 197 197 
3 3 3 3 3 3 3 217 217 217 217 93 93 93 93 42 76 76 76 76 76 76 76 125 125 212 212 197 230 
3 3 3 3 3 3 3 217 217 217 217 93 17 17 17 58 58 76 76 76 76 76 76 200 200 200 230 230 230 
3 3 3 3 3 3 3 157 157 157 157 157 17 17 17 58 58 76 76 76 76 76 76 200 200 200 165 230 230 
3 3 3 3 3 3 3 157 157 157 157 157 17 17 58 58 58 58 76 76 76 76 76 200 200 165 165 165 238 
41 3 3 3 3 3 3 157 157 157 157 157 17 58 58 58 58 58 58 73 73 73 242 242 242 165 165 41 41 
41 41 41 41 41 3 92 92 92 92 92 92 58 58 58 58 58 58 58 242 242 242 242 242 242 242 165 41 41 
41 41 41 41 41 41 105 105 105 92 92 199 199 58 58 58 58 58 58 242 242 242 242 242 138 138 138 41 41 
41 41 41 41 41 41 105 105 105 105 105 199 199 58 58 58 58 58 58 242 242 242 242 242 138 138 138 41 41 
41 41 41 41 41 105 105 105 105 105 105 105 105 58 58 58 58 58 58 242 242 242 242 138 138 138 138 138 41 
41 41 41 41 41 105 105 105 105 105 105 105 105 105 58 58 58 139 139 139 242 242 138 138 138 138 138 138 59 
59 50 50 41 41 105 105 105 105 105 105 105 105 105 58 58 139 139 139 139 139 139 138 138 138 138 138 59 59 
59 50 50 41 41 105 105 105 105 105 105 105 105 154 154 139 139 139 139 139 139 139 138 138 138 138 59 59 59 
59 59 6 6 99 99 99 105 105 111 111 111 154 154 154 154 139 139 139 139 139 139 139 138 138 59 59 59 59 
6 6 6 6 6 99 99 111 111 111 111 111 154 154 154 154 139 139 139 139 139 139 16 213 213 213 213 59 59 
6 6 6 6 6 99 99 111 111 111 111 111 154 154 154 154 154 206 206 139 139 16 16 213 213 213 213 213 6 
6 6 6 6 6 61 111 111 111 111 111 111 154 154 154 154 206 206 206 206 206 86 86 86 213 213 213 213 6 
6 6 6 6 129 129 129 111 111 111 111 111 154 154 154 154 206 206 206 206 206 86 86 86 86 213 213 213 6 
95 95 95 95 129 129 129 111 111 111 111 154 154 154 154 154 206 206 206 206 206 86 86 86 86 86 213 181 95 
95 95 95 95 129 129 129 129 111 111 111 154 154 154 154 154 206 206 206 206 206 86 86 86 86 86 181 181 181 
95 95 95 95 129 129 129 129 129 111 111 94 94 94 114 114 114 114 52 52 52 86 86 86 86 181 181 181 181 
95 95 95 95 129 129 129 129 129 129 94 94 94 94 114 114 114 114 52 52 52 52 52 86 86 181 181 181 181 
95 95 95 95 129 129 129 129 129 94 94 94 94 94 94 114 114 114 52 52 52 52 52 52 86 181 181 181 95 
168 168 168 70 70 70 221 221 221 221 94 94 94 94 94 114 114 114 52 52 52 52 52 52 197 197 197 241 197 
197 197 70 70 70 70 70 221 221 185 185 55 94 94 94 114 114 114 52 52 52 52 232 197 197 197 197 197 197 
197 70 70 70 70 70 70 221 145 145 145 55 55 55 55 114 114 91 91 52 232 232 232 125 197 197 197 197 197 
197 70 70 70 70 70 221 221 145 145 145 145 55 55 91 91 91 91 91 232 232 232 125 125 197 197 197 197 197 
197 70 70 70 70 3 217 217 145 145 145 93 93 93 93 91 91 91 76 232 232 232 125 125 125 197 197 197 197 
197 3 3 3 3 3 3 217 217 217 217 93 93 93 93 91 91 76 76 76 232 232 125 125 212 212 197 197 197 
3 3 3 3 3 3 3 217 217 217 217 93 93 93 93 93 76 76 76 76 76 76 76 125 212 212 212 212 197 
3 3 3 3 3 3 3 217 217 217 217 93 93 93 93 17 76 76 76 76 76 76 76 212 212 212 212 212 212 
3 3 3 3 3 3 3 217 217 217 217 93 17 17 17 17 58 76 76 76 76 76 76 212 212 212 212 212 212 
3 3 3 3 3 3 3 183 183 183 183 17 17 17 17 17 58 76 76 76 73 73 73 165 165 165 165 165 165 
3 3 3 3 3 3 3 92 92 92 92 17 17 17 17 58 58 58 73 73 73 73 73 165 165 165 165 165 165 
41 41 41 3 3 3 92 92 92 92 92 92 17 17 58 58 58 236 236 73 73 73 73 242 165 165 165 165 41 
41 41 41 41 41 41 92 92 92 92 92 92 17 58 58 58 58 236 236 236 242 242 242 242 242 165 165 41 41 
41 41 41 41 41 41 92 92 92 92 92 92 58 58 58 58 58 58 236 242 242 242 242 242 138 138 138 41 41 
41 41 41 41 41 41 105 105 105 105 105 105 105 58 58 58 58 58 58 242 242 242 242 242 138 138 138 41 41 
41 41 41 41 41 41 105 105 105 105 105 105 105 58 58 58 58 58 139 242 242 242 242 138 138 138 138 138 41 
50 50 50 41 41 105 105 105 105 105 105 105 105 160 160 160 160 139 139 139 139 139 138 138 138 138 138 138 41 
50 50 50 50 50 105 105 105 105 105 105 105 105 105 160 160 139 139 139 139 139 139 138 138 138 138 138 59 59 
59 50 50 50 50 99 99 105 105 105 105 105 105 123 123 160 139 139 139 139 139 139 139 138 138 138 59 59 59 
59 59 6 6 99 99 99 99 99 111 111 111 123 154 123 139 139 139 139 139 139 16 16 179 179 179 179 59 59 
6 6 6 6 6 99 99 99 111 111 111 111 154 154 154 154 139 139 139 139 16 16 16 179 179 179 179 179 59 
6 6 6 6 6 99 99 111 111 111 111 111 154 154 154 154 154 139 139 139 16 16 16 179 179 179 179 179 6 
6 6 6 6 6 99 99 111 111 111 111 111 154 15 15 15 15 206 206 206 16 16 86 86 213 213 213 213 6 
6 6 6 6 6 129 111 111 111 111 111 111 15 15 15 15 15 206 206 206 206 86 86 86 86 213 213 213 6 
6 6 6 6 129 129 129 111 111 111 111 15 15 15 15 15 15 206 206 206 206 86 86 86 86 86 213 181 181 
95 95 95 95 129 129 129 129 111 111 111 15 15 15 15 15 15 206 206 206 74 86 86 86 86 86 181 181 181 
95 95 95 95 129 129 129 129 129 111 111 94 94 94 114 114 114 114 114 52 52 86 86 86 86 181 181 181 181 
95 95 95 95 129 129 129 129 124 124 94 94 94 94 114 114 114 114 114 52 52 52 86 86 86 181 181 181 181 
95 95 95 95 129 129 129 124 124 124 94 94 94 94 94 114 114 114 114 52 52 52 106 106 106 197 197 197 197 
197 197 95 70 70 70 124 221 124 124 94 94 94 94 94 114 114 114 114 52 52 52 106 106 106 197 197 197 197 
197 197 70 70 70 70 124 124 185 185 185 185 94 94 94 114 114 114 52 52 52 106 106 106 197 197 197 197 197 
197 197 70 70 70 70 70 185 185 185 185 185 185 55 55 114 114 91 91 52 224 224 224 224 197 197 197 197 197 
197 197 70 70 70 70 145 145 145 145 145 145 145 93 93 91 91 91 78 78 224 224 224 224 224 197 197 197 197 
197 197 70 70 3 3 145 145 145 145 145 93 93 93 93 93 91 78 78 78 224 224 224 224 224 197 197 197 197 
197 3 3 3 3 3 217 217 217 217 217 93 93 93 93 93 91 78 78 78 76 224 224 224 212 212 212 197 197 
3 3 3 3 3 3 217 217 217 77 217 93 93 93 93 93 76 76 76 76 76 76 212 212 212 212 212 212 212 
3 3 3 3 3 3 217 217 217 217 217 93 93 93 93 17 76 76 76 76 76 76 212 212 212 212 212 212 212 
3 3 3 3 3 3 3 217 217 217 217 93 93 17 17 17 17 76 76 76 76 76 212 212 212 212 212 212 212 
3 3 3 3 3 3 3 183 183 183 183 17 17 17 17 17 58 73 73 73 73 73 73 165 165 165 165 165 165 
3 3 3 3 3 3 183 183 183 183 183 17 17 17 17 17 58 73 73 73 73 73 73 165 165 165 165 165 165 
41 41 41 41 3 3 183 92 92 92 92 17 17 17 17 58 58 236 236 73 73 73 73 165 165 165 165 165 41 
41 41 41 41 41 41 92 92 92 92 92 92 17 17 58 58 236 236 236 236 73 73 242 242 165 165 165 41 41 
41 41 41 41 41 41 92 92 92 92 92 92 58 58 58 58 58 236 236 236 242 242 242 242 138 138 165 41 41 
41 41 41 41 41 41 105 105 92 92 92 92 92 58 58 58 58 58 58 242 242 242 242 138 138 138 138 41 41 
41 41 41 41 41 41 105 105 105 105 105 105 105 160 160 160 160 160 139 139 139 242 138 138 138 138 138 41 41 
50 50 50 41 41 41 105 105 105 105 105 105 105 160 160 160 160 139 139 139 139 139 138 138 138 138 138 138 41 
50 50 50 50 50 99 105 105 105 105 105 105 123 123 160 160 160 139 139 139 139 139 138 138 138 138 138 59 50 
50 50 50 50 99 99 99 99 99 105 105 105 123 123 123 160 139 139 139 139 139 139 139 138 138 138 179 59 59 
50 50 50 50 99 99 99 99 99 99 99 123 123 123 123 123 139 139 139 139 139 16 16 179 179 179 179 179 59 
6 6 6 6 90 99 99 99 99 111 111 111 123 123 123 15 139 139 139 139 16 16 16 179 179 179 179 179 6 
6 6 6 6 90 99 99 99 99 111 111 111 15 15 15 15 15 139 139 139 16 16 16 179 179 179 179 179 6 
6 6 6 6 90 99 99 99 111 111 111 15 15 15 15 15 15 180 180 139 16 16 16 86 179 179 179 179 6 
6 6 6 6 90 99 99 111 111 111 111 15 15 15 15 15 15 180 180 74 74 74 74 86 86 213 213 213 6 
6 6 6 6 6 129 111 111 111 111 111 15 15 15 15 15 180 180 180 74 74 74 74 86 86 86 213 181 6 
95 95 95 95 129 129 129 111 111 111 111 15 15 15 15 15 180 180 180 74 74 74 74 86 86 86 181 181 181 
95 95 95 95 129 129 129 129 190 190 190 15 15 15 15 15 180 180 180 74 74 74 74 86 86 86 181 181 95 
95 95 95 95 129 129 124 124 124 124 124 94 94 94 94 114 114 114 114 52 74 106 106 106 106 106 181 181 95 
197 95 95 95 129 129 124 124 124 124 124 94 94 94 94 114 114 114 114 52 106 106 106 106 106 197 197 197 197 
197 197 95 70 70 124 124 124 124 124 185 94 94 94 94 114 114 114 114 52 106 106 106 106 106 197 197 197 197 
197 197 197 70 70 124 124 124 185 185 185 185 185 185 94 114 114 114 78 78 106 106 106 106 106 197 197 197 197 
197 197 197 70 70 70 124 185 185 185 185 185 185 185 185 114 114 78 78 78 224 224 224 224 224 197 197 197 197 
197 197 197 70 117 117 185 185 185 185 148 185 185 93 93 91 78 78 78 78 224 224 224 224 224 197 197 197 197 
197 197 197 70 117 117 117 217 145 145 145 93 93 93 93 93 78 78 78 78 224 224 224 224 224 212 197 197 197 
197 197 3 3 3 117 217 217 217 217 217 93 93 93 93 93 78 78 78 78 78 224 224 224 212 212 212 212 197 
3 119 119 119 119 119 217 217 217 217 217 93 93 93 93 93 78 78 78 78 76 224 212 212 212 212 212 212 212 
3 119 119 119 119 119 217 217 217 217 217 93 93 93 93 17 76 76 76 76 76 212 212 212 212 212 212 212 212 
3 119 119 119 119 119 183 183 183 183 183 93 93 17 17 17 17 73 73 73 73 73 212 212 212 212 212 212 212 
3 119 119 119 119 119 183 183 183 183 183 183 17 17 17 17 58 73 73 73 73 73 165 165 165 165 165 165 165 
41 119 119 119 119 119 183 183 183 183 183 183 17 17 17 17 58 73 73 73 73 73 73 165 165 165 165 165 165 
41 41 41 41 119 48 183 183 183 183 183 183 17 17 17 58 236 236 236 73 73 73 73 165 165 165 165 165 41 
41 41 41 41 41 48 183 92 92 92 92 92 17 17 58 58 236 236 236 236 73 73 73 165 165 165 165 165 41 
41 41 41 41 41 41 48 92 92 92 92 92 92 58 58 58 58 236 236 236 236 242 242 165 165 165 165 41 41 
41 41 41 41 41 41 48 92 92 92 92 92 160 160 160 160 58 58 58 236 242 242 242 138 138 138 138 41 41 
41 41 41 41 41 41 105 105 105 105 105 105 160 160 160 160 160 160 139 139 139 139 138 138 138 138 138 41 41 
50 50 50 41 41 41 105 105 105 105 105 123 123 160 160 160 160 160 139 139 139 139 138 138 138 138 138 138 41 
50 50 50 50 50 99 99 99 99 105 105 123 123 123 160 160 160 139 139 139 139 139 139 156 156 156 156 156 50 
50 50 50 50 99 99 99 99 99 99 99 123 123 123 123 160 160 139 139 139 139 139 139 156 156 156 179 179 50 
50 50 6 90 99 99 99 99 99 99 99 123 123 123 123 123 139 139 139 139 139 16 16 179 179 179 179 179 179 
6 6 6 90 90 99 99 99 99 99 99 123 123 123 123 123 139 139 139 139 16 16 16 179 179 179 179 179 6 
6 6 6 90 90 99 99 99 99 99 99 15 15 15 15 15 139 139 139 139 16 16 16 179 179 179 179 179 6 
6 6 6 90 90 99 99 99 99 111 111 15 15 15 15 15 169 180 180 74 74 74 74 74 179 179 179 179 6 
6 6 6 90 90 99 99 99 111 111 111 15 15 15 15 15 180 180 180 74 74 74 74 74 74 179 179 6 6 
6 6 6 6 90 129 190 190 190 111 111 15 15 15 15 169 180 180 180 74 74 74 74 74 74 86 86 181 6 
195 195 195 195 195 129 190 190 190 190 190 15 15 15 15 169 180 180 180 74 74 74 74 74 74 86 181 181 195 
195 195 195 195 195 129 190 190 190 190 190 15 15 15 15 15 180 180 180 74 74 74 74 106 106 106 181 181 195 
195 195 195 195 129 124 124 124 124 124 124 182 15 15 15 15 180 180 180 74 74 106 106 106 106 106 106 197 195 
197 195 195 195 124 124 124 124 124 124 124 182 94 94 94 114 114 114 180 106 106 106 106 106 106 106 197 197 197 
197 197 197 70 124 124 124 124 124 185 185 185 94 94 94 114 114 114 114 106 106 106 106 106 106 197 197 197 197 
197 197 197 70 124 124 124 124 185 185 185 185 185 185 185 114 114 78 78 78 85 106 106 106 106 197 197 197 197 
197 197 197 117 117 117 124 185 185 148 185 185 185 185 185 78 78 78 78 78 85 224 224 224 224 197 197 197 197 
197 197 197 117 117 117 117 185 185 185 185 185 185 185 185 78 78 78 78 78 78 224 224 224 224 224 197 197 197 
197 197 117 117 117 117 117 117 185 185 185 93 93 93 93 78 78 78 78 78 78 224 224 224 224 212 212 197 197 
197 197 119 119 117 117 117 217 217 217 217 93 93 93 93 78 78 78 78 78 78 224 224 224 212 212 212 212 212 
119 119 119 119 119 119 119 217 217 217 217 93 93 93 93 78 78 78 78 78 78 18 224 212 212 170 212 212 212 
119 119 119 119 119 119 119 217 217 217 217 93 93 93 93 78 78 78 78 78 78 18 212 212 212 212 212 212 212 
119 119 119 119 119 119 183 183 183 183 183 183 93 17 17 17 32 32 78 73 32 18 212 212 212 212 212 212 212 
119 119 119 119 119 119 183 183 183 183 183 183 183 17 17 17 58 73 73 73 73 73 165 165 165 165 165 165 165 
119 119 119 119 119 48 183 183 183 183 183 183 17 17 17 17 58 73 73 73 73 73 165 165 165 165 165 165 165 
41 41 41 48 48 48 183 183 183 183 183 183 17 17 17 58 58 236 236 73 73 73 165 165 165 165 165 165 165 
41 41 41 41 48 48 48 183 183 183 183 183 17 17 58 58 58 236 236 236 73 73 165 165 165 165 165 165 41 
41 41 41 41 48 48 48 48 92 92 183 183 183 58 58 58 58 236 236 236 236 242 165 165 165 165 165 41 41 
41 41 41 41 41 48 48 48 92 92 92 92 160 160 160 160 160 160 160 139 139 139 156 156 138 138 84 41 41 
41 41 41 41 41 48 48 116 105 92 105 123 160 160 160 160 160 160 139 139 139 139 156 156 156 156 156 41 41 
41 41 41 41 41 48 116 116 105 105 226 123 123 160 160 160 160 160 139 139 139 139 156 156 156 156 156 156 41 
50 50 50 50 99 99 99 99 99 99 226 123 123 123 160 160 160 160 139 139 139 139 156 156 156 156 156 156 156 
50 50 50 50 99 99 99 99 99 99 226 123 123 123 123 160 160 139 139 139 139 139 156 156 156 156 156 156 156 
6 6 90 90 99 99 99 99 99 99 99 123 123 123 123 123 160 139 139 139 139 139 156 156 156 156 156 156 156 
6 6 90 90 90 99 99 99 99 99 99 123 123 123 123 123 139 139 139 139 139 16 16 179 179 179 179 179 6 
6 6 90 90 90 99 99 99 99 99 99 15 15 15 15 15 169 139 139 139 139 16 16 179 179 179 179 179 6 
6 6 90 90 90 90 99 99 99 99 99 15 15 15 15 15 169 180 180 74 74 74 74 74 179 179 179 179 6 
6 6 90 90 90 90 99 99 99 99 15 15 15 15 15 169 169 180 180 74 74 74 74 74 74 179 179 6 6 
6 195 195 195 90 190 190 190 190 190 15 15 15 15 15 169 180 180 180 74 74 74 74 74 74 74 26 195 195 
195 195 195 195 195 190 190 190 190 190 190 15 15 15 169 169 180 180 180 74 74 74 74 74 74 26 26 195 195 
195 195 195 195 195 124 190 190 190 190 182 182 182 182 182 169 180 180 180 74 74 74 74 106 106 106 26 195 195 
195 195 195 195 195 124 124 124 124 124 182 182 182 182 182 182 182 180 180 74 74 106 106 106 106 106 106 197 195 
195 195 195 195 124 124 124 124 124 124 124 182 182 182 182 182 182 180 180 74 106 106 106 106 106 106 197 197 197 
197 197 197 195 124 124 124 124 124 185 185 185 182 182 182 182 114 114 180 106 106 106 106 106 106 106 197 197 197 
197 197 197 117 117 124 124 124 148 185 185 185 185 185 185 78 78 78 78 78 85 85 106 106 106 197 197 197 197 
197 197 117 117 117 117 117 185 185 185 185 185 185 185 185 78 78 78 78 78 85 85 85 224 224 224 197 197 197 
197 197 117 117 117 117 117 185 185 185 185 185 185 185 78 78 78 78 78 78 85 85 224 224 224 224 197 197 197 
197 197 117 117 117 117 117 117 185 185 185 185 185 185 78 78 78 78 78 78 78 85 224 224 224 212 212 212 197 
197 119 119 117 117 117 117 117 117 217 185 93 93 93 78 78 78 78 78 78 78 18 224 224 212 212 212 212 212 
119 119 119 119 119 117 117 117 217 217 217 93 93 93 93 78 78 78 78 78 18 18 18 212 212 212 212 212 212 
119 119 119 119 119 119 119 183 183 183 183 183 93 93 93 78 78 78 78 32 18 18 18 212 212 212 212 212 212 
119 119 119 119 119 119 183 183 183 183 183 183 183 183 17 32 32 32 32 32 32 18 18 212 212 212 212 212 212 
119 119 119 119 119 119 183 183 183 183 183 183 183 183 17 17 32 32 32 32 32 32 18 165 165 165 165 165 165 
84 119 119 119 48 48 48 183 183 183 183 183 183 183 17 17 58 219 219 219 219 219 165 165 165 165 165 165 84 
84 41 119 48 48 48 48 183 183 183 183 183 183 183 17 58 58 236 219 219 219 219 165 165 165 165 165 84 84 
84 41 41 48 48 48 48 48 183 183 183 183 183 17 58 58 58 236 219 219 219 219 165 165 165 165 84 84 84 
41 41 41 48 48 48 48 48 183 183 183 183 183 160 58 58 58 236 236 219 219 219 165 165 165 84 84 84 84 
41 41 41 48 48 48 48 116 116 116 183 183 160 160 160 160 160 160 160 139 139 139 156 156 156 84 84 84 84 
41 41 41 41 48 48 116 116 116 116 226 226 160 160 160 160 160 160 139 139 139 139 156 156 156 156 156 156 84 
41 41 41 41 48 48 116 116 116 226 226 226 123 160 160 160 160 160 139 139 139 139 156 156 156 156 156 156 41 
50 41 50 50 99 99 99 99 99 226 226 226 123 123 160 160 160 160 139 139 139 139 156 156 156 156 156 156 156 
50 41 50 90 99 99 99 99 99 226 226 226 123 123 123 160 160 160 139 139 139 139 156 156 156 156 156 156 156 
6 6 90 90 99 99 99 99 99 99 226 226 123 123 123 123 160 139 139 139 139 139 156 156 156 156 156 156 156 
6 6 90 90 90 99 99 99 99 99 99 226 226 123 123 123 139 139 139 54 54 54 54 156 156 156 156 156 6 
6 6 90 90 90 99 99 99 99 99 99 99 15 15 15 169 169 180 180 54 54 54 54 156 156 179 179 179 6 
6 6 90 90 90 99 99 99 99 99 99 15 15 15 15 169 169 180 180 54 74 74 74 74 74 179 179 179 6 
6 6 90 90 90 99 99 99 99 99 99 15 15 15 15 169 180 180 180 74 74 74 74 74 74 74 26 26 6 
195 195 195 90 90 190 190 190 190 190 182 182 182 15 169 169 180 180 180 74 74 74 74 74 74 26 26 26 195 
195 195 195 195 195 190 190 190 190 190 182 182 182 182 182 169 180 180 180 74 74 74 74 74 26 26 26 26 195 
195 195 195 195 195 124 124 190 190 190 182 182 182 182 182 182 182 180 180 74 74 74 74 106 26 26 26 26 195 
195 195 195 195 124 124 124 124 124 124 182 182 182 182 182 182 182 182 180 74 74 106 106 106 106 26 26 26 195 
195 195 195 195 124 124 124 124 124 124 182 182 182 182 182 182 182 182 180 106 106 106 106 106 106 106 106 197 195 
197 195 195 124 124 124 124 124 124 185 185 185 182 182 182 182 182 182 180 106 106 106 106 106 106 106 106 197 197 
attribute "dep" string "positions"
#
# A field is created with three components: "positions", "connections",
# and "data"
object "regular positions regular connections" class field
component  "positions"    value 1
component  "connections"  value 2
component  "data"         value 3
#
end
