# object 1 are the regular positions. The grid is 29 29 29. The origin is
# at [0 0 0], and the deltas are 1 in the first and third dimensions, and
# 2 in the second dimension
#
object 1 class gridpositions counts 29 29 29
origin 0 0 0
delta  1 0 0
delta  0 1 0
delta  0 0 1
#
# object 2 are the regular connections
#
object 2 class gridconnections counts 29 29 29
#
# object 3 are the data, which are in a one-to-one correspondence with
# the positions ("dep" on positions). The positions increment in the order
# "last index varies fastest", i.e. (x0, y0, z0), (x0, y0, z1), (x0, y0, z2),
# (x0, y1, z0), etc.
#
object 3 class array type int rank 0 items 24389 data follows
166 166 166 166 166 166 193 193 193 193 193 148 148 148 148 148 231 231 231 139 27 27 54 54 153 153 153 166 166 
166 166 166 166 166 166 193 193 193 193 193 148 148 148 148 231 231 231 231 231 231 27 54 153 153 153 153 166 166 
166 166 166 166 166 166 166 193 193 193 246 137 137 137 231 231 231 231 231 231 231 27 153 153 153 153 153 166 166 
166 166 166 166 166 89 89 89 89 246 137 137 137 137 137 231 231 231 231 231 231 231 123 123 123 123 123 123 166 
166 166 166 166 89 89 89 89 89 89 137 137 137 137 137 231 231 231 231 231 231 231 123 123 123 123 123 123 123 
166 166 166 89 89 89 89 89 89 89 137 137 137 137 137 137 231 231 198 198 198 123 123 123 123 123 123 123 123 
166 166 89 89 89 89 89 89 89 167 167 137 137 137 137 137 231 231 198 198 198 123 123 123 154 154 154 123 123 
166 28 28 28 28 28 28 28 167 167 167 167 137 137 137 137 231 131 131 131 131 112 75 154 154 154 154 154 154 
191 28 28 28 28 28 28 28 28 218 167 167 167 42 42 42 131 131 131 131 131 112 75 75 154 154 154 154 154 
191 191 97 28 28 28 28 28 203 218 218 218 218 42 42 42 131 131 131 131 131 112 75 75 75 154 154 191 191 
191 191 97 97 97 97 97 203 203 218 218 218 218 218 218 218 131 131 131 131 131 112 112 112 112 211 191 191 191 
191 191 97 97 97 97 97 203 203 218 218 218 218 218 218 218 99 99 99 99 99 112 112 112 112 211 191 191 191 
191 191 97 97 97 97 97 203 203 218 218 218 218 218 182 182 99 99 99 99 99 143 112 112 112 211 191 191 191 
191 191 97 97 97 97 199 199 203 218 218 218 182 182 182 182 182 99 99 99 143 143 143 90 90 90 191 191 191 
191 24 97 97 97 199 199 199 199 199 182 182 182 182 182 182 182 99 99 99 99 143 143 105 105 105 191 191 191 
24 24 24 24 199 199 199 199 199 199 182 182 182 182 182 182 182 111 111 111 111 111 105 105 105 105 105 105 191 
24 24 24 24 115 115 199 199 199 199 182 182 182 182 182 182 182 111 111 111 111 111 105 105 105 105 105 105 191 
24 24 24 24 115 115 115 115 115 115 182 182 182 182 182 182 111 111 111 111 111 111 184 184 184 184 184 245 191 
24 24 24 24 115 115 115 115 115 115 64 64 182 182 182 182 111 111 111 111 111 111 111 184 184 184 184 245 245 
24 24 74 74 74 115 115 115 115 64 64 64 64 64 182 182 111 38 38 38 38 38 38 184 184 245 245 245 245 
245 74 74 74 74 134 134 134 134 134 64 64 64 64 64 38 38 38 38 38 38 38 38 242 242 245 245 245 245 
245 74 74 74 74 134 134 134 134 134 113 113 113 113 113 228 38 38 38 38 38 38 242 242 242 245 245 245 245 
245 74 74 74 74 134 134 134 134 134 134 113 113 113 113 228 228 228 38 38 38 242 242 242 242 245 245 245 245 
95 95 74 74 74 134 134 134 134 134 4 4 4 4 4 228 228 228 228 225 242 242 242 242 242 245 245 245 245 
95 95 95 95 95 134 134 134 134 134 4 4 4 4 4 228 228 228 228 225 242 242 242 242 242 245 245 245 245 
95 95 95 95 95 134 134 134 134 4 4 4 4 4 148 148 228 228 139 139 139 54 54 54 54 54 245 245 95 
95 95 95 95 95 193 193 193 193 4 4 4 4 148 148 148 148 139 139 139 139 54 54 54 54 54 54 245 95 
95 95 95 95 95 193 193 193 193 193 4 4 148 148 148 148 148 148 139 139 139 54 54 54 54 54 54 95 95 
166 166 166 166 166 193 193 193 193 193 193 4 148 148 148 148 148 162 139 139 139 54 54 54 54 153 153 166 166 
166 166 166 166 166 166 193 193 193 193 193 148 148 148 148 148 148 162 139 139 27 27 54 54 54 153 153 166 166 
166 166 166 166 166 166 193 193 193 246 246 246 148 148 148 231 231 231 231 231 27 27 27 27 153 153 153 166 166 
166 166 166 166 166 89 89 89 246 246 246 246 223 223 231 231 231 231 231 231 231 27 27 153 153 153 153 166 166 
166 166 166 166 89 89 89 89 89 246 246 223 223 223 223 231 231 231 231 231 231 27 27 123 123 123 123 123 166 
166 166 166 89 89 89 89 89 89 89 246 223 223 223 223 231 231 231 231 231 231 231 123 123 123 123 123 123 123 
200 200 200 89 89 89 89 89 89 167 167 167 223 223 223 231 231 231 231 231 231 76 123 123 123 123 123 123 123 
200 200 89 89 89 89 89 89 89 167 167 167 167 223 223 231 231 231 231 131 131 76 123 123 123 123 123 123 123 
200 200 89 89 89 89 89 89 167 167 167 167 167 167 223 231 131 131 131 131 131 131 75 154 154 154 154 154 154 
200 186 186 28 89 89 89 89 167 167 167 167 167 167 42 42 131 131 131 131 131 131 75 75 154 154 154 154 154 
191 186 186 186 28 28 28 190 190 218 218 218 218 218 218 218 131 131 131 131 131 112 75 75 75 65 65 65 65 
191 191 97 97 97 44 44 190 190 218 218 218 218 218 218 218 131 131 131 131 131 112 112 112 112 112 65 65 191 
191 191 97 97 97 44 44 190 190 218 218 218 218 218 218 218 99 99 99 99 99 112 112 112 112 112 112 191 191 
191 191 97 97 97 97 44 190 190 218 218 218 218 218 182 182 99 99 99 99 99 143 112 112 112 112 112 191 191 
191 191 97 97 97 97 199 190 190 218 218 218 182 182 182 182 99 99 99 99 99 143 143 112 112 112 112 191 191 
191 24 97 97 115 115 199 115 115 218 182 182 182 182 182 182 182 99 99 99 99 143 143 143 143 112 112 191 191 
24 24 24 14 115 115 115 115 115 115 182 182 182 182 182 182 182 111 111 111 111 143 143 143 105 105 105 105 191 
24 24 24 14 115 115 115 115 115 115 182 182 182 182 182 182 182 111 111 111 111 111 111 111 105 105 105 105 191 
24 24 24 24 115 115 115 115 115 115 182 182 182 182 182 182 111 111 111 111 111 111 111 111 111 72 72 245 245 
24 24 24 14 115 115 115 115 115 115 115 182 182 182 182 182 111 111 111 111 111 111 111 111 111 72 72 245 245 
24 24 74 74 115 115 115 115 115 115 64 64 182 182 182 182 111 38 38 38 38 38 38 38 72 72 245 245 245 
245 74 74 74 74 134 115 115 115 134 64 64 64 64 182 38 38 38 38 38 38 38 38 242 245 245 245 245 245 
245 74 74 74 74 134 134 134 134 134 134 113 113 113 235 228 228 228 38 38 38 38 38 242 245 245 245 245 245 
245 95 74 74 74 134 134 134 134 134 134 113 113 235 235 228 228 228 228 225 38 38 242 242 242 245 245 245 245 
245 95 95 170 170 134 134 134 134 134 134 4 4 235 235 228 228 228 228 225 225 242 242 242 240 245 245 245 245 
95 95 95 95 170 134 134 134 134 134 134 4 4 4 148 228 228 228 228 225 225 242 242 240 240 240 245 245 245 
95 95 95 95 95 134 134 134 134 134 4 4 4 148 148 148 228 228 139 139 139 54 54 54 240 240 245 245 95 
95 95 95 95 95 134 193 193 193 134 4 4 148 148 148 148 148 139 139 139 139 54 54 54 54 240 240 245 95 
95 95 95 95 95 193 193 193 193 193 4 4 148 148 148 148 148 162 139 139 139 54 54 54 54 54 240 245 95 
95 95 166 166 166 193 193 193 193 193 193 148 148 148 148 148 148 162 139 139 139 54 54 54 54 54 54 54 95 
215 215 215 166 166 166 193 193 246 246 246 148 148 148 148 148 162 162 139 139 27 27 27 27 54 54 54 215 215 
215 215 215 166 166 166 193 246 246 246 246 246 148 148 148 231 231 231 231 27 27 27 27 27 27 153 153 166 166 
215 215 166 166 166 89 89 246 246 246 246 246 223 223 104 231 231 231 231 231 27 27 27 27 27 123 123 183 166 
166 200 166 166 89 89 89 246 246 246 246 223 223 223 223 231 231 231 231 231 231 27 27 27 123 123 123 183 183 
200 200 200 89 89 89 89 89 246 246 246 223 223 223 223 231 231 231 231 231 231 76 76 123 123 123 123 183 183 
200 200 200 89 89 89 89 89 89 167 167 167 223 223 223 223 231 231 231 231 76 76 76 123 123 123 123 123 183 
200 200 200 89 89 89 89 89 89 167 167 167 167 223 223 223 223 231 231 131 76 76 76 154 154 154 123 123 183 
200 200 200 186 89 89 89 194 194 167 167 167 167 167 223 223 131 131 131 131 131 131 75 65 154 154 154 154 154 
200 186 186 186 186 186 89 194 194 167 167 167 167 167 167 167 131 131 131 131 131 131 75 75 65 65 65 65 65 
186 186 186 186 186 186 216 190 190 190 218 218 218 218 218 131 131 131 131 131 131 131 75 75 65 65 65 65 65 
186 186 186 186 186 44 44 190 190 190 218 218 218 218 218 218 131 131 131 131 131 131 112 112 112 65 65 65 65 
191 186 186 186 44 44 44 190 190 190 218 218 218 218 218 218 99 131 131 131 131 112 112 112 112 112 65 65 65 
191 186 186 186 44 44 44 190 190 190 218 218 218 218 182 182 99 99 99 99 99 143 112 112 112 112 112 65 191 
191 186 186 186 44 44 44 190 190 190 218 218 182 182 182 182 182 99 99 99 99 143 143 112 112 112 112 112 191 
191 24 14 14 115 115 115 115 115 115 182 182 182 182 182 182 182 99 99 99 99 143 143 143 143 112 112 112 191 
24 24 14 14 115 115 115 115 115 115 182 182 182 182 182 182 182 111 111 111 111 111 143 143 143 112 112 112 191 
24 24 14 14 14 115 115 115 115 115 182 182 182 182 182 182 182 111 111 111 111 111 111 111 111 72 72 72 72 
24 14 14 14 14 115 115 115 115 115 115 182 35 35 35 182 111 111 111 111 111 111 111 111 72 72 72 72 72 
24 14 14 14 14 115 115 115 115 115 115 35 35 35 35 35 111 111 111 111 111 111 111 111 72 72 72 72 72 
245 14 14 40 115 115 115 115 115 115 115 35 35 35 35 35 111 38 38 38 38 38 38 72 72 72 72 72 245 
245 170 170 40 40 115 115 115 115 115 115 64 35 235 35 228 228 38 38 38 38 38 38 72 72 72 72 245 245 
245 170 170 170 170 134 134 134 134 134 134 22 235 235 235 228 228 228 228 38 38 38 38 41 41 245 245 245 245 
245 170 170 170 170 134 134 134 134 134 134 22 235 235 235 228 228 228 228 225 225 225 225 41 41 245 245 245 245 
245 95 170 170 170 134 134 134 134 134 134 22 235 235 235 228 228 228 228 225 225 225 225 240 240 240 245 245 245 
95 95 95 170 170 134 134 134 134 134 134 22 235 235 235 228 228 228 228 225 225 225 54 240 240 240 240 245 245 
95 95 95 95 95 134 134 134 134 134 134 4 235 148 148 148 228 228 139 139 139 139 54 240 240 240 240 245 95 
95 95 95 95 95 164 134 134 134 134 4 148 148 148 148 148 162 162 139 139 139 139 54 54 240 240 240 240 95 
95 95 95 95 95 164 193 193 193 193 4 148 148 148 148 148 162 162 139 139 139 139 54 54 54 240 240 240 95 
95 95 95 95 95 193 193 193 193 193 148 148 148 148 148 148 162 162 139 139 139 27 54 54 54 54 54 240 95 
215 215 215 215 215 215 8 246 246 246 246 246 148 148 148 148 162 162 139 139 27 27 27 27 27 27 27 215 215 
215 215 215 215 215 215 8 246 246 246 246 246 246 104 104 104 104 231 231 27 27 27 27 27 27 27 27 215 215 
215 215 215 215 215 89 246 246 246 246 246 246 246 104 104 104 104 231 231 27 27 27 27 27 27 27 183 183 215 
200 200 200 200 89 89 246 246 246 246 246 246 223 223 104 104 231 231 231 231 27 27 27 27 183 183 183 183 183 
200 200 200 200 89 89 89 246 246 246 246 223 223 223 223 104 231 231 231 231 76 76 76 76 183 183 183 183 183 
200 200 200 200 89 89 89 194 246 246 167 223 223 223 223 223 231 231 231 76 76 76 76 76 183 183 183 183 183 
200 200 200 200 89 89 194 194 194 167 167 167 167 223 223 223 223 231 131 76 76 76 76 76 183 183 183 183 183 
200 200 200 186 186 194 194 194 194 167 167 167 167 167 223 223 131 131 131 131 131 131 76 65 65 65 65 183 183 
200 186 186 186 186 216 194 194 194 167 167 167 167 167 167 131 131 131 131 131 131 131 131 65 65 65 65 65 65 
186 186 186 186 186 216 216 194 190 190 167 167 167 167 167 131 131 131 131 131 131 131 131 65 65 65 65 65 65 
186 186 186 186 186 44 44 44 190 190 190 218 218 218 218 11 131 131 131 131 131 131 112 112 65 65 65 65 65 
186 186 186 186 44 44 44 44 190 190 190 218 218 218 218 11 11 131 131 131 131 112 112 112 112 65 65 65 65 
186 186 186 186 44 44 44 190 190 190 190 218 218 218 182 11 11 99 99 99 99 143 112 112 112 112 112 65 65 
186 186 186 186 44 44 44 190 190 190 190 182 182 182 182 182 182 23 99 99 99 143 143 112 112 112 239 239 239 
14 14 14 14 44 115 115 115 115 115 182 182 182 182 182 182 182 23 99 99 99 143 143 143 112 239 239 239 239 
14 14 14 14 14 115 115 115 115 115 182 182 182 182 182 182 182 23 23 111 111 111 143 143 112 239 239 239 239 
14 14 14 14 14 115 115 115 115 115 115 182 35 35 35 182 182 111 111 111 111 111 111 111 72 72 72 72 72 
14 14 14 14 14 115 115 115 115 115 115 35 35 35 35 35 111 111 111 111 111 111 111 72 72 72 72 72 72 
14 14 14 14 14 115 115 115 115 115 115 35 35 35 35 35 111 111 111 111 111 111 111 72 72 72 72 72 72 
71 40 14 40 14 115 115 115 115 115 115 35 35 35 35 35 111 38 38 38 38 38 38 72 72 72 72 72 72 
71 40 40 40 40 40 115 115 115 115 115 22 35 235 35 35 228 228 38 38 38 38 38 72 72 72 72 72 245 
245 170 170 170 170 170 134 134 134 134 22 22 235 235 235 235 228 228 228 225 38 38 38 41 41 41 41 245 245 
245 170 170 170 170 170 134 134 134 134 22 22 235 235 235 228 228 228 228 225 225 225 225 41 41 41 245 245 245 
245 170 170 170 170 170 134 134 134 134 22 22 235 235 235 228 228 228 228 225 225 225 225 240 240 240 245 245 245 
95 95 170 170 170 164 164 134 134 134 22 22 235 235 235 228 228 228 228 225 225 225 240 240 240 240 240 245 245 
95 95 95 170 164 164 164 164 134 22 22 22 235 235 235 148 228 162 139 139 139 139 27 240 240 240 240 240 95 
95 95 95 95 164 164 164 164 134 22 22 148 148 148 148 148 162 162 139 139 139 139 27 240 240 240 240 240 95 
95 95 95 95 164 164 164 164 193 193 148 148 148 148 148 148 162 162 139 139 139 27 27 27 240 240 240 240 240 
215 215 215 215 215 164 164 193 193 193 148 148 148 148 148 148 162 162 139 139 139 27 27 27 27 27 240 240 240 
215 215 215 215 215 215 8 246 246 246 246 246 232 232 232 232 232 162 139 27 27 27 27 27 27 27 3 215 215 
215 215 215 215 215 8 8 246 246 246 246 246 246 104 104 104 104 104 139 27 27 27 27 27 27 27 3 3 215 
215 215 215 215 215 215 246 246 246 246 246 246 246 104 104 104 104 104 104 27 27 27 27 27 27 27 183 183 215 
200 200 200 200 200 200 246 246 246 246 246 246 223 104 104 104 104 104 104 27 27 27 27 27 183 183 183 183 183 
200 200 200 200 200 200 194 246 246 246 246 246 223 223 104 104 104 104 104 76 76 76 76 76 183 183 183 183 183 
200 200 200 200 200 194 194 194 246 246 246 167 223 223 223 223 104 104 76 76 76 76 76 76 183 183 183 183 183 
200 200 200 200 200 194 194 194 194 194 167 167 167 223 223 223 223 131 131 76 76 76 76 76 183 183 183 183 183 
200 200 200 186 186 194 194 194 194 194 167 167 167 167 223 223 131 131 131 131 131 76 76 65 65 65 183 183 183 
200 186 186 186 186 216 194 194 194 194 167 167 167 167 167 11 131 131 131 131 131 131 131 65 65 65 65 65 183 
186 186 186 186 186 216 216 194 194 190 167 167 167 167 11 11 11 131 131 131 131 131 131 65 65 65 65 65 65 
186 186 186 186 186 44 44 44 190 190 190 190 190 218 11 11 11 131 131 131 131 131 131 65 65 65 65 65 65 
186 186 186 186 44 44 44 44 190 190 190 190 190 218 11 11 11 11 131 131 131 131 112 112 65 65 65 65 65 
186 186 186 186 44 44 44 44 190 190 190 190 190 218 34 11 11 11 11 131 131 143 112 112 239 239 239 65 65 
186 186 186 186 44 44 44 55 190 190 190 190 182 182 182 11 11 23 23 99 99 143 143 239 239 239 239 239 239 
14 14 14 14 14 55 55 55 55 55 190 182 182 182 182 182 23 23 23 23 99 143 143 239 239 239 239 239 239 
14 14 14 14 14 115 115 115 115 115 115 182 182 182 182 23 23 23 23 23 23 111 143 239 239 239 239 239 239 
14 14 14 14 14 115 115 115 115 115 115 182 35 35 35 23 23 23 23 111 111 111 111 72 72 72 72 72 72 
14 14 14 14 14 115 115 115 115 115 115 35 35 35 35 35 35 111 111 111 111 111 111 72 72 72 72 72 72 
14 14 14 14 14 115 115 115 115 115 115 35 35 35 35 35 51 111 111 111 111 111 72 72 72 72 72 72 72 
71 40 40 40 14 115 115 115 115 115 115 35 35 35 35 35 51 38 38 38 38 38 72 72 72 72 72 72 72 
71 40 40 40 40 40 115 115 115 115 22 22 235 235 235 213 213 228 38 38 38 38 72 72 72 72 72 72 71 
71 40 40 40 40 40 40 115 115 22 22 22 235 235 235 235 228 228 228 225 38 30 178 41 41 41 41 41 71 
245 170 170 170 170 40 40 134 134 22 22 22 235 235 235 235 228 228 228 225 225 30 30 41 41 41 41 245 245 
245 170 170 170 170 164 164 164 164 22 22 22 235 235 235 235 228 228 228 225 225 30 30 240 240 240 240 245 245 
95 95 170 170 164 164 164 164 164 22 22 22 235 235 235 235 228 228 228 225 225 30 30 240 240 240 240 240 240 
95 95 36 164 164 164 164 164 164 22 22 22 235 235 235 232 232 162 139 139 139 27 27 240 240 240 240 240 240 
95 95 36 164 164 164 164 164 164 22 22 22 235 235 232 232 232 162 139 139 139 27 27 27 240 240 240 240 240 
215 215 215 164 164 164 164 164 164 22 22 148 148 232 232 232 232 162 139 139 139 27 27 27 27 240 240 240 240 
215 215 215 215 215 164 164 164 164 52 52 52 232 232 232 232 232 162 139 139 27 27 27 27 27 27 240 240 240 
215 215 215 215 215 8 8 246 246 246 246 246 80 80 232 232 232 232 27 27 27 27 27 27 27 3 3 3 215 
215 215 215 215 215 8 8 246 246 246 246 246 80 80 80 104 104 104 27 27 27 27 27 27 3 3 3 3 215 
215 215 215 215 215 8 8 246 246 246 246 246 80 104 104 104 104 104 104 27 27 27 27 27 3 3 3 183 215 
215 200 200 200 200 246 246 246 246 246 246 246 104 104 104 104 104 104 104 76 76 76 76 76 3 183 183 183 183 
200 200 200 200 200 194 194 246 246 246 246 246 223 104 104 104 104 104 104 76 76 76 76 76 183 183 183 183 183 
200 200 200 200 200 194 194 194 246 246 246 246 223 223 104 104 104 104 76 76 76 76 76 76 183 183 183 183 183 
200 200 200 200 200 194 194 194 194 194 167 167 167 223 223 223 104 152 152 76 76 76 76 76 183 183 183 183 183 
200 200 200 186 186 194 194 194 194 194 167 167 167 167 223 223 152 152 131 131 76 76 76 76 65 183 183 183 183 
200 186 186 186 186 216 194 194 194 194 167 167 167 167 167 11 152 131 131 131 131 131 131 65 65 65 65 183 183 
186 186 186 186 186 216 216 194 194 194 167 167 167 167 11 11 11 11 131 131 131 131 131 65 65 65 65 65 65 
186 186 186 186 186 216 216 216 194 190 190 190 190 11 11 11 11 11 11 131 131 131 131 65 65 65 65 65 65 
186 186 186 186 186 44 44 44 190 190 190 190 190 11 11 11 11 11 11 131 131 131 131 239 239 239 239 239 239 
186 186 186 186 186 44 44 55 190 190 190 190 190 34 34 11 11 11 11 11 131 131 239 239 239 239 239 239 239 
186 186 186 186 186 55 55 55 55 55 190 190 182 34 34 34 11 11 11 11 11 143 239 239 239 239 239 239 239 
14 14 14 14 14 55 55 55 55 55 55 182 182 34 34 34 23 23 23 23 23 23 239 239 239 239 239 239 239 
14 14 14 14 14 55 55 55 55 55 55 182 182 182 34 23 23 23 23 23 23 23 239 239 239 239 239 239 239 
14 14 14 14 14 55 55 55 55 115 115 115 35 35 35 23 23 23 23 23 23 23 108 239 239 239 239 239 177 
14 14 14 14 14 14 115 115 115 115 115 35 35 35 35 51 51 51 51 51 111 111 72 72 72 72 72 72 72 
14 14 14 14 14 14 115 115 115 115 115 35 35 35 35 51 51 51 51 51 111 111 72 72 72 72 72 72 72 
71 40 40 14 14 14 115 115 115 115 115 22 235 35 213 213 51 51 51 38 38 38 178 72 72 72 72 72 71 
71 40 40 40 40 40 115 115 115 115 22 22 235 235 235 213 213 213 213 30 30 30 178 72 72 72 72 71 71 
71 40 40 40 40 40 40 115 22 22 22 22 235 235 235 213 213 213 30 30 30 30 178 41 41 41 41 71 71 
71 40 40 40 40 40 40 164 22 22 22 22 235 235 235 235 213 228 30 30 30 30 30 179 41 41 41 71 71 
71 36 36 170 164 164 164 164 164 22 22 22 235 235 235 235 228 228 30 30 30 30 30 179 179 41 41 71 71 
36 36 36 36 164 164 164 164 164 22 22 22 235 235 235 235 228 228 30 30 30 30 30 179 179 240 240 240 71 
36 36 36 36 164 164 164 164 164 22 22 22 235 235 235 232 232 232 30 30 30 30 30 179 240 240 240 240 240 
36 36 36 36 164 164 164 164 164 22 22 22 235 232 232 232 232 232 139 139 139 27 27 27 240 240 240 240 240 
215 215 36 36 164 164 164 164 164 52 52 52 235 232 232 232 232 232 139 139 27 27 27 27 27 240 240 240 240 
215 215 215 215 215 164 164 164 164 52 52 52 52 232 232 232 232 232 139 27 27 27 27 27 27 3 3 3 3 
215 215 215 215 215 8 8 8 8 246 246 80 80 80 80 232 232 232 27 27 27 27 27 27 3 3 3 3 215 
215 215 215 215 215 8 8 8 246 246 246 80 80 80 80 80 104 104 27 27 27 27 27 3 3 3 3 3 215 
215 215 215 215 215 8 8 8 246 246 246 246 80 80 104 104 104 104 104 27 27 27 27 3 3 3 3 3 215 
215 200 200 200 200 8 8 246 246 246 246 246 80 104 104 104 104 104 104 76 76 76 76 3 3 3 183 183 183 
200 200 200 200 200 200 194 246 246 246 246 126 126 104 104 104 104 104 104 76 76 76 76 76 183 183 183 183 183 
200 200 200 200 200 194 194 194 246 246 246 126 126 126 104 104 104 104 152 76 76 76 76 76 183 183 183 183 183 
200 200 200 200 186 194 194 194 194 194 126 126 126 126 126 152 152 152 152 76 76 76 76 76 183 183 183 183 183 
200 200 200 186 186 194 194 194 194 194 126 126 126 126 126 152 152 152 152 152 76 76 76 76 183 183 183 183 183 
200 186 186 186 186 216 194 194 194 194 194 126 126 126 126 152 152 152 152 152 152 76 76 65 65 183 183 183 183 
186 186 186 186 186 216 216 194 194 194 194 126 126 126 11 11 11 11 11 152 131 131 131 65 65 65 65 183 183 
186 186 186 186 186 216 216 216 194 194 190 190 11 11 11 11 11 11 11 11 11 131 131 117 239 239 239 65 65 
186 186 186 186 186 216 216 216 190 190 190 190 34 34 11 11 11 11 11 11 11 39 39 239 239 239 239 239 239 
186 186 186 186 186 55 55 55 55 55 190 190 34 34 34 11 11 11 11 11 11 39 239 239 239 239 239 239 239 
122 122 122 186 122 55 55 55 55 55 55 55 34 34 34 34 34 11 11 11 11 39 239 239 239 239 239 239 239 
101 122 122 122 122 55 55 55 55 55 55 55 34 34 34 34 34 23 23 23 23 39 239 239 239 239 239 239 239 
14 14 14 14 14 55 55 55 55 55 55 55 34 34 34 34 23 23 23 23 23 108 108 239 239 239 239 239 239 
14 14 14 14 14 55 55 55 55 55 55 55 35 35 34 51 51 51 51 51 51 108 108 239 239 239 239 239 177 
14 14 14 14 14 14 55 55 55 55 55 55 35 35 51 51 51 51 51 51 51 108 108 72 72 72 72 72 177 
71 14 14 14 14 14 55 55 55 55 55 55 35 9 9 51 51 51 51 51 51 108 108 72 72 72 72 72 72 
71 62 62 62 62 62 62 55 55 55 22 22 235 9 213 213 51 51 51 51 51 108 178 72 72 72 72 71 71 
71 62 62 62 62 62 62 62 55 22 22 22 235 235 213 213 213 213 213 30 30 178 178 178 72 72 71 71 71 
71 62 62 62 62 62 62 62 22 22 22 22 235 235 213 213 213 213 30 30 30 30 178 178 41 41 71 71 71 
71 62 62 62 62 62 62 164 22 22 22 22 235 235 235 213 213 213 30 30 30 30 179 179 179 41 71 71 71 
71 36 36 36 36 164 164 164 164 22 22 22 235 235 235 235 213 213 30 30 30 30 179 179 179 179 71 71 71 
36 36 36 36 36 164 164 164 164 22 22 22 235 235 235 235 235 228 30 30 30 30 179 179 179 179 71 71 71 
36 36 36 36 36 164 164 164 164 22 22 22 235 235 235 232 232 232 30 30 30 30 179 179 179 179 240 71 71 
36 36 36 36 36 164 164 164 164 52 52 52 52 232 232 232 232 232 232 139 30 27 27 27 179 240 240 240 240 
36 36 36 36 36 164 164 164 164 52 52 52 52 232 232 232 232 232 139 139 27 27 27 27 27 240 3 3 3 
215 215 215 215 36 36 164 164 164 52 52 52 52 232 232 232 232 232 232 27 27 27 27 27 3 3 3 3 3 
147 147 147 147 237 8 8 8 8 246 52 52 80 80 80 80 80 80 27 27 27 27 27 3 3 3 3 3 147 
147 147 215 147 147 8 8 8 8 246 246 80 80 80 80 80 80 104 27 27 27 27 27 3 3 3 3 3 147 
215 215 215 147 147 8 8 8 246 246 246 80 80 80 80 104 104 104 104 27 27 27 27 3 3 3 3 3 147 
215 215 200 200 200 8 8 246 246 246 126 126 126 80 104 104 104 104 104 76 76 76 76 3 3 3 3 183 183 
200 200 200 200 200 125 8 246 246 126 126 126 126 126 104 104 104 104 152 76 76 76 76 76 60 60 183 183 183 
200 200 200 200 200 125 125 125 125 126 126 126 126 126 126 104 152 152 152 152 76 76 76 76 60 60 183 183 183 
200 200 200 200 186 125 125 125 125 125 126 126 126 126 126 152 152 152 152 152 76 76 76 76 60 60 183 183 183 
200 200 186 186 186 125 125 125 125 125 126 126 126 126 126 152 152 152 152 152 152 76 76 76 60 60 183 183 183 
200 186 186 186 186 125 125 125 125 125 126 126 126 126 126 152 152 152 152 152 152 152 117 117 117 117 183 183 183 
186 186 186 186 186 216 125 125 125 125 125 126 126 126 11 11 11 152 152 152 152 117 117 117 117 117 239 183 183 
186 186 186 186 186 216 216 216 125 125 125 126 126 11 11 11 11 11 11 11 11 117 117 117 117 239 239 239 239 
186 186 103 103 103 216 216 55 55 55 190 66 66 34 11 11 11 11 11 11 11 39 39 239 239 239 239 239 239 
122 122 122 122 122 122 55 55 55 55 55 66 66 34 34 34 11 11 11 11 39 39 39 239 239 239 239 239 239 
122 122 122 122 122 55 55 55 55 55 55 66 66 34 34 5 34 34 11 11 39 39 39 239 239 239 239 239 239 
101 122 122 122 122 55 55 55 55 55 55 66 66 34 34 34 34 34 34 51 108 39 39 239 239 239 239 239 101 
101 122 122 122 122 55 55 55 55 55 55 55 66 34 34 34 51 51 51 51 108 108 108 239 239 239 239 101 101 
177 14 14 14 14 55 55 55 55 55 55 55 9 9 34 51 51 51 51 51 108 108 108 108 239 239 101 101 177 
177 14 14 14 14 55 55 55 55 55 55 55 9 9 9 51 51 51 51 51 108 108 108 108 72 72 177 177 177 
177 62 62 62 62 62 55 55 55 55 55 55 13 9 9 9 51 51 51 51 108 108 108 49 72 72 72 177 177 
71 62 62 62 62 62 62 55 55 55 55 63 63 9 9 9 51 51 51 51 108 108 49 49 49 72 71 71 71 
71 62 62 62 62 62 62 62 62 2 22 63 63 63 213 213 213 213 213 51 30 178 178 178 178 71 71 71 71 
71 62 62 62 62 62 62 62 2 2 22 22 63 63 213 213 213 213 30 30 30 30 178 178 178 71 71 71 71 
71 62 62 62 62 62 62 2 2 2 22 22 235 235 213 213 213 213 30 30 30 30 179 179 179 71 71 71 71 
71 36 36 36 36 36 164 2 2 2 22 22 235 235 235 213 213 213 30 30 30 30 179 179 179 179 71 71 71 
36 36 36 36 36 36 164 164 2 2 22 22 235 235 235 235 235 30 30 30 30 30 179 179 179 179 71 71 71 
36 36 36 36 36 36 164 164 164 52 52 52 235 235 235 235 232 106 30 30 30 30 179 179 179 179 179 71 71 
36 36 36 36 36 36 164 164 52 52 52 52 52 52 232 232 106 106 106 106 30 30 27 179 179 179 179 71 71 
36 36 36 36 36 36 164 164 52 52 52 52 52 52 232 232 106 106 106 106 27 27 27 27 3 3 3 3 3 
147 147 237 237 237 237 8 8 8 52 52 52 52 80 80 232 106 106 106 106 27 27 27 27 3 3 3 3 3 
147 147 147 237 237 8 8 8 8 52 52 52 80 80 80 80 80 106 106 27 27 27 27 3 3 3 3 3 147 
147 147 147 147 147 8 8 8 8 8 52 80 80 80 80 80 80 106 106 27 27 27 27 3 3 3 3 3 147 
147 147 147 147 147 8 8 8 8 126 126 126 80 80 80 80 104 104 152 27 27 27 3 3 3 3 3 3 147 
147 147 147 147 147 8 8 8 126 126 126 126 126 126 80 80 104 152 152 152 76 76 76 3 3 3 3 3 147 
200 200 200 147 147 125 125 138 138 126 126 126 126 126 126 152 152 152 152 152 76 76 76 60 60 60 60 60 183 
200 200 200 200 16 125 125 125 138 138 126 126 126 126 126 152 152 152 152 152 152 76 76 60 60 60 60 60 183 
200 200 200 200 16 125 125 125 125 138 126 126 126 126 126 152 152 152 152 152 152 152 76 60 60 60 60 60 183 
200 200 186 186 186 125 125 125 125 125 126 126 126 126 126 152 152 152 152 152 152 152 117 60 60 60 60 60 183 
200 186 186 186 186 125 125 125 125 125 126 126 126 126 152 152 152 152 152 152 152 152 117 117 117 117 60 60 183 
186 186 186 186 186 125 125 125 125 125 126 126 126 126 152 152 70 70 152 152 152 117 117 117 117 117 117 117 183 
103 103 103 103 103 103 125 125 125 125 126 126 126 66 11 11 11 70 70 152 152 117 117 117 117 117 239 239 239 
103 103 103 103 103 103 103 55 55 55 55 66 66 66 34 11 11 11 11 11 39 39 39 117 117 239 239 239 239 
122 122 122 122 122 122 55 55 55 55 55 66 66 66 34 34 11 11 11 11 39 39 39 39 239 239 239 239 239 
101 122 122 122 122 122 55 55 55 55 55 66 66 66 34 34 34 34 11 11 39 39 39 39 239 239 239 239 101 
101 122 122 122 122 122 55 55 55 55 55 66 66 66 34 34 34 34 34 108 108 39 39 39 239 239 239 101 101 
101 122 122 122 122 172 55 55 55 55 55 66 66 66 34 34 51 51 51 108 108 108 108 108 239 239 101 101 101 
177 177 122 122 122 172 55 55 55 55 55 55 9 9 9 51 51 51 51 108 108 108 108 108 108 177 177 177 177 
177 177 14 14 14 55 55 55 55 55 55 55 9 9 9 9 51 51 51 108 108 108 108 108 49 177 177 177 177 
177 177 62 62 62 62 55 55 55 55 55 13 13 9 9 9 9 51 51 108 108 108 108 49 49 177 177 177 177 
71 62 62 62 62 62 62 55 55 55 63 63 63 9 9 9 9 51 51 108 108 108 49 49 49 49 71 71 71 
71 62 62 62 62 62 62 158 158 2 63 63 63 63 9 9 9 9 9 108 108 49 49 49 49 205 71 71 71 
71 62 62 62 62 62 62 62 2 2 2 63 63 63 63 213 213 213 213 30 30 178 178 178 205 205 71 71 71 
71 62 62 62 62 62 62 2 2 2 2 63 63 63 63 213 213 213 30 30 30 30 179 179 179 205 71 71 71 
71 36 36 36 36 36 36 2 2 2 2 2 63 63 63 213 213 213 30 30 30 30 179 179 179 179 71 71 71 
36 36 36 36 36 36 36 2 2 2 2 2 235 235 235 213 213 106 30 30 30 30 179 179 179 179 71 71 71 
36 36 36 36 36 36 36 36 2 52 52 52 52 52 235 84 106 106 106 30 30 30 179 179 179 179 179 71 71 
36 36 36 36 36 36 36 36 52 52 52 52 52 52 84 84 106 106 106 106 30 30 179 179 179 179 3 71 147 
237 237 237 237 237 237 237 52 52 52 52 52 52 52 84 84 106 106 106 106 106 27 27 27 3 3 3 3 147 
147 147 237 237 237 237 237 8 52 52 52 52 52 52 84 84 106 106 106 106 106 27 27 27 3 3 3 3 147 
147 147 147 237 237 237 8 8 8 52 52 52 52 52 80 84 106 106 106 106 27 128 128 128 128 128 128 128 147 
147 147 147 147 147 8 8 8 8 52 52 52 80 80 80 80 106 106 106 106 27 128 128 128 128 128 128 128 147 
147 147 147 147 147 147 8 8 126 126 126 126 126 80 80 80 106 106 152 152 27 128 128 128 128 128 128 128 147 
147 147 147 147 147 147 8 138 126 126 126 126 126 126 126 152 152 152 152 152 152 128 128 128 60 60 60 128 147 
147 147 16 16 16 16 138 138 138 138 126 126 126 126 126 152 152 152 152 152 152 76 60 60 60 60 60 60 60 
147 147 16 16 16 16 125 138 138 138 126 114 126 126 126 152 152 152 152 152 152 152 60 60 60 60 60 60 60 
163 200 16 16 16 125 125 125 138 138 126 126 126 126 126 152 152 152 152 152 152 152 60 60 60 60 60 60 60 
163 163 163 16 16 125 125 125 125 126 126 126 126 126 152 152 152 152 152 152 152 152 33 60 60 60 60 60 60 
163 163 186 186 186 125 125 125 125 126 126 126 126 126 152 152 152 152 152 152 152 117 117 117 117 117 60 60 163 
163 103 103 103 103 103 125 125 125 125 126 126 126 126 152 152 70 70 70 227 227 117 117 117 117 117 117 117 163 
230 103 103 103 103 103 103 195 195 195 126 126 66 66 66 152 70 70 70 227 227 117 117 117 117 117 117 239 239 
230 103 103 103 103 103 103 195 195 195 58 66 66 66 66 11 11 70 70 227 227 39 39 117 117 117 239 239 239 
230 122 122 122 122 122 55 55 55 55 55 66 66 66 66 34 208 208 208 208 39 39 39 39 39 239 239 239 239 
101 122 122 122 122 122 172 172 172 55 55 66 66 66 66 34 208 208 208 208 39 39 39 39 239 239 239 217 101 
101 122 122 122 122 122 172 172 172 172 172 66 66 66 66 34 34 208 208 208 108 39 39 39 239 239 101 217 101 
101 122 122 122 122 172 172 172 172 172 172 66 66 66 66 34 51 208 208 108 108 108 108 108 239 101 101 101 101 
101 157 157 157 157 172 172 172 172 172 172 172 66 9 9 9 51 51 51 108 108 108 108 108 108 177 177 177 101 
177 177 157 157 157 172 172 172 55 55 55 13 13 9 9 9 9 51 51 108 108 108 108 108 49 177 177 177 177 
177 177 62 62 62 172 158 158 55 55 55 13 13 9 9 9 9 9 51 108 108 108 108 49 49 177 177 177 177 
177 62 62 62 62 62 158 158 158 158 82 13 13 13 9 9 9 9 51 108 108 108 49 49 49 49 177 177 177 
71 62 62 62 62 62 158 158 158 2 82 63 63 63 9 9 9 9 9 108 108 49 49 49 49 205 205 71 71 
71 62 62 62 62 62 62 158 2 2 2 63 63 63 63 9 9 9 9 30 108 49 49 49 205 205 205 71 71 
71 62 62 62 62 62 62 2 2 2 2 63 63 63 63 63 9 9 30 30 30 30 179 179 205 205 205 71 71 
71 36 36 36 36 36 2 2 2 2 2 2 63 63 63 63 9 9 30 30 30 30 179 179 179 205 205 71 71 
36 36 36 36 36 36 36 2 2 2 2 52 52 63 63 84 106 106 30 30 30 30 179 179 179 179 205 71 71 
36 36 36 36 36 36 36 2 2 52 52 52 52 52 84 84 106 106 106 106 30 30 179 179 179 179 205 71 71 
237 237 237 237 237 237 237 241 241 52 52 52 52 52 84 84 106 106 106 106 106 30 179 179 179 128 128 128 147 
237 237 237 187 237 237 237 241 241 52 52 52 52 52 84 84 106 106 106 106 106 106 27 128 128 128 128 128 147 
147 147 237 237 237 237 237 241 241 52 52 52 52 52 84 84 106 106 106 106 106 106 27 128 128 128 128 128 147 
147 147 147 237 237 237 237 241 241 241 52 52 52 52 52 84 106 106 106 106 236 128 128 128 128 128 128 128 147 
147 147 147 147 147 147 8 8 241 241 52 52 52 52 80 80 106 106 106 165 128 128 128 128 128 128 128 128 147 
147 147 147 147 147 147 8 8 126 126 126 126 126 126 80 234 234 234 234 165 128 128 128 128 128 128 128 128 147 
147 147 147 16 16 16 126 126 126 126 126 126 126 126 126 152 234 234 152 152 152 128 128 128 128 128 128 128 147 
147 147 16 16 16 16 138 138 138 126 126 126 126 126 126 152 152 152 152 152 152 60 60 60 60 60 60 60 60 
163 163 16 16 16 16 138 138 138 138 126 126 126 126 126 152 152 152 152 152 152 152 33 60 60 60 60 60 60 
163 163 16 16 16 16 125 138 138 138 126 126 126 126 126 152 152 152 152 152 152 152 33 60 60 60 60 60 60 
163 163 163 16 16 16 125 125 138 126 126 126 126 126 152 152 152 152 152 152 152 33 33 33 60 60 60 60 163 
163 163 163 163 163 230 125 195 195 126 126 126 126 126 152 152 152 152 152 227 227 227 117 117 117 117 60 60 163 
163 163 230 230 230 230 195 195 195 195 126 126 126 126 152 152 70 70 227 227 227 227 117 117 117 117 117 163 163 
230 230 230 230 230 230 195 195 195 195 58 58 58 58 58 152 70 70 227 227 227 117 117 117 117 117 117 117 163 
230 230 230 230 230 230 195 195 195 195 58 58 58 66 66 208 208 208 208 227 227 39 117 117 117 117 239 239 101 
230 230 230 122 122 230 230 195 195 195 169 169 66 66 66 208 208 208 208 208 39 39 39 39 39 239 239 239 101 
230 122 122 122 122 122 172 172 172 172 169 66 66 66 66 208 208 208 208 208 39 39 39 39 39 239 101 101 101 
101 122 122 122 122 122 172 172 172 172 172 169 66 66 66 208 208 208 208 208 108 39 39 39 39 101 101 101 101 
101 157 157 157 157 172 172 172 172 172 172 127 66 66 66 208 208 208 208 108 108 108 108 108 108 101 101 101 101 
101 157 157 157 157 172 172 172 172 172 172 127 127 127 9 9 208 208 108 108 108 108 108 108 108 177 177 101 101 
177 157 157 157 157 172 172 172 172 172 82 13 13 13 9 9 9 9 108 108 108 108 108 108 49 177 177 177 177 
177 177 157 19 19 19 158 158 158 158 82 13 13 13 9 9 9 9 108 108 108 108 108 49 49 177 177 177 177 
177 177 19 19 19 19 158 158 158 158 82 13 13 13 13 9 9 9 108 108 108 108 49 49 49 49 177 177 177 
71 62 62 19 19 19 158 158 158 158 82 13 13 13 13 9 9 9 9 108 108 108 49 49 49 205 205 205 205 
71 62 62 62 19 19 19 158 158 2 82 63 63 63 63 9 9 9 9 156 108 108 49 49 205 205 205 205 205 
71 62 62 62 19 19 19 2 2 2 2 63 63 63 63 63 9 9 9 220 220 220 49 205 205 205 205 205 205 
71 36 36 36 36 202 202 2 2 2 2 2 63 63 63 63 9 9 220 220 30 30 179 205 205 205 205 205 71 
36 36 36 36 36 36 36 2 2 2 2 52 52 63 63 63 106 106 30 220 30 220 179 179 205 205 205 209 71 
237 237 237 237 237 237 237 241 2 52 52 52 52 52 52 84 106 106 106 106 30 220 179 179 209 209 209 209 71 
237 237 237 237 237 237 237 241 241 241 52 52 52 52 84 84 106 106 106 106 106 236 43 43 43 43 128 128 147 
237 237 237 237 237 237 237 241 241 241 52 52 52 52 84 84 106 106 106 106 106 236 43 43 43 43 128 128 147 
147 147 237 237 237 237 237 241 241 241 52 52 52 52 84 84 106 106 106 106 106 236 43 128 128 128 128 128 147 
147 147 147 147 237 237 237 241 241 241 241 52 52 52 52 165 165 106 165 165 236 236 128 128 128 128 128 128 128 
147 147 147 147 147 147 8 241 241 241 241 52 52 52 80 165 165 165 165 165 165 128 128 128 128 128 128 128 128 
147 147 147 147 147 147 160 126 126 126 126 126 126 126 126 234 234 234 234 165 165 128 128 128 128 128 128 128 147 
147 147 16 16 16 16 160 126 126 126 126 126 126 126 126 234 234 234 234 234 234 128 128 128 128 128 128 128 147 
147 16 16 16 16 16 16 81 126 126 126 126 126 126 126 152 234 234 234 234 234 33 128 60 60 60 60 60 60 
163 163 16 16 16 16 16 138 126 126 126 126 126 126 126 152 152 152 152 152 152 33 33 33 60 60 60 60 163 
163 163 163 16 16 16 16 81 126 126 126 126 126 126 126 152 152 152 152 152 152 33 33 33 33 60 60 60 163 
163 163 163 163 16 16 195 195 126 126 126 126 126 126 152 152 152 152 152 227 227 33 33 33 33 33 60 163 163 
163 163 163 163 163 230 195 195 195 195 126 126 126 126 152 152 152 152 227 227 227 227 33 33 33 33 33 163 163 
163 163 163 230 230 230 195 195 195 195 58 58 58 126 152 152 152 227 227 79 227 227 117 117 117 117 117 163 163 
163 230 230 230 230 230 195 195 195 195 58 58 58 58 58 152 152 227 227 227 227 227 117 117 117 117 117 163 163 
230 230 230 230 230 230 195 195 195 195 58 58 58 58 58 208 208 208 208 227 227 227 117 117 117 117 117 117 163 
230 230 230 230 230 230 230 195 195 169 169 169 58 58 58 208 208 208 208 208 208 39 39 39 39 117 239 101 101 
230 230 230 122 122 230 230 172 172 169 169 169 169 66 66 208 208 208 208 208 208 39 39 39 39 239 101 101 101 
101 157 157 157 157 157 172 172 172 109 169 169 127 127 127 208 208 208 208 208 208 39 39 39 39 101 101 101 101 
101 157 157 157 157 157 172 172 172 109 109 127 127 127 127 127 208 208 208 53 53 108 108 108 192 101 101 101 101 
101 157 157 157 157 157 172 172 172 109 109 127 127 127 127 127 208 53 53 53 53 108 108 108 192 177 177 101 101 
177 157 157 157 157 19 19 158 158 109 82 82 13 13 13 13 9 53 53 53 53 108 108 108 49 177 177 177 177 
177 19 19 19 19 19 158 158 158 158 82 82 13 13 13 13 9 156 156 53 53 108 108 49 49 177 177 177 177 
177 19 19 19 19 19 158 158 158 82 82 82 13 13 13 13 9 156 156 156 156 108 49 49 49 49 177 177 177 
71 19 19 19 19 19 158 158 158 82 82 82 13 13 13 13 9 156 156 156 156 156 49 49 49 205 205 205 205 
71 62 19 19 19 19 19 158 158 82 82 82 13 13 13 9 9 9 156 156 156 220 220 49 205 205 205 205 205 
71 243 243 243 202 202 19 19 2 2 2 63 63 63 63 63 9 9 156 220 220 220 220 209 209 209 209 209 209 
243 243 243 243 202 202 202 202 2 2 2 2 63 63 63 63 9 220 220 220 220 220 220 209 209 209 209 209 209 
243 243 243 243 202 202 202 202 2 2 2 52 52 63 63 63 69 69 220 220 220 220 220 209 209 209 209 209 209 
237 237 237 237 237 237 237 241 241 241 52 52 52 52 52 84 106 106 106 106 220 220 43 43 209 209 209 209 209 
237 237 237 237 237 237 237 241 241 241 241 52 52 52 52 84 106 106 106 106 236 236 43 43 43 43 43 209 128 
147 237 237 237 237 237 237 241 241 176 241 52 52 52 84 84 106 106 106 106 236 236 43 43 43 43 43 128 128 
147 147 237 237 237 237 237 241 241 241 241 52 52 52 52 84 106 106 106 106 236 236 43 43 128 128 128 128 128 
147 147 147 147 237 237 241 241 241 241 241 52 52 188 188 165 165 165 165 165 236 236 43 128 128 128 128 128 128 
147 147 147 147 196 196 160 160 241 241 241 52 188 188 188 165 165 165 165 165 165 236 128 128 128 128 128 128 128 
147 147 147 147 196 196 160 160 160 126 126 126 188 188 188 234 234 234 234 165 165 128 128 128 128 128 128 128 128 
147 147 16 16 16 16 160 81 81 81 81 126 126 126 234 234 234 234 234 234 234 128 128 128 128 128 128 128 128 
102 16 16 16 16 16 160 81 81 81 81 126 126 126 126 234 234 234 234 234 234 33 33 33 128 128 128 128 163 
102 102 16 16 16 16 81 81 81 81 81 126 126 126 126 6 6 6 6 6 6 33 33 33 33 33 60 163 163 
102 102 102 16 16 16 81 81 81 81 81 126 126 126 126 6 6 6 6 6 33 33 33 33 33 33 33 163 163 
163 163 163 163 16 16 195 81 81 81 81 126 126 126 126 6 6 6 6 6 227 33 33 33 33 33 33 163 163 
163 163 163 163 163 163 195 195 195 195 195 126 126 126 152 6 6 6 227 227 227 33 33 33 33 33 33 163 163 
163 163 163 163 230 230 195 195 195 195 58 58 58 58 6 6 6 227 227 227 227 227 33 33 33 33 33 163 163 
163 163 230 230 230 230 195 195 195 195 58 58 58 58 58 6 6 227 227 227 227 227 117 117 117 117 117 163 163 
163 230 230 230 230 230 195 195 195 195 58 58 58 58 58 208 208 208 227 227 227 227 117 117 117 117 117 163 163 
230 230 230 230 230 230 230 195 195 169 169 169 58 58 58 208 208 208 208 208 208 39 39 117 117 117 239 101 163 
230 230 230 230 230 230 230 195 195 169 169 169 169 169 127 208 208 208 208 208 208 39 39 39 192 192 101 101 101 
107 157 157 157 157 157 157 109 109 109 169 169 127 127 127 208 208 208 208 201 201 201 192 192 192 192 101 101 101 
101 157 157 157 157 157 157 109 109 109 109 169 127 127 127 127 208 208 201 201 201 53 192 192 192 192 192 101 101 
100 157 157 157 157 19 19 109 109 109 109 127 127 127 127 127 127 53 53 53 53 53 192 192 192 192 192 101 101 
100 157 157 19 19 19 19 19 109 109 82 82 82 13 13 13 13 53 53 53 53 53 192 192 192 192 192 177 177 
100 19 19 19 19 19 19 158 158 82 82 82 82 13 13 13 13 156 156 53 53 156 156 192 192 192 177 177 177 
100 19 19 19 19 19 19 158 158 82 82 82 82 13 13 13 156 156 156 156 156 156 156 49 49 49 177 177 177 
19 19 19 19 19 19 19 158 158 82 82 82 82 13 13 13 13 156 156 156 156 156 156 49 49 205 205 209 209 
19 19 19 19 19 19 19 19 19 82 82 82 82 13 13 13 13 156 156 156 156 220 220 220 209 209 209 209 209 
243 243 243 243 202 202 202 202 202 82 82 82 82 13 13 13 13 156 156 220 220 220 220 209 209 209 209 209 209 
243 243 243 243 202 202 202 202 202 2 2 2 82 13 13 69 69 69 220 220 220 220 220 209 209 209 209 209 209 
243 243 243 243 202 202 202 202 241 2 241 241 52 189 189 69 69 69 220 220 220 220 220 209 209 209 209 209 209 
243 243 243 243 202 202 202 241 241 241 241 241 52 189 189 69 69 69 173 220 220 220 43 43 209 209 209 209 209 
237 237 237 237 237 237 241 241 241 241 241 241 52 52 189 69 106 106 173 236 236 236 43 43 43 43 43 209 209 
147 237 237 237 237 237 241 241 241 241 241 241 52 52 189 84 165 173 173 236 236 236 43 43 43 43 43 128 128 
147 147 237 237 237 237 241 241 241 241 241 241 52 52 189 165 165 165 165 173 236 236 43 43 43 128 128 128 128 
147 196 196 196 196 196 196 241 241 241 241 188 188 188 188 165 165 165 165 165 236 236 43 43 128 128 128 128 128 
147 196 196 196 196 196 160 160 160 160 188 188 188 188 188 165 165 165 165 165 165 165 128 128 128 128 128 128 128 
147 196 196 196 196 196 160 160 160 160 81 188 188 188 188 165 234 234 234 165 165 165 128 128 128 128 128 128 128 
147 180 196 196 196 160 160 160 81 81 81 81 188 188 188 234 234 234 234 234 165 165 128 128 128 128 128 128 128 
247 102 16 16 16 160 160 81 81 81 81 81 81 126 234 234 234 234 234 234 234 33 33 33 33 128 128 247 247 
102 102 102 16 16 16 160 81 81 81 81 81 81 126 126 6 6 6 6 6 33 33 33 33 33 33 33 163 163 
102 102 102 163 16 16 81 81 81 81 81 81 81 126 6 6 6 6 6 6 33 33 33 33 33 33 33 163 163 
102 102 102 163 163 163 195 81 81 81 81 81 126 126 6 6 6 6 6 6 33 33 33 33 33 33 33 163 163 
163 163 163 163 163 163 195 195 195 195 195 58 58 58 6 6 6 6 6 6 227 33 33 33 33 33 33 163 163 
163 163 163 163 230 230 195 195 195 195 58 58 58 58 58 6 6 6 227 227 227 33 33 33 33 33 33 163 163 
163 163 163 230 230 230 195 195 195 195 58 58 58 58 58 6 6 6 227 227 227 227 33 33 33 33 33 163 163 
163 230 230 230 230 230 195 195 195 58 58 58 58 58 58 208 208 208 227 227 227 227 33 33 33 33 15 163 163 
163 230 230 230 230 230 230 195 142 142 58 169 58 58 58 208 208 208 208 208 208 39 39 33 15 15 15 15 163 
107 230 230 230 230 230 142 142 142 142 169 169 169 169 127 127 208 208 208 208 201 201 192 192 192 192 192 101 107 
107 107 157 157 157 157 142 142 109 109 169 169 169 127 127 127 208 208 201 201 201 201 192 192 192 192 192 107 107 
107 107 157 157 157 157 19 109 109 109 109 169 127 127 127 127 208 53 201 201 201 53 192 192 192 192 192 100 100 
100 100 157 157 19 19 19 109 109 109 109 127 127 127 127 127 127 53 53 53 53 53 192 192 192 192 192 100 100 
100 100 19 19 19 19 19 19 109 109 82 82 82 127 127 127 53 53 53 53 53 53 192 192 192 192 192 100 100 
100 100 19 19 19 19 19 19 19 82 82 82 82 82 13 13 156 156 156 53 156 156 192 192 192 192 192 100 100 
100 19 19 19 19 19 19 19 19 82 82 82 82 82 13 13 156 156 156 156 156 156 156 156 192 192 192 177 100 
100 19 19 19 19 19 19 19 19 82 82 82 82 82 13 13 156 156 156 156 156 156 156 220 209 209 209 209 209 
100 19 19 19 19 19 19 19 19 82 82 82 82 82 13 13 156 156 156 156 156 220 220 220 209 209 209 209 209 
243 243 243 243 202 202 202 202 202 82 82 82 82 82 13 69 69 156 156 220 220 220 220 209 209 209 209 209 209 
243 243 243 243 202 202 202 202 202 82 82 82 82 82 69 69 69 69 220 220 220 220 220 209 209 209 209 209 209 
243 243 243 243 202 202 202 202 202 202 241 82 189 189 189 69 69 69 69 220 220 220 220 209 209 209 209 209 209 
243 243 243 243 202 202 202 202 241 241 241 241 189 189 189 69 69 69 173 173 220 220 43 43 209 209 209 209 209 
130 243 7 7 7 7 7 241 241 241 241 241 189 189 189 69 69 173 173 173 236 236 43 43 43 43 43 209 209 
130 237 196 7 7 7 7 241 241 241 241 241 189 189 189 189 165 173 173 173 236 236 43 43 43 43 43 128 128 
147 196 196 196 196 7 7 241 241 241 241 241 189 189 189 165 165 165 173 173 236 236 43 43 43 43 128 128 128 
196 196 196 196 196 196 196 68 68 68 188 188 188 188 188 165 165 165 165 165 173 236 43 43 43 128 128 128 128 
180 196 196 196 196 196 160 160 160 160 188 188 188 188 188 165 165 165 165 165 165 165 128 128 128 128 128 128 128 
180 196 196 196 196 196 160 160 160 160 160 188 188 188 188 165 165 165 165 165 165 165 128 128 128 128 128 128 180 
180 180 196 196 196 160 160 160 160 160 81 81 188 188 188 165 234 234 234 165 165 165 128 128 128 128 247 247 247 
247 180 196 196 196 160 160 160 81 81 81 81 81 188 188 234 234 234 234 234 234 33 33 33 247 247 247 247 247 
102 102 102 102 102 160 160 81 81 81 81 81 81 129 129 234 234 6 6 6 6 33 33 33 33 247 247 247 247 
102 102 102 102 102 160 160 81 81 81 81 81 81 129 129 6 6 6 6 6 33 33 33 33 33 33 247 247 163 
163 102 102 163 163 163 78 81 81 81 81 81 81 129 129 6 6 6 6 6 33 33 33 33 33 33 247 247 163 
163 163 163 163 163 163 78 195 195 195 81 58 58 58 6 6 6 6 6 6 6 33 33 33 33 33 33 163 163 
163 163 163 163 163 78 195 195 195 195 58 58 58 58 174 6 6 6 6 6 227 33 33 33 33 33 33 163 163 
163 163 163 163 230 230 195 195 195 58 58 58 58 58 58 6 6 6 6 227 227 227 33 33 33 33 33 163 163 
163 163 230 230 230 230 195 195 142 58 58 58 58 58 58 58 208 208 6 227 227 227 33 15 15 15 15 15 163 
107 230 230 230 230 230 142 142 142 142 142 169 169 169 169 208 208 208 208 208 86 86 86 15 15 15 15 15 163 
107 107 107 107 230 230 142 142 142 142 142 169 169 169 127 127 208 96 208 201 201 201 192 15 15 15 15 15 107 
107 107 107 46 46 46 142 142 142 142 142 169 169 127 127 127 96 96 201 201 201 201 192 192 192 192 192 107 107 
107 107 107 46 46 46 19 109 109 109 109 169 127 127 127 127 96 96 201 201 201 53 192 192 192 192 192 100 100 
100 107 107 46 19 19 19 109 109 109 109 127 127 127 127 127 96 53 53 53 53 53 192 192 192 192 192 100 100 
100 100 46 19 19 19 19 19 109 82 82 82 82 127 127 127 96 53 53 53 53 53 192 192 192 192 192 100 100 
100 100 19 19 19 19 19 19 19 82 82 82 82 82 82 82 156 156 53 53 156 156 192 192 192 192 192 100 100 
100 100 19 19 19 19 19 19 19 82 82 82 82 82 82 82 156 156 156 156 156 156 156 192 192 192 192 100 100 
100 19 19 19 19 19 19 19 19 82 82 82 82 82 82 82 156 156 156 156 156 156 156 220 209 209 209 209 209 
100 19 19 19 19 19 19 19 19 82 82 82 82 82 82 82 156 156 156 156 156 220 220 220 209 209 209 209 209 
243 243 243 243 243 202 202 202 202 82 82 82 82 82 82 69 69 69 156 220 220 220 220 209 209 209 209 209 209 
243 243 243 243 243 202 202 202 202 202 82 82 82 82 69 69 69 69 69 220 220 220 220 209 209 209 209 209 209 
243 243 243 243 202 202 202 202 202 202 241 189 189 189 189 69 69 69 69 220 220 220 220 209 209 209 209 209 209 
243 243 243 7 7 7 7 7 7 241 241 189 189 189 189 69 69 69 173 173 173 220 43 43 209 209 209 209 209 
130 7 7 7 7 7 7 7 241 241 241 189 189 189 189 69 69 173 173 173 173 236 43 43 43 43 43 130 130 
130 130 196 7 7 7 7 7 241 241 241 189 189 189 189 189 165 173 173 173 173 236 43 43 43 43 43 130 130 
130 196 196 196 7 7 7 68 241 241 241 189 189 189 189 165 165 165 173 173 173 236 43 43 43 43 43 128 130 
130 196 196 196 196 196 68 68 68 68 68 188 188 188 188 165 165 165 165 165 173 173 173 43 43 128 128 130 130 
180 196 196 196 196 196 68 68 68 68 68 188 188 77 188 165 165 165 165 165 165 165 128 128 128 128 128 247 180 
180 180 196 196 196 196 160 160 160 160 160 188 188 188 188 165 165 165 165 165 165 165 128 128 128 247 247 247 180 
180 180 180 196 196 160 160 160 160 160 160 129 188 188 188 165 165 165 165 165 165 165 165 128 247 247 247 247 247 
247 180 180 180 180 160 160 160 160 160 81 129 129 129 129 129 165 165 165 165 165 33 33 151 247 247 247 247 247 
247 247 180 180 180 160 160 160 81 81 81 129 129 129 129 129 129 6 6 165 165 33 33 33 247 247 247 247 247 
247 102 102 163 163 160 160 81 81 81 81 129 129 129 129 129 6 6 6 6 33 33 33 33 33 247 247 247 247 
163 163 163 163 163 78 78 78 81 81 81 129 129 129 129 129 6 6 6 6 6 33 33 33 33 247 247 247 247 
163 163 163 163 163 78 78 78 78 31 31 58 129 129 174 174 6 6 6 6 6 33 33 33 33 33 247 247 163 
163 163 163 163 163 78 78 78 78 31 31 58 135 174 174 174 174 6 6 6 6 33 33 33 33 33 247 163 163 
163 163 163 163 120 78 78 78 78 142 58 58 135 135 174 174 174 6 6 6 227 33 33 33 33 15 15 163 163 
163 163 163 230 230 78 78 78 142 142 142 58 135 135 135 135 174 96 6 48 86 86 86 15 15 15 15 15 163 
107 107 107 230 230 78 78 142 142 142 142 142 135 135 135 135 96 96 96 96 86 86 86 15 15 15 15 15 15 
107 107 107 46 46 46 142 142 142 142 142 142 169 169 135 96 96 96 96 96 86 86 86 15 15 15 15 15 15 
107 107 107 46 46 46 142 142 142 142 142 142 169 127 127 96 96 96 96 96 96 86 192 192 15 15 15 15 107 
107 107 107 46 46 46 46 142 142 142 142 142 127 127 127 96 96 96 96 96 96 192 192 192 192 192 192 100 100 
100 107 46 46 46 19 19 19 109 109 109 127 127 127 127 96 96 96 96 53 53 53 192 192 192 192 192 100 100 
100 100 46 46 19 19 19 19 19 82 82 82 82 82 127 96 96 96 53 53 53 53 192 192 192 192 192 100 100 
100 100 46 19 19 19 19 19 19 82 82 82 82 82 82 96 96 53 53 53 156 156 192 192 192 192 192 100 100 
100 100 19 19 19 19 19 19 19 82 82 82 82 82 82 82 156 156 156 156 156 156 156 192 192 192 209 100 100 
100 185 185 185 19 19 19 19 19 82 82 82 82 82 82 82 156 156 156 156 156 156 156 192 209 209 209 209 100 
37 185 185 185 185 185 19 19 19 82 82 82 82 82 82 69 69 156 110 110 156 220 220 209 209 209 209 209 209 
185 185 185 185 185 185 185 185 161 161 82 82 82 82 69 69 69 69 110 110 220 220 220 209 209 209 209 209 209 
243 243 243 243 185 202 202 202 161 161 161 161 82 150 69 69 69 69 69 220 220 220 220 209 209 209 209 209 209 
243 243 243 243 202 7 202 202 161 161 161 189 189 189 189 69 69 69 69 173 220 220 220 209 209 209 209 209 209 
130 130 243 7 7 7 7 7 7 161 189 189 189 189 189 69 69 69 173 173 173 173 43 43 209 209 209 209 130 
130 130 7 7 7 7 7 7 7 7 189 189 189 189 189 69 69 69 173 173 173 173 43 43 43 43 209 130 130 
130 130 196 7 7 7 7 7 7 7 189 189 189 189 189 189 69 173 173 173 173 173 43 43 43 43 130 130 130 
130 130 196 196 7 7 7 68 68 68 189 189 189 189 189 165 165 165 173 173 173 173 43 43 43 43 130 130 130 
130 196 196 196 196 68 68 68 68 68 68 188 188 188 188 165 165 165 165 165 173 173 173 133 133 133 133 130 130 
180 180 196 196 196 68 68 68 68 68 68 188 188 188 188 165 165 165 165 165 165 165 165 133 133 133 133 130 180 
180 180 180 196 196 68 68 68 68 68 68 188 188 188 188 165 165 165 165 165 165 165 165 128 247 247 247 247 180 
180 180 180 180 196 160 160 160 160 160 160 129 129 129 129 165 165 165 165 165 165 165 151 151 247 247 247 247 247 
180 180 180 180 180 160 160 160 160 160 129 129 129 129 129 129 165 165 165 165 165 151 151 151 247 247 247 247 247 
247 247 180 180 180 160 160 160 160 160 129 129 129 129 129 129 129 165 165 165 151 151 151 151 247 247 247 247 247 
247 247 247 247 120 160 160 160 160 81 214 129 129 129 129 129 129 6 6 6 151 151 151 151 151 247 247 247 247 
247 247 163 163 120 78 78 78 78 78 214 214 129 129 129 129 174 6 6 6 151 151 151 151 151 247 247 247 247 
247 163 163 163 120 78 78 78 78 31 31 214 129 174 174 174 174 174 6 6 48 151 151 151 151 151 247 247 247 
163 163 163 120 120 78 78 78 78 31 31 31 135 174 174 174 174 174 174 48 48 151 151 151 151 151 151 247 247 
163 163 163 120 120 78 78 78 78 31 31 135 135 135 174 174 174 174 48 48 48 151 151 151 151 151 146 146 146 
163 67 163 120 120 78 78 78 142 142 142 135 135 135 135 135 174 96 48 48 86 86 86 15 15 15 15 15 15 
107 107 107 46 120 78 78 142 142 142 142 142 135 135 135 135 96 96 96 168 86 86 86 15 15 15 15 15 15 
107 107 107 46 46 46 142 142 142 142 142 142 135 135 135 96 96 96 96 96 86 86 86 15 15 15 15 15 15 
107 107 107 46 46 46 46 142 142 142 142 142 142 135 96 96 96 96 96 96 86 86 86 15 15 15 15 15 15 
107 107 46 46 46 46 46 142 142 142 142 142 127 127 96 96 96 96 96 96 96 96 86 15 15 15 15 15 100 
100 107 46 46 46 46 19 142 142 142 142 83 127 83 96 96 96 96 96 96 96 96 192 192 192 192 192 100 100 
100 46 46 46 46 46 19 19 149 149 82 82 82 83 83 96 96 96 96 96 96 59 192 192 192 192 192 100 100 
100 46 46 46 46 19 19 19 19 82 82 82 82 82 83 96 96 96 96 96 156 59 59 192 192 192 192 100 100 
37 37 185 185 185 19 19 19 19 82 82 82 82 82 83 83 96 96 110 110 110 156 59 59 59 59 59 37 37 
37 37 185 185 185 185 185 19 19 82 82 82 82 82 150 150 110 110 110 110 110 110 59 59 59 59 209 37 37 
37 37 185 185 185 185 185 185 161 161 82 82 82 150 150 150 69 110 110 110 110 110 144 59 59 209 209 209 37 
37 185 185 185 185 185 185 161 161 161 161 161 150 150 150 69 69 69 110 110 110 110 220 209 209 209 209 209 209 
185 185 185 185 185 185 185 161 161 161 161 161 150 150 150 69 69 69 69 110 110 220 220 209 209 209 209 209 209 
57 185 185 185 185 185 202 161 161 161 161 161 47 47 189 69 69 69 69 173 173 220 220 209 209 209 209 209 57 
130 130 185 7 7 7 7 7 161 161 161 47 47 47 189 69 69 69 69 173 173 173 173 43 209 209 130 130 130 
130 130 130 7 7 7 7 7 7 161 47 47 47 47 189 69 69 69 173 173 173 173 173 43 43 130 130 130 130 
130 130 130 7 7 7 7 7 68 68 47 47 47 47 189 189 69 173 173 173 173 173 173 173 43 43 130 130 130 
130 130 196 196 7 7 68 68 68 68 47 47 47 189 189 165 165 165 173 173 173 173 173 43 43 133 130 130 130 
130 130 196 196 196 68 68 68 68 68 68 188 188 188 188 165 165 165 165 165 173 173 173 133 133 133 133 130 130 
180 180 196 196 196 68 68 68 68 68 68 188 188 188 188 165 165 165 165 165 165 165 133 133 133 133 133 133 180 
180 180 180 196 196 68 68 68 68 68 68 85 85 85 85 165 165 165 165 165 165 165 133 133 133 133 247 247 180 
180 180 180 180 180 68 68 68 68 68 129 129 129 129 129 165 165 165 165 165 165 165 151 151 247 247 247 247 247 
180 180 180 180 180 160 160 160 160 160 129 129 129 129 129 129 165 165 165 165 165 151 151 151 247 247 247 247 247 
247 180 180 180 180 160 160 160 160 212 129 129 129 129 129 129 129 129 165 165 151 151 151 151 151 247 247 247 247 
247 247 247 247 120 120 120 212 212 212 214 129 129 129 129 129 129 129 48 48 151 151 151 151 151 247 247 247 247 
247 247 247 120 120 120 78 78 78 212 214 214 214 129 129 129 174 174 48 48 151 151 151 151 151 151 247 247 247 
67 67 67 120 120 120 78 78 78 31 31 214 214 174 174 174 174 174 48 48 48 151 151 151 151 151 247 247 247 
67 67 67 120 120 120 78 78 78 31 31 31 135 135 174 174 174 174 48 48 48 151 151 151 151 151 146 146 67 
67 67 67 120 120 120 78 78 78 31 31 135 135 135 135 174 174 174 48 48 48 48 151 151 146 146 146 146 73 
67 67 67 120 120 120 78 78 78 31 142 135 135 135 135 135 174 174 48 48 48 86 146 146 146 146 15 73 73 
73 67 46 120 120 120 78 142 142 142 142 135 135 135 135 135 96 96 96 168 86 86 86 15 15 15 15 15 73 
107 46 46 46 46 46 142 142 142 142 142 142 135 135 135 96 96 96 96 96 86 86 86 15 15 15 15 15 15 
46 46 46 46 46 46 46 142 142 142 142 142 83 83 96 96 96 96 96 96 86 86 86 15 15 15 15 15 15 
46 46 46 46 46 46 46 142 142 142 142 83 83 83 96 96 96 96 96 96 96 96 1 1 15 15 15 15 15 
46 46 46 46 46 46 46 149 149 149 149 83 83 83 83 96 96 96 96 96 96 96 1 1 15 15 15 15 100 
46 46 46 46 46 46 46 149 149 149 149 83 83 83 83 96 96 96 96 96 96 59 59 59 59 59 59 37 37 
37 37 46 46 46 46 46 149 149 149 149 83 83 83 83 83 96 96 96 96 110 59 59 59 59 59 59 37 37 
37 37 37 185 185 185 185 19 149 149 149 150 83 83 83 83 96 110 110 110 110 59 59 59 59 59 59 37 37 
37 37 185 185 185 185 185 185 161 161 161 150 150 150 150 150 110 110 110 110 110 144 59 59 59 59 59 37 37 
37 37 185 185 185 185 185 161 161 161 161 150 150 150 150 150 150 110 110 110 110 144 144 59 59 59 209 37 37 
37 185 185 185 185 185 185 161 161 161 161 161 150 150 150 150 150 69 110 110 110 144 144 59 140 140 209 209 37 
37 185 185 185 185 185 185 161 161 161 161 161 150 150 150 69 69 69 69 110 110 144 144 59 140 209 57 57 57 
57 57 185 185 185 185 185 161 161 161 161 161 150 150 150 69 69 69 69 173 110 144 220 209 57 57 57 57 57 
130 130 130 10 10 10 10 161 161 161 161 161 47 47 189 69 69 69 69 173 173 173 173 43 57 57 57 57 130 
130 130 130 10 10 10 10 10 161 161 161 47 47 47 189 69 69 69 173 173 173 173 173 173 57 57 130 130 130 
130 130 10 10 10 10 10 10 10 161 47 47 47 47 189 189 69 173 173 173 173 173 173 173 133 133 130 130 130 
130 130 130 10 10 10 68 68 68 68 47 47 47 189 189 165 165 165 173 173 173 173 173 133 133 133 130 130 130 
130 130 130 10 10 10 68 68 68 68 68 92 188 188 188 165 165 165 165 165 173 173 133 133 133 133 133 133 130 
180 180 180 180 10 68 68 68 68 68 68 85 85 85 85 165 165 165 165 165 165 165 133 133 133 133 133 133 180 
180 180 180 180 180 68 68 68 68 68 68 85 85 85 85 85 165 165 165 165 165 165 133 133 133 133 133 247 180 
180 180 180 180 180 68 68 68 68 68 68 85 85 85 85 85 165 165 165 165 165 151 133 133 133 247 247 247 247 
247 180 180 180 180 68 68 68 68 212 129 129 129 85 129 129 129 165 165 165 151 151 151 247 247 247 247 247 247 
247 247 180 180 180 120 120 212 212 212 212 129 129 129 129 129 129 129 165 48 151 151 151 151 247 247 247 247 247 
247 247 247 180 120 120 120 212 212 212 214 214 129 129 129 129 129 48 48 48 48 151 151 151 151 247 247 247 247 
247 67 67 120 120 120 120 78 212 212 214 214 214 129 129 174 174 48 48 48 48 151 151 151 151 247 247 247 247 
67 67 67 120 120 120 120 78 78 212 212 214 214 214 174 174 174 48 48 48 48 151 151 151 151 151 247 247 67 
67 67 67 120 120 120 120 78 78 31 31 206 214 135 174 174 174 48 48 48 48 48 151 151 146 146 146 146 67 
67 67 67 120 120 120 120 78 78 31 31 135 135 135 135 174 174 48 48 48 48 48 151 146 146 146 146 73 73 
67 67 67 120 120 120 120 78 78 31 31 135 135 135 135 135 174 48 48 48 48 48 146 146 146 146 146 73 73 
73 73 67 120 120 120 120 120 78 31 142 135 135 135 135 135 96 96 168 168 168 86 86 146 146 146 146 73 73 
73 46 46 46 46 120 120 142 142 142 142 135 135 135 135 96 96 96 168 168 168 86 86 15 15 15 15 15 15 
46 46 46 46 46 46 46 142 142 142 142 83 83 83 83 96 96 96 96 168 168 86 1 1 15 15 15 15 15 
46 46 46 46 46 46 46 149 149 149 149 83 83 83 83 96 96 96 96 96 96 1 1 1 1 15 15 15 15 
46 46 46 46 46 46 46 149 149 149 149 83 83 83 83 96 96 96 96 96 96 59 1 1 1 15 15 15 37 
37 46 46 46 46 46 46 149 149 149 149 83 83 83 83 83 96 96 96 96 96 59 59 59 59 59 59 37 37 
37 37 37 46 46 29 29 149 149 149 149 83 83 83 83 83 96 96 96 96 59 59 59 59 59 59 59 37 37 
37 37 37 185 185 185 185 149 149 149 149 150 83 83 83 83 83 96 110 110 110 59 59 59 59 59 59 37 37 
37 37 37 185 185 185 185 161 161 161 161 150 150 150 150 150 150 110 110 110 110 144 59 59 59 59 59 26 37 
37 37 185 185 185 185 185 161 161 161 161 150 150 150 150 150 150 110 110 110 110 144 144 140 140 140 26 26 37 
37 185 185 185 185 185 185 161 161 161 161 161 150 150 150 150 150 150 110 110 110 144 144 140 140 140 26 26 26 
132 185 185 185 185 185 161 161 161 161 161 161 150 150 150 150 69 69 69 110 110 144 144 140 140 57 57 57 57 
57 57 185 185 10 10 10 161 161 161 161 161 150 150 150 69 69 69 69 110 110 144 144 140 57 57 57 57 57 
57 57 10 10 10 10 10 161 161 161 161 161 161 150 150 69 69 69 69 173 173 173 173 57 57 57 57 57 57 
130 130 10 10 10 10 10 10 161 161 161 161 47 47 189 69 69 69 173 173 173 173 173 133 57 57 57 130 130 
130 130 10 10 10 10 10 10 10 161 161 47 47 47 189 189 69 69 173 173 173 173 173 133 133 133 130 130 130 
130 130 10 10 10 10 10 10 68 68 68 47 47 189 189 165 165 165 173 173 173 173 133 133 133 133 133 130 130 
130 130 10 10 10 10 10 68 68 68 92 92 92 219 219 219 155 155 155 21 21 21 133 133 133 133 133 133 130 
180 180 180 10 10 10 68 68 68 68 92 92 85 85 85 219 155 155 21 21 21 21 133 133 133 133 133 133 133 
180 180 180 180 10 68 68 68 68 68 92 85 85 85 85 85 155 155 155 21 21 21 133 133 133 133 133 133 247 
180 180 180 180 180 68 68 68 68 68 92 85 85 85 85 85 155 155 155 21 21 21 133 133 133 133 133 247 247 
247 180 180 180 180 116 68 68 212 212 212 85 85 85 85 85 85 155 155 21 21 151 151 247 247 247 247 247 247 
247 247 180 180 197 116 120 212 212 212 212 206 85 85 129 129 129 129 48 48 151 151 151 151 247 247 247 247 247 
247 247 247 120 120 120 120 212 212 212 214 206 206 129 129 129 129 48 48 48 48 151 151 151 151 247 247 247 247 
67 67 67 120 120 120 120 212 212 212 214 206 214 214 129 129 174 48 48 48 48 48 151 151 151 247 247 247 247 
67 67 67 120 120 120 120 120 212 212 212 206 214 214 174 174 174 48 48 48 48 48 151 151 151 146 146 247 67 
67 67 67 120 120 120 120 120 120 212 212 206 214 214 174 174 174 48 48 48 48 48 151 146 146 146 146 146 67 
67 67 67 120 120 120 120 120 120 212 212 135 135 135 135 174 174 48 48 48 48 48 146 146 146 146 146 73 73 
67 67 67 120 120 120 120 120 120 212 212 135 135 135 135 135 135 48 48 48 48 48 146 146 146 146 146 73 73 
73 73 67 120 120 120 120 120 120 212 142 135 135 135 135 135 96 96 168 168 168 168 146 146 146 146 146 73 73 
73 46 46 46 120 120 50 50 50 50 142 135 135 135 135 96 96 96 168 168 168 168 146 146 146 146 146 15 15 
46 46 46 46 46 46 50 50 50 50 149 83 83 83 83 96 96 96 168 168 168 168 1 1 1 15 15 15 15 
46 46 46 46 46 29 50 50 149 149 149 83 83 83 83 96 96 96 96 96 168 1 1 1 1 15 15 15 15 
46 46 46 46 46 29 29 149 149 149 149 83 83 83 83 83 96 96 96 96 96 1 1 1 1 1 15 15 37 
37 37 46 46 29 29 29 149 149 149 149 83 83 83 83 83 96 96 96 96 229 59 59 59 59 59 59 37 37 
37 37 37 37 29 29 29 149 149 149 149 83 83 83 83 83 83 96 96 229 144 59 59 59 59 59 59 37 37 
37 37 37 37 29 29 29 29 149 149 149 150 150 150 150 150 150 96 110 144 144 59 59 59 59 59 26 26 37 
37 37 37 37 185 185 185 161 161 161 150 150 150 150 150 150 150 150 110 144 144 144 59 59 59 59 26 26 37 
37 37 37 185 185 185 185 161 161 161 161 150 150 150 150 150 150 150 110 144 144 144 144 140 140 140 26 26 26 
132 132 185 185 185 185 161 161 161 161 161 150 150 150 150 150 91 91 110 144 144 144 144 140 140 140 26 26 26 
132 132 132 185 185 185 161 161 161 32 161 161 150 150 150 91 91 91 91 144 144 144 144 140 140 57 57 57 57 
57 132 132 132 10 10 10 161 161 161 161 161 161 150 91 91 91 91 91 144 144 144 144 140 140 57 57 57 57 
57 132 132 10 10 10 10 121 161 161 161 161 161 150 91 91 91 69 69 173 144 144 144 140 57 57 57 57 57 
130 130 10 10 10 10 10 10 121 161 161 161 161 150 91 91 69 69 173 173 173 173 173 133 133 57 57 57 57 
130 130 10 10 10 10 10 10 10 10 161 161 92 47 219 219 69 69 155 173 173 173 133 133 133 133 130 130 130 
130 130 10 10 10 10 10 10 10 10 92 92 92 92 219 219 155 155 155 21 173 173 133 133 133 133 133 130 130 
130 130 10 10 10 10 10 10 10 92 92 92 92 219 219 219 155 155 21 21 21 21 133 133 133 133 133 133 133 
180 180 180 10 10 10 10 68 68 92 92 92 92 85 219 219 155 155 21 21 21 21 133 133 133 133 133 133 133 
180 180 180 116 116 116 116 68 68 92 92 92 85 85 85 219 155 155 155 21 21 21 21 133 133 133 133 133 247 
247 180 180 116 116 116 116 116 68 92 92 85 85 85 85 85 155 155 155 21 21 21 133 133 133 133 133 247 247 
247 197 197 197 116 116 116 116 212 212 92 85 85 85 85 85 85 155 155 21 21 181 181 181 247 247 247 247 247 
247 197 197 197 197 116 116 212 212 212 212 206 85 85 85 85 85 155 155 21 181 181 181 181 181 247 247 247 247 
247 197 197 197 120 120 120 212 212 212 212 214 206 214 214 129 129 48 48 48 181 181 181 181 181 247 247 247 247 
67 67 67 120 120 120 120 120 212 212 214 214 214 214 214 129 174 48 48 48 48 181 181 181 181 247 247 247 247 
67 67 67 120 120 120 120 120 212 212 212 214 214 214 214 174 174 48 48 48 48 48 181 181 181 146 146 247 67 
67 67 67 120 120 120 120 120 120 212 212 214 214 214 174 174 174 48 48 48 48 48 181 146 146 146 146 146 67 
67 67 67 120 120 120 120 120 120 212 212 214 214 135 135 174 48 48 48 48 48 48 146 146 146 146 146 73 73 
67 67 67 120 120 120 120 120 120 212 212 135 135 135 135 135 48 48 48 48 48 48 146 146 146 146 146 73 73 
67 67 67 120 120 120 120 120 50 50 50 135 135 135 135 135 96 48 168 168 168 168 146 146 146 146 146 73 73 
67 67 46 46 120 50 50 50 50 50 50 83 135 83 135 96 96 96 168 168 168 168 1 146 146 146 146 146 146 
46 46 46 46 29 50 50 50 50 50 50 83 83 83 83 96 96 96 168 168 168 168 1 1 1 1 146 146 146 
46 46 29 29 29 29 50 50 50 149 149 83 83 83 83 83 96 96 96 168 168 1 1 1 1 1 15 15 37 
37 46 29 29 29 29 29 50 149 149 149 83 83 83 83 83 96 96 96 229 229 229 1 1 1 1 15 37 37 
37 37 37 29 29 29 29 29 149 149 149 83 83 83 83 83 83 96 229 229 229 59 59 59 59 59 59 37 37 
37 37 37 29 29 29 29 29 149 149 149 83 83 83 83 83 83 96 229 229 229 59 59 59 59 59 59 26 37 
37 37 37 37 29 29 29 29 149 149 149 150 150 150 150 150 150 229 229 229 144 59 59 59 59 59 26 26 61 
61 61 37 37 29 29 29 29 161 161 150 150 150 150 150 150 150 150 229 144 144 144 59 59 59 59 26 26 26 
61 61 61 37 37 29 161 161 161 161 161 150 150 150 150 150 91 91 144 144 144 144 144 140 140 26 26 26 26 
132 132 132 132 132 185 161 161 161 161 161 161 150 150 150 91 91 91 91 144 144 144 144 140 140 26 26 26 26 
132 132 132 132 132 10 161 161 161 161 161 161 150 150 91 91 91 91 91 144 144 144 144 140 140 26 26 26 132 
132 132 132 132 10 10 121 121 161 161 161 161 161 91 91 91 91 91 91 91 144 144 144 140 57 57 57 57 57 
57 132 132 10 10 10 121 121 121 161 161 161 161 91 91 91 91 91 91 91 144 144 144 140 57 57 57 57 57 
57 57 10 10 10 10 10 121 121 161 161 161 161 91 91 91 91 91 155 173 17 17 17 133 57 57 57 57 57 
130 130 10 10 10 10 10 10 121 121 161 92 92 92 219 219 155 155 155 21 21 17 133 133 133 133 57 57 130 
130 130 10 10 10 10 10 10 10 92 92 92 92 92 219 219 155 155 155 21 21 21 133 133 133 133 133 130 130 
130 244 10 10 116 10 10 10 92 92 92 92 92 219 219 219 155 155 21 21 21 21 56 56 133 133 133 133 133 
180 180 116 116 116 116 116 116 116 92 92 92 92 219 219 219 155 155 155 21 21 21 56 56 133 133 133 133 133 
180 197 116 116 116 116 116 116 116 92 92 92 92 85 219 219 219 155 155 21 21 21 56 56 93 93 93 93 93 
247 197 197 116 116 116 116 116 116 92 92 92 85 85 85 219 219 155 155 21 21 21 21 93 93 93 93 93 93 
247 197 197 197 116 116 116 116 116 212 92 85 85 85 85 85 219 155 155 21 21 181 181 181 93 93 93 93 93 
197 197 197 197 197 116 116 116 212 212 212 206 85 85 85 85 219 155 155 21 181 181 181 181 181 181 93 233 233 
233 197 197 197 197 116 116 212 212 212 214 214 214 214 214 45 45 141 48 48 181 181 181 181 181 181 233 233 233 
233 67 197 197 87 87 87 120 212 212 214 214 214 214 214 45 45 48 48 48 181 181 181 181 181 181 233 233 233 
67 67 67 87 87 87 87 87 212 212 214 214 214 214 214 45 45 48 48 48 48 181 181 181 181 181 233 233 233 
67 67 67 87 87 87 87 87 120 212 214 214 214 214 214 45 48 48 48 48 48 48 181 181 146 146 146 233 67 
67 67 67 87 87 87 87 87 120 212 214 214 214 214 135 174 48 48 48 48 48 48 181 146 146 146 146 73 73 
67 67 67 120 87 87 87 87 87 87 87 135 135 135 135 135 48 48 48 48 48 48 146 146 146 146 146 73 73 
67 67 67 120 87 87 87 87 50 50 50 135 135 135 25 25 25 48 168 168 168 204 146 146 146 146 146 146 73 
98 67 98 29 29 50 50 50 50 50 50 145 145 25 25 25 25 168 168 168 168 204 204 146 146 146 146 146 146 
98 98 29 29 29 50 50 50 50 50 50 145 145 25 25 25 25 25 168 168 168 168 1 1 1 146 146 146 146 
61 61 29 29 29 29 50 50 50 50 149 145 145 145 25 25 25 25 229 229 229 229 1 1 1 1 1 61 61 
61 61 29 29 29 29 29 50 50 149 149 145 145 145 145 145 25 229 229 229 229 229 118 118 118 118 118 61 61 
61 61 61 29 29 29 29 29 149 149 149 145 145 145 145 145 25 229 229 229 229 229 118 118 118 118 118 61 61 
61 61 61 29 29 29 29 29 149 149 149 145 145 145 145 145 145 229 229 229 229 159 59 59 59 59 26 26 61 
61 61 61 61 29 29 29 29 149 149 149 150 145 145 145 145 145 229 229 229 159 159 59 59 59 59 26 26 61 
61 61 61 61 29 29 29 29 161 161 150 150 150 150 150 150 150 91 229 229 159 159 59 59 59 26 26 26 26 
61 61 61 61 61 29 29 161 161 161 161 150 150 150 150 91 91 91 91 144 144 144 144 59 59 26 26 26 26 
132 132 132 132 132 132 161 161 161 161 161 161 150 91 91 91 91 91 91 144 144 144 144 59 59 26 26 26 26 
132 132 132 132 132 121 121 121 161 161 161 161 150 91 91 91 91 91 91 91 144 144 144 140 140 26 26 26 132 
132 132 132 132 10 121 121 121 121 161 161 161 161 91 91 91 91 91 91 91 144 144 144 140 57 57 57 57 132 
132 132 132 10 10 121 121 121 121 121 161 161 161 91 91 91 91 91 91 91 17 17 17 17 57 57 57 57 57 
132 132 132 10 10 10 121 121 121 121 161 161 161 91 91 91 91 91 91 17 17 17 17 17 57 57 57 57 57 
130 130 10 10 10 10 10 121 121 121 92 92 92 92 219 219 155 155 21 21 17 17 17 133 133 133 57 57 57 
130 130 10 10 10 10 10 10 10 92 92 92 92 92 219 219 155 155 21 21 21 21 133 133 133 133 133 130 130 
244 244 244 116 116 116 116 116 221 92 92 92 92 219 219 219 155 155 21 21 21 21 56 56 56 56 56 93 93 
244 244 116 116 116 116 116 116 116 92 92 92 92 219 219 219 155 155 155 21 21 21 56 56 56 93 93 93 93 
244 244 116 116 116 116 116 116 116 92 92 92 92 92 219 219 155 155 155 21 21 21 56 56 93 93 93 93 93 
197 197 197 116 116 116 116 116 116 116 92 92 92 85 219 219 155 155 155 21 21 21 207 93 93 93 93 93 93 
197 197 197 197 116 116 116 116 116 116 210 210 210 85 219 219 155 155 155 21 21 181 181 93 93 93 93 93 93 
197 197 197 197 197 116 116 116 116 212 119 119 210 85 45 45 45 224 224 181 181 181 181 181 181 93 93 233 233 
233 197 197 197 197 197 116 116 212 212 119 119 119 45 45 45 45 141 141 181 181 181 181 181 181 181 233 233 233 
233 197 197 197 197 87 87 87 212 212 119 119 119 45 45 45 45 45 141 48 181 181 181 181 181 181 233 233 233 
233 197 197 87 87 87 87 87 87 212 214 119 119 214 45 45 45 141 48 48 181 181 181 181 181 233 233 233 233 
233 67 197 87 87 87 87 87 87 212 214 119 119 214 45 45 45 48 48 48 181 181 181 181 181 233 233 233 233 
67 67 67 87 87 87 87 87 87 87 214 119 119 214 45 45 45 48 48 48 48 181 181 181 146 146 146 233 233 
67 67 67 87 87 87 87 87 87 87 203 119 119 25 25 25 25 48 48 48 204 204 204 146 146 146 146 146 73 
98 98 98 98 87 87 87 50 50 50 50 20 20 25 25 25 25 25 168 168 204 204 204 146 146 146 146 146 73 
98 98 98 98 29 29 50 50 50 50 50 20 20 25 25 25 25 25 168 168 204 204 204 204 146 146 146 146 98 
98 98 98 29 29 29 50 50 50 50 50 20 20 25 25 25 25 25 25 229 204 204 204 1 118 146 146 146 98 
98 61 29 29 29 29 50 50 50 50 50 145 145 25 25 25 25 25 229 229 229 229 118 118 118 118 118 61 61 
61 61 29 29 29 29 29 50 50 50 50 145 145 145 145 25 25 229 229 229 229 229 118 118 118 118 118 61 61 
61 61 61 29 29 29 29 29 29 29 149 145 145 145 145 145 25 229 229 229 229 229 118 118 118 118 118 61 61 
61 61 61 29 29 29 29 29 29 29 149 145 145 145 145 145 145 229 229 229 229 159 159 118 118 118 118 26 61 
61 61 61 61 29 29 29 29 29 29 149 145 145 145 145 145 94 229 229 229 159 159 159 159 118 118 26 26 61 
61 61 61 61 29 29 29 29 29 161 150 150 145 145 145 150 94 91 229 159 159 159 159 159 159 26 26 26 26 
26 61 61 61 61 29 29 161 161 161 161 150 150 91 91 91 91 91 91 159 159 159 159 159 59 26 26 26 26 
132 132 132 132 132 238 238 161 161 161 161 161 150 91 91 91 91 91 91 159 159 159 159 159 26 26 26 26 26 
132 132 132 132 132 121 121 121 121 161 161 161 91 91 91 91 91 91 91 91 159 159 159 140 26 26 26 26 132 
132 132 132 132 132 121 121 121 121 161 161 161 91 91 91 91 91 91 91 91 17 17 17 17 26 26 26 26 132 
132 132 132 132 10 121 121 121 121 121 161 161 161 91 91 91 91 91 91 17 17 17 17 17 17 57 57 57 132 
132 132 132 10 10 121 121 121 121 121 121 161 92 91 91 91 91 91 17 17 17 17 17 17 17 57 57 57 57 
130 132 10 10 10 121 121 221 221 221 92 92 92 92 219 175 155 155 21 17 17 17 17 17 56 56 57 57 57 
130 166 166 10 10 221 221 221 221 221 92 92 92 92 219 219 155 155 21 21 21 17 56 56 56 56 56 130 130 
244 244 244 116 116 116 116 221 221 221 92 92 92 219 219 219 155 155 21 21 21 56 56 56 56 56 56 93 244 
244 244 244 116 116 116 116 116 116 210 210 92 92 210 219 219 155 155 155 222 21 207 56 56 56 93 93 93 93 
244 244 116 116 116 116 116 116 116 210 210 210 210 210 219 219 155 155 155 222 222 207 207 207 93 93 93 93 93 
244 197 197 116 116 116 116 116 116 210 210 210 210 210 219 219 155 155 155 222 222 207 207 207 93 88 93 93 93 
233 197 197 197 116 116 116 116 116 210 210 210 210 210 210 45 45 224 155 222 222 181 181 93 93 93 93 93 93 
233 197 197 197 197 116 116 116 116 119 119 119 210 210 45 45 45 224 224 224 181 181 181 181 181 93 93 233 233 
233 197 197 197 197 197 116 116 116 119 119 119 119 45 45 45 45 141 141 141 181 181 181 181 181 233 233 233 233 
233 197 197 197 197 197 87 116 119 119 119 119 119 45 45 45 45 141 141 141 181 181 181 181 181 233 233 233 233 
233 197 197 197 87 87 87 87 87 119 119 119 119 45 45 45 45 141 141 141 181 181 181 181 181 233 233 233 233 
233 233 197 87 87 87 87 87 87 119 119 119 119 45 45 45 45 45 141 141 181 181 181 181 181 233 233 233 233 
233 233 197 87 87 87 87 87 87 203 119 119 119 45 45 45 45 45 141 204 204 181 181 181 181 233 233 233 233 
98 98 98 98 87 87 87 87 203 203 203 119 119 45 45 45 45 45 204 204 204 204 204 204 204 146 146 191 191 
98 98 98 98 87 87 87 50 50 203 203 20 20 25 25 25 25 25 204 204 204 204 204 204 204 146 146 191 98 
98 98 98 98 98 29 50 50 50 50 20 20 20 25 25 25 25 25 204 204 204 204 204 204 204 204 146 191 98 
98 98 98 98 29 29 50 50 50 50 20 20 20 25 25 25 25 25 229 229 204 204 204 204 118 118 146 98 98 
98 98 98 29 29 29 50 50 171 171 20 20 20 25 25 25 25 25 229 229 229 229 118 118 118 118 118 98 98 
12 12 12 29 29 29 29 171 171 171 20 20 145 25 25 25 25 25 229 229 229 229 118 118 118 118 118 12 12 
12 12 12 29 29 29 29 29 29 29 20 20 145 145 145 25 25 229 229 229 229 226 118 118 118 118 118 12 12 
12 12 12 12 29 29 29 29 29 29 20 145 145 145 145 94 94 229 229 229 229 159 159 118 118 118 118 12 12 
12 12 12 12 29 29 29 29 29 29 64 145 145 145 94 94 94 229 229 229 159 159 159 159 118 118 26 12 12 
12 12 12 12 12 29 29 29 29 161 64 150 145 94 94 94 94 94 229 159 159 159 159 159 159 26 26 26 12 
12 12 12 12 12 238 238 238 238 161 161 150 18 18 18 18 18 18 18 159 159 159 159 159 159 26 26 26 26 
132 132 132 132 238 238 238 238 238 161 161 161 18 18 18 18 18 18 18 159 159 159 159 159 26 26 26 26 26 
132 132 132 132 238 238 238 238 238 238 161 161 18 18 18 18 18 18 18 18 159 159 159 159 26 26 26 26 132 
132 132 132 132 238 238 238 238 238 238 161 161 18 18 18 18 18 18 18 17 17 17 17 17 17 26 26 26 132 
132 132 132 132 238 121 121 121 121 121 4 4 175 175 175 175 175 175 175 17 17 17 17 17 17 17 57 57 132 
132 132 132 10 221 221 221 221 221 221 221 4 175 175 175 175 175 175 17 17 17 17 17 17 17 17 57 57 57 
166 166 166 10 221 221 221 221 221 221 221 221 92 124 124 175 175 155 17 17 17 17 17 17 17 17 57 57 57 
166 166 166 166 221 221 221 221 221 221 221 92 92 124 124 124 155 155 155 17 17 17 56 56 56 56 56 166 166 
244 244 244 244 116 116 221 221 221 221 221 210 124 124 124 124 124 222 222 222 222 136 207 56 56 56 56 153 244 
244 244 244 244 116 116 116 116 116 210 210 210 210 210 124 124 124 222 222 222 222 136 207 207 56 93 93 93 244 
244 244 244 116 116 116 116 116 116 210 210 210 210 210 210 210 198 198 222 222 222 136 207 207 207 93 93 93 244 
244 244 197 116 116 116 116 116 116 210 210 210 210 210 210 198 198 198 198 222 222 136 207 207 93 93 93 93 93 
244 197 197 197 116 116 116 116 116 210 210 210 210 210 210 45 198 224 198 222 222 136 181 93 93 93 93 93 93 
233 197 197 197 197 116 116 116 116 119 119 119 210 210 45 45 45 224 224 224 224 181 181 181 93 93 93 233 233 
233 197 197 197 197 197 116 116 119 119 119 119 119 45 45 45 45 224 224 224 181 181 181 181 181 233 233 233 233 
233 197 197 197 197 197 197 116 119 119 119 119 119 45 45 45 45 141 141 141 181 181 181 181 181 233 233 233 233 
233 233 197 197 197 197 87 87 119 119 119 119 119 45 45 45 45 224 141 224 224 181 181 181 181 233 233 233 233 
233 233 197 197 197 87 87 87 87 119 119 119 119 45 45 45 45 224 224 224 224 181 181 181 181 233 233 233 233 
191 98 97 97 87 87 87 87 203 203 119 119 119 45 45 45 45 224 224 204 204 204 204 204 211 211 233 191 233 
98 98 98 98 97 87 87 203 203 203 203 203 119 45 45 45 45 224 204 204 204 204 204 204 204 211 191 191 191 
98 98 98 98 98 171 171 171 203 203 203 20 20 25 25 25 25 25 204 204 204 204 204 204 204 211 191 191 98 
98 98 98 98 98 171 171 171 171 20 20 20 20 25 25 25 25 25 204 204 204 204 204 204 204 211 191 191 98 
98 98 98 98 98 171 171 171 171 20 20 20 20 25 25 25 25 25 25 204 204 204 204 204 204 204 191 98 98 
98 98 98 98 29 171 171 171 171 171 20 20 20 25 25 25 25 25 229 229 229 204 204 118 118 118 118 98 98 
12 12 12 12 29 29 171 171 171 171 20 20 20 25 25 25 25 25 229 229 229 226 226 118 118 118 118 12 12 
12 12 12 12 12 29 171 171 171 171 20 20 20 94 94 94 94 229 229 229 229 226 226 118 118 118 12 12 12 
12 12 12 12 12 29 171 171 171 171 20 20 20 94 94 94 94 229 229 229 229 226 226 118 118 118 12 12 12 
12 12 12 12 12 12 29 29 171 64 64 64 64 94 94 94 94 94 229 229 159 159 159 159 118 118 12 12 12 
12 12 12 12 12 12 238 238 238 64 64 64 64 94 94 94 94 94 94 159 159 159 159 159 159 26 26 12 12 
12 12 12 12 12 238 238 238 238 238 113 113 18 18 18 18 18 18 18 159 159 159 159 159 159 26 26 12 12 
12 12 12 12 238 238 238 238 238 238 113 113 18 18 18 18 18 18 18 159 159 159 159 159 242 26 26 26 12 
12 12 12 238 238 238 238 238 238 238 238 4 4 18 18 18 18 18 18 18 159 159 242 242 242 26 26 26 132 
132 132 132 132 238 238 238 238 238 238 4 4 4 18 18 18 18 18 18 17 17 17 17 17 17 17 26 26 132 
132 132 132 132 221 221 221 221 221 221 4 4 4 175 175 175 175 175 175 17 17 17 17 17 17 17 17 57 132 
166 166 166 221 221 221 221 221 221 221 4 4 4 175 175 175 175 175 17 17 17 17 17 17 17 17 17 57 166 
166 166 166 166 221 221 221 221 221 221 221 221 124 124 124 124 175 175 17 17 17 17 17 17 17 17 153 166 166 
166 166 166 166 221 221 221 221 221 221 221 124 124 124 124 124 124 124 222 17 17 17 17 56 56 56 153 166 166 
244 244 244 166 166 221 221 221 221 221 210 210 124 124 124 124 124 222 222 222 222 136 136 207 153 153 153 153 166 
244 244 244 244 116 116 116 116 116 210 210 210 210 210 124 124 198 222 222 222 222 136 136 207 153 153 153 153 166 
244 244 244 166 116 116 116 116 210 210 210 210 210 210 210 198 198 198 222 222 222 136 136 207 207 93 153 153 166 
166 166 166 116 116 116 116 116 210 210 210 210 210 210 210 198 198 198 198 222 222 136 207 207 93 93 93 93 166 
166 166 197 197 197 116 116 116 210 210 210 210 210 210 137 198 198 198 198 198 198 136 207 93 93 93 93 93 166 
166 197 197 197 197 197 116 116 210 210 119 210 210 137 45 45 45 224 224 224 224 181 181 93 93 93 93 233 233 
233 197 197 197 197 197 116 116 119 119 119 119 119 45 45 45 45 224 224 224 224 181 181 181 93 233 233 233 233 
233 197 197 197 28 28 28 28 119 119 119 119 119 45 45 45 45 141 224 224 224 224 181 181 181 233 233 233 233 
233 233 28 28 28 28 28 28 119 119 119 119 119 45 45 45 224 224 224 224 224 181 181 181 181 233 233 233 233 
191 97 97 28 28 28 28 28 203 203 119 119 119 45 45 45 224 224 224 224 224 204 181 211 211 211 191 191 191 
191 97 97 97 97 97 97 203 203 203 203 203 42 42 45 45 224 224 224 224 204 204 204 211 211 211 191 191 191 
98 98 98 97 97 97 97 203 203 203 203 203 42 42 45 45 224 224 224 204 204 204 204 204 211 211 191 191 191 
98 98 98 98 97 97 171 203 203 203 203 203 20 42 25 25 25 224 204 204 204 204 204 204 211 211 191 191 191 
98 98 98 98 98 171 171 171 171 203 20 20 20 20 25 25 25 25 204 204 204 204 204 204 90 211 191 191 98 
98 98 98 98 98 171 171 171 171 20 20 20 20 20 25 25 25 25 204 204 204 204 204 204 90 90 191 191 98 
98 98 98 98 171 171 171 171 171 171 20 20 20 20 25 25 25 25 229 229 204 204 204 105 105 105 105 191 98 
12 12 12 12 12 171 171 171 171 171 20 20 20 20 25 25 25 25 229 229 226 226 226 105 105 105 105 12 24 
12 12 12 12 12 171 171 171 171 171 20 20 20 20 94 94 94 229 229 229 226 226 226 226 184 184 12 12 12 
12 12 12 12 12 12 171 171 171 64 64 64 64 94 94 94 94 94 229 229 226 226 226 226 184 184 12 12 12 
12 12 12 12 12 12 12 171 64 64 64 64 64 94 94 94 94 94 229 229 159 226 226 226 118 118 12 12 12 
12 12 12 12 12 12 238 238 238 64 64 64 64 94 94 94 94 94 94 159 159 159 159 159 159 12 12 12 12 
12 12 12 12 12 238 238 238 238 238 113 113 113 18 18 18 18 18 18 159 159 159 242 242 242 12 12 12 12 
12 12 12 12 238 238 238 238 238 238 113 113 113 18 18 18 18 18 18 18 159 242 242 242 242 242 12 12 12 
12 12 12 238 238 238 238 238 238 238 4 4 4 18 18 18 18 18 18 18 242 242 242 242 242 242 12 12 12 
12 12 12 238 238 238 238 238 238 238 4 4 4 18 18 18 18 18 18 17 17 17 242 242 242 242 245 245 245 
166 95 166 221 221 221 221 221 221 4 4 4 4 175 175 175 175 175 175 17 17 17 17 17 17 17 17 245 95 
166 166 166 166 221 221 221 221 221 221 4 4 4 175 175 175 175 175 17 17 17 17 17 17 17 17 17 166 166 
166 166 166 166 221 221 221 221 221 221 4 4 124 124 124 124 124 175 17 17 17 17 17 17 17 17 153 166 166 
166 166 166 166 221 221 221 221 221 221 221 4 124 124 124 124 124 124 222 17 17 17 17 17 153 153 153 166 166 
166 166 166 166 166 221 221 193 193 193 193 210 124 124 124 124 124 222 222 222 222 136 136 153 153 153 153 153 166 
166 166 166 166 166 116 116 193 193 210 210 210 210 124 124 124 198 198 222 222 222 136 136 153 153 153 153 153 166 
166 166 166 166 166 116 116 116 210 210 210 210 210 210 198 198 198 198 198 222 222 136 136 153 153 153 153 153 166 
166 166 166 166 116 116 116 116 210 210 210 210 210 210 137 198 198 198 198 198 222 136 136 153 153 153 153 153 166 
166 166 166 197 197 116 116 116 210 210 210 210 210 137 137 198 198 198 198 198 198 136 136 93 93 93 93 153 166 
166 197 197 197 197 197 116 116 210 210 210 210 137 137 137 45 198 198 198 198 198 198 181 93 93 93 93 233 166 
233 197 197 28 28 28 28 28 119 119 119 119 137 137 45 45 45 224 224 224 224 224 181 181 93 233 233 233 233 
233 28 28 28 28 28 28 28 28 119 119 119 119 45 45 45 45 141 224 224 224 224 224 181 181 233 233 233 233 
191 28 28 28 28 28 28 28 28 119 119 119 119 42 45 45 45 224 224 224 224 224 181 211 211 211 233 191 233 
191 97 97 28 28 28 28 28 203 203 119 119 42 42 42 45 45 224 224 224 224 204 112 211 211 211 191 191 191 
191 97 97 97 97 97 97 203 203 203 203 203 42 42 42 45 45 224 224 224 204 204 204 211 211 211 191 191 191 
191 98 97 97 97 97 97 203 203 203 203 203 42 42 42 45 45 224 224 204 204 204 204 211 211 211 191 191 191 
98 98 98 97 97 97 97 203 203 203 203 203 203 42 42 45 45 224 204 204 204 204 204 90 211 211 191 191 191 
98 98 98 98 97 171 171 171 199 203 20 20 20 20 20 25 25 99 204 204 204 204 204 90 90 211 191 191 191 
98 98 98 98 98 171 171 171 199 199 20 20 20 20 20 25 25 25 204 204 204 204 204 90 90 105 105 191 98 
98 98 98 98 171 171 171 199 199 199 20 20 20 20 20 25 25 25 204 204 204 204 105 105 105 105 105 191 98 
24 24 24 24 24 171 171 199 199 199 20 20 20 20 20 25 25 25 229 226 226 226 105 105 105 105 105 24 24 
24 24 24 12 12 171 199 199 199 199 20 20 20 20 94 94 94 94 229 226 226 226 226 184 184 184 184 12 12 
12 12 12 12 12 12 199 199 199 64 64 64 64 94 94 94 94 94 229 226 226 226 226 184 184 184 184 12 12 
12 12 12 12 12 12 12 199 64 64 64 64 64 94 94 94 94 94 94 226 226 226 226 184 184 184 12 12 12 
12 12 12 12 12 12 238 238 238 64 64 64 64 94 94 94 94 94 94 38 226 226 226 242 184 184 12 12 12 
12 12 12 12 12 238 238 238 238 238 113 113 113 18 18 18 18 18 18 38 242 242 242 242 242 242 12 12 12 
12 12 12 74 74 238 238 238 238 238 113 113 113 18 18 18 18 18 18 242 242 242 242 242 242 242 242 12 12 
12 12 12 74 238 238 238 238 238 238 4 4 4 18 18 18 18 18 18 18 242 242 242 242 242 242 245 245 245 
12 95 74 74 238 238 238 238 238 238 4 4 4 18 18 18 18 18 18 17 17 242 242 242 242 242 245 245 245 
95 95 95 74 193 193 193 221 221 4 4 4 4 4 175 175 175 175 175 17 17 17 17 17 17 17 245 245 95 
166 166 166 166 193 193 193 221 221 221 4 4 4 124 175 175 175 175 175 17 17 17 17 17 17 17 17 166 166 
166 166 166 166 221 221 221 221 193 193 4 4 4 124 124 124 124 175 17 17 17 17 17 17 17 153 153 166 166 
166 166 166 166 166 221 221 193 193 193 193 4 124 124 124 124 124 124 222 17 17 17 17 17 153 153 153 166 166 
166 166 166 166 166 193 193 193 193 193 193 210 124 124 124 124 198 198 222 222 222 17 17 153 153 153 153 153 166 
166 166 166 166 166 166 193 193 193 210 210 210 210 124 124 198 198 198 198 222 222 136 136 153 153 153 153 153 166 
166 166 166 166 166 166 116 193 210 210 210 210 210 210 198 198 198 198 198 198 222 136 136 153 153 153 153 153 166 
166 166 166 166 166 166 116 116 210 210 210 210 210 137 137 198 198 198 198 198 198 198 153 153 153 153 153 153 166 
166 166 166 166 166 116 116 116 210 210 210 210 137 137 137 198 198 198 198 198 198 198 153 153 153 153 153 153 166 
166 166 166 28 28 28 28 28 210 210 210 137 137 137 137 137 198 198 198 198 198 198 153 153 153 153 153 153 166 
166 28 28 28 28 28 28 28 119 119 119 119 137 137 137 45 45 141 224 224 224 224 181 153 154 154 154 233 166 
233 28 28 28 28 28 28 28 28 119 119 119 119 137 45 45 45 141 224 224 224 224 224 181 154 154 154 191 191 
191 28 28 28 28 28 28 28 28 119 119 119 42 42 42 45 45 141 224 224 224 224 112 211 211 154 191 191 191 
191 97 97 28 28 28 28 28 203 203 203 119 42 42 42 45 45 224 224 224 224 112 112 211 211 211 191 191 191 
191 97 97 97 97 97 97 203 203 203 203 203 42 42 42 45 45 224 224 224 204 112 112 211 211 211 191 191 191 
191 97 97 97 97 97 97 203 203 203 203 203 42 42 42 45 45 224 99 99 204 204 90 90 211 211 191 191 191 
191 97 97 97 97 97 97 203 203 203 203 203 203 42 42 45 99 99 99 204 204 204 90 90 211 211 191 191 191 
98 98 98 97 97 97 199 199 199 203 203 203 182 182 182 182 99 99 99 204 204 204 90 90 90 211 191 191 191 
98 98 98 98 97 199 199 199 199 199 20 20 182 182 182 182 182 99 99 204 204 204 105 90 105 105 191 191 191 
24 24 24 24 199 199 199 199 199 199 20 20 20 182 182 182 182 111 111 204 204 105 105 105 105 105 105 191 24 
24 24 24 24 24 199 199 199 199 199 20 20 20 182 182 182 182 111 111 111 226 105 105 105 105 105 105 24 24 
24 24 24 24 24 199 199 199 199 199 64 64 64 182 182 94 94 111 111 111 226 226 184 184 184 184 184 24 24 
24 24 24 12 12 12 199 199 199 64 64 64 64 64 94 94 94 94 111 111 226 226 184 184 184 184 184 12 12 
12 12 12 12 12 12 12 199 64 64 64 64 64 64 94 94 94 94 38 38 226 226 184 184 184 184 12 12 12 
12 12 12 12 12 12 238 238 64 64 64 64 64 64 94 94 94 94 38 38 38 242 242 184 184 184 12 12 12 
12 12 74 74 74 74 238 238 238 64 113 113 113 18 18 18 18 18 18 38 242 242 242 242 242 242 245 245 12 
12 74 74 74 74 238 238 238 238 238 113 113 113 18 18 18 18 18 18 242 242 242 242 242 242 242 245 245 12 
95 74 74 74 74 238 238 238 238 238 4 4 4 4 18 18 18 18 18 242 242 242 242 242 242 242 245 245 245 
95 95 74 74 74 193 193 238 238 4 4 4 4 4 18 18 18 18 18 242 242 242 242 242 242 242 245 245 245 
95 95 95 74 193 193 193 193 193 4 4 4 4 4 175 175 175 175 175 17 17 17 17 17 242 242 245 245 95 
95 95 95 166 193 193 193 193 193 4 4 4 4 4 175 175 175 175 175 17 17 17 17 17 17 153 245 245 95 
166 166 166 166 193 193 193 193 193 193 4 4 4 124 124 124 124 124 17 17 17 17 17 17 17 153 153 153 166 
166 166 166 166 166 193 193 193 193 193 193 4 124 124 124 124 124 124 222 17 17 17 17 17 153 153 153 153 166 
166 166 166 166 166 193 193 193 193 193 193 210 124 124 124 124 198 198 198 198 222 17 153 153 153 153 153 153 166 
166 166 166 166 166 166 193 193 193 193 210 210 210 124 124 198 198 198 198 198 198 136 153 153 153 153 153 153 166 
166 166 166 166 166 166 193 193 193 210 210 210 210 210 198 198 198 198 198 198 198 198 153 153 153 153 153 153 166 
166 166 166 166 166 166 166 193 210 210 210 210 137 137 137 198 198 198 198 198 198 198 153 153 153 153 153 166 166 
166 166 166 166 166 89 89 89 210 210 210 137 137 137 137 198 198 198 198 198 198 198 153 153 153 153 153 166 166 
166 166 166 166 28 89 89 89 210 210 210 137 137 137 137 137 198 198 198 198 198 198 153 153 153 153 153 166 166 
166 28 28 28 28 28 28 28 28 119 119 137 137 137 137 137 198 198 198 198 198 198 112 153 154 154 154 154 166 
191 28 28 28 28 28 28 28 28 119 119 119 137 137 137 45 45 45 198 224 224 224 112 112 154 154 154 154 154 
191 28 28 28 28 28 28 28 28 119 119 119 42 42 42 45 45 141 224 224 224 112 112 112 211 154 154 191 191 
191 191 97 28 28 28 28 28 203 203 203 218 42 42 42 45 45 224 224 224 112 112 112 112 211 211 191 191 191 
191 97 97 97 97 97 97 203 203 203 203 218 42 42 42 42 45 224 224 99 112 112 112 112 211 211 191 191 191 
191 97 97 97 97 97 97 203 203 203 203 218 218 218 218 218 99 99 99 99 99 112 112 112 211 211 191 191 191 
191 97 97 97 97 97 97 203 203 203 203 218 218 218 218 218 99 99 99 99 99 143 90 90 90 211 191 191 191 
191 97 97 97 97 97 199 199 203 203 203 218 182 182 182 182 99 99 99 99 143 143 90 90 90 90 191 191 191 
191 98 97 97 97 199 199 199 199 199 199 182 182 182 182 182 182 99 99 99 143 105 105 105 105 105 105 191 191 
24 24 24 24 199 199 199 199 199 199 199 182 182 182 182 182 182 111 111 111 111 105 105 105 105 105 105 191 24 
24 24 24 24 24 199 199 199 199 199 199 182 182 182 182 182 182 111 111 111 111 105 105 105 105 105 105 24 24 
24 24 24 24 24 199 199 199 199 199 64 64 182 182 182 182 182 111 111 111 111 111 184 184 184 184 184 24 24 
24 24 24 24 24 199 199 199 199 64 64 64 64 64 64 182 94 111 111 111 111 111 184 184 184 184 184 24 24 
12 12 12 12 12 12 199 199 64 64 64 64 64 64 64 94 94 38 38 38 38 38 184 184 184 184 12 12 12 
12 12 12 74 74 74 134 134 64 64 64 64 64 64 64 94 94 38 38 38 38 38 242 184 184 184 245 245 12 
12 74 74 74 74 74 134 134 134 64 113 113 113 113 18 18 18 18 38 38 38 242 242 242 242 245 245 245 245 
95 74 74 74 74 134 134 134 134 134 113 113 113 113 18 18 18 18 18 38 242 242 242 242 242 245 245 245 245 
95 74 74 74 74 134 134 134 134 4 4 4 4 4 18 18 18 18 18 242 242 242 242 242 242 245 245 245 245 
95 95 95 74 74 134 134 134 134 4 4 4 4 4 4 18 18 18 18 242 242 242 242 242 242 245 245 245 245 
95 95 95 95 193 193 193 193 193 4 4 4 4 4 175 175 175 175 175 17 17 242 242 242 242 245 245 245 95 
95 95 95 95 193 193 193 193 193 4 4 4 4 4 4 175 175 175 175 17 17 17 54 54 54 54 245 245 95 
166 166 166 166 193 193 193 193 193 193 4 4 4 4 148 124 124 124 17 17 17 17 54 54 54 153 153 153 166 
166 166 166 166 166 193 193 193 193 193 193 4 4 124 124 124 124 124 222 17 17 17 54 54 153 153 153 153 166 
attribute "dep" string "positions"
#
# A field is created with three components: "positions", "connections",
# and "data"
object "regular positions regular connections" class field
component  "positions"    value 1
component  "connections"  value 2
component  "data"         value 3
#
end
