# object 1 are the regular positions. The grid is 29 29 29. The origin is
# at [0 0 0], and the deltas are 1 in the first and third dimensions, and
# 2 in the second dimension
#
object 1 class gridpositions counts 29 29 29
origin 0 0 0
delta  1 0 0
delta  0 1 0
delta  0 0 1
#
# object 2 are the regular connections
#
object 2 class gridconnections counts 29 29 29
#
# object 3 are the data, which are in a one-to-one correspondence with
# the positions ("dep" on positions). The positions increment in the order
# "last index varies fastest", i.e. (x0, y0, z0), (x0, y0, z1), (x0, y0, z2),
# (x0, y1, z0), etc.
#
object 3 class array type int rank 0 items 24389 data follows
101 101 48 48 48 48 48 145 145 128 128 128 128 128 128 53 53 53 53 53 53 111 111 111 111 111 101 101 101 
101 48 48 48 48 48 48 145 145 128 128 128 128 128 153 53 53 53 53 53 217 217 111 111 111 111 101 101 101 
48 48 48 48 48 48 48 145 145 145 145 128 128 153 153 53 53 53 53 217 217 217 217 111 111 111 111 101 101 
48 48 48 48 48 48 48 145 145 145 145 145 145 202 39 39 53 53 53 217 217 217 217 217 111 111 111 101 48 
48 48 48 48 48 48 48 145 145 145 145 145 202 202 39 39 39 39 5 5 217 217 217 217 217 217 217 191 48 
48 48 48 94 94 94 94 145 145 145 145 145 202 202 39 39 39 39 5 5 5 217 217 217 217 217 20 20 191 
94 94 94 94 94 94 94 94 145 145 59 59 202 202 39 39 39 39 5 5 5 5 217 217 20 20 20 20 20 
94 94 94 94 94 94 94 94 59 59 59 59 59 59 39 39 39 39 5 5 5 5 20 20 20 20 20 20 20 
94 94 94 94 94 94 94 94 59 59 59 59 59 59 59 54 54 54 130 5 130 20 20 20 20 20 20 20 20 
94 94 94 94 94 94 94 94 59 59 59 59 59 59 59 54 54 54 130 130 130 130 20 20 20 20 20 20 20 
94 94 32 32 32 32 32 17 197 59 59 59 59 246 246 54 54 54 130 130 130 130 20 20 213 213 213 213 213 
198 198 32 32 32 32 17 17 17 59 59 59 59 246 246 54 54 54 130 130 130 130 130 213 213 213 213 213 213 
35 35 32 32 32 32 17 17 17 17 59 59 246 246 246 54 54 54 130 130 130 130 130 213 213 213 213 213 213 
35 35 35 35 32 17 17 17 17 77 77 77 77 246 246 1 1 1 1 130 130 130 130 213 213 213 213 213 35 
95 95 95 35 35 17 17 17 77 77 77 77 77 77 1 1 1 1 1 1 1 1 114 114 213 213 213 35 35 
95 95 95 35 35 17 17 17 77 77 77 77 77 77 1 1 1 1 1 1 1 110 114 114 139 139 213 35 35 
95 95 35 35 35 17 17 82 82 82 82 82 82 82 1 1 1 1 1 1 110 110 114 139 139 139 139 35 35 
35 35 35 35 35 82 82 82 82 82 82 82 82 208 208 1 1 1 110 110 110 110 139 139 139 139 139 35 35 
102 102 102 102 102 102 82 82 82 82 82 82 208 208 208 208 1 110 110 110 110 110 139 139 139 139 238 238 238 
102 102 102 102 102 102 82 82 82 82 82 208 208 208 208 208 208 110 110 110 110 110 110 139 139 238 238 238 238 
102 102 102 102 102 71 71 71 71 71 71 208 208 208 208 208 208 200 200 200 200 110 110 42 42 238 238 238 238 
238 102 102 102 71 71 71 71 71 71 71 208 208 208 208 208 208 200 200 200 200 42 42 42 42 238 238 238 238 
238 238 238 68 68 71 71 71 71 71 71 208 208 208 208 208 208 200 200 200 200 42 42 42 42 49 238 238 238 
238 238 68 68 68 68 71 71 71 71 71 71 208 208 208 208 208 2 200 200 42 42 42 42 42 49 49 238 238 
101 101 68 68 68 68 71 71 71 71 43 43 208 208 208 208 2 2 2 2 42 42 42 42 42 49 49 101 101 
101 101 101 68 68 68 68 131 131 131 43 43 43 208 208 2 2 2 2 2 42 42 42 42 42 42 101 101 101 
101 101 101 68 68 68 68 131 131 131 131 43 128 128 2 2 2 2 2 2 2 42 42 42 42 101 101 101 101 
101 101 101 68 68 68 68 131 131 128 128 128 128 128 128 2 2 2 2 2 2 111 111 111 101 101 101 101 101 
101 101 101 68 68 68 68 131 128 128 128 128 128 128 128 53 53 53 53 53 53 111 111 111 111 101 101 101 101 
101 101 48 48 48 48 48 145 145 128 128 128 128 153 153 53 53 53 53 53 53 111 111 111 111 101 101 101 101 
48 48 48 48 48 48 48 145 145 128 128 128 128 153 153 53 53 53 53 53 217 217 217 111 111 101 101 101 101 
48 48 48 48 48 48 48 145 145 145 145 128 153 153 153 53 53 53 53 217 217 217 217 217 217 111 101 101 101 
48 48 48 48 48 48 48 145 145 145 145 145 153 112 112 112 53 53 53 217 217 217 217 217 217 111 101 101 48 
48 48 48 48 48 48 48 145 145 145 145 145 145 202 112 112 53 53 53 217 217 217 217 217 217 217 191 191 48 
48 48 48 48 94 94 94 145 145 145 145 145 202 202 39 39 39 39 5 217 217 217 217 217 217 217 191 191 191 
94 94 94 94 94 94 94 94 145 59 59 59 59 202 39 39 39 39 5 5 217 217 217 217 217 20 20 191 191 
94 94 94 94 94 94 94 94 59 59 59 59 59 59 59 39 39 54 5 5 5 217 20 20 20 20 20 20 60 
94 94 94 94 94 94 94 94 59 59 59 59 59 59 59 54 54 54 130 130 130 130 20 20 20 20 20 213 213 
94 94 94 94 94 94 94 59 59 59 59 59 59 59 59 54 54 54 130 130 130 130 20 20 213 213 213 213 213 
198 198 198 129 129 129 129 197 197 59 59 59 59 59 59 54 54 54 130 130 130 130 130 213 213 213 213 213 213 
198 198 198 129 129 198 198 197 197 197 59 59 59 59 59 54 54 54 130 130 130 130 130 213 213 213 213 213 213 
95 198 198 198 198 198 17 17 197 197 197 59 59 59 246 54 54 54 130 130 130 130 130 213 213 213 213 213 213 
95 95 95 198 198 17 17 17 77 77 77 77 77 77 246 54 54 54 130 130 130 130 213 213 213 213 213 213 213 
95 95 95 95 95 17 17 77 77 77 77 77 77 77 1 1 1 1 1 1 130 130 213 213 213 213 213 213 95 
95 95 95 95 95 17 17 77 77 77 77 77 77 77 1 1 1 1 1 1 110 110 139 139 139 139 187 95 95 
95 95 95 95 95 82 82 82 82 82 82 82 82 82 1 1 1 1 110 110 110 110 139 139 139 187 187 95 95 
95 95 95 95 95 82 82 82 82 82 82 82 82 82 208 1 1 110 110 110 110 110 139 139 139 187 187 187 95 
95 95 95 102 85 85 82 82 82 82 82 82 82 208 208 208 1 110 110 110 110 110 139 139 139 187 187 238 238 
102 102 102 102 85 85 82 82 82 82 82 208 208 208 208 208 208 110 110 110 110 110 110 139 139 187 238 238 238 
238 238 102 102 85 85 71 71 71 71 71 208 208 208 208 208 208 110 200 200 200 110 110 42 42 238 238 238 238 
238 238 102 85 85 68 71 71 71 71 71 208 208 208 208 208 208 200 200 200 200 200 42 42 42 238 238 238 238 
238 238 238 68 68 68 71 71 71 71 71 43 208 208 208 208 179 179 200 200 200 42 42 42 42 49 238 238 238 
238 238 68 68 68 68 71 71 71 43 43 43 208 208 208 208 179 179 179 200 42 42 42 42 42 49 49 238 238 
101 101 68 68 68 68 68 131 131 43 43 43 43 208 208 2 2 2 2 2 42 42 42 42 42 49 49 49 101 
101 101 68 68 68 68 68 131 131 131 43 43 43 208 208 2 2 2 2 2 42 42 42 42 42 42 101 101 101 
101 101 68 68 68 68 68 131 131 131 131 131 128 128 2 2 2 2 2 2 2 42 42 42 42 101 101 101 101 
101 101 101 68 68 68 68 68 68 128 128 128 128 128 128 2 2 2 2 2 2 42 42 42 101 101 101 101 101 
101 101 101 68 68 68 68 68 128 128 128 128 128 128 128 53 53 53 53 53 53 111 111 111 101 101 101 101 101 
101 48 48 48 48 48 224 224 224 128 128 128 153 153 153 53 53 53 53 53 53 217 217 217 101 101 101 101 101 
48 48 48 48 48 48 48 145 145 128 128 128 153 153 153 112 53 53 53 53 217 217 217 217 217 101 101 101 101 
48 48 48 48 48 48 48 145 145 145 145 153 153 153 112 112 53 53 53 217 217 217 217 217 217 101 101 101 48 
48 48 48 48 48 48 48 145 145 145 145 145 153 112 112 112 112 53 53 217 217 217 217 217 217 217 191 191 48 
48 48 48 48 48 48 48 145 145 145 145 145 145 112 112 112 112 112 53 217 217 217 217 217 217 191 191 191 48 
48 48 48 94 94 94 94 145 145 145 145 145 145 112 112 112 112 79 50 50 217 217 217 217 217 191 191 191 191 
94 94 94 94 94 94 94 94 206 206 59 59 59 59 79 79 79 79 50 50 50 217 217 217 217 191 191 191 191 
94 94 94 94 94 94 94 94 206 206 59 59 59 59 59 79 79 54 50 50 50 217 217 217 20 20 60 60 60 
94 94 94 94 94 94 94 94 206 59 59 59 59 59 59 54 54 54 130 130 130 130 133 20 20 20 60 60 60 
94 94 94 94 94 94 94 197 197 59 59 59 59 59 59 54 54 54 130 130 130 130 133 213 213 213 213 60 60 
60 198 198 198 129 129 129 197 197 197 59 59 59 59 59 54 54 54 130 130 130 130 130 213 213 213 213 213 213 
198 198 198 129 198 198 198 197 197 197 197 59 59 59 59 54 54 54 130 130 130 130 130 213 213 213 213 213 213 
198 198 198 198 198 198 198 197 197 197 197 197 59 59 54 54 54 54 130 130 130 130 130 213 213 213 213 213 213 
95 95 198 198 198 198 40 77 77 77 77 77 77 77 54 54 54 54 130 130 130 130 64 213 213 213 213 213 213 
95 95 95 95 198 40 40 77 77 77 77 77 77 77 1 1 54 54 130 130 130 64 64 64 64 213 213 229 95 
95 95 95 95 95 40 40 77 77 77 77 77 77 77 1 1 137 137 137 110 110 110 64 64 64 187 187 229 95 
95 95 95 95 95 40 40 82 82 82 82 82 82 82 137 137 137 137 137 110 110 110 139 139 187 187 187 187 95 
95 95 95 85 85 85 82 82 82 82 82 82 82 82 62 137 137 137 110 110 110 110 139 139 187 187 187 187 187 
95 85 85 85 85 85 82 82 82 82 82 82 82 62 62 62 137 110 110 110 110 110 110 139 187 187 187 187 238 
238 85 85 85 85 85 82 82 82 82 82 82 62 62 62 62 62 110 110 110 110 110 110 139 187 187 238 238 238 
238 238 85 85 85 85 85 71 71 71 82 208 62 62 62 62 62 110 110 110 110 110 110 42 42 238 238 238 238 
238 238 85 85 85 68 68 71 71 71 43 43 208 62 62 62 179 179 200 200 200 200 42 42 42 238 238 238 238 
238 238 85 68 68 68 68 71 43 43 43 43 208 208 208 179 179 179 179 200 200 42 42 42 42 49 238 238 238 
238 238 68 68 68 68 68 131 43 43 43 43 43 208 208 179 179 179 179 179 42 42 42 42 42 49 49 238 238 
101 68 68 68 68 68 68 131 131 43 43 43 43 208 208 179 179 179 179 179 42 42 42 42 42 49 49 49 101 
101 101 68 68 68 68 68 131 131 131 43 43 43 120 120 2 2 2 2 2 42 42 42 42 42 42 101 101 101 
101 101 68 68 68 68 68 68 131 131 43 43 43 120 120 2 2 2 2 2 2 42 42 42 42 101 101 101 101 
101 101 68 68 68 68 68 68 68 128 128 128 128 120 120 120 2 2 2 2 2 42 42 42 101 101 101 101 101 
101 101 68 68 68 68 68 68 224 128 128 128 153 153 153 53 53 53 53 53 53 111 111 101 101 101 101 101 101 
101 48 48 48 48 48 224 224 224 224 128 153 153 153 153 112 112 53 53 53 217 217 217 217 101 101 101 101 101 
48 48 48 48 48 48 224 224 224 224 128 153 153 153 153 112 112 53 53 53 217 217 217 217 217 101 101 101 101 
48 48 48 48 48 48 224 224 224 145 145 153 153 153 112 112 112 53 53 217 217 217 217 217 217 217 191 191 191 
48 48 48 48 48 48 48 224 145 145 145 145 153 112 112 112 112 112 53 217 217 217 217 217 217 191 191 191 191 
48 48 48 48 48 48 48 145 145 145 145 145 153 112 112 112 112 112 50 50 50 217 217 217 217 191 191 191 191 
191 48 48 94 94 94 94 206 206 206 206 206 112 112 79 79 79 79 50 50 50 217 217 217 217 191 191 191 191 
191 94 94 94 94 94 94 206 206 206 206 206 206 79 79 79 79 79 50 50 50 50 217 217 191 191 191 191 191 
60 94 94 94 94 94 94 206 206 206 206 206 59 59 79 79 79 79 50 50 50 50 133 133 133 60 60 60 60 
60 94 94 94 94 94 94 206 206 206 206 59 59 59 59 79 54 54 130 130 130 133 133 133 133 60 60 60 60 
60 198 198 198 198 129 129 206 197 197 59 59 59 59 59 65 54 54 130 130 130 133 133 133 133 60 60 60 60 
60 198 198 198 129 198 198 197 197 197 197 59 59 59 59 54 54 54 130 130 130 130 133 133 213 213 60 60 60 
60 198 198 129 198 198 198 197 197 197 197 197 59 59 59 54 54 54 130 130 130 130 133 213 213 213 213 60 60 
198 198 129 198 198 198 40 197 197 197 197 197 197 59 54 54 54 54 130 130 130 130 64 213 213 213 213 213 60 
129 129 198 198 198 40 40 40 158 158 158 158 158 158 54 54 54 54 130 130 130 64 64 64 64 213 213 38 38 
95 95 95 95 198 40 40 40 40 158 158 77 77 77 137 137 137 137 137 130 64 64 64 64 64 229 229 229 229 
95 95 95 95 40 40 40 40 40 77 77 77 77 77 137 137 137 137 137 137 110 64 64 64 64 229 229 229 229 
95 95 95 85 85 40 40 40 40 141 141 82 82 82 137 137 137 137 137 137 110 110 64 64 187 187 187 229 229 
95 85 85 85 85 85 40 82 141 141 141 141 141 62 62 137 137 137 137 110 110 110 110 139 187 187 187 187 187 
85 85 85 85 85 85 85 82 141 141 141 141 62 62 62 62 137 137 110 110 110 110 110 139 187 187 187 187 187 
85 85 85 85 85 85 85 82 141 141 141 141 62 62 62 62 62 110 110 110 110 110 110 110 187 187 187 187 238 
238 85 85 85 85 85 85 248 248 248 248 248 62 62 62 62 62 110 110 110 110 110 110 110 187 238 238 238 238 
238 85 85 85 85 85 68 248 248 248 248 248 62 62 62 62 179 179 179 200 110 110 42 42 42 42 238 238 238 
238 85 85 68 68 68 68 43 43 43 43 43 62 62 62 179 179 179 179 179 200 42 42 42 42 42 238 238 238 
238 68 68 68 68 68 68 43 43 43 43 43 43 62 62 179 179 179 179 179 42 42 42 42 42 42 49 238 238 
101 68 68 68 68 68 68 68 43 43 43 43 43 120 120 179 179 179 179 179 42 42 42 42 42 42 49 49 101 
101 68 68 68 68 18 68 68 43 43 43 43 43 120 120 120 179 179 179 179 179 42 42 42 42 42 101 101 101 
101 68 68 68 68 68 68 68 68 43 43 43 120 120 120 120 120 2 2 2 2 42 42 42 42 101 101 101 101 
101 101 68 68 68 68 68 68 68 43 128 128 120 120 120 120 120 2 2 2 2 109 42 42 101 101 101 101 101 
101 101 68 68 68 68 68 68 224 224 128 153 153 153 153 120 53 53 53 53 53 109 42 101 101 101 101 101 101 
101 48 48 212 212 224 224 224 224 224 224 153 153 153 153 112 112 53 53 53 166 166 166 166 101 101 101 101 101 
48 48 48 48 48 224 224 224 224 224 224 153 153 153 112 112 112 112 53 166 166 166 166 166 166 101 101 101 101 
48 48 48 48 48 224 224 224 224 224 224 153 153 153 112 112 112 112 112 166 166 166 166 166 166 191 191 191 191 
191 48 48 48 48 48 224 224 224 224 224 153 153 112 112 112 112 112 50 50 166 166 166 166 166 191 191 191 191 
191 46 46 46 46 46 46 224 206 206 206 206 112 112 79 79 79 79 50 50 50 166 166 166 191 191 191 191 191 
191 46 46 46 46 46 46 206 206 206 206 206 206 79 79 79 79 79 50 50 50 50 166 166 191 191 191 191 191 
191 46 46 46 46 46 206 206 206 206 206 206 195 79 79 79 79 79 50 50 50 50 50 133 191 191 191 191 191 
60 94 94 94 94 94 206 206 206 206 206 206 195 195 195 79 79 79 50 50 50 50 133 133 133 60 60 60 60 
60 60 94 94 94 94 206 206 206 206 206 206 195 195 195 79 65 88 50 88 50 133 133 133 133 60 60 60 60 
60 60 198 198 198 198 206 206 206 206 206 206 195 195 65 65 65 65 88 88 88 133 133 133 133 60 60 60 60 
60 198 198 198 198 198 198 197 197 197 197 197 59 59 65 65 65 65 65 88 130 133 133 133 133 60 60 60 60 
60 198 198 129 198 198 198 197 197 197 197 197 197 59 65 65 65 65 65 130 130 133 133 133 133 60 60 60 60 
60 129 129 198 198 198 40 40 158 158 158 158 158 158 65 65 65 65 130 130 130 64 64 64 64 60 38 38 38 
38 129 129 198 198 40 40 40 158 158 158 158 158 158 97 97 65 65 130 130 64 64 64 64 64 229 38 38 38 
95 95 129 198 198 40 40 40 40 158 158 158 158 158 97 97 137 137 137 99 64 64 64 64 64 229 229 38 38 
95 95 95 85 180 40 40 40 40 40 158 158 158 97 97 97 137 137 137 137 64 64 64 64 64 229 229 229 229 
95 95 85 85 85 180 40 40 40 141 141 141 141 141 97 137 137 137 137 137 110 64 64 64 64 229 229 229 229 
85 85 85 85 85 85 180 141 141 141 141 141 141 62 62 62 137 137 137 137 110 34 64 64 187 187 187 187 187 
85 85 85 85 85 85 180 141 141 141 141 141 62 62 62 62 137 137 137 110 34 34 34 34 187 187 187 187 187 
85 85 85 85 85 85 85 248 141 141 141 141 62 62 62 62 62 110 110 110 34 34 34 34 187 187 187 187 238 
85 85 85 85 85 85 85 248 248 248 248 248 62 62 62 62 62 62 110 110 110 34 34 34 187 187 238 238 238 
85 85 85 85 85 85 248 248 248 248 248 248 62 62 62 62 62 179 179 110 110 110 34 42 42 42 238 238 238 
85 85 85 85 68 68 68 248 248 248 248 248 62 62 62 62 179 179 179 179 179 42 42 42 42 42 238 238 238 
68 68 68 68 68 68 68 68 248 248 248 43 43 62 62 179 179 179 179 179 179 42 42 42 42 42 49 238 238 
68 68 68 68 68 68 68 68 43 43 43 43 43 120 120 179 179 179 179 179 179 42 42 42 42 42 49 49 101 
101 68 68 68 68 68 68 68 68 43 43 43 120 120 120 120 179 179 179 179 109 109 42 42 42 42 101 101 101 
101 68 68 68 68 68 68 68 68 43 43 120 120 120 120 120 120 120 179 179 109 109 109 42 42 101 101 101 101 
101 101 68 68 68 68 68 68 68 224 224 120 120 120 120 120 120 120 120 109 109 109 109 42 101 101 101 101 101 
101 101 68 68 68 68 68 224 224 224 224 153 153 120 120 120 120 120 53 140 140 109 109 101 101 101 101 101 101 
219 219 212 212 212 224 224 224 224 224 224 184 153 120 120 120 140 140 140 140 166 166 166 166 166 101 219 219 219 
219 219 212 212 212 224 224 224 224 224 224 184 184 153 112 112 140 140 140 140 166 166 166 166 166 219 219 219 219 
191 48 48 212 212 224 224 224 224 224 224 184 184 153 112 112 140 140 140 166 166 166 166 166 166 191 191 191 191 
191 46 46 46 46 46 144 224 224 224 224 184 184 112 79 79 112 140 50 50 166 166 166 166 166 191 191 191 191 
191 46 46 46 46 46 144 144 206 206 206 206 79 79 79 79 79 50 50 50 50 166 166 166 166 191 191 191 191 
191 46 46 46 46 46 206 206 206 206 206 206 206 79 79 79 79 50 50 50 50 50 166 166 191 191 191 191 191 
191 46 46 46 46 46 206 206 206 206 206 206 195 195 79 79 79 79 50 50 50 50 50 133 133 191 191 191 191 
60 60 46 46 46 46 206 206 206 206 206 195 195 195 195 79 79 79 50 50 50 50 133 133 133 60 60 60 60 
60 60 94 46 46 206 206 206 206 206 206 195 195 195 195 65 65 88 88 88 88 133 133 133 133 60 60 60 60 
60 60 198 198 198 198 206 206 206 206 206 206 195 195 65 65 65 65 88 88 88 133 133 133 133 60 60 60 60 
60 60 198 198 198 198 198 206 206 206 206 206 195 195 65 65 65 65 88 88 88 133 133 133 133 60 60 60 60 
60 198 129 129 198 198 40 40 197 197 197 197 197 65 65 65 65 65 65 88 88 133 133 133 133 60 60 60 60 
60 129 129 129 198 40 40 40 158 158 158 158 158 158 65 65 65 65 65 88 88 64 64 64 64 60 38 38 38 
38 38 129 129 198 40 40 40 158 158 158 158 158 158 97 97 65 65 99 99 64 64 64 64 64 229 38 38 38 
38 38 129 180 180 40 40 40 40 158 158 158 158 97 97 97 97 137 99 99 64 64 64 64 64 229 229 38 38 
38 95 180 180 180 180 40 40 40 40 158 158 158 97 97 97 97 137 137 99 64 64 64 64 64 229 229 229 229 
85 85 85 85 180 180 180 40 40 141 141 141 141 97 97 97 137 137 137 99 34 64 64 64 64 229 229 229 229 
85 85 85 85 85 180 180 11 141 141 141 141 141 62 62 97 137 137 137 34 34 34 64 64 64 229 229 229 229 
85 85 85 85 85 180 180 11 141 141 141 154 62 62 62 62 62 137 137 34 34 34 34 34 64 64 229 229 229 
85 85 85 85 85 85 180 248 248 248 248 154 62 62 62 62 62 62 137 34 34 34 34 34 34 187 187 229 229 
85 85 85 85 85 85 85 248 248 248 248 248 62 62 62 62 62 62 110 34 34 34 34 34 34 187 238 238 238 
85 85 85 85 85 85 248 248 248 248 248 248 62 62 62 62 62 179 179 34 34 34 34 34 123 123 238 238 238 
85 85 85 85 85 68 68 248 248 248 248 248 62 62 62 62 179 179 179 179 123 34 123 42 123 123 238 238 238 
160 85 68 68 68 68 68 248 248 248 248 248 247 247 247 179 179 179 179 179 109 109 109 42 42 42 49 238 160 
160 68 68 68 68 68 68 68 248 248 248 247 247 120 120 120 179 179 179 179 109 109 109 109 42 252 252 252 160 
160 68 68 68 68 68 68 68 68 248 43 120 120 120 120 120 120 179 179 109 109 109 109 109 252 252 252 101 101 
160 68 68 68 68 68 68 68 68 68 120 120 120 120 120 120 120 120 179 109 109 109 109 109 252 252 252 101 101 
101 68 68 68 68 68 68 68 224 224 120 120 120 120 120 120 120 120 140 109 109 109 109 109 252 252 101 101 101 
101 219 68 68 68 68 68 224 224 224 224 120 120 120 120 120 120 120 140 140 140 109 109 109 252 101 101 101 101 
219 219 212 212 212 212 224 224 224 224 184 184 184 120 120 120 140 140 140 140 140 166 166 166 166 219 219 219 219 
219 219 212 212 212 212 224 224 224 224 184 184 184 184 184 140 140 140 140 140 166 166 166 166 166 219 219 219 219 
219 219 212 212 212 212 144 144 224 224 184 184 184 184 184 140 140 140 140 140 166 166 166 166 166 219 219 219 219 
191 46 212 212 212 170 144 144 144 224 184 184 184 184 79 79 140 140 140 209 166 166 166 166 166 191 191 191 191 
191 46 46 46 46 46 144 144 144 206 206 184 184 79 79 79 79 50 50 209 209 166 166 166 166 191 191 191 191 
191 46 46 46 46 46 206 206 206 206 206 206 206 79 79 79 79 50 50 209 209 209 166 166 166 191 191 191 191 
191 46 46 46 46 46 206 206 206 206 206 195 195 195 79 79 79 79 50 50 209 209 209 166 133 191 191 191 191 
60 60 46 46 46 46 206 206 206 206 206 195 195 195 195 79 79 88 88 88 88 209 133 133 133 60 60 60 60 
60 60 60 46 46 113 206 206 206 206 206 195 195 195 195 65 65 88 88 88 88 88 133 133 133 60 60 60 60 
60 60 60 198 198 113 206 206 206 206 206 195 195 195 65 65 65 65 88 88 88 88 133 133 133 60 60 60 60 
60 60 198 198 198 198 206 206 206 206 206 195 195 195 65 65 65 65 88 88 88 88 133 133 133 60 60 60 60 
60 60 129 129 198 198 40 44 44 44 44 44 44 65 65 65 65 65 88 88 88 88 133 133 133 60 60 60 60 
60 60 129 129 198 40 40 158 158 158 158 44 44 138 65 65 65 65 65 88 88 149 149 149 149 60 38 38 38 
38 38 129 129 198 40 40 40 158 158 158 158 158 138 97 97 97 65 99 99 99 149 149 149 149 229 38 38 38 
38 38 180 180 180 180 40 40 158 158 158 158 158 97 97 97 97 97 99 99 99 64 149 149 149 229 229 38 38 
38 85 180 180 180 180 180 11 40 158 158 158 97 97 97 97 97 99 99 99 99 64 64 64 64 229 229 229 229 
85 85 85 180 180 180 180 11 11 11 11 154 154 97 97 97 97 99 99 99 99 64 64 64 64 229 229 229 229 
85 85 85 180 180 180 180 11 11 11 154 154 154 154 97 97 97 137 99 34 34 34 34 64 64 229 229 229 229 
85 85 85 85 180 180 180 11 11 154 154 154 154 62 62 62 62 137 137 34 34 34 34 34 64 229 229 229 229 
85 85 85 85 85 85 180 11 248 248 154 154 154 62 62 62 62 62 34 34 34 34 34 34 123 123 229 229 243 
85 85 85 85 85 85 85 248 248 248 248 154 154 62 62 62 62 62 34 34 34 34 34 123 123 123 123 243 243 
243 85 85 85 85 85 248 248 248 248 248 248 62 62 62 62 62 62 179 123 123 123 123 123 123 123 123 243 243 
160 85 85 85 85 85 248 248 248 248 248 248 247 247 247 62 62 179 179 239 123 123 123 123 123 123 252 252 160 
160 160 160 85 68 68 68 248 248 248 248 247 247 247 247 247 247 179 179 109 109 109 109 123 123 252 252 252 160 
160 160 160 68 68 68 68 68 248 248 248 247 247 247 247 120 120 179 179 109 109 109 109 109 252 252 252 252 160 
160 160 160 68 68 68 68 68 90 90 120 120 120 120 120 120 120 120 109 109 109 109 109 109 252 252 252 252 252 
160 160 218 68 68 68 68 68 90 90 120 120 120 120 120 120 120 120 109 109 109 109 109 109 252 252 252 252 252 
219 218 218 68 68 68 68 90 90 90 184 120 120 120 120 120 120 140 140 109 109 109 109 109 252 252 252 219 219 
219 219 212 212 212 90 90 224 224 224 184 184 120 120 120 120 120 140 140 140 140 109 109 109 252 252 219 219 219 
219 219 212 212 212 212 90 90 90 184 184 184 184 223 120 140 140 140 140 140 140 251 251 251 219 219 219 219 219 
219 219 212 212 212 212 144 144 224 184 184 184 184 223 223 140 140 140 140 140 251 251 251 251 219 219 219 219 219 
219 219 212 212 212 170 144 144 144 184 184 184 184 223 223 140 140 140 140 140 166 166 166 166 166 219 219 219 219 
219 219 212 212 170 170 144 144 144 144 184 184 184 223 223 140 140 140 140 209 166 166 166 166 166 219 219 219 219 
191 46 212 46 170 170 144 144 144 4 4 4 4 4 79 79 51 51 209 209 209 166 166 166 166 191 191 191 191 
191 46 46 46 46 170 144 144 206 206 4 4 4 4 79 79 51 51 209 209 209 209 166 166 191 191 191 191 191 
191 46 46 46 113 113 113 206 206 206 206 4 4 195 79 79 51 51 51 209 209 209 209 227 227 191 191 191 191 
60 60 46 113 113 113 113 206 206 206 206 195 195 195 195 79 51 51 88 88 88 88 133 133 133 60 60 60 60 
60 60 60 113 113 113 113 206 206 206 206 195 195 195 195 65 65 88 88 88 88 88 133 133 133 60 60 60 60 
60 60 60 198 113 113 113 206 206 206 206 195 195 195 65 65 65 88 88 88 88 88 88 133 133 60 60 60 60 
60 60 155 198 100 100 100 44 44 44 44 44 195 195 65 65 65 65 88 88 88 88 88 133 133 60 60 60 60 
60 60 155 155 198 100 44 44 44 44 44 44 44 138 65 65 65 65 88 88 88 88 88 133 149 60 60 60 60 
60 155 155 129 198 44 44 44 44 44 44 44 44 138 138 138 65 65 65 88 88 149 149 149 149 149 60 38 60 
38 38 155 180 180 180 44 44 44 44 44 44 44 138 138 138 138 138 99 99 99 149 149 149 149 149 38 38 38 
38 180 180 180 180 180 180 44 44 158 158 158 97 97 97 97 97 97 99 99 99 149 149 149 149 149 229 38 38 
180 180 180 180 180 180 180 11 11 16 16 16 97 97 97 97 97 99 99 99 99 149 149 149 149 149 229 229 229 
85 85 180 180 180 180 180 11 11 16 16 16 154 97 97 97 97 99 99 99 99 149 149 149 149 149 229 229 229 
85 85 180 180 180 180 180 11 11 11 154 154 154 154 97 97 97 99 99 99 34 34 149 149 149 149 229 229 229 
85 85 85 180 180 180 180 11 11 11 154 154 154 154 62 97 97 99 99 34 34 34 34 149 149 149 229 229 243 
243 85 85 85 85 180 180 11 11 154 154 154 154 154 62 62 62 62 34 34 34 34 123 123 123 123 123 243 243 
243 243 85 85 85 85 85 248 248 248 154 154 154 154 62 62 62 62 34 123 123 123 123 123 123 123 123 243 243 
243 243 243 85 85 85 248 248 248 248 248 154 154 247 247 62 62 239 239 123 123 123 123 123 123 123 123 243 243 
160 160 160 160 85 85 248 248 248 248 248 247 247 247 247 247 239 239 239 239 123 123 123 123 123 123 252 252 160 
160 160 160 160 160 68 68 248 248 248 248 247 247 247 247 247 247 239 239 109 109 109 123 123 252 252 252 252 160 
160 160 160 160 68 68 68 90 248 248 247 247 247 247 247 247 247 239 239 109 109 109 109 252 252 252 252 252 160 
160 160 160 160 68 90 90 90 90 90 90 120 120 120 120 120 120 120 109 109 109 109 109 109 252 252 252 252 252 
160 160 218 218 68 90 90 90 90 90 90 120 120 120 120 120 120 120 109 109 109 109 109 109 252 252 252 252 252 
219 218 218 218 218 90 90 90 90 90 90 120 120 120 120 120 120 140 140 109 109 109 109 109 252 252 252 219 219 
219 219 212 212 212 90 90 90 90 90 184 184 120 120 120 120 140 140 140 140 140 109 109 109 252 252 219 219 219 
219 219 212 212 212 90 90 90 90 184 184 184 223 223 223 140 140 140 140 140 140 237 237 251 251 219 219 219 219 
219 219 212 212 212 170 170 144 144 184 184 184 223 223 223 140 140 140 140 140 251 251 251 251 251 219 219 219 219 
219 219 212 212 170 170 170 144 144 184 184 184 223 223 223 140 140 140 140 251 251 251 251 251 251 219 219 219 219 
219 219 212 170 170 170 170 144 144 4 4 4 4 223 223 51 51 51 51 251 251 251 251 251 251 219 219 219 219 
219 219 212 170 170 170 170 144 144 4 4 4 4 4 4 51 51 51 51 209 251 251 251 251 251 191 219 219 219 
219 46 46 46 170 170 170 144 144 4 4 4 4 4 51 51 51 51 51 209 209 251 251 227 227 191 191 191 191 
191 113 113 113 113 113 113 113 206 4 4 4 4 4 4 51 51 51 51 51 209 209 227 227 227 227 191 191 191 
60 113 113 113 113 113 113 113 206 206 4 4 4 4 4 51 51 51 51 88 88 88 227 227 227 227 227 60 60 
60 60 113 113 113 113 113 113 206 206 206 4 4 4 195 51 65 88 88 88 88 88 227 227 227 227 232 232 60 
60 60 155 113 113 113 113 100 206 206 206 195 195 195 65 65 65 88 88 88 88 88 88 227 227 232 232 232 60 
60 155 155 155 100 100 100 100 44 44 44 44 195 138 65 65 65 88 88 88 88 88 88 227 227 232 232 232 60 
155 155 155 155 100 100 100 44 44 44 44 44 44 138 138 138 65 65 88 88 88 88 88 149 149 185 232 232 60 
155 155 155 155 155 44 44 44 44 44 44 44 44 138 138 138 138 138 138 88 88 88 149 149 149 185 185 185 60 
155 155 155 148 148 148 44 44 44 44 44 44 44 138 138 138 138 138 99 99 99 149 149 149 149 149 149 38 38 
155 155 148 148 148 148 148 16 16 16 16 16 16 138 138 138 138 138 99 99 99 149 149 149 149 149 149 38 38 
180 180 180 180 180 180 180 11 16 16 16 16 16 97 97 97 97 97 99 99 99 149 149 149 149 149 149 149 149 
243 180 180 180 180 180 180 11 11 16 16 16 16 97 97 97 97 97 99 99 99 149 149 149 149 149 149 149 149 
243 85 180 180 180 180 180 11 11 16 16 154 154 154 97 97 97 97 99 99 99 149 149 149 149 149 149 149 149 
243 85 85 180 180 180 180 11 11 11 154 154 154 154 154 97 97 167 99 99 123 123 123 123 149 149 149 149 243 
243 243 243 85 180 180 180 11 11 154 154 154 154 154 154 62 167 167 167 123 123 123 123 123 123 123 123 243 243 
243 243 243 243 85 85 180 11 11 248 154 154 154 154 154 62 62 167 167 123 123 123 123 123 123 123 123 243 243 
243 243 243 243 85 85 248 248 248 248 154 154 154 247 247 247 239 239 239 239 123 123 123 123 123 123 123 181 243 
160 160 160 160 160 160 248 248 248 248 154 247 247 247 247 247 239 239 239 239 123 123 123 123 123 252 252 252 160 
160 160 160 160 160 160 90 248 248 248 247 247 247 247 247 247 239 239 239 239 123 123 123 123 252 252 252 252 160 
160 160 160 160 160 90 90 90 90 90 221 247 247 247 247 247 247 239 239 109 109 109 109 252 252 252 252 252 160 
160 160 160 218 218 90 90 90 90 90 221 221 221 247 120 120 120 239 239 109 109 109 109 252 252 252 252 252 160 
160 218 218 218 218 90 90 90 90 90 90 221 120 120 120 120 120 120 109 109 109 109 109 252 252 252 252 252 252 
249 218 218 218 218 90 90 90 90 90 90 120 120 120 120 120 120 140 140 109 109 109 109 252 252 252 252 252 219 
219 219 218 218 218 90 90 90 90 90 184 184 223 223 120 120 140 140 140 140 140 109 109 252 252 252 219 219 219 
219 219 218 218 218 90 90 90 90 90 184 223 223 223 223 223 140 140 140 140 237 237 237 237 237 219 219 219 219 
219 219 212 212 170 170 170 90 90 184 184 223 223 223 223 223 140 140 140 251 251 251 251 251 251 219 219 219 219 
219 219 219 170 170 170 170 170 144 184 184 223 223 223 223 223 140 140 140 251 251 251 251 251 251 219 219 219 219 
219 219 170 170 170 170 170 170 144 4 4 4 4 223 223 51 51 51 51 251 251 251 251 251 251 219 219 219 219 
219 8 170 170 170 170 170 170 144 4 4 4 4 4 51 51 51 51 51 251 251 251 251 251 251 227 219 219 219 
8 8 170 170 170 170 170 170 4 4 4 4 4 4 51 51 51 51 51 51 251 251 251 227 227 227 227 8 8 
8 113 113 113 113 113 113 113 4 4 4 4 4 4 51 51 51 51 51 51 227 227 227 227 227 227 227 227 8 
8 113 113 113 113 113 113 113 113 4 4 4 4 4 4 51 51 51 51 51 88 227 227 227 227 227 227 227 232 
232 155 113 113 113 113 113 113 113 4 4 4 4 4 178 178 178 178 178 88 88 227 227 227 227 227 232 232 232 
232 155 155 113 113 100 100 100 100 100 104 104 104 104 178 178 178 178 88 88 88 88 227 227 227 232 232 232 232 
155 155 155 155 100 100 100 100 100 44 44 104 104 104 138 178 178 178 88 88 88 88 88 227 227 232 232 232 232 
155 155 155 155 100 100 100 100 44 44 44 44 44 138 138 138 138 138 88 88 88 88 88 149 185 185 232 232 232 
155 155 155 155 155 100 100 44 44 44 44 44 44 138 138 138 138 138 138 88 88 88 149 149 185 185 185 185 232 
155 155 155 148 148 148 148 44 44 44 44 44 44 138 138 138 138 138 138 99 201 201 149 149 185 185 185 185 185 
155 155 148 148 148 148 148 16 16 16 16 16 16 138 138 138 138 138 99 99 201 201 149 149 149 185 185 185 185 
155 148 148 148 148 148 148 16 16 16 16 16 16 138 138 138 138 138 99 99 201 201 149 149 149 149 149 149 149 
243 180 180 180 180 180 180 11 16 16 16 16 16 138 97 97 97 138 99 99 201 201 149 149 149 149 149 149 149 
243 127 159 159 159 159 159 11 16 16 16 16 154 154 30 97 30 30 99 99 201 201 149 149 149 149 149 149 134 
243 243 243 159 159 159 159 159 11 11 154 154 154 154 30 30 30 167 167 167 123 123 123 123 123 181 181 181 243 
243 243 243 159 159 159 159 159 11 154 154 154 154 154 154 30 167 167 167 167 123 123 123 123 123 181 181 181 243 
243 243 243 243 159 159 159 159 11 154 154 154 154 154 154 167 167 167 167 167 123 123 123 123 123 181 181 181 243 
243 243 243 243 243 159 159 159 248 248 154 154 154 154 247 247 239 239 239 239 123 123 123 123 123 181 181 181 243 
160 160 160 160 160 160 159 248 248 248 154 154 247 247 247 247 239 239 239 239 123 123 123 123 123 252 252 181 160 
160 160 160 160 160 160 90 90 90 221 221 221 247 247 247 247 239 239 239 239 123 123 123 252 252 252 252 252 160 
160 160 160 160 160 90 90 90 90 221 221 221 221 247 247 247 239 239 239 239 109 109 252 252 252 252 252 252 160 
160 160 160 218 218 90 90 90 90 90 221 221 221 221 10 10 10 239 239 109 109 109 252 252 252 252 252 252 160 
249 218 218 218 218 90 90 90 90 90 221 221 221 221 120 10 10 10 109 109 109 109 252 252 252 252 252 252 252 
249 218 218 218 218 90 90 90 90 90 90 221 221 120 120 120 140 140 140 109 109 109 252 252 252 252 252 252 249 
219 218 218 218 218 90 90 90 90 90 90 223 223 223 223 223 140 140 140 140 237 237 237 252 252 252 219 219 219 
219 249 218 218 218 90 90 90 90 90 90 223 223 223 223 223 223 140 140 237 237 237 237 237 237 219 219 219 219 
219 219 219 170 170 170 170 90 90 90 184 223 223 223 223 223 223 140 140 237 237 237 237 237 237 219 219 219 219 
219 219 170 170 170 170 170 170 170 4 184 223 223 223 223 223 223 140 140 251 251 251 251 251 251 219 219 219 219 
8 8 8 170 170 170 170 170 170 4 4 4 4 223 223 51 51 51 51 251 251 251 251 251 251 219 219 219 8 
8 8 8 170 170 170 170 170 170 4 4 4 4 4 4 51 51 51 51 251 251 251 251 251 251 227 8 8 8 
8 8 8 170 170 170 170 170 4 4 4 4 4 4 51 51 51 51 51 51 251 251 227 227 227 227 227 8 8 
8 8 182 113 113 113 113 113 4 4 4 4 4 4 4 51 51 51 51 51 227 227 227 227 227 227 227 227 8 
8 182 182 113 113 113 113 113 113 4 4 4 4 4 4 51 51 51 51 51 227 227 227 227 227 227 227 227 232 
232 155 182 113 113 113 113 113 113 4 4 104 104 104 178 178 178 178 178 178 227 227 227 227 227 227 232 232 232 
232 155 155 155 113 100 100 100 100 100 104 104 104 104 104 178 178 178 178 178 178 227 227 227 227 232 232 232 232 
155 155 155 155 100 100 100 100 100 100 104 104 104 104 104 178 178 178 178 178 178 227 227 227 227 232 232 232 232 
155 155 155 155 100 100 100 100 44 44 44 104 104 104 138 138 138 178 178 178 88 88 227 185 185 185 232 232 232 
155 155 155 155 100 100 100 44 44 44 44 44 104 138 138 138 138 138 138 178 201 201 201 185 185 185 185 185 185 
155 155 155 148 148 148 148 44 44 44 44 44 44 138 138 138 138 138 138 201 201 201 201 185 185 185 185 185 185 
155 155 155 148 148 148 148 148 16 16 16 16 16 138 138 138 138 138 138 201 201 201 201 185 185 185 185 185 185 
155 148 148 148 148 148 148 148 16 16 16 16 16 138 138 138 138 138 138 201 201 201 201 201 185 185 185 185 185 
127 127 127 148 148 148 148 148 16 16 16 16 16 30 30 30 30 138 151 201 201 201 201 201 201 185 185 185 134 
127 127 127 159 159 159 159 159 16 16 16 16 81 30 30 30 30 30 167 167 201 201 201 201 149 149 185 134 134 
243 243 127 159 159 159 159 159 159 16 16 154 154 30 30 30 30 167 167 167 167 123 123 123 181 181 181 181 134 
243 243 243 159 159 159 159 159 159 154 154 154 154 154 30 30 167 167 167 167 167 123 123 123 181 181 181 181 181 
243 243 243 243 159 159 159 159 159 154 154 154 233 233 233 167 167 167 167 167 167 123 123 214 181 181 181 181 243 
243 243 243 243 243 159 159 159 159 248 233 233 233 233 233 233 167 167 167 167 167 123 123 214 181 181 181 181 243 
160 160 160 160 160 160 159 159 221 221 233 233 233 233 233 233 239 239 239 239 167 123 123 214 181 181 181 181 160 
160 160 160 160 160 160 176 90 221 221 221 221 233 233 233 233 239 239 239 239 123 123 123 252 252 252 252 252 160 
160 160 160 160 160 176 176 90 90 221 221 221 221 221 10 10 10 239 239 239 162 123 252 252 252 252 252 252 160 
160 160 218 218 218 90 90 90 90 221 221 221 221 221 10 10 10 10 239 162 162 162 252 252 252 252 252 252 160 
249 249 218 218 218 218 90 90 90 90 221 221 221 221 10 10 10 10 10 162 162 162 252 252 252 252 252 252 249 
249 249 218 218 218 218 90 90 90 90 221 221 221 221 10 10 10 10 10 162 162 162 252 252 252 252 252 252 249 
249 249 218 218 218 218 90 90 90 90 90 223 223 223 223 223 140 140 140 237 237 237 237 237 252 252 252 219 249 
249 249 249 218 218 90 90 90 90 90 90 223 223 223 223 223 223 140 237 237 237 237 237 237 237 231 219 219 219 
219 219 249 218 170 170 90 90 90 90 184 199 223 223 223 223 223 223 237 237 237 237 237 237 231 231 231 219 219 
8 8 8 170 170 170 170 170 236 236 236 199 199 199 199 199 199 51 132 237 237 237 237 237 237 231 8 8 8 
8 8 8 170 170 170 170 170 236 236 236 236 199 199 199 199 51 51 132 132 251 251 251 251 251 8 8 8 8 
8 8 8 170 170 170 170 170 236 236 236 236 236 199 199 199 51 51 51 251 251 251 251 227 227 227 8 8 8 
8 8 182 182 170 170 170 147 236 236 236 236 236 199 199 51 51 51 51 51 227 227 227 227 227 227 8 8 8 
8 182 182 182 182 113 113 147 236 236 236 4 4 4 199 51 51 51 51 51 227 227 227 227 227 227 227 8 8 
8 182 182 182 182 113 113 113 113 236 4 4 4 4 178 178 178 178 178 178 227 227 227 227 227 227 227 227 8 
155 182 182 182 182 113 113 100 100 104 104 104 104 104 104 178 178 178 178 178 227 227 227 227 227 227 232 232 232 
155 155 155 182 182 100 100 100 100 104 104 104 104 104 104 178 178 178 178 178 227 227 227 227 227 227 232 232 232 
155 155 155 155 100 100 100 100 100 75 104 104 104 104 104 178 178 178 178 178 178 227 227 227 227 232 232 232 232 
155 155 155 155 23 100 100 100 100 44 104 104 104 104 138 138 178 178 178 178 178 3 3 185 185 185 185 232 155 
155 155 155 155 23 23 23 23 44 75 75 75 104 138 138 138 138 138 138 178 201 201 177 185 185 185 185 185 155 
155 155 155 190 23 148 148 148 148 44 75 75 104 138 138 138 138 138 151 151 201 201 201 185 185 185 185 185 185 
155 155 148 148 148 148 148 148 16 16 16 81 81 81 138 138 138 138 151 151 201 201 201 185 185 185 185 185 185 
155 148 148 148 148 148 148 148 16 16 81 81 81 81 30 30 30 151 151 151 201 201 201 201 185 185 185 185 185 
127 127 127 148 148 148 148 148 16 16 81 81 81 30 30 30 30 30 151 151 201 201 201 201 185 185 185 185 134 
127 127 127 159 159 159 159 159 16 16 81 81 81 30 30 30 30 30 167 167 201 201 201 201 185 185 134 134 134 
243 127 127 159 159 159 159 159 159 16 81 81 30 30 30 30 30 167 167 167 167 167 167 214 181 181 181 181 134 
243 243 127 159 159 159 159 159 159 159 81 81 233 30 30 30 167 167 167 167 167 167 214 214 181 181 181 181 181 
243 243 243 159 159 159 159 159 159 233 233 233 233 233 233 233 167 167 167 167 167 167 214 214 181 181 181 181 181 
243 243 243 243 243 159 159 159 159 233 233 233 233 233 233 233 167 167 167 167 167 167 214 214 181 181 181 181 181 
160 160 160 160 176 176 176 176 221 221 233 233 233 233 233 233 233 167 167 167 167 211 214 214 181 181 181 181 160 
160 160 160 160 176 176 176 176 221 221 221 221 233 233 233 233 233 167 167 167 167 162 214 214 252 181 181 181 160 
160 160 160 160 176 176 176 176 90 221 221 221 221 233 10 10 10 10 167 162 162 162 162 252 252 252 252 252 160 
249 249 249 218 218 176 90 90 90 221 221 221 221 221 10 10 10 10 162 162 162 162 162 252 252 252 252 252 249 
249 249 249 218 218 218 90 90 90 221 221 221 221 221 10 10 10 10 10 162 162 162 162 252 252 252 241 241 249 
249 249 249 218 218 218 90 90 90 90 221 221 221 221 10 10 10 10 10 162 162 162 162 252 252 241 241 241 249 
249 249 249 218 218 218 90 90 90 90 90 221 223 223 223 10 10 10 237 237 237 237 237 237 252 241 241 219 249 
249 249 249 249 218 90 90 90 90 90 193 199 199 199 199 199 230 230 230 237 237 237 237 237 231 231 231 231 219 
8 8 249 249 170 170 90 90 90 193 193 199 199 199 199 199 199 230 230 237 237 237 237 237 231 231 231 8 8 
8 8 8 170 170 170 105 105 105 236 236 199 199 199 199 199 199 132 132 132 237 237 237 237 231 231 231 8 8 
8 8 8 147 170 170 170 105 105 236 236 236 199 199 199 199 199 132 132 132 132 237 237 237 231 231 8 8 8 
8 8 8 147 147 147 147 147 105 236 236 236 236 199 199 199 199 132 132 132 132 251 227 227 227 227 8 8 8 
8 8 182 182 147 147 147 147 147 236 236 236 236 199 199 199 199 51 132 132 227 227 227 227 227 227 8 8 8 
8 182 182 182 182 147 147 147 147 236 236 236 236 236 199 199 51 51 51 146 227 227 227 227 227 227 227 205 8 
8 182 182 182 182 147 147 147 147 236 236 236 236 236 199 178 178 178 178 146 227 227 227 227 227 227 227 205 205 
205 182 182 182 182 147 147 147 147 236 236 104 104 104 178 178 178 178 178 178 227 227 227 227 227 227 227 205 205 
155 155 182 182 182 147 147 100 100 75 75 104 104 104 104 178 178 178 178 178 178 3 3 3 3 227 232 232 232 
155 155 155 155 182 100 100 100 100 75 75 104 104 104 104 178 178 178 178 178 178 3 3 3 3 3 232 232 155 
155 155 155 155 23 23 23 23 143 75 75 75 75 104 104 178 178 178 178 178 47 3 3 3 185 185 185 232 155 
155 155 155 190 23 23 23 23 23 75 75 75 75 75 75 138 178 178 178 47 47 177 177 185 185 185 185 185 155 
155 155 190 190 23 23 23 23 23 75 75 75 19 19 138 138 138 151 151 151 151 201 177 185 185 185 185 185 185 
155 155 190 190 23 23 148 148 115 115 81 81 81 81 81 138 30 151 151 151 151 201 201 185 185 185 185 185 134 
134 127 127 148 148 148 148 148 115 115 81 81 81 81 30 30 30 151 151 151 151 201 201 201 185 185 185 134 134 
134 127 127 127 148 148 148 148 115 115 81 81 81 30 30 30 30 151 151 151 151 201 201 201 201 185 134 134 134 
134 127 127 127 127 159 159 159 159 81 81 81 81 30 30 30 30 30 151 151 151 201 201 201 201 134 134 134 134 
134 127 127 127 127 159 159 159 159 81 81 81 30 30 30 30 30 30 167 167 167 167 201 214 37 37 134 134 134 
127 127 127 127 159 159 159 159 159 81 81 81 30 30 30 30 30 167 167 167 167 211 211 214 181 181 181 181 181 
243 127 127 127 159 159 159 159 159 233 233 233 233 233 22 22 22 167 167 167 167 211 211 214 181 181 181 181 181 
243 243 243 243 176 176 176 176 176 233 233 233 233 233 233 22 22 167 167 167 211 211 211 214 181 181 181 181 181 
160 160 160 176 176 176 176 176 176 83 83 233 233 233 233 233 22 167 167 167 211 211 211 214 181 181 181 181 181 
160 160 160 176 176 176 176 176 176 221 83 83 233 233 233 233 233 167 167 162 162 162 162 214 181 181 181 181 160 
160 160 160 176 176 176 176 176 176 221 221 221 233 233 233 233 10 10 162 162 162 162 162 162 252 252 252 241 61 
249 249 249 176 176 176 176 176 176 221 221 221 221 233 233 10 10 10 162 162 162 162 162 162 241 241 241 241 241 
249 249 249 218 176 176 176 176 176 221 221 221 221 221 10 10 10 10 162 162 162 162 162 162 241 241 241 241 249 
249 249 249 218 218 176 176 90 90 221 221 221 221 221 10 10 10 10 162 162 162 162 162 162 241 241 241 241 249 
249 249 249 218 218 218 90 90 90 90 221 221 221 223 223 10 10 230 237 237 237 237 237 237 241 241 241 241 249 
249 249 249 249 218 105 105 105 105 193 193 199 199 199 199 199 230 230 230 230 237 237 237 168 231 231 231 231 231 
8 8 249 249 105 105 105 105 105 193 193 199 199 199 199 199 230 230 230 132 237 237 237 168 231 231 231 231 8 
8 8 8 147 147 105 105 105 105 193 193 199 199 199 199 199 230 230 132 132 132 237 237 237 231 231 231 8 8 
8 8 8 147 147 105 105 105 105 193 236 236 199 199 199 199 199 132 132 132 132 132 237 237 231 231 8 8 8 
8 8 8 147 147 147 147 105 105 236 236 236 236 199 199 199 199 132 132 132 132 132 227 227 227 231 8 8 8 
8 8 182 147 147 147 147 147 105 236 236 236 236 199 199 199 199 146 132 132 146 227 227 227 227 227 175 8 8 
8 182 182 182 147 147 147 147 147 236 236 236 236 236 199 199 146 146 146 146 146 227 227 227 227 227 175 205 8 
205 182 182 182 182 147 147 147 147 236 236 236 236 236 199 178 178 146 146 146 146 227 227 227 227 227 205 205 205 
205 182 182 182 182 147 147 147 147 13 236 236 236 104 104 178 178 178 146 146 146 227 3 3 3 227 205 205 205 
205 155 182 182 182 147 147 147 13 13 75 75 75 104 104 178 178 178 178 146 146 3 3 3 3 3 205 205 205 
155 155 155 155 182 147 147 100 143 75 75 75 75 75 75 178 178 178 178 178 47 3 3 3 3 3 205 205 155 
155 155 155 190 23 23 23 23 143 75 75 75 75 75 75 178 178 178 47 47 47 177 3 3 3 3 185 205 155 
155 155 190 190 190 23 23 23 143 75 75 75 75 19 19 19 47 47 47 47 47 177 177 177 177 185 185 185 155 
155 190 190 190 190 23 23 23 143 143 75 19 19 19 19 19 47 47 47 151 151 177 177 177 177 185 185 185 134 
134 190 190 190 23 23 23 23 115 115 81 81 19 19 19 30 30 151 151 151 151 151 177 177 177 185 134 134 134 
134 127 127 127 148 148 148 148 115 115 81 81 81 81 30 30 30 151 151 151 151 151 177 177 177 134 134 134 134 
134 127 127 127 127 148 148 148 115 115 81 81 81 30 30 30 30 151 151 151 151 151 201 201 134 134 134 134 134 
134 127 127 127 127 127 235 235 235 81 81 81 81 30 30 30 30 30 151 151 151 151 201 201 37 134 134 134 134 
134 127 127 127 127 127 159 235 235 81 81 81 30 30 30 30 30 30 30 167 151 211 211 37 37 37 134 134 134 
134 127 127 127 127 159 159 159 235 172 81 81 30 30 30 30 30 30 167 167 211 211 211 211 37 37 37 37 134 
61 127 127 127 127 159 159 159 235 172 233 233 233 233 22 22 22 22 167 211 211 211 211 211 37 37 37 37 37 
61 61 61 176 176 176 176 176 176 172 233 233 233 233 22 22 22 22 167 211 211 211 211 211 181 181 181 181 181 
61 61 61 176 176 176 176 176 176 83 83 83 233 233 233 22 22 22 167 211 211 211 211 211 181 181 181 181 61 
61 61 61 176 176 176 176 176 176 83 83 83 233 233 233 233 233 233 162 162 162 162 162 162 181 181 181 61 61 
61 61 61 176 176 176 176 176 176 176 83 83 233 233 233 233 233 233 162 162 162 162 162 162 162 241 241 241 61 
61 61 176 176 176 176 176 176 176 221 221 221 233 233 233 233 233 233 162 162 162 162 162 162 241 241 241 241 61 
249 249 249 176 176 176 176 176 176 221 221 221 233 233 233 233 233 162 162 162 162 162 162 162 241 241 241 241 241 
249 249 249 176 176 176 176 176 176 221 221 221 221 233 233 233 233 41 162 162 162 162 162 162 241 241 241 241 241 
249 249 249 249 176 176 176 176 176 90 221 221 221 233 233 230 230 230 230 162 162 162 162 162 241 241 241 241 241 
249 249 249 249 105 105 105 105 105 193 193 193 193 199 199 230 230 230 230 230 230 168 168 168 168 231 231 231 231 
8 8 249 105 105 105 105 105 105 193 193 193 193 199 199 230 230 230 230 230 168 168 168 168 231 231 96 96 96 
8 8 8 147 147 105 105 105 105 193 193 193 199 199 199 199 230 230 230 132 132 168 168 168 231 96 96 96 8 
8 8 8 147 147 105 105 105 105 193 193 193 199 199 199 199 230 230 132 132 132 132 132 168 231 96 96 96 8 
8 8 147 147 147 147 105 105 105 193 193 193 193 199 199 199 199 132 132 132 132 132 132 227 227 175 175 175 8 
8 182 147 147 147 147 147 147 105 236 236 236 236 199 199 199 199 146 146 146 146 146 227 227 227 175 175 175 175 
205 182 182 147 147 147 147 147 147 236 236 236 236 199 199 199 146 146 146 146 146 146 227 227 227 175 175 175 175 
205 182 182 182 147 147 147 147 147 13 236 236 236 236 199 199 146 146 146 146 146 146 56 227 227 205 205 205 205 
205 182 182 182 147 147 147 147 13 13 13 13 236 183 183 178 178 146 146 146 146 56 56 3 3 205 205 205 205 
205 182 182 182 147 147 147 147 13 13 13 75 75 75 183 178 178 146 146 146 146 56 3 3 3 3 205 205 205 
155 155 182 182 147 147 242 242 143 13 75 75 75 75 75 178 178 47 47 47 47 3 3 3 3 3 205 205 205 
155 155 190 190 190 23 23 143 143 143 75 75 75 75 75 47 47 47 47 47 47 177 177 177 177 177 177 205 205 
155 190 190 190 190 23 23 143 143 143 143 75 19 19 19 19 47 47 47 47 47 177 177 177 177 177 177 177 192 
192 190 190 190 190 23 23 23 143 143 143 19 19 19 19 19 47 47 47 47 47 177 177 177 177 177 177 177 192 
134 192 190 190 23 23 23 23 115 115 81 19 19 19 19 30 30 151 151 151 151 177 177 177 177 177 134 134 134 
134 127 127 127 127 23 23 23 115 115 81 81 81 19 30 30 30 151 151 151 151 151 177 177 177 134 134 134 134 
134 127 127 127 127 127 235 235 115 115 81 81 81 30 30 30 30 151 151 151 151 151 177 177 134 134 134 134 134 
134 127 127 127 127 127 235 235 235 81 81 81 81 30 30 30 30 30 151 151 151 151 177 37 37 134 134 134 134 
134 127 127 127 127 127 235 235 235 172 172 172 172 30 30 30 30 30 30 151 151 211 211 37 37 37 37 134 134 
134 127 127 127 127 127 235 235 235 172 172 172 172 30 30 30 30 30 30 211 211 211 211 37 37 37 37 37 134 
61 61 127 127 127 176 235 235 235 172 172 172 172 233 22 22 22 22 167 211 211 211 211 211 37 37 37 37 37 
61 61 61 176 176 176 176 176 176 172 172 172 233 233 233 22 22 22 167 211 211 189 211 211 37 37 37 37 61 
61 61 61 176 176 176 176 176 176 172 83 233 233 233 233 233 22 22 211 211 211 211 211 189 189 37 37 61 61 
61 61 61 176 176 176 176 176 176 176 83 83 233 233 233 233 233 233 162 162 162 162 162 162 162 181 181 61 61 
61 61 61 176 176 176 176 176 176 176 83 233 233 233 233 233 233 233 162 162 162 162 162 162 162 241 241 61 61 
61 61 61 176 176 176 176 176 176 176 233 233 233 233 233 233 233 233 162 162 162 162 162 162 241 241 241 241 61 
61 61 176 176 176 176 176 176 176 176 233 233 233 233 233 233 233 41 162 162 162 162 162 162 241 241 241 241 241 
61 61 176 176 176 176 176 176 176 176 117 233 233 233 233 233 41 41 41 162 162 162 162 162 241 241 241 241 241 
249 249 249 176 176 176 176 176 176 176 117 117 117 117 233 230 230 230 230 162 162 162 168 168 241 241 241 241 241 
249 249 249 105 105 105 105 105 105 193 193 193 193 193 199 230 230 230 230 230 168 168 168 168 168 96 96 96 96 
8 8 105 105 105 105 105 105 105 193 193 193 193 193 199 230 230 230 230 230 168 168 168 168 168 96 96 96 96 
8 8 147 147 147 105 105 105 105 193 193 193 193 193 199 230 230 230 230 230 132 168 168 168 96 96 96 96 96 
8 8 147 147 147 105 105 105 105 193 193 193 193 193 199 199 230 230 230 132 132 132 168 168 96 96 96 175 175 
8 55 147 147 147 147 105 105 105 193 193 193 193 193 199 199 199 230 146 146 132 146 146 168 175 175 175 175 175 
8 55 147 147 147 147 147 105 105 193 193 193 193 193 199 199 146 146 146 146 146 146 146 146 175 175 175 175 175 
205 182 147 147 147 147 147 147 147 193 193 193 193 193 199 199 146 146 146 146 146 146 56 56 227 175 175 175 175 
205 182 182 147 147 147 147 147 13 13 13 13 183 183 183 146 146 146 146 146 146 146 56 56 56 205 205 205 205 
205 182 182 147 147 147 147 147 13 13 13 13 183 183 183 183 146 146 146 146 146 56 56 56 56 205 205 205 205 
205 182 182 147 147 147 147 13 13 13 13 13 183 183 183 183 146 146 146 146 146 56 56 56 56 205 205 205 205 
192 192 192 190 147 242 242 242 13 13 13 143 183 183 183 183 47 47 47 47 47 56 56 56 177 177 205 205 205 
192 192 192 190 190 242 242 242 143 143 143 143 19 183 183 47 47 47 47 47 47 177 177 177 177 177 177 205 192 
192 192 192 190 190 23 242 242 143 143 143 19 19 19 19 19 47 47 47 47 47 177 177 177 177 177 177 177 192 
192 192 192 190 190 23 23 143 143 143 143 19 19 19 19 19 47 47 47 47 47 177 177 177 177 177 177 192 192 
192 192 192 192 23 23 23 143 143 143 143 19 19 19 19 30 47 47 47 47 47 177 177 177 177 177 134 134 134 
134 192 192 127 127 23 235 235 235 81 81 81 19 19 19 30 30 151 151 151 151 177 177 177 177 134 134 134 134 
134 134 127 127 127 235 235 235 235 81 81 81 81 30 30 30 30 30 151 151 151 151 177 177 134 134 134 134 134 
134 134 127 127 127 235 235 235 235 235 81 36 36 30 30 30 30 30 151 151 151 151 177 37 37 134 134 134 134 
134 134 127 127 127 235 235 235 235 172 172 172 172 30 30 30 30 30 30 151 189 189 189 37 37 37 37 134 134 
134 31 127 127 127 235 235 235 235 172 172 172 172 172 30 30 30 30 30 189 189 189 189 37 37 37 37 37 134 
31 31 31 176 176 235 235 235 172 172 172 172 172 172 233 233 22 22 189 189 189 189 189 37 37 37 37 37 37 
61 61 61 176 176 176 176 176 176 172 172 172 172 233 233 233 22 22 189 189 189 189 189 189 37 37 37 37 37 
61 61 61 176 176 176 176 176 176 172 172 172 233 233 233 233 233 233 189 189 189 189 189 189 189 37 37 61 61 
61 61 61 176 176 176 176 176 176 176 233 233 233 233 233 233 233 233 165 165 165 165 165 162 162 37 61 61 61 
61 61 61 176 176 176 176 176 176 176 233 233 233 233 233 233 233 233 41 165 165 165 165 162 162 241 241 61 61 
61 61 61 176 176 176 176 176 176 176 233 233 233 233 233 233 233 41 41 165 165 165 165 162 241 241 241 241 61 
61 61 61 176 176 176 176 176 176 176 117 117 117 233 233 41 41 41 41 165 165 165 162 162 241 241 241 241 241 
61 61 61 73 73 176 176 176 176 176 117 117 117 117 233 41 41 41 41 41 162 162 162 162 241 241 241 241 241 
61 61 73 73 73 176 176 176 176 117 117 117 117 117 117 41 230 230 41 41 162 168 168 168 168 241 241 241 241 
27 27 27 105 105 105 105 105 105 193 117 117 117 117 230 230 230 230 230 230 230 168 168 168 168 96 96 96 27 
27 55 55 105 105 105 105 105 105 193 193 193 193 193 193 230 230 230 230 230 168 168 168 168 168 96 96 96 96 
55 55 55 103 103 105 105 105 105 193 193 193 193 193 193 230 230 230 230 230 230 168 168 168 96 96 96 96 96 
55 55 55 147 147 105 105 105 105 193 193 193 193 193 193 230 230 230 230 230 132 168 169 169 169 96 96 175 175 
55 55 55 147 147 147 105 105 105 193 193 193 193 193 193 78 230 230 230 146 146 169 169 169 169 175 175 175 175 
55 55 55 147 147 147 147 105 105 193 193 193 193 193 193 78 78 146 146 146 146 146 146 169 169 175 175 175 175 
55 55 207 207 147 147 147 147 147 193 193 193 193 193 78 78 78 146 146 146 146 146 56 56 56 175 175 175 175 
55 55 207 207 147 147 147 147 13 13 13 183 183 183 183 183 146 146 146 146 146 56 56 56 56 175 175 175 175 
205 55 207 207 147 147 147 13 13 13 13 183 183 183 183 183 183 146 146 146 146 56 56 56 56 205 205 205 205 
192 192 207 207 147 242 242 242 13 13 13 183 183 183 183 183 124 124 146 146 56 56 56 56 56 56 205 205 205 
192 192 192 192 242 242 242 242 242 13 13 183 183 183 183 183 47 47 47 47 47 56 56 56 56 56 205 205 192 
192 192 192 192 242 242 242 242 143 143 143 143 183 183 183 183 47 47 47 47 47 47 177 177 177 177 177 192 192 
192 192 192 192 242 242 242 242 143 143 143 143 19 19 19 47 47 47 47 47 47 177 177 177 177 177 177 192 192 
192 192 192 192 192 242 242 242 143 143 143 19 19 19 19 19 47 47 47 47 47 177 177 177 177 177 177 192 192 
192 192 192 192 192 192 242 242 143 143 143 19 19 19 19 19 47 47 47 47 47 177 177 177 177 177 134 134 192 
192 192 192 192 192 23 235 235 143 143 36 19 19 19 240 240 30 47 47 47 47 177 177 177 177 134 134 134 134 
134 192 192 192 127 235 235 235 235 36 36 36 36 240 240 30 30 30 47 47 151 177 177 177 134 134 134 134 134 
134 31 31 127 127 235 235 235 235 36 36 36 36 36 30 30 30 30 151 151 151 177 177 37 37 37 134 134 134 
31 31 31 31 127 235 235 235 235 172 172 172 172 172 30 30 30 30 30 151 189 189 37 37 37 37 37 134 134 
31 31 31 31 235 235 235 235 235 172 172 172 172 172 172 30 30 98 98 189 189 189 189 37 37 37 37 37 134 
31 31 31 31 69 235 235 235 172 172 172 172 172 172 233 98 98 98 98 189 189 189 189 37 37 37 37 37 7 
61 61 61 61 176 176 176 176 176 172 172 172 172 172 233 233 98 98 98 189 189 189 189 189 37 37 37 7 7 
61 61 61 61 176 176 176 176 176 172 172 172 172 233 233 233 233 98 98 189 189 189 189 189 189 37 7 7 61 
61 61 61 61 176 176 176 176 176 176 172 233 233 233 233 233 233 98 98 165 165 165 165 165 226 226 7 61 61 
61 61 61 61 176 176 176 176 176 176 58 58 233 233 233 233 233 41 125 165 165 165 165 165 226 226 226 61 61 
61 61 61 176 176 176 176 176 176 176 117 117 58 233 233 233 41 41 41 165 165 165 165 165 226 241 241 61 61 
61 61 61 176 73 176 176 176 176 117 117 117 117 117 233 41 41 41 41 41 165 165 165 165 241 241 241 27 61 
61 61 61 73 73 73 176 176 176 117 117 117 117 117 41 41 41 41 41 41 41 41 165 168 168 241 27 27 27 
61 61 73 73 73 73 176 176 176 117 117 117 117 117 117 41 41 41 41 41 41 168 168 168 168 168 27 27 27 
27 27 27 92 92 92 92 174 174 117 117 117 117 117 41 41 41 41 41 41 41 168 168 168 168 27 27 27 27 
27 55 55 103 103 103 105 105 105 193 193 193 193 193 193 230 230 230 230 230 169 168 168 168 168 96 96 27 27 
55 55 55 103 103 103 105 105 105 193 193 193 193 193 193 78 230 230 230 230 169 169 169 169 169 96 96 96 96 
55 55 55 103 103 103 105 105 105 193 193 193 193 193 78 78 78 78 230 230 169 169 169 169 169 12 12 175 175 
55 55 55 207 207 103 105 105 105 108 193 193 193 193 78 78 78 78 78 146 146 169 169 169 169 12 175 175 175 
55 55 55 207 207 207 207 105 108 108 108 193 193 78 78 78 78 78 146 146 146 146 169 169 169 175 175 175 175 
55 55 207 207 207 207 207 108 108 108 108 193 193 78 78 78 78 78 146 146 146 146 56 169 169 175 175 175 55 
55 55 207 207 207 207 207 207 13 13 13 183 183 183 183 78 78 146 146 146 146 21 56 56 56 175 175 175 55 
55 55 207 207 207 207 207 242 13 13 13 183 183 183 183 183 124 124 124 124 21 56 56 56 56 56 175 205 205 
192 192 207 207 207 242 242 242 13 13 13 183 183 183 183 183 124 124 124 124 124 56 56 56 56 56 205 205 205 
192 192 192 192 242 242 242 242 242 13 13 183 183 183 183 183 124 124 124 124 124 21 56 56 56 56 205 205 192 
192 192 192 192 242 242 242 242 242 143 143 143 183 183 183 183 47 47 47 47 47 21 177 177 177 177 177 192 192 
192 192 192 192 242 242 242 242 242 143 143 143 19 240 240 183 47 47 47 47 47 177 177 177 177 177 177 192 192 
192 192 192 192 192 242 242 242 143 143 143 143 19 240 240 240 47 47 47 47 47 177 177 177 177 177 177 192 192 
192 192 192 192 192 242 242 242 143 143 143 240 240 240 240 240 240 47 47 47 47 177 177 177 177 177 134 134 192 
192 192 192 192 192 242 242 242 143 36 36 240 240 240 240 240 240 47 47 47 47 177 177 177 177 134 134 134 134 
134 192 192 192 192 235 235 24 24 36 36 36 36 240 240 240 240 240 47 47 152 152 245 245 87 87 134 134 134 
31 31 31 31 235 235 235 24 24 36 36 36 36 240 240 240 240 240 151 151 152 245 245 245 87 87 134 134 134 
31 31 31 31 31 235 235 235 24 172 36 36 36 36 240 240 98 98 98 98 189 245 245 245 37 37 37 134 31 
31 31 31 31 69 235 235 235 24 172 172 172 172 172 172 98 98 98 98 98 189 189 189 245 37 37 37 7 31 
31 31 31 31 69 69 69 222 222 172 172 172 172 172 172 98 98 98 98 98 189 189 189 37 37 37 7 7 7 
7 31 31 31 69 69 69 222 222 172 172 172 172 172 172 98 98 98 98 98 189 189 189 189 37 7 7 7 7 
61 61 61 61 176 176 176 176 176 172 172 172 172 172 233 57 98 98 98 98 189 189 189 189 226 226 7 7 7 
61 61 61 61 176 176 176 176 176 58 58 58 58 58 57 57 57 98 98 125 125 125 165 226 226 226 226 7 61 
61 61 61 61 176 176 176 176 176 58 58 58 58 58 58 57 57 125 125 125 165 165 165 226 226 226 226 7 61 
61 61 61 176 176 176 176 176 176 58 58 58 58 58 58 41 41 41 41 125 165 165 165 165 226 226 226 7 61 
61 61 61 73 73 176 176 176 174 58 117 117 117 58 58 41 41 41 41 41 165 165 165 165 226 27 27 27 27 
61 61 61 73 73 73 92 174 174 117 117 117 117 117 41 41 41 41 41 41 41 41 168 168 168 27 27 27 27 
27 27 73 73 73 92 92 174 174 117 117 117 117 117 41 41 41 41 41 41 41 168 168 168 168 27 27 27 27 
27 27 27 92 92 92 92 174 174 174 117 117 117 117 41 41 41 41 41 41 41 168 168 169 168 27 27 27 27 
27 55 55 103 103 103 103 103 174 174 117 193 193 193 193 41 41 41 41 41 169 169 169 169 169 12 27 27 27 
55 55 55 103 103 103 103 103 103 193 193 193 193 193 78 78 78 230 230 230 169 169 169 169 169 12 12 12 27 
55 55 55 103 103 103 103 103 108 108 108 193 193 78 78 78 78 78 78 169 169 169 169 169 169 12 12 12 55 
55 55 55 103 103 103 103 103 108 108 108 193 193 78 78 78 78 78 78 146 169 169 169 169 169 12 12 12 55 
55 55 55 207 207 207 207 108 108 108 108 108 193 78 78 78 78 78 78 146 146 169 169 169 169 12 12 175 55 
55 55 55 207 207 207 207 108 108 108 108 108 15 78 78 78 78 78 78 146 21 21 21 169 169 12 12 175 55 
55 55 207 207 207 207 207 108 108 108 108 183 183 183 78 78 78 124 124 124 21 21 21 21 21 21 175 55 55 
55 55 207 207 207 207 207 242 86 86 86 183 183 183 183 183 124 124 124 124 21 21 21 21 21 21 175 55 55 
192 192 207 207 207 242 242 242 86 86 86 183 183 183 183 183 124 124 124 124 124 21 21 21 21 21 21 244 244 
192 192 192 207 207 242 242 242 242 86 86 183 183 183 183 183 124 124 124 124 124 21 21 21 21 21 244 244 244 
192 192 192 192 242 242 242 242 242 242 143 143 183 183 183 183 124 124 124 124 124 21 21 21 21 21 192 192 192 
192 192 192 192 192 242 242 242 242 143 143 143 240 240 240 240 47 47 47 47 47 21 177 177 177 177 192 192 192 
192 192 192 192 192 242 242 242 242 143 143 240 240 240 240 240 240 47 47 47 47 152 177 177 177 177 192 192 192 
192 192 192 192 192 242 242 242 242 143 240 240 240 240 240 240 240 240 47 47 152 152 177 177 177 177 136 192 192 
192 192 192 192 192 24 24 24 24 240 240 240 240 240 240 240 240 240 47 152 152 152 152 245 87 87 87 87 192 
192 192 192 192 204 24 24 24 24 24 36 36 240 240 240 240 240 240 29 152 152 152 245 245 87 87 87 87 87 
31 31 31 31 204 24 24 24 24 24 36 36 36 240 240 240 240 29 29 152 152 245 245 245 87 87 87 87 31 
31 31 31 31 204 204 24 24 24 118 118 36 36 240 240 240 98 98 98 98 152 245 245 245 87 87 87 87 31 
31 31 31 31 69 69 69 222 222 118 118 118 118 118 118 98 98 98 98 98 98 245 245 245 87 87 7 7 31 
31 31 31 31 69 69 69 222 222 172 172 118 118 118 118 98 98 98 98 98 98 189 189 245 7 7 7 7 7 
7 31 31 69 69 69 69 222 222 172 172 172 172 172 98 98 98 98 98 98 125 189 189 226 226 7 7 7 7 
7 61 61 69 69 69 69 222 222 84 84 84 84 58 57 57 98 98 98 125 125 125 125 226 226 226 7 7 7 
61 61 61 61 176 176 176 176 58 58 84 84 84 58 57 57 57 98 125 125 125 125 125 226 226 226 226 7 7 
61 61 61 61 176 176 176 176 58 58 58 58 58 58 57 57 57 125 125 125 125 125 125 226 226 226 226 7 7 
61 61 61 176 176 176 176 174 58 58 58 58 58 58 58 57 41 41 125 125 125 125 125 226 226 226 226 163 163 
61 61 61 92 92 92 174 174 174 58 58 58 58 58 58 41 41 41 41 41 125 125 135 135 226 163 163 163 163 
27 27 92 92 92 92 92 174 174 174 117 117 117 58 41 41 41 41 41 41 41 41 135 135 135 27 27 27 27 
27 27 92 92 92 92 92 174 174 174 117 117 117 117 41 41 41 41 41 41 41 168 168 168 135 27 27 27 27 
27 27 27 92 92 92 92 174 174 174 174 117 117 117 41 41 41 41 41 225 225 169 169 169 169 27 27 27 27 
27 55 55 103 103 103 103 103 174 174 174 193 193 193 78 78 67 67 67 67 169 169 169 169 169 12 27 27 27 
55 55 55 103 103 103 103 103 103 108 108 193 193 78 78 78 67 67 67 67 169 169 169 169 169 12 12 12 12 
55 55 55 103 103 103 103 103 108 108 108 108 193 78 78 78 78 67 67 67 169 169 169 169 169 12 12 12 55 
55 55 55 103 103 103 103 103 108 108 108 108 78 78 78 78 78 78 67 67 169 169 169 169 169 12 12 12 55 
55 55 55 207 207 207 103 108 108 108 108 108 78 78 78 78 78 78 78 78 169 169 169 169 169 12 12 55 55 
55 55 55 207 207 207 207 108 108 108 108 108 15 78 78 78 78 78 78 124 21 21 21 169 169 12 12 55 55 
55 55 207 207 207 207 207 108 108 108 108 15 15 15 78 78 78 124 124 124 21 21 21 21 21 21 12 55 55 
55 55 207 207 207 207 207 86 86 86 86 86 183 183 183 78 124 124 124 124 21 21 21 21 21 21 21 55 55 
55 55 207 207 207 242 242 242 86 86 86 86 183 183 183 183 124 124 124 124 124 21 21 21 21 21 244 244 244 
192 192 192 207 207 242 242 242 86 86 86 215 215 215 215 215 215 124 124 124 124 21 21 21 21 21 244 244 244 
192 192 192 192 156 242 242 242 242 242 86 215 215 215 215 215 215 124 124 124 124 21 21 21 21 21 244 244 244 
192 192 192 192 156 156 242 242 242 242 215 215 215 215 215 215 215 124 124 124 124 21 21 21 21 21 244 244 122 
122 122 192 192 156 156 156 242 242 242 240 240 240 240 240 240 240 240 47 152 152 152 152 152 136 136 136 122 122 
122 122 192 192 156 156 156 242 242 240 240 240 240 240 240 240 240 240 152 152 152 152 152 152 136 136 136 122 122 
122 192 192 192 204 156 24 24 24 24 240 240 240 240 240 240 240 29 29 152 152 152 152 245 87 87 87 87 122 
122 192 204 204 204 24 24 24 24 24 240 240 240 240 240 240 29 29 29 152 152 152 245 245 87 87 87 87 87 
31 31 31 204 204 24 24 24 24 24 118 240 240 240 240 240 29 29 29 152 152 245 245 245 87 87 87 87 31 
31 31 31 204 204 204 24 24 24 118 118 118 118 240 240 240 98 98 98 98 152 245 245 245 87 87 87 87 31 
31 31 31 204 204 69 69 222 222 118 118 118 118 118 118 98 98 98 98 98 98 245 245 245 87 87 7 7 7 
7 31 31 204 69 69 69 222 222 118 118 118 118 118 98 98 98 98 98 98 98 9 245 245 7 7 7 7 7 
7 31 204 69 69 69 69 222 222 222 84 84 118 118 98 98 98 98 98 98 125 125 9 226 226 7 7 7 7 
7 7 204 69 69 69 69 222 222 84 84 84 84 84 57 57 98 98 98 125 125 125 125 226 226 226 7 7 7 
7 7 61 69 69 69 69 222 58 58 84 84 84 58 57 57 57 98 125 125 125 125 125 226 226 226 226 7 7 
7 61 61 61 69 69 69 222 58 58 58 58 58 58 57 57 57 125 125 125 125 125 125 226 226 226 226 226 7 
61 61 61 92 92 92 174 174 58 58 58 58 58 58 58 57 41 125 125 125 125 125 125 135 226 226 226 163 163 
163 163 92 92 92 92 174 174 174 58 58 58 58 58 58 41 41 41 41 125 125 125 135 135 135 163 163 163 163 
163 163 92 92 92 92 174 174 174 174 58 58 58 58 58 41 41 41 41 41 41 135 135 135 135 163 163 163 163 
27 27 92 92 92 92 92 174 174 174 58 58 58 58 58 41 41 41 41 41 41 135 135 135 135 27 27 27 27 
27 250 250 250 92 92 92 174 174 174 174 117 117 117 225 225 225 225 225 225 225 106 135 135 135 27 27 27 27 
27 250 250 103 103 103 103 103 174 174 108 108 193 78 78 67 67 67 67 225 106 169 169 169 169 12 27 27 27 
55 55 250 103 103 103 103 103 103 108 108 108 193 78 78 67 67 67 67 67 169 169 169 169 169 12 12 12 12 
55 55 55 103 103 103 103 103 108 108 108 108 15 78 78 78 67 67 67 67 169 169 169 169 169 12 12 12 55 
55 55 55 103 103 103 103 103 108 108 108 108 15 78 78 78 78 67 67 67 169 169 169 169 169 12 12 12 55 
55 55 55 207 207 103 103 108 108 108 108 15 15 15 78 78 78 78 67 67 194 169 169 169 169 12 12 12 55 
55 55 55 207 207 207 207 108 108 108 108 15 15 15 78 78 78 78 78 194 21 21 21 169 169 12 12 55 55 
55 55 55 207 207 207 207 108 108 108 15 15 15 15 15 78 78 78 124 124 21 21 21 21 21 157 157 55 55 
55 55 207 207 207 207 207 86 86 86 86 15 15 15 15 78 78 124 124 124 21 21 21 21 21 157 157 157 244 
244 244 52 207 207 242 242 86 86 86 86 215 215 215 215 215 215 124 124 124 124 21 21 21 21 157 244 244 244 
244 244 244 207 156 242 242 242 86 86 86 215 215 215 215 215 215 124 124 124 124 21 21 21 21 157 244 244 244 
244 244 244 156 156 156 242 242 242 86 215 215 215 215 215 215 215 124 124 124 124 21 21 21 21 157 244 244 244 
122 122 122 156 156 156 156 242 242 86 215 215 215 215 215 215 215 215 124 124 152 152 21 21 21 136 244 244 244 
122 122 122 156 156 156 156 156 156 25 240 240 240 240 240 240 240 240 152 152 152 152 152 152 136 136 136 122 122 
122 122 122 122 156 156 156 156 156 25 240 240 240 240 240 240 240 240 152 152 152 152 152 152 136 136 136 122 122 
122 122 122 122 156 156 156 156 25 25 240 240 240 240 240 240 29 29 29 152 152 152 152 152 136 136 136 136 122 
122 204 204 204 204 24 24 24 24 24 240 240 240 240 240 240 29 29 29 152 152 152 152 245 87 87 87 87 87 
31 204 204 204 204 204 24 24 24 24 118 240 240 240 240 240 29 29 29 152 152 152 245 245 87 87 87 87 87 
31 204 204 204 204 204 24 24 24 118 118 118 118 240 240 240 29 29 29 152 152 152 245 245 87 87 87 7 7 
31 204 204 204 204 204 69 222 222 118 118 118 118 118 118 98 98 98 98 98 9 9 9 245 87 87 7 7 7 
7 204 204 204 204 69 69 222 222 118 118 118 118 118 118 98 98 98 98 98 9 9 9 9 7 7 7 7 7 
7 204 204 204 69 69 69 222 222 222 84 84 84 84 98 98 98 98 98 98 9 9 9 9 7 7 7 7 7 
7 7 204 69 69 69 69 222 222 84 84 84 84 84 57 57 98 98 98 125 125 125 9 226 226 226 7 7 7 
7 7 204 69 69 69 69 222 58 58 84 84 84 58 57 57 57 98 125 125 125 125 125 226 226 226 226 7 7 
7 7 204 69 69 69 69 222 58 58 58 58 58 58 57 57 57 125 125 125 125 125 125 226 226 226 226 226 7 
7 61 92 92 92 92 174 174 58 58 58 58 58 58 58 57 57 125 125 125 125 125 135 135 135 226 226 163 163 
163 163 92 92 92 92 174 174 174 58 58 58 58 58 58 58 225 225 225 125 125 135 135 135 135 135 163 163 163 
163 163 92 92 92 92 174 174 174 58 58 58 58 58 58 225 225 225 225 225 135 135 135 135 135 135 163 163 163 
27 27 92 92 92 92 174 174 174 174 58 58 58 58 58 225 225 225 225 225 225 135 135 135 135 135 27 27 27 
188 250 250 250 250 196 196 196 174 174 210 210 210 225 225 225 225 225 225 225 106 106 106 135 135 135 27 188 188 
188 250 250 250 250 250 103 103 174 174 150 150 150 78 225 225 67 67 67 225 106 106 106 169 169 12 188 188 188 
121 250 250 250 250 103 103 103 103 108 108 150 150 78 78 67 67 67 67 67 106 106 169 169 169 12 121 121 121 
55 55 250 250 103 103 103 103 108 108 108 150 15 78 78 67 67 67 67 67 106 169 169 169 169 12 12 121 121 
55 55 55 103 103 103 103 103 108 108 108 15 15 15 78 78 67 67 67 194 194 169 169 169 169 12 12 121 121 
55 55 55 207 103 103 103 108 108 108 15 15 15 15 15 78 78 67 67 194 194 194 169 169 169 12 12 121 55 
55 55 55 207 207 207 207 108 108 108 15 15 15 15 15 78 78 67 194 194 194 194 21 169 76 76 76 76 55 
52 52 52 207 207 207 207 108 108 108 15 15 15 15 15 78 78 78 124 124 21 21 21 21 157 157 157 157 55 
52 52 52 52 207 207 203 203 86 86 15 15 15 15 15 228 228 124 124 124 72 72 21 21 157 157 157 157 244 
244 52 52 52 207 91 203 86 86 86 86 215 215 215 215 228 228 124 124 124 72 72 21 21 157 157 157 244 244 
244 244 52 52 14 14 242 242 86 86 215 215 215 215 215 215 215 124 124 124 72 72 21 21 157 157 244 244 244 
244 244 244 156 156 156 156 156 242 86 215 215 215 215 215 215 215 215 124 124 72 72 21 21 157 157 244 244 244 
244 244 244 156 156 156 156 156 242 215 215 215 215 215 215 215 215 215 124 152 152 152 152 21 157 157 244 244 244 
122 122 122 156 156 156 156 156 25 25 25 215 215 215 215 215 215 215 152 152 152 152 152 152 136 136 136 244 122 
122 122 122 156 156 156 156 156 25 25 25 240 240 240 240 240 240 29 152 152 152 152 152 152 136 136 136 136 122 
122 122 122 220 156 156 156 156 25 25 25 240 240 240 240 240 29 29 29 152 152 152 171 171 136 136 136 136 122 
122 220 220 220 204 204 24 24 25 25 25 240 240 240 240 29 29 29 29 152 152 171 171 171 136 136 136 136 136 
204 204 204 204 204 204 24 24 24 24 25 240 240 240 240 29 29 29 29 152 152 152 171 245 87 87 87 87 87 
204 204 204 204 204 204 204 24 24 118 118 118 118 240 240 29 29 29 29 152 152 152 152 245 87 87 87 7 7 
204 204 204 204 204 204 204 222 107 107 118 118 118 118 118 28 28 28 28 9 9 9 9 9 87 7 7 7 7 
7 204 204 204 204 204 69 222 107 107 107 118 118 118 28 28 28 28 28 9 9 9 9 9 9 7 7 7 7 
7 204 204 204 204 69 69 222 107 107 107 107 84 84 57 28 28 28 28 28 9 9 9 9 7 7 7 7 7 
7 204 204 204 69 69 69 222 107 107 107 84 84 84 57 28 28 28 28 28 9 9 9 9 226 226 7 7 7 
7 204 204 204 69 69 69 222 58 58 58 58 58 58 57 57 98 28 125 125 9 9 9 9 226 226 226 7 7 
7 204 204 204 69 69 69 58 58 58 58 58 58 58 57 57 98 125 125 125 125 125 9 135 226 226 226 226 7 
7 186 186 196 196 196 196 174 58 58 58 58 58 58 58 58 225 225 125 125 125 135 135 135 135 135 226 163 163 
163 163 196 196 196 196 196 174 174 58 58 58 58 58 58 225 225 225 225 225 225 135 135 135 135 135 135 135 163 
163 196 196 196 196 196 196 174 174 58 58 58 58 58 58 225 225 225 225 225 225 135 135 135 135 135 135 27 27 
27 250 250 196 196 196 196 174 174 174 58 58 58 58 225 225 225 225 225 225 225 106 135 135 135 135 27 27 27 
188 250 250 250 250 196 196 196 196 210 210 210 210 225 225 225 225 225 225 225 106 106 106 135 135 135 188 188 188 
188 250 250 250 250 250 250 196 196 150 150 150 150 119 119 225 225 225 225 106 106 106 106 106 106 188 188 188 188 
121 250 250 250 250 250 250 250 150 150 150 150 150 150 26 67 67 67 67 106 106 106 106 106 106 121 121 121 121 
121 250 250 250 250 250 103 103 108 150 150 150 150 150 26 67 67 67 67 194 106 106 106 169 169 121 121 121 121 
121 142 142 250 250 103 103 103 108 108 15 15 15 15 26 26 67 67 194 194 194 194 194 76 76 76 121 121 121 
142 142 142 142 142 103 103 70 108 108 15 15 15 15 26 26 26 67 194 194 194 194 194 76 76 76 76 121 121 
142 142 142 142 142 91 91 70 108 70 15 15 15 15 15 26 26 194 194 194 194 194 194 76 76 76 76 76 121 
52 52 52 142 142 91 91 70 70 70 15 15 15 15 15 228 228 228 194 194 194 72 72 76 157 157 157 157 52 
52 52 52 52 52 91 203 203 203 203 15 15 15 15 228 228 228 228 72 72 72 72 72 157 157 157 157 157 52 
52 52 52 52 52 91 203 203 203 203 203 215 215 215 228 228 228 228 72 72 72 72 72 157 157 157 157 244 244 
244 52 52 52 14 14 203 203 203 203 215 215 215 215 215 228 228 228 72 72 72 72 72 157 157 157 157 244 244 
244 244 52 14 14 14 14 203 203 203 215 215 215 215 215 215 215 215 124 72 72 72 72 157 157 157 244 244 244 
244 244 14 14 156 156 156 156 203 25 215 215 215 215 215 215 215 215 124 72 152 152 152 157 157 157 244 244 244 
244 244 14 14 156 156 156 156 25 25 25 215 215 215 215 215 215 215 152 152 152 152 152 152 136 136 136 244 244 
122 122 122 14 156 156 156 25 25 25 25 25 240 240 240 240 29 29 152 152 152 152 152 171 136 136 136 136 136 
122 122 220 220 220 156 156 25 25 25 25 25 240 240 240 240 29 29 29 152 152 171 171 171 136 136 136 136 136 
80 220 220 220 220 220 220 25 25 25 25 25 240 240 240 29 29 29 29 152 171 171 171 171 136 136 136 136 136 
220 220 220 220 220 204 204 25 25 25 25 25 240 240 240 29 29 29 29 152 171 171 171 171 136 136 136 136 136 
204 204 204 204 204 204 204 204 25 25 25 118 118 240 240 29 29 29 29 9 9 9 9 9 9 136 136 7 7 
204 204 204 204 204 204 204 107 107 107 107 107 118 118 28 28 28 28 28 9 9 9 9 9 9 7 7 7 7 
204 204 204 204 204 204 204 107 107 107 107 107 107 107 28 28 28 28 28 9 9 9 9 9 9 93 7 7 7 
204 204 204 204 204 204 204 107 107 107 107 107 107 107 28 28 28 28 28 9 9 9 9 9 93 93 93 7 7 
7 204 204 204 204 204 69 107 107 107 107 107 107 107 57 28 28 28 28 9 9 9 9 9 93 93 93 93 7 
116 204 204 204 204 204 69 107 107 107 107 58 58 58 57 28 28 28 28 9 9 9 9 9 93 93 93 93 7 
116 116 186 186 186 186 126 126 58 58 58 58 58 58 57 28 6 28 125 9 9 9 9 9 93 93 93 93 7 
116 186 186 196 196 196 196 196 58 58 58 58 58 58 58 225 225 225 225 225 9 135 135 135 135 135 135 63 63 
63 186 186 196 196 196 196 196 196 58 58 58 58 58 225 225 225 225 225 225 225 135 135 135 135 135 135 63 63 
63 63 250 196 196 196 196 196 196 58 58 58 58 58 225 225 225 225 225 225 225 135 135 135 135 135 135 63 63 
63 250 250 250 196 196 196 196 196 58 58 58 58 225 225 225 225 225 225 225 225 106 135 135 135 135 188 188 188 
188 250 250 250 250 196 196 196 196 210 210 210 210 225 225 225 225 225 225 225 106 106 106 106 135 188 188 188 188 
188 250 250 250 250 250 250 196 150 150 150 150 150 119 119 225 225 225 225 106 106 106 106 106 106 188 188 188 188 
121 250 250 250 250 250 250 250 150 150 150 150 150 150 119 119 225 225 225 106 106 106 106 106 106 121 121 121 121 
121 250 250 250 250 250 250 150 150 150 150 150 150 150 26 26 67 67 194 194 106 106 106 106 76 121 121 121 121 
121 142 142 142 250 250 91 70 70 150 150 150 150 15 26 26 26 67 194 194 194 194 76 76 76 76 121 121 121 
142 142 142 142 91 91 91 70 70 70 70 15 15 15 26 26 26 194 194 194 194 194 76 76 76 76 76 121 121 
142 142 142 142 91 91 91 70 70 70 70 15 15 15 26 26 26 194 194 194 194 194 76 76 76 76 76 76 76 
52 52 142 142 91 91 91 70 70 70 70 15 15 15 228 228 228 228 194 194 194 194 76 76 76 157 157 157 52 
52 52 52 52 91 91 91 203 203 70 70 70 15 228 228 228 228 228 228 72 72 72 72 157 157 157 157 157 52 
52 52 52 52 91 91 203 203 203 203 203 215 215 228 228 228 228 228 72 72 72 72 72 157 157 157 157 157 52 
52 52 52 52 14 14 203 203 203 203 203 215 215 215 228 228 228 228 228 72 72 72 72 157 157 157 157 244 244 
244 52 52 14 14 14 14 203 203 203 203 215 215 215 215 228 228 228 228 72 72 72 89 157 157 157 157 244 244 
244 244 14 14 14 14 14 14 14 203 215 215 215 215 215 215 215 215 1 72 72 89 89 89 89 89 244 244 244 
244 80 14 14 14 14 14 14 25 25 25 215 215 215 215 215 215 1 1 152 152 152 89 89 89 89 89 244 244 
80 80 80 14 14 156 14 25 25 25 25 25 33 33 33 1 1 1 1 152 152 152 152 89 89 136 136 136 80 
80 80 80 220 220 156 14 25 25 25 25 33 33 33 33 29 29 29 29 152 171 171 171 171 136 136 136 136 80 
80 220 220 220 220 220 220 25 25 25 25 33 33 33 33 29 29 29 29 171 171 171 171 171 136 136 136 136 80 
80 220 220 220 220 220 220 216 216 216 216 33 33 33 33 29 29 29 29 171 171 171 171 171 136 136 136 136 80 
220 220 220 220 220 204 204 216 216 216 216 216 33 33 33 173 173 173 173 9 9 9 9 9 9 136 136 7 7 
66 204 204 204 204 204 204 107 107 107 107 107 107 107 28 28 28 28 9 9 9 9 9 9 9 9 93 93 7 
66 204 204 204 204 204 204 107 107 107 107 107 107 107 28 28 28 28 9 9 9 9 9 9 9 93 93 93 7 
66 66 204 204 204 204 107 107 107 107 107 107 107 107 28 28 28 28 9 9 9 9 9 9 93 93 93 93 93 
66 66 66 204 204 204 107 107 107 107 107 107 107 107 28 28 28 28 9 9 9 9 9 9 93 93 93 93 93 
116 116 116 186 186 186 126 126 107 107 107 107 107 107 57 28 6 28 164 9 9 9 9 9 93 93 93 93 93 
116 116 186 186 186 186 126 126 126 126 107 107 58 58 234 234 6 6 164 164 9 9 9 9 93 93 93 93 116 
116 186 186 186 186 196 126 126 126 126 210 210 210 58 234 234 6 6 6 164 9 9 135 135 135 135 63 63 63 
63 186 186 196 196 196 196 126 126 126 210 210 210 210 234 225 225 225 225 225 225 135 135 135 135 135 63 63 63 
63 63 186 196 196 196 196 196 126 210 210 210 210 210 225 225 225 225 225 225 225 135 135 135 135 135 63 63 63 
63 63 250 250 196 196 196 196 196 210 210 210 210 210 225 225 225 225 225 225 106 106 106 135 135 135 63 63 63 
63 250 250 250 250 250 196 196 196 210 210 210 210 119 119 119 225 225 225 225 106 106 106 106 106 188 188 188 188 
188 250 250 250 250 250 250 196 150 150 150 150 150 119 119 119 119 225 225 106 106 106 106 106 106 188 188 188 188 
121 250 250 250 250 250 250 250 150 150 150 150 150 150 119 119 119 225 225 106 106 106 106 106 76 76 188 188 188 
121 250 250 250 250 250 250 150 150 150 150 150 150 150 26 26 26 194 194 194 106 106 106 76 76 76 121 121 121 
121 142 142 142 250 91 91 70 70 150 150 150 150 150 26 26 26 194 194 194 194 194 76 76 76 76 76 121 121 
142 142 142 142 91 91 91 70 70 70 70 150 150 26 26 26 26 194 194 194 194 194 76 76 76 76 76 76 121 
142 142 142 142 91 91 91 70 70 70 70 70 15 26 26 26 26 194 194 194 194 194 76 76 76 76 76 76 76 
52 52 142 142 91 91 91 70 70 70 70 70 15 26 26 228 228 228 194 194 194 194 76 76 76 76 76 76 76 
52 52 52 91 91 91 91 203 70 70 70 70 70 228 228 228 228 228 228 194 72 72 76 157 157 157 157 157 52 
52 52 52 52 91 91 203 203 203 203 203 70 215 228 228 228 228 228 228 72 72 72 72 157 157 157 157 157 52 
52 52 52 14 14 14 203 203 203 203 203 215 215 215 228 228 228 228 228 72 72 72 72 157 157 157 157 157 244 
244 52 14 14 14 14 14 203 203 203 203 215 215 215 228 228 228 228 228 72 72 89 89 89 157 157 157 244 244 
244 52 14 14 14 14 14 14 14 203 25 215 215 215 228 228 228 1 1 1 89 89 89 89 89 89 89 244 244 
80 80 14 14 14 14 14 14 25 25 25 33 33 33 215 1 1 1 1 1 89 89 89 89 89 89 89 89 35 
80 80 80 14 14 14 14 25 25 25 25 33 33 33 33 1 1 1 1 1 89 89 89 89 89 89 89 80 80 
80 80 80 220 220 220 14 25 25 25 25 33 33 33 33 1 1 1 1 1 171 171 89 89 89 89 89 80 80 
80 80 80 220 220 220 220 216 216 25 25 33 33 33 33 33 173 173 173 1 171 171 171 171 89 89 136 80 80 
80 220 220 220 220 220 220 216 216 216 216 33 33 33 33 1 173 173 173 173 171 171 171 171 114 114 136 80 80 
102 220 220 220 220 220 220 216 216 216 216 216 216 33 33 173 173 173 173 9 9 9 9 9 114 114 93 93 102 
66 66 66 220 204 204 107 107 107 216 216 216 216 208 208 74 74 74 74 9 9 9 9 9 9 93 93 93 102 
66 66 66 204 204 204 107 107 107 107 107 107 107 208 208 74 74 74 74 9 9 9 9 9 9 93 93 93 66 
66 66 66 66 204 204 107 107 107 107 107 107 107 208 45 74 74 74 74 9 9 9 9 9 93 93 93 93 66 
66 66 66 66 66 186 126 107 107 107 107 107 107 45 45 74 74 74 164 164 9 9 9 9 93 93 93 93 66 
116 116 116 186 186 186 126 126 126 107 107 107 107 45 45 45 6 164 164 164 164 9 9 9 93 93 93 93 116 
116 116 186 186 186 186 126 126 126 126 126 210 210 234 234 234 6 6 164 164 164 9 9 9 93 93 93 93 116 
116 186 186 186 186 186 126 126 126 126 210 210 210 210 234 234 6 6 6 164 164 164 9 135 135 63 63 63 63 
63 186 186 186 196 196 126 126 126 126 210 210 210 210 234 234 6 6 6 225 225 225 135 135 135 63 63 63 63 
63 186 186 186 196 196 196 126 126 210 210 210 210 210 210 225 225 225 225 225 225 225 135 135 135 63 63 63 63 
63 63 250 250 196 196 196 196 196 210 210 210 210 210 225 225 225 225 225 225 106 106 106 135 135 63 63 63 63 
63 161 161 161 161 161 161 161 210 210 210 210 210 119 119 119 119 225 225 225 106 106 111 111 111 111 63 63 63 
63 161 161 161 161 161 161 161 150 150 150 150 150 119 119 119 119 225 225 106 106 106 111 111 111 111 188 188 188 
121 161 161 161 161 161 161 150 150 150 150 150 150 150 119 119 119 225 225 106 106 106 111 111 111 76 76 188 188 
121 161 161 161 161 161 91 150 150 150 150 150 150 150 119 119 119 119 194 5 106 106 111 76 76 76 76 76 121 
121 142 142 161 91 91 91 70 70 150 150 150 150 150 39 39 39 194 194 5 194 194 76 76 76 76 76 76 76 
142 142 142 91 91 91 91 70 70 70 70 150 150 202 39 39 39 194 194 194 194 194 76 76 76 76 76 76 76 
142 142 142 91 91 91 91 70 70 70 70 70 70 202 39 39 39 194 194 194 194 194 76 76 76 76 76 76 76 
52 52 142 91 91 91 91 70 70 70 70 70 70 202 39 39 39 39 194 194 194 76 76 76 76 76 76 76 76 
52 52 52 91 91 91 91 70 70 70 70 70 70 228 228 228 228 228 228 194 194 72 76 76 157 157 157 157 157 
52 52 52 91 91 91 203 203 203 203 70 70 246 246 228 228 228 228 228 72 72 72 20 157 157 157 157 157 157 
52 52 52 14 14 14 203 203 203 203 203 246 246 246 246 228 228 228 228 72 72 72 89 157 157 157 157 157 157 
244 52 14 14 14 14 14 203 203 203 203 246 246 246 246 228 228 1 1 1 89 89 89 89 89 157 157 157 244 
35 35 14 14 14 14 14 17 17 17 17 246 246 246 246 246 1 1 1 1 89 89 89 89 89 89 89 89 35 
35 35 35 14 14 14 14 17 17 17 17 33 33 246 246 1 1 1 1 1 89 89 89 89 89 89 89 89 35 
80 80 80 80 14 14 17 17 17 25 33 33 33 33 33 1 1 1 1 1 1 89 89 89 89 89 89 89 35 
80 80 80 80 220 17 17 17 216 25 33 33 33 33 33 1 1 1 1 1 1 89 89 89 89 89 89 35 80 
80 80 80 220 220 220 17 216 216 216 216 33 33 33 33 1 1 173 1 1 1 114 114 114 114 114 114 35 35 
35 80 220 220 220 220 216 216 216 216 216 33 33 33 33 1 173 173 173 1 1 114 114 114 114 114 114 35 35 
102 102 102 220 220 220 216 216 216 216 216 216 216 33 33 1 173 173 173 173 9 114 114 114 114 114 114 102 102 
102 102 102 102 102 102 107 107 216 216 216 216 208 208 208 74 74 74 74 9 9 9 9 114 114 114 93 102 102 
66 66 66 66 66 66 107 107 107 107 107 107 208 208 208 74 74 74 74 9 9 9 9 9 9 93 93 66 66 
66 66 66 66 66 66 107 107 107 107 107 107 208 208 45 45 74 74 74 164 9 9 9 9 93 93 93 93 66 
66 66 66 66 66 186 126 126 107 107 107 107 208 45 45 45 74 74 164 164 164 9 9 9 93 93 93 93 66 
116 116 116 186 186 186 126 126 126 126 107 107 208 45 45 45 6 164 164 164 164 164 9 9 93 93 93 93 116 
116 116 186 186 186 186 126 126 126 126 126 210 210 45 234 234 6 6 164 164 164 164 9 9 93 93 93 63 116 
116 186 186 186 186 186 126 126 126 126 210 210 210 210 234 234 6 6 6 164 164 164 9 135 63 63 63 63 63 
63 186 186 186 186 126 126 126 126 126 210 210 210 210 234 234 6 6 6 6 6 6 135 135 135 63 63 63 63 
63 186 186 186 186 196 126 126 126 210 210 210 210 210 210 225 225 225 225 225 225 106 111 111 135 63 63 63 63 
63 63 186 161 196 196 196 126 126 210 210 210 210 210 119 119 225 225 225 225 106 106 111 111 111 63 63 63 63 
63 63 161 161 161 161 161 161 210 210 210 210 210 210 119 119 119 119 225 225 106 111 111 111 111 111 63 63 63 
63 161 161 161 161 161 161 150 150 150 150 150 150 150 119 119 119 119 119 106 111 111 111 111 111 111 111 63 63 
63 161 161 161 161 161 161 150 150 150 150 150 150 150 119 119 119 119 5 106 111 111 111 111 111 111 76 76 76 
121 161 161 161 161 161 91 150 150 150 150 150 150 150 39 39 39 39 5 5 5 111 111 111 76 76 76 76 76 
121 48 142 161 91 91 91 70 70 150 150 150 150 202 39 39 39 39 5 5 5 5 76 76 76 76 76 76 76 
142 142 142 91 91 91 91 70 70 70 70 150 202 202 39 39 39 39 5 5 5 5 76 76 76 76 76 76 76 
142 142 142 91 91 91 91 70 70 70 70 70 202 202 39 39 39 39 5 5 5 5 76 76 76 76 76 76 76 
52 52 94 91 91 91 91 70 70 70 70 70 70 202 39 39 39 39 5 5 5 5 76 76 76 76 76 76 76 
52 52 52 91 91 91 91 70 70 70 70 70 70 202 39 39 39 39 5 5 5 20 20 20 20 20 20 20 20 
52 52 52 91 91 91 91 203 203 70 70 70 246 246 246 246 228 228 5 5 5 20 20 20 20 20 20 20 20 
52 52 32 32 14 14 203 203 203 203 203 246 246 246 246 246 246 246 130 130 89 89 20 20 20 20 20 20 20 
35 35 14 14 14 14 17 17 17 17 17 246 246 246 246 246 246 1 1 1 89 89 89 89 20 20 20 20 20 
35 35 35 14 14 14 17 17 17 17 17 246 246 246 246 246 1 1 1 1 89 89 89 89 89 89 20 20 35 
35 35 35 14 14 14 17 17 17 17 17 33 246 246 246 1 1 1 1 1 89 89 89 89 89 89 89 89 35 
35 35 35 35 14 17 17 17 17 17 33 33 33 33 1 1 1 1 1 1 1 89 89 89 89 89 89 35 35 
35 35 35 35 35 17 17 17 17 216 33 33 33 33 1 1 1 1 1 1 1 89 89 89 89 89 89 35 35 
35 35 35 35 35 17 17 216 216 216 216 33 33 33 1 1 1 1 1 1 1 114 114 114 114 114 114 35 35 
35 35 35 35 35 17 17 216 216 216 216 216 33 33 1 1 1 173 1 1 1 114 114 114 114 114 114 35 35 
102 102 102 102 102 102 216 216 216 216 216 216 208 208 208 1 1 173 173 1 114 114 114 114 114 114 114 102 102 
102 102 102 102 102 102 216 216 216 216 216 208 208 208 208 208 74 74 74 9 9 114 114 114 114 114 114 102 102 
102 102 102 102 102 102 107 107 216 107 216 208 208 208 208 208 74 74 74 9 9 9 9 9 114 114 93 102 102 
66 66 66 66 66 66 71 107 71 107 107 208 208 208 208 45 74 74 74 164 164 9 9 9 93 93 93 66 66 
66 66 66 66 66 186 71 126 71 71 71 208 208 208 45 45 45 74 164 164 164 9 9 9 93 93 93 93 66 
116 116 116 186 186 186 126 126 126 71 71 71 208 45 45 45 45 164 164 164 164 164 9 9 93 93 93 116 116 
116 116 186 186 186 186 126 126 126 126 71 210 208 45 45 234 6 6 6 164 164 164 164 42 93 63 63 63 116 
116 186 186 186 186 186 126 126 126 126 210 210 210 210 234 234 6 6 6 6 164 164 164 42 63 63 63 63 63 
63 186 186 186 186 126 126 126 126 126 210 210 210 210 234 234 6 6 6 6 6 6 111 111 63 63 63 63 63 
63 186 186 186 186 126 126 126 126 210 210 210 210 210 210 234 6 6 6 6 6 111 111 111 111 63 63 63 63 
63 63 186 186 186 126 126 126 126 210 210 210 210 210 119 119 119 225 225 225 111 111 111 111 111 111 63 63 63 
63 63 161 161 161 161 161 145 145 210 210 210 210 210 119 119 119 53 53 53 111 111 111 111 111 111 111 63 63 
63 161 161 161 161 161 161 145 145 150 150 150 150 150 119 119 119 119 53 111 111 111 111 111 111 111 111 111 63 
48 48 161 161 161 161 161 145 145 150 150 150 150 150 119 119 119 53 53 217 111 111 111 111 111 111 76 76 76 
48 48 48 48 48 48 48 145 145 150 150 150 150 202 39 39 39 39 5 5 5 111 111 111 111 76 76 76 76 
48 48 48 48 48 91 91 70 145 150 150 150 202 202 39 39 39 39 5 5 5 5 111 76 76 76 76 76 76 
94 94 94 94 91 91 91 70 70 70 70 202 202 202 39 39 39 39 5 5 5 5 76 76 76 76 76 76 76 
94 94 94 94 91 91 91 70 70 70 70 202 202 202 39 39 39 39 5 5 5 5 76 76 76 76 76 76 76 
94 94 94 94 91 91 91 70 70 70 70 70 202 202 39 39 39 39 5 5 5 5 20 20 20 20 20 76 76 
94 94 94 94 91 91 91 70 70 70 70 70 70 202 39 39 39 39 5 5 5 20 20 20 20 20 20 20 20 
94 94 94 32 32 32 91 70 70 70 70 70 246 246 246 246 246 54 130 130 130 20 20 20 20 20 20 20 20 
35 32 32 32 32 32 17 17 17 17 70 246 246 246 246 246 246 54 130 130 130 20 20 20 20 20 20 20 20 
35 35 32 32 32 32 17 17 17 17 17 246 246 246 246 246 246 54 130 130 130 89 89 20 20 20 20 20 20 
35 35 35 32 32 17 17 17 17 17 17 246 246 246 246 246 1 1 1 1 1 89 89 89 89 20 20 20 35 
35 35 35 35 17 17 17 17 17 17 17 246 246 246 246 1 1 1 1 1 1 89 89 89 89 89 89 35 35 
35 35 35 35 17 17 17 17 17 17 17 33 33 33 1 1 1 1 1 1 1 89 89 89 89 89 89 35 35 
35 35 35 35 35 17 17 17 17 17 17 33 33 33 1 1 1 1 1 1 1 114 114 114 114 114 114 35 35 
35 35 35 35 35 17 17 17 216 216 216 33 33 33 1 1 1 1 1 1 1 114 114 114 114 114 114 35 35 
35 35 35 35 35 17 17 216 216 216 216 216 33 33 1 1 1 1 1 1 1 114 114 114 114 114 114 35 35 
102 102 102 102 102 102 216 216 216 216 216 216 208 208 208 1 1 1 1 1 1 114 114 114 114 114 114 102 102 
102 102 102 102 102 102 102 216 216 216 216 208 208 208 208 208 208 208 1 1 110 114 114 114 114 114 114 102 102 
102 102 102 102 102 102 71 71 71 71 208 208 208 208 208 208 208 208 74 200 9 114 114 114 114 114 238 102 102 
102 102 102 102 102 71 71 71 71 71 71 208 208 208 208 45 45 45 45 164 164 9 42 42 42 42 238 238 102 
66 66 66 66 66 71 71 71 71 71 71 208 208 208 45 45 45 45 164 164 164 42 42 42 42 42 238 238 102 
116 116 116 186 186 186 71 71 71 71 71 71 208 208 45 45 45 45 164 164 164 164 42 42 42 42 49 49 116 
116 116 186 186 186 186 126 126 71 71 71 71 208 45 45 45 45 6 6 164 164 164 42 42 42 42 63 63 116 
116 186 186 186 186 186 126 126 126 71 71 210 210 210 45 45 6 6 6 6 164 164 42 42 42 63 63 63 63 
63 186 186 186 186 186 126 126 126 126 210 210 210 210 234 234 6 6 6 6 6 111 42 111 111 63 63 63 63 
63 186 186 186 186 126 126 126 126 210 210 210 210 210 210 234 6 6 6 6 111 111 111 111 111 63 63 63 63 
63 63 186 186 186 126 126 126 126 210 210 210 210 210 210 119 119 225 225 225 111 111 111 111 111 111 63 63 63 
63 63 161 161 161 161 161 145 145 128 128 128 128 128 119 119 53 53 53 53 111 111 111 111 111 111 111 101 101 
63 48 161 161 161 161 145 145 145 145 128 128 128 128 119 119 53 53 53 53 111 111 111 111 111 111 111 101 101 
48 48 48 48 48 48 145 145 145 145 145 150 128 150 39 119 53 53 53 217 217 111 111 111 111 111 76 76 76 
48 48 48 48 48 48 48 145 145 145 145 150 150 202 39 39 39 39 5 5 217 217 111 111 111 76 76 76 76 
48 48 48 48 48 48 48 145 145 145 145 150 202 202 39 39 39 39 5 5 5 217 217 217 76 76 76 76 76 
94 94 94 94 94 94 94 70 145 145 145 202 202 202 39 39 39 39 5 5 5 5 217 76 76 76 76 76 76 
94 94 94 94 94 94 94 70 70 70 70 202 202 202 39 39 39 39 5 5 5 5 5 76 76 76 76 76 76 
94 94 94 94 94 94 94 70 70 70 70 70 202 202 39 39 39 39 5 5 5 5 20 20 20 20 20 20 20 
94 94 94 94 94 94 94 70 70 59 59 59 59 59 39 39 39 39 5 5 5 20 20 20 20 20 20 20 20 
94 94 94 32 32 32 32 17 70 59 59 59 59 246 246 246 54 54 130 130 130 20 20 20 20 20 20 20 20 
94 94 32 32 32 32 32 17 17 59 59 59 246 246 246 246 54 54 130 130 130 130 20 20 20 20 20 20 20 
35 35 32 32 32 32 17 17 17 17 59 246 246 246 246 246 54 54 130 130 130 130 20 20 20 20 20 20 20 
35 35 35 32 32 32 17 17 17 17 17 246 246 246 246 246 1 1 130 130 130 130 89 89 213 213 213 213 35 
35 35 35 35 17 17 17 17 17 17 17 246 246 246 246 1 1 1 1 1 1 89 89 89 89 213 213 35 35 
35 35 35 35 17 17 17 17 17 17 77 77 246 246 1 1 1 1 1 1 1 1 89 89 89 89 89 35 35 
35 35 35 35 35 17 17 17 17 77 77 77 77 33 1 1 1 1 1 1 1 114 114 114 114 114 114 35 35 
35 35 35 35 35 17 17 17 82 82 82 82 82 1 1 1 1 1 1 1 1 114 114 114 114 114 114 35 35 
35 35 35 35 35 17 17 82 82 82 82 82 82 208 1 1 1 1 1 1 110 114 114 114 114 114 114 35 35 
102 102 102 102 102 102 82 82 82 82 82 82 208 208 208 208 1 1 1 110 110 114 114 114 114 114 114 102 102 
102 102 102 102 102 102 82 82 82 82 208 208 208 208 208 208 208 208 110 110 110 110 114 114 114 114 238 102 102 
102 102 102 102 102 71 71 71 71 71 208 208 208 208 208 208 208 208 200 200 200 200 114 114 114 238 238 238 102 
102 102 102 102 102 71 71 71 71 71 71 208 208 208 208 208 208 45 200 200 200 42 42 42 42 42 238 238 238 
102 102 102 102 71 71 71 71 71 71 71 208 208 208 208 45 45 45 200 200 200 42 42 42 42 42 238 238 238 
116 116 116 186 186 71 71 71 71 71 71 71 208 208 208 45 45 45 200 200 164 42 42 42 42 42 49 49 238 
116 116 186 186 186 71 71 71 71 71 71 71 208 208 208 45 2 2 2 164 42 42 42 42 42 42 42 101 101 
101 101 186 186 186 186 71 71 71 71 71 71 208 208 208 45 2 2 2 2 42 42 42 42 42 42 101 101 101 
101 101 186 186 186 186 126 71 71 71 71 210 210 210 208 2 2 2 2 2 2 42 42 42 42 101 101 101 101 
101 101 186 186 186 126 126 126 126 210 210 210 210 210 210 2 2 2 2 2 111 111 111 111 111 101 101 101 101 
101 101 101 186 186 126 126 126 128 128 128 128 128 128 128 119 2 2 2 111 111 111 111 111 111 111 101 101 101 
attribute "dep" string "positions"
#
# A field is created with three components: "positions", "connections",
# and "data"
object "regular positions regular connections" class field
component  "positions"    value 1
component  "connections"  value 2
component  "data"         value 3
#
end
