# object 1 are the regular positions. The grid is 29 29 29. The origin is
# at [0 0 0], and the deltas are 1 in the first and third dimensions, and
# 2 in the second dimension
#
object 1 class gridpositions counts 29 29 29
origin 0 0 0
delta  1 0 0
delta  0 1 0
delta  0 0 1
#
# object 2 are the regular connections
#
object 2 class gridconnections counts 29 29 29
#
# object 3 are the data, which are in a one-to-one correspondence with
# the positions ("dep" on positions). The positions increment in the order
# "last index varies fastest", i.e. (x0, y0, z0), (x0, y0, z1), (x0, y0, z2),
# (x0, y1, z0), etc.
#
object 3 class array type int rank 0 items 24389 data follows
227 227 24 24 24 24 24 24 24 1 1 1 1 92 92 223 223 223 219 219 81 19 19 85 85 85 85 85 85 
204 204 24 24 24 24 24 24 24 1 1 1 1 1 223 223 223 223 223 219 81 81 19 19 85 85 85 85 204 
204 204 204 24 24 24 24 24 24 1 1 1 1 1 223 223 223 223 223 19 19 19 19 19 85 85 85 204 204 
204 204 204 204 24 24 24 24 24 197 197 197 1 223 223 223 223 223 223 156 156 156 156 156 156 156 204 204 204 
204 204 204 204 24 24 24 24 197 197 197 197 197 223 223 223 223 223 223 156 156 156 156 156 156 156 204 204 204 
204 204 204 204 195 195 195 195 55 55 55 55 55 223 223 223 223 223 223 243 243 156 156 156 156 156 204 204 204 
226 226 226 8 195 195 195 8 55 55 55 55 55 55 223 223 223 223 20 243 243 243 243 243 243 243 176 176 204 
226 226 226 195 195 195 195 195 55 55 55 55 55 188 188 188 188 188 20 243 243 243 243 243 243 243 176 176 176 
226 226 226 7 195 195 195 8 55 55 55 55 55 188 188 188 188 21 21 206 206 206 206 206 206 206 206 176 176 
226 7 7 7 7 195 8 8 55 55 55 55 188 188 188 188 188 21 21 206 206 206 206 206 206 206 206 176 176 
7 7 7 52 7 7 8 8 55 55 55 55 224 188 188 188 188 21 21 206 206 206 206 206 206 206 206 128 128 
7 7 52 52 52 52 52 168 168 55 55 224 224 224 224 188 171 171 211 211 211 211 211 211 211 211 211 128 76 
76 76 52 52 52 52 52 168 168 168 168 224 224 224 224 224 171 171 211 211 211 211 211 211 211 211 211 76 76 
76 76 76 52 52 52 168 168 168 168 168 168 224 224 224 224 224 211 211 211 211 211 211 211 211 211 76 76 76 
76 76 76 76 76 76 168 168 168 168 168 35 35 35 35 35 35 211 211 211 211 211 211 211 211 211 76 76 76 
76 76 76 76 76 76 168 168 168 168 168 35 35 35 35 35 35 211 211 211 211 211 211 211 211 211 76 76 76 
76 76 76 76 76 76 76 168 168 168 168 35 35 35 35 35 35 67 211 211 211 211 211 211 211 9 76 76 76 
76 76 76 76 76 57 57 57 168 220 220 35 35 35 35 35 67 153 153 153 211 211 211 211 9 76 76 76 76 
76 76 76 76 76 57 57 57 220 220 220 220 35 35 35 144 153 153 153 153 153 178 211 214 214 214 76 76 76 
76 76 76 76 57 57 57 57 220 220 220 220 220 144 144 144 144 144 153 153 153 178 178 214 214 214 76 76 76 
76 76 76 76 57 57 57 57 220 220 220 220 220 144 144 144 144 144 153 153 153 142 142 142 142 142 214 76 76 
76 76 28 28 28 57 57 57 220 220 220 111 111 144 144 144 144 144 144 159 142 142 142 142 142 142 142 142 76 
143 28 28 28 28 28 57 57 220 220 111 111 111 111 144 144 144 144 159 159 159 142 142 142 142 142 142 142 143 
143 28 28 28 28 28 28 28 220 111 111 111 111 111 111 111 144 239 159 159 159 142 142 142 142 142 142 142 143 
143 28 28 28 147 147 147 147 111 111 111 111 111 111 111 111 239 239 239 239 142 142 142 142 142 142 142 142 143 
60 60 147 147 147 147 147 147 92 92 92 111 111 111 111 239 239 239 239 239 142 142 142 142 142 85 85 85 85 
60 60 147 147 147 147 147 147 92 92 92 92 92 92 111 239 239 239 239 239 239 142 142 85 85 85 85 85 227 
227 227 227 147 147 24 24 24 24 92 92 92 92 92 92 239 239 239 239 219 219 219 142 85 85 85 85 85 227 
227 227 227 24 24 24 24 24 24 92 92 92 92 92 92 92 239 239 219 219 219 219 85 85 85 85 85 85 227 
227 227 24 24 24 24 24 24 24 1 1 1 1 92 92 241 241 241 219 219 81 19 19 85 85 85 85 85 85 
204 204 204 24 24 24 24 24 24 1 1 1 1 1 241 241 241 241 241 219 81 81 183 183 183 85 85 85 204 
204 204 204 24 24 24 24 24 24 1 1 1 1 1 223 223 223 223 223 19 19 19 19 183 183 85 85 204 204 
204 204 204 204 24 24 24 24 24 1 1 1 1 1 223 223 223 223 223 156 156 156 156 156 156 85 204 204 204 
204 204 204 204 24 24 24 24 24 197 55 1 1 223 223 223 223 223 223 156 156 156 156 156 156 85 204 204 204 
204 204 204 204 195 195 195 195 55 55 55 55 55 55 223 223 223 20 20 243 243 243 243 243 243 243 176 204 204 
204 7 7 195 195 195 195 195 55 55 55 55 55 55 223 223 223 20 20 243 243 243 243 243 243 243 176 176 204 
226 7 7 7 195 195 195 195 55 55 55 55 55 55 188 188 188 20 20 243 243 243 243 243 243 243 176 176 176 
7 7 7 7 195 195 195 195 55 55 55 55 55 55 188 188 188 21 20 206 206 206 206 206 206 206 176 176 176 
7 7 7 7 7 7 195 195 55 55 55 55 55 188 188 188 188 21 21 206 206 206 206 206 206 206 128 176 176 
7 7 7 7 7 7 7 55 55 55 55 55 82 188 188 188 188 21 21 206 206 206 206 206 206 206 128 128 128 
7 7 7 7 7 7 7 7 55 55 55 55 224 224 224 188 171 171 206 206 206 206 206 206 206 206 128 128 128 
76 33 33 33 33 33 33 168 168 168 168 116 224 224 224 224 171 171 211 211 211 211 211 211 211 211 128 105 76 
76 76 33 33 33 33 33 168 168 168 168 116 163 163 163 163 211 211 211 211 211 211 211 211 9 9 9 76 76 
76 76 76 76 33 33 168 168 168 168 168 163 163 163 163 163 163 211 211 211 211 211 211 9 9 9 76 76 76 
76 76 76 76 76 76 76 168 168 168 168 163 163 163 163 163 67 67 211 211 211 211 9 9 9 9 76 76 76 
76 76 76 76 76 76 76 168 168 168 168 163 163 163 163 163 67 67 153 153 211 211 9 9 9 9 76 76 76 
76 76 76 76 76 76 76 220 220 220 220 220 103 103 103 67 67 153 153 153 153 9 9 9 9 9 76 76 76 
76 76 76 76 76 76 57 220 220 220 220 220 103 103 103 103 153 153 153 153 153 178 9 214 214 214 214 76 76 
76 76 76 76 76 76 57 220 220 220 220 220 103 103 144 144 144 153 153 153 153 178 178 214 214 214 214 76 76 
76 76 76 76 76 76 57 220 220 220 220 220 103 144 144 144 144 144 153 153 153 178 178 214 214 214 214 214 76 
143 76 28 28 28 28 57 220 220 220 220 111 111 111 144 144 144 144 144 153 229 229 229 229 229 214 214 214 76 
143 28 28 28 28 28 28 220 220 220 111 111 111 111 111 144 144 144 144 159 229 229 229 229 229 229 229 229 143 
143 143 28 28 28 28 28 28 220 111 111 111 111 111 111 111 144 239 239 239 229 229 229 229 229 229 229 143 143 
143 143 147 147 147 147 147 147 80 111 111 111 111 111 111 111 239 239 239 239 229 229 229 229 229 229 85 85 143 
227 147 147 147 147 147 147 147 92 92 92 92 111 111 111 239 239 239 239 239 239 229 229 229 85 85 85 85 85 
227 227 147 147 147 147 147 147 92 92 92 92 92 92 92 239 239 239 239 239 239 229 229 85 85 85 85 85 227 
227 60 227 147 147 24 24 24 92 92 92 92 92 92 92 239 239 239 239 239 239 85 85 85 85 85 85 85 227 
227 227 227 24 24 24 24 24 24 92 92 92 92 92 92 92 239 239 239 219 219 219 85 85 85 85 85 85 227 
60 60 24 24 24 24 24 24 24 1 1 1 92 92 241 241 241 241 241 18 18 183 183 183 183 85 85 85 85 
204 204 24 24 24 24 24 24 24 1 1 1 1 1 241 241 241 241 241 18 18 18 183 183 183 183 183 85 204 
204 204 204 24 24 24 24 24 24 1 1 1 1 1 241 241 241 241 241 18 18 18 183 183 183 183 183 204 204 
204 204 204 204 24 24 24 24 24 1 1 1 1 1 241 241 241 241 18 18 18 18 31 183 183 183 183 204 204 
204 204 204 204 24 24 24 24 55 55 55 55 1 164 164 241 241 20 20 20 31 31 31 31 183 183 176 204 204 
204 204 204 204 195 195 195 55 55 55 55 55 55 55 55 241 20 20 20 20 20 243 243 31 31 176 176 176 204 
204 7 7 7 195 195 195 55 55 55 55 55 55 55 55 20 20 20 20 20 243 243 243 243 243 176 176 176 176 
7 7 7 7 195 195 195 55 55 55 55 55 55 55 55 188 20 20 20 20 243 243 243 243 243 176 176 176 176 
7 7 7 7 7 195 195 55 55 55 55 55 82 82 82 188 20 20 20 206 206 206 206 206 206 176 176 176 176 
7 7 7 7 7 7 7 55 55 55 55 82 82 82 82 188 188 20 20 206 206 206 206 206 206 128 128 176 176 
7 7 7 7 7 7 7 55 55 55 55 82 82 82 82 188 65 65 206 206 206 206 206 206 206 128 128 128 128 
7 7 7 7 7 7 7 7 55 55 55 82 82 82 224 65 65 65 65 206 206 206 206 206 128 128 128 128 128 
33 33 33 33 33 33 33 33 55 116 116 116 163 163 163 163 65 65 98 211 211 211 211 9 9 128 128 105 105 
76 33 33 33 33 33 33 33 116 116 116 116 163 163 163 163 65 98 211 211 211 211 9 9 9 9 9 105 105 
76 76 33 33 33 33 33 168 168 116 116 163 163 163 163 163 163 98 211 211 211 9 9 9 9 9 105 105 76 
76 76 76 76 76 76 76 168 168 116 116 163 163 163 163 163 67 67 153 153 211 9 9 9 9 9 76 76 76 
76 76 76 76 76 76 76 220 220 220 4 163 163 163 163 163 67 67 153 153 153 9 9 9 9 9 76 76 76 
76 76 76 76 76 76 76 220 220 220 4 4 103 103 103 67 67 67 153 153 153 9 9 9 9 214 214 76 76 
76 76 76 76 76 76 76 220 220 220 220 4 103 103 103 103 67 153 153 153 153 178 178 214 214 214 214 76 76 
76 76 76 76 76 76 76 220 220 220 220 4 103 103 103 144 153 153 153 153 178 178 178 214 214 214 214 214 76 
76 76 76 76 76 76 76 220 220 220 220 4 103 103 144 144 144 153 153 153 178 178 178 214 214 214 214 214 76 
143 143 28 28 28 28 28 80 220 220 220 4 111 111 144 144 144 144 153 153 229 229 229 229 229 214 214 214 76 
143 143 143 28 28 28 28 80 220 220 111 111 111 111 111 144 144 144 48 48 229 229 229 229 229 229 229 229 143 
143 143 143 28 28 28 28 80 80 80 111 111 111 111 111 111 144 239 239 48 229 229 229 229 229 229 229 229 143 
143 143 143 28 28 28 28 80 80 61 111 111 111 111 111 111 239 239 239 239 229 229 229 229 229 229 229 229 143 
143 143 147 147 147 147 147 80 80 92 92 92 92 111 111 239 239 239 239 239 229 229 229 229 229 85 85 85 85 
227 227 147 147 147 147 147 147 92 92 92 92 92 92 92 239 239 239 239 239 239 229 229 85 85 85 85 85 227 
227 227 227 147 147 24 24 24 92 92 92 92 92 92 92 239 239 239 239 239 239 229 85 85 85 85 85 85 227 
60 60 60 24 24 24 24 24 24 92 92 92 92 92 92 241 241 239 239 239 219 183 183 85 85 85 85 85 227 
60 60 24 24 24 24 24 24 24 1 1 1 92 92 241 241 241 241 241 18 18 18 183 183 183 183 85 85 85 
204 204 24 24 24 24 24 24 24 1 1 1 1 241 241 241 241 241 18 18 18 18 183 183 183 183 183 85 204 
204 204 204 24 24 24 24 24 24 1 1 1 1 241 241 241 241 241 18 18 18 18 183 183 183 183 183 204 204 
204 204 204 204 24 24 24 24 24 213 213 213 213 213 241 241 241 241 18 18 18 18 31 31 183 183 183 204 204 
204 204 204 204 24 24 24 24 55 55 55 164 164 164 164 241 241 20 20 20 31 31 31 31 183 183 176 176 204 
204 204 204 7 195 195 195 55 55 55 55 164 164 164 164 20 20 20 20 20 20 31 31 31 31 176 176 176 176 
7 7 7 7 7 195 195 55 55 55 55 55 164 164 164 20 20 20 20 20 20 31 31 31 31 176 176 176 176 
7 7 7 7 7 7 195 55 55 55 55 55 82 82 82 20 20 20 20 20 20 243 243 243 243 176 176 176 176 
7 7 7 7 7 7 7 55 55 55 55 82 82 82 82 20 20 20 20 20 206 206 206 206 206 176 176 176 176 
7 7 7 7 7 7 7 55 55 55 82 82 82 82 82 65 65 65 20 206 206 206 206 206 128 128 128 176 176 
7 7 7 7 7 7 7 55 55 55 82 82 82 82 82 65 65 65 65 206 206 206 206 206 128 128 128 128 128 
7 7 7 7 7 7 7 7 55 55 82 82 82 82 82 65 65 65 65 98 98 206 206 206 128 128 128 128 128 
7 33 33 33 33 33 33 33 116 116 116 116 116 163 163 65 65 65 98 98 98 98 9 9 128 128 128 105 105 
105 33 33 33 33 33 33 173 116 116 116 116 163 163 163 163 65 98 98 98 98 9 9 9 9 9 105 105 105 
76 33 33 33 33 33 33 173 173 116 116 116 163 163 163 163 163 98 98 98 98 9 9 9 9 9 105 105 105 
76 76 76 76 33 33 173 173 173 116 116 163 163 163 163 163 67 67 67 153 9 9 9 9 9 9 105 105 76 
76 76 76 76 76 76 173 173 220 116 116 163 163 163 163 163 67 67 67 153 153 9 9 9 9 9 105 76 76 
76 76 76 76 76 76 76 220 220 4 4 4 103 103 103 67 67 67 153 153 153 9 9 9 9 214 214 76 76 
76 76 76 76 76 76 76 220 220 4 4 4 103 103 103 103 67 153 153 153 153 178 178 214 214 214 214 214 76 
76 76 76 76 76 76 76 220 220 4 4 4 103 103 103 103 153 153 153 153 178 178 178 214 214 214 214 214 76 
76 76 76 76 76 76 80 80 220 4 4 4 103 103 103 144 144 153 153 153 178 178 178 214 214 214 214 214 76 
143 143 143 143 28 80 80 80 80 4 4 130 103 103 144 144 144 153 48 48 48 48 229 229 229 214 214 214 214 
143 143 143 143 28 80 80 80 80 80 61 61 111 111 144 144 144 48 48 48 48 229 229 229 229 229 229 229 143 
143 143 143 143 28 80 80 80 80 80 61 61 111 111 111 111 144 48 48 48 48 229 229 229 229 229 229 229 143 
143 143 143 143 28 80 80 80 80 61 61 61 61 111 111 111 239 239 239 48 48 229 229 229 229 229 229 229 143 
143 143 143 147 147 147 80 80 80 61 61 61 61 92 111 239 239 239 239 239 239 229 229 229 229 229 85 85 143 
227 227 227 147 147 147 147 80 61 61 92 92 92 92 92 239 239 239 239 239 64 229 229 229 85 85 85 85 85 
227 227 227 227 147 24 24 24 61 61 92 92 92 92 92 92 239 239 239 239 64 229 229 85 85 85 85 85 85 
60 60 60 24 24 24 24 24 24 92 92 92 92 92 92 241 241 241 239 123 123 183 183 183 183 85 85 85 85 
234 234 234 91 91 91 91 91 91 79 79 79 79 241 241 241 241 241 18 18 18 18 183 183 183 183 183 183 23 
234 234 234 91 91 91 91 91 91 213 213 213 213 241 241 241 241 241 18 18 18 18 18 183 183 183 183 234 234 
234 234 234 234 91 91 91 91 213 213 213 213 213 213 241 241 241 241 18 18 18 18 18 183 183 183 183 234 234 
234 234 234 157 91 91 91 24 213 213 213 213 213 213 241 241 241 18 18 18 18 18 18 31 183 183 183 176 234 
204 234 204 157 157 157 91 24 201 213 213 164 164 164 164 241 241 20 20 20 31 31 31 31 31 176 176 176 176 
176 7 7 7 7 7 7 55 55 55 164 164 164 164 164 20 20 20 20 20 31 31 31 31 31 176 176 176 176 
176 7 7 7 7 7 185 55 55 55 55 164 164 164 164 20 20 20 20 20 20 31 31 31 31 176 176 176 176 
176 7 7 7 7 7 185 55 55 55 55 82 82 82 82 20 20 20 20 20 20 31 31 31 31 176 176 176 176 
176 7 7 7 7 7 185 185 55 55 82 82 82 82 82 20 20 20 20 20 20 31 31 31 101 176 176 176 176 
7 7 7 7 7 7 185 185 55 55 82 82 82 82 82 65 65 65 65 20 206 206 206 128 128 128 128 176 176 
7 7 7 7 7 7 185 185 55 55 82 82 82 82 82 65 65 65 65 65 65 206 206 128 128 128 128 128 161 
7 7 7 7 7 7 7 185 55 55 82 82 82 82 65 65 65 65 65 98 98 98 206 128 128 128 128 128 161 
7 7 33 33 33 7 7 7 173 116 116 116 116 116 163 65 65 65 98 98 98 98 9 9 128 128 128 105 105 
105 33 33 33 33 33 33 173 173 116 116 116 116 163 163 163 65 98 98 98 98 98 9 9 9 105 105 105 105 
105 33 33 33 33 33 173 173 173 116 116 116 163 163 163 163 163 98 98 98 98 9 9 9 9 9 105 105 105 
76 76 76 33 33 173 173 173 173 116 116 116 163 163 163 163 67 67 98 98 98 9 9 9 9 9 105 105 105 
76 76 76 76 76 170 173 173 173 116 116 163 163 163 163 163 67 67 153 153 153 9 9 9 9 9 105 105 76 
76 76 76 76 76 76 170 173 4 4 4 4 103 103 163 67 67 67 153 153 153 9 9 9 9 214 214 76 76 
76 76 76 76 76 76 216 216 4 4 4 130 103 103 103 103 67 153 153 153 153 178 178 214 214 214 214 214 76 
76 76 76 76 76 76 216 216 4 4 130 130 103 103 103 103 153 153 153 153 178 178 178 214 214 214 214 214 76 
76 76 76 76 76 216 216 216 4 130 130 130 130 103 103 103 153 153 153 48 48 178 178 214 214 214 214 214 76 
143 143 143 143 143 80 80 80 80 130 130 130 130 103 103 144 144 48 48 48 48 48 229 229 229 214 214 214 143 
143 143 143 143 143 80 80 80 80 80 61 61 61 61 103 144 144 48 48 48 48 48 229 229 229 229 229 229 143 
143 143 143 143 80 80 80 80 80 80 61 61 61 61 61 111 48 48 48 48 48 48 229 229 229 229 229 229 143 
143 143 143 143 143 80 80 80 80 61 61 61 61 61 61 61 239 48 48 48 48 229 229 229 229 229 229 229 143 
143 143 143 143 143 80 80 80 80 61 61 61 61 61 61 61 239 64 64 64 64 229 229 229 229 229 229 229 143 
143 143 143 23 23 80 80 80 61 61 61 61 61 61 61 61 239 64 64 64 64 64 229 229 229 85 85 85 23 
227 227 227 23 23 24 24 61 61 61 61 61 61 92 92 241 239 64 64 64 64 64 229 229 85 85 85 85 23 
23 60 23 24 24 24 24 24 61 61 61 92 92 92 92 241 241 241 123 123 123 123 183 183 183 85 85 85 85 
234 234 234 91 91 91 91 91 91 79 79 79 79 79 79 241 241 241 18 18 18 18 18 183 183 183 183 23 23 
234 234 234 91 91 91 91 91 91 79 79 79 79 79 79 241 241 241 18 18 18 18 18 183 183 183 183 234 234 
234 234 234 157 91 91 91 91 91 213 213 213 213 213 213 241 241 86 18 18 18 18 18 18 183 183 27 234 234 
234 234 141 157 157 91 91 91 201 213 213 213 213 213 213 241 241 18 18 18 18 18 18 31 27 27 27 176 234 
141 141 157 157 157 157 91 201 201 201 213 164 164 213 213 241 20 20 20 31 31 31 31 31 31 27 176 176 176 
176 141 157 157 157 157 104 201 201 201 164 164 164 164 164 164 20 20 20 20 31 31 31 31 31 176 176 176 176 
176 7 7 7 7 185 185 201 201 201 164 164 164 164 164 20 20 20 20 20 31 31 31 31 101 176 176 176 176 
176 7 7 7 7 185 185 185 55 55 55 164 164 164 164 20 20 20 20 20 31 31 31 31 101 176 176 176 176 
176 7 7 7 7 185 185 185 55 55 82 82 82 82 82 179 179 20 20 20 20 31 31 31 101 176 176 176 176 
7 7 7 7 7 185 185 185 55 55 82 82 82 82 82 65 65 65 65 65 65 49 49 49 128 128 128 176 176 
161 7 7 7 7 185 185 185 185 55 82 82 82 82 65 65 65 65 65 65 65 49 49 128 128 128 128 161 161 
161 7 7 7 7 122 122 122 215 215 82 82 82 215 65 65 65 65 65 98 98 98 49 128 128 128 128 161 161 
161 7 7 7 122 122 122 122 173 116 116 116 116 215 65 65 65 65 98 98 98 98 98 9 128 128 128 161 161 
105 33 33 33 33 122 173 173 173 116 116 116 116 163 163 65 65 98 98 98 98 98 9 9 9 128 105 105 105 
105 33 33 33 33 173 173 173 173 116 116 116 116 163 163 163 65 98 98 98 98 98 9 9 9 105 105 105 105 
105 76 33 33 173 173 173 173 173 173 116 148 163 163 163 32 32 98 98 98 98 98 9 9 9 9 105 105 105 
76 76 76 76 170 170 173 173 173 173 148 148 163 163 163 32 67 67 153 153 153 9 9 9 9 9 105 105 105 
76 76 76 76 170 170 170 173 173 173 148 148 163 103 163 67 67 153 153 153 153 9 9 9 9 9 214 105 76 
76 76 76 76 170 170 216 216 216 130 130 130 130 103 103 103 153 153 153 153 153 178 9 214 214 214 214 214 76 
182 182 182 182 170 216 216 216 216 130 130 130 130 103 103 103 153 153 153 153 153 178 178 214 214 214 214 214 214 
182 182 182 182 170 216 216 216 216 130 130 130 130 103 103 103 153 153 48 48 48 48 48 214 214 214 214 214 214 
143 143 143 143 80 80 80 80 80 130 130 130 130 103 103 144 48 48 48 48 48 48 48 229 229 214 214 214 143 
143 143 143 143 80 80 80 80 80 80 61 61 61 61 61 144 48 48 48 48 48 48 229 229 229 229 229 229 143 
143 143 143 143 80 80 80 80 80 80 61 61 61 61 61 61 48 48 48 48 48 48 229 229 229 229 229 229 143 
143 143 143 143 80 80 80 80 80 61 61 61 61 61 61 61 64 64 64 64 48 48 229 229 229 229 229 229 143 
23 23 23 23 25 80 80 80 80 61 61 61 61 61 61 61 64 64 64 64 64 64 229 229 229 229 229 23 23 
23 23 23 23 23 80 80 80 61 61 61 61 61 61 61 61 64 64 64 64 64 64 229 229 229 85 85 23 23 
23 23 23 23 23 91 91 61 61 61 61 61 61 61 61 61 64 123 123 123 123 123 229 229 85 85 85 23 23 
23 23 23 23 91 91 91 91 61 61 61 79 79 79 79 241 241 123 123 123 123 123 123 183 183 85 85 23 23 
23 23 23 91 91 91 91 91 91 79 79 79 79 79 79 79 154 154 123 123 123 18 18 183 183 183 27 23 23 
234 234 234 91 91 91 91 91 91 79 79 79 79 79 79 79 154 86 86 86 18 18 18 18 27 27 27 27 141 
234 234 234 157 91 91 91 91 91 79 79 79 79 79 79 154 154 86 86 86 18 18 18 27 27 27 27 27 141 
141 141 141 157 157 91 91 91 201 201 213 213 213 213 213 154 154 86 86 86 18 18 31 27 27 27 27 27 141 
141 141 141 157 157 157 104 104 201 201 164 164 164 213 213 213 154 86 86 31 31 31 31 31 27 27 27 27 141 
141 141 157 157 228 228 104 104 201 201 164 164 164 164 164 164 20 20 20 31 31 31 31 31 101 101 176 176 176 
176 228 228 228 228 228 104 201 201 201 164 164 164 164 164 179 179 179 20 31 31 31 31 31 101 101 176 176 176 
176 228 228 228 228 185 185 185 201 201 164 164 164 164 164 179 179 179 179 179 31 31 31 101 101 101 176 176 176 
176 228 228 228 228 185 185 185 185 201 215 215 215 82 82 179 179 179 179 179 179 49 49 49 101 101 176 176 176 
161 7 7 7 185 185 185 185 185 215 215 215 215 215 215 179 179 179 179 179 179 49 49 49 128 128 161 161 161 
161 7 7 7 122 122 122 122 122 215 215 215 215 215 215 65 65 65 65 29 29 49 49 49 128 128 161 161 161 
161 161 7 122 122 122 122 122 215 215 215 215 215 215 215 65 65 65 65 98 98 98 49 49 128 128 161 161 161 
161 161 7 122 122 122 122 122 173 215 215 215 215 215 215 65 65 65 98 98 98 98 98 128 128 161 161 161 161 
161 161 33 122 122 122 173 173 173 173 148 148 148 215 32 32 65 98 98 98 98 98 98 9 128 161 58 58 58 
161 161 33 33 173 173 173 173 173 173 148 148 148 148 32 32 32 98 98 98 98 98 98 9 9 58 58 58 58 
105 76 33 173 173 173 173 173 173 173 148 148 148 148 32 32 32 32 98 98 98 98 9 9 9 9 105 105 105 
182 76 76 170 170 170 173 173 173 173 148 148 148 148 32 32 32 32 153 98 98 98 9 9 9 9 105 105 105 
182 182 182 170 170 170 170 173 173 173 148 148 148 148 32 32 32 153 153 153 153 9 9 9 9 40 40 105 182 
182 182 182 170 170 170 216 216 216 216 130 130 130 103 103 240 153 240 153 153 153 178 9 40 214 40 214 40 182 
182 182 182 170 170 216 216 216 216 216 130 130 130 130 103 240 240 240 153 153 153 178 178 214 40 40 40 214 182 
182 182 182 182 170 216 216 216 216 216 130 130 130 130 103 240 240 240 48 48 48 48 48 40 40 40 40 40 182 
182 182 182 182 80 80 80 216 216 216 130 130 130 130 103 158 158 48 48 48 48 48 48 229 229 40 40 40 182 
143 182 182 143 80 80 80 80 80 80 61 61 61 61 61 158 158 48 48 48 48 48 48 229 229 229 229 229 143 
143 143 25 25 25 80 80 80 80 80 61 61 61 61 61 158 64 64 64 48 48 48 229 229 229 229 229 229 143 
23 25 25 25 25 80 80 80 80 80 61 61 61 61 61 61 64 64 64 64 64 64 64 229 229 229 229 23 23 
23 23 23 25 25 80 80 80 80 61 61 61 61 61 61 61 64 64 64 64 64 64 64 229 229 229 23 23 23 
23 23 23 23 25 25 80 80 61 61 61 61 61 61 61 61 64 64 64 64 64 64 64 64 229 85 23 23 23 
23 23 23 23 25 25 91 91 61 61 61 61 61 61 61 61 64 123 123 123 123 123 123 123 85 85 23 23 23 
23 23 23 23 91 91 91 91 91 79 79 79 79 79 79 79 123 123 123 123 123 123 123 123 183 85 23 23 23 
23 23 23 91 91 91 91 91 91 79 79 79 79 79 79 154 154 154 123 123 123 123 123 27 27 27 27 23 23 
141 141 157 91 91 91 91 91 91 79 79 79 79 79 79 154 154 154 86 86 86 86 86 27 27 27 27 141 141 
141 141 157 157 91 91 91 91 91 79 79 79 79 79 79 154 154 154 86 86 86 86 86 27 27 27 27 27 141 
141 141 157 157 157 91 91 104 104 201 79 79 79 79 79 154 154 86 86 86 86 86 175 27 27 27 27 27 141 
141 141 141 157 157 157 104 104 104 201 201 201 79 79 79 154 154 86 86 86 86 175 175 175 27 27 27 27 141 
141 141 157 157 157 157 104 104 104 201 201 201 164 164 164 154 179 179 86 175 175 175 175 175 101 101 101 176 176 
141 228 228 228 228 228 104 104 201 201 201 201 164 164 164 179 179 179 179 175 175 175 175 175 101 101 101 176 176 
176 228 228 228 228 228 185 201 201 201 201 201 201 215 179 179 179 179 179 179 175 175 175 101 101 101 101 176 176 
176 228 228 228 228 185 185 185 201 215 215 215 215 215 179 179 179 179 179 179 179 49 49 49 101 101 101 176 176 
161 161 228 228 122 122 122 122 215 215 215 215 215 215 215 179 179 179 179 179 29 49 49 49 49 101 161 161 161 
161 161 161 122 122 122 122 122 215 215 215 215 215 215 215 145 29 29 29 29 29 49 49 49 161 161 161 161 161 
161 161 161 122 122 122 122 122 215 215 215 215 215 215 215 145 29 29 29 29 29 49 49 49 161 161 161 161 161 
161 161 161 122 122 122 122 122 173 215 215 215 215 215 215 145 29 29 29 98 98 98 98 49 161 161 161 161 161 
161 161 161 122 122 122 173 173 173 173 148 148 215 215 215 32 32 98 98 98 98 98 98 98 161 161 58 58 58 
58 58 58 173 173 173 173 173 173 173 148 148 148 148 32 32 32 98 98 98 98 98 98 9 58 58 58 58 58 
58 58 182 170 173 173 173 173 173 173 148 148 148 148 32 32 32 32 98 98 98 98 98 9 9 58 58 58 58 
182 182 182 170 170 170 173 173 173 173 148 148 148 148 32 32 32 32 32 98 98 98 9 9 40 40 58 58 58 
182 182 182 170 170 170 170 173 173 173 148 148 148 148 87 32 240 240 240 240 240 240 40 40 40 40 40 40 182 
182 182 182 191 170 170 216 216 216 216 216 148 87 87 87 240 240 240 240 240 240 240 40 40 40 40 40 40 182 
182 182 182 191 170 216 216 216 216 216 216 130 87 87 87 240 240 240 240 240 240 40 40 40 40 40 40 40 182 
182 182 182 191 191 216 216 216 216 216 216 130 87 87 87 240 240 240 240 240 48 48 40 40 40 40 40 40 182 
182 182 182 191 191 216 216 216 216 216 130 130 87 87 87 158 158 158 158 48 48 48 48 40 40 40 40 40 182 
182 25 25 25 25 80 80 80 80 80 61 66 66 66 66 158 158 158 158 64 48 48 48 229 40 40 40 40 182 
25 25 25 25 25 80 80 80 80 80 61 66 66 66 66 158 158 158 64 64 64 64 64 229 229 229 40 192 192 
25 25 25 25 25 25 80 80 80 80 61 61 66 66 66 66 158 64 64 64 64 64 64 64 229 229 192 23 23 
23 23 25 25 25 25 80 80 80 61 61 61 66 66 66 66 64 64 64 64 64 64 64 64 64 232 23 23 23 
23 23 23 25 25 25 25 80 61 61 61 61 66 66 66 66 64 64 64 64 64 64 64 64 64 232 23 23 23 
23 23 23 23 25 25 25 91 61 61 61 61 61 66 66 66 64 123 123 123 123 123 123 123 232 232 23 23 23 
23 23 23 23 91 91 91 91 91 79 79 79 79 79 66 66 154 123 123 123 123 123 123 123 232 232 23 23 23 
23 23 23 91 91 91 91 91 91 79 79 79 79 79 79 154 154 154 154 86 86 86 86 86 27 27 232 23 23 
141 141 91 91 91 91 91 91 91 79 79 79 79 79 79 154 154 154 154 86 86 86 86 27 27 27 27 27 141 
141 141 157 157 91 91 91 91 91 79 79 79 79 79 79 154 154 154 86 86 86 86 86 27 27 27 27 27 141 
141 141 157 157 157 91 91 104 104 201 79 79 79 79 79 154 154 154 86 86 86 86 175 175 27 27 27 27 141 
141 141 141 157 157 157 104 104 104 201 201 201 79 79 79 154 107 107 86 86 175 175 175 175 193 193 27 27 141 
141 141 141 157 157 157 104 104 104 201 201 201 201 201 201 154 107 107 107 175 175 175 175 175 193 193 193 193 193 
141 228 228 228 228 228 104 104 201 201 201 201 201 201 201 179 179 179 179 175 175 175 175 175 101 101 101 101 101 
228 228 228 228 228 228 242 242 201 201 201 201 215 215 215 179 179 179 179 179 175 175 175 101 101 101 101 101 101 
161 228 228 228 228 228 228 242 201 215 215 215 215 215 215 179 179 179 179 179 179 49 49 49 101 101 101 161 161 
161 161 228 228 122 122 122 122 215 215 215 215 215 215 145 179 179 179 179 179 29 49 49 49 49 161 161 161 161 
161 161 161 122 122 122 122 122 215 215 215 215 215 215 145 145 29 29 29 29 29 49 49 49 161 161 161 161 161 
62 62 62 122 122 122 122 122 215 215 215 215 215 215 145 145 145 29 29 29 29 29 49 49 161 161 161 161 161 
161 161 161 122 122 122 122 122 215 215 215 215 215 215 145 145 145 29 29 29 29 29 49 49 161 161 161 161 161 
161 161 161 122 122 122 173 173 173 215 215 215 215 215 215 145 145 29 29 29 29 98 98 49 161 161 58 58 58 
161 161 173 173 173 173 173 173 173 173 148 148 148 148 32 32 32 32 29 29 98 98 98 125 58 58 58 58 58 
161 182 191 170 173 173 173 173 173 173 148 148 148 148 32 32 32 32 32 98 98 98 125 9 40 58 58 58 58 
182 182 191 170 170 170 173 173 173 173 148 148 148 148 32 32 32 32 240 98 98 100 40 40 40 40 40 58 58 
182 182 191 191 170 170 170 173 173 173 148 148 148 87 87 87 240 240 240 240 240 40 40 40 40 40 40 40 40 
182 182 191 191 191 170 216 216 216 216 216 148 87 87 87 87 240 240 240 240 240 40 40 40 40 40 40 40 40 
182 182 191 191 191 216 216 216 216 216 216 12 87 87 87 87 240 240 240 240 240 40 40 40 40 40 40 40 40 
182 182 191 191 191 216 216 216 216 216 216 12 87 87 87 87 240 240 240 240 240 40 40 40 40 40 40 40 40 
182 182 191 191 191 191 216 216 216 216 12 12 87 87 87 158 158 158 158 158 158 43 43 40 40 40 40 40 40 
25 25 25 25 25 25 216 216 216 216 12 66 66 66 66 158 158 158 158 158 64 64 43 40 40 40 40 40 40 
25 25 25 25 25 25 80 80 80 80 66 66 66 66 66 158 158 158 158 64 64 64 64 64 40 40 40 192 192 
25 25 25 25 25 25 25 80 80 66 66 66 66 66 66 66 158 158 64 64 64 64 64 64 232 192 192 192 192 
23 25 25 25 25 25 25 80 80 61 66 66 66 66 66 66 158 64 64 64 64 64 64 64 232 232 192 192 23 
23 23 25 25 25 25 25 25 34 61 66 66 66 66 66 66 66 64 64 64 64 64 64 64 232 232 232 23 23 
23 23 23 70 25 25 25 91 34 79 79 66 66 66 66 66 66 123 123 123 123 123 123 232 232 232 232 23 23 
23 23 23 70 91 91 91 91 91 79 79 79 79 79 66 66 154 154 123 123 123 123 123 232 232 232 232 23 23 
23 23 23 91 91 91 91 91 91 79 79 79 79 79 79 154 154 154 154 154 86 86 86 232 232 232 232 232 23 
141 141 91 91 91 91 91 91 91 79 79 79 79 79 154 154 154 154 154 86 86 86 86 86 232 232 232 232 141 
141 141 157 157 91 91 91 91 91 79 79 79 79 79 154 154 154 154 154 86 86 86 175 175 27 27 27 27 141 
141 141 157 157 157 91 91 104 104 201 79 79 79 79 154 154 154 154 107 107 107 175 175 175 193 27 27 59 141 
141 141 157 157 157 157 242 104 104 201 201 201 79 79 154 154 107 107 107 107 175 175 175 175 193 193 193 59 59 
141 141 141 157 157 242 242 104 104 201 201 201 201 201 138 107 107 107 107 175 175 175 175 175 193 193 193 59 59 
59 141 228 228 242 242 242 242 242 201 201 201 201 138 41 179 179 107 175 175 175 175 175 175 193 193 193 59 59 
59 135 135 135 135 242 242 242 242 242 201 215 215 215 215 179 179 179 179 179 175 175 175 175 101 101 101 101 59 
62 135 135 135 135 242 242 242 242 242 215 215 215 215 215 179 179 179 179 179 179 175 49 49 101 101 101 161 161 
62 135 135 135 135 135 242 242 242 215 215 215 215 215 145 145 179 179 179 29 29 49 49 49 49 161 161 161 62 
62 62 135 135 135 122 26 26 215 215 215 215 215 215 145 145 29 29 29 29 29 29 49 49 161 161 161 62 62 
62 62 135 135 122 122 26 26 26 215 215 215 215 215 145 145 145 29 29 29 29 29 49 49 161 161 161 62 62 
62 62 62 122 122 122 26 26 26 215 215 215 215 215 145 145 145 29 29 29 29 29 49 49 161 161 161 161 62 
62 62 62 146 146 146 146 26 26 215 215 215 215 215 215 145 145 29 29 29 29 29 125 125 161 161 161 161 161 
39 62 221 146 146 173 173 173 173 173 215 215 215 215 215 32 32 29 29 29 100 125 125 125 125 58 58 58 58 
39 39 191 191 173 173 173 173 173 173 148 148 148 148 32 32 32 32 100 100 100 100 125 125 40 40 58 58 58 
39 191 191 191 170 170 173 173 173 173 148 148 148 148 32 32 32 100 100 100 100 100 125 40 40 40 40 40 39 
182 191 191 191 191 170 170 173 173 173 148 148 87 87 87 87 240 240 240 240 240 100 40 40 40 40 40 40 40 
182 191 191 191 191 191 216 216 216 216 12 12 87 87 87 87 240 240 240 240 240 16 40 40 40 40 40 40 40 
182 191 191 191 191 191 216 216 216 216 12 12 87 87 87 87 240 240 240 240 240 16 40 40 40 40 40 40 40 
182 191 191 191 191 191 216 216 216 216 12 12 87 87 87 87 240 240 240 240 240 16 43 40 40 40 40 40 40 
191 191 191 191 191 191 216 216 216 12 12 12 12 87 87 158 158 158 158 158 158 43 43 43 40 40 40 40 40 
25 25 25 25 25 25 216 216 216 12 12 12 12 66 66 158 158 158 158 158 158 43 43 43 43 40 40 40 192 
231 25 25 25 25 25 25 25 124 124 66 66 66 66 66 158 158 158 158 158 64 64 43 43 43 40 192 192 192 
231 25 25 25 25 25 25 25 124 124 66 66 66 66 66 66 158 158 158 64 64 64 64 64 232 192 192 192 192 
231 25 25 25 25 25 25 25 124 124 66 66 66 66 66 66 158 158 64 64 64 64 64 232 232 232 192 192 192 
23 23 25 25 25 25 25 34 34 34 66 66 66 66 66 66 66 64 64 64 64 64 64 232 232 232 232 192 192 
23 23 70 70 70 25 25 34 34 34 34 66 66 66 66 66 66 123 123 123 123 123 123 232 232 232 232 192 23 
23 23 70 70 70 91 91 91 34 34 79 79 79 66 66 154 154 154 154 123 123 123 123 232 232 232 232 232 23 
23 23 23 91 91 91 91 91 34 34 34 79 79 79 154 154 154 154 154 154 107 107 107 232 232 232 232 232 232 
235 235 235 91 91 91 91 91 34 79 79 79 79 79 154 154 154 154 154 107 107 107 107 107 232 232 232 232 232 
235 235 235 235 91 91 91 91 91 79 79 79 79 79 154 154 154 154 107 107 107 107 107 107 232 232 59 59 59 
235 235 235 235 91 91 91 104 104 201 79 79 79 79 154 154 107 107 107 107 107 107 175 175 193 27 59 59 59 
235 235 235 235 157 242 242 242 242 201 201 201 138 138 138 107 107 107 107 107 107 175 175 175 193 193 59 59 59 
59 235 235 235 242 242 242 242 242 242 242 201 138 138 138 107 107 107 107 107 175 175 175 175 193 193 59 59 59 
59 59 135 135 242 242 242 242 242 242 242 201 138 138 41 41 107 107 107 175 175 175 175 175 193 193 59 59 59 
59 135 135 135 135 242 242 242 242 242 242 242 203 203 41 41 179 179 179 175 175 175 175 175 193 193 59 59 59 
62 135 135 135 135 242 242 242 242 242 215 215 215 203 203 203 179 179 179 29 29 175 175 175 101 101 101 59 59 
62 135 135 135 135 135 242 242 242 215 215 215 215 215 203 203 179 29 29 29 29 29 49 49 75 75 161 62 62 
62 135 135 135 135 26 26 26 26 215 215 215 215 215 145 145 29 29 29 29 29 29 49 49 75 161 161 62 62 
62 62 135 135 135 26 26 26 26 215 215 215 215 215 145 145 145 29 29 29 29 29 49 121 121 161 161 62 62 
62 62 135 146 146 146 26 26 26 215 215 215 215 215 145 145 145 29 29 29 29 29 125 121 121 161 161 62 62 
62 62 146 146 146 146 146 26 26 215 215 215 215 215 215 145 145 100 100 100 100 100 125 125 125 121 161 62 62 
39 39 221 146 146 146 146 173 173 215 215 215 215 215 215 145 145 100 100 100 100 125 125 125 125 121 39 39 39 
39 39 221 221 146 146 173 173 173 173 215 215 215 215 215 32 38 100 100 100 100 100 125 125 125 40 39 39 39 
39 39 221 191 170 146 173 173 173 173 148 148 148 87 87 87 38 100 100 100 100 100 125 40 40 40 40 39 39 
39 191 191 191 191 191 191 173 173 173 148 17 87 87 87 87 240 240 240 100 100 100 16 40 40 40 40 40 39 
39 191 191 191 191 191 191 216 207 207 12 12 87 87 87 87 240 240 240 240 16 16 16 40 40 40 40 40 39 
182 191 191 191 191 191 191 207 207 207 12 12 12 87 87 87 240 240 240 240 16 16 16 40 40 40 40 40 40 
191 191 191 191 191 191 191 216 207 12 12 12 12 87 87 87 240 240 240 240 16 16 43 43 40 40 40 40 40 
191 191 191 191 191 191 191 216 12 12 12 12 12 12 87 158 158 158 158 158 16 43 43 43 43 40 40 40 40 
231 25 25 25 25 191 191 124 12 12 12 12 73 73 73 158 158 158 158 158 158 43 43 43 43 43 40 192 192 
231 231 25 25 25 25 25 124 124 124 124 73 73 66 66 158 158 158 158 158 158 43 43 43 43 192 192 192 192 
231 231 25 25 25 25 25 124 124 124 124 66 66 66 66 66 158 158 158 158 64 64 43 43 43 192 192 192 192 
231 231 25 25 25 25 25 124 124 124 124 66 66 66 66 66 158 158 158 64 64 64 232 232 232 232 192 192 192 
231 231 25 25 25 25 25 34 34 34 34 66 66 66 66 66 66 64 64 64 64 64 232 232 232 232 232 192 192 
231 231 70 70 70 25 25 34 34 34 34 66 66 66 66 66 66 154 64 64 64 64 232 232 232 232 232 192 192 
231 231 70 70 70 25 25 34 34 34 34 34 66 66 66 154 154 154 154 154 154 154 232 232 232 232 232 232 232 
235 235 235 91 91 91 91 34 34 34 34 34 79 79 154 154 154 154 154 107 107 107 107 232 232 232 232 232 232 
235 235 235 235 91 91 91 177 34 34 34 79 79 79 154 154 154 154 107 107 107 107 107 232 232 232 232 232 232 
235 235 235 235 91 91 177 177 177 177 177 79 79 79 154 154 107 107 107 107 107 107 107 107 232 232 59 59 59 
235 235 235 235 177 177 177 177 177 177 177 79 138 138 138 107 107 107 107 107 107 107 107 175 193 59 59 59 59 
235 235 235 235 177 242 242 242 177 177 177 138 138 138 138 138 107 107 107 107 107 107 175 175 193 59 59 59 59 
59 235 235 135 242 242 242 242 242 242 242 138 138 138 138 138 107 107 107 107 107 175 175 175 193 59 59 59 59 
59 59 135 135 242 242 242 242 242 242 242 138 138 138 41 41 41 107 107 107 175 175 175 175 193 59 59 59 59 
59 135 135 135 135 242 242 242 242 242 242 203 203 203 41 41 41 107 107 175 175 175 175 175 193 59 59 59 59 
135 135 135 135 135 242 242 242 242 242 242 203 203 203 203 203 203 179 179 29 113 113 113 113 75 75 59 59 59 
62 135 135 135 135 135 242 242 242 242 215 215 203 203 203 203 203 29 29 29 29 113 113 121 75 75 75 75 62 
62 135 135 135 135 135 26 26 26 215 215 215 215 203 203 203 29 29 29 29 29 113 121 121 75 75 75 75 62 
62 135 135 135 135 26 26 26 26 215 215 215 215 215 145 145 145 29 29 29 29 29 121 121 121 75 75 75 62 
62 135 135 146 146 146 26 26 26 26 215 215 215 215 145 145 145 100 100 100 100 100 121 121 121 121 75 75 62 
39 39 221 146 146 146 146 26 26 26 215 215 215 215 215 145 38 100 100 100 100 100 125 125 121 121 75 39 39 
39 39 221 221 146 146 146 146 26 26 215 215 215 215 215 38 38 100 100 100 100 125 125 125 125 121 39 39 39 
39 39 221 221 221 146 146 146 26 26 215 215 215 215 38 38 38 38 100 100 100 125 125 125 125 131 39 39 39 
39 39 221 221 221 221 146 173 173 173 17 17 17 17 87 38 38 38 100 100 100 100 125 125 40 131 39 39 39 
39 39 221 221 221 191 191 207 207 207 17 17 17 17 87 87 38 100 100 100 100 16 16 16 40 131 40 39 39 
39 39 191 191 191 191 207 207 207 207 17 12 12 87 87 87 240 240 240 16 16 16 16 16 40 40 40 40 39 
39 191 191 191 191 191 207 207 207 207 12 12 12 12 87 87 240 240 240 16 16 16 16 43 40 40 40 40 40 
191 191 191 191 191 191 207 207 207 12 12 12 12 12 87 240 240 240 240 16 16 16 43 43 43 40 40 40 40 
13 150 150 150 150 150 150 207 207 12 12 12 12 73 73 73 158 158 158 16 16 43 43 43 43 43 40 40 40 
231 150 150 150 150 150 150 124 124 12 12 12 73 73 73 73 158 158 158 158 16 43 43 43 43 43 192 192 192 
231 231 231 150 150 150 150 124 124 124 124 73 73 73 73 158 158 158 158 158 158 43 43 43 43 192 192 192 192 
231 231 231 25 25 25 124 124 124 124 124 73 109 109 109 109 158 158 158 158 158 43 43 43 43 192 192 192 192 
231 231 231 25 25 25 124 124 124 124 124 109 109 109 109 109 158 158 158 158 64 64 232 232 232 232 192 192 192 
231 231 231 25 25 25 25 124 34 34 34 109 109 109 109 109 109 158 158 64 64 64 232 232 232 232 232 192 192 
231 231 231 25 25 25 25 34 34 34 34 34 109 109 109 109 109 154 154 64 64 110 110 232 232 232 232 192 192 
231 231 70 70 70 25 34 34 34 34 34 34 34 109 109 154 154 154 154 154 154 110 110 232 232 232 232 232 232 
235 235 235 235 91 91 177 177 34 34 34 34 93 93 93 154 107 107 107 107 107 110 110 232 232 232 232 232 232 
235 235 235 235 177 177 177 177 177 177 34 93 93 93 93 154 107 107 107 107 107 107 107 232 232 232 232 232 120 
235 235 235 235 177 177 177 177 177 177 177 93 93 93 93 107 107 107 107 107 107 107 107 107 232 232 46 5 5 
235 235 235 235 177 177 177 177 177 177 177 177 138 138 138 138 107 107 107 107 107 107 107 107 59 59 59 59 5 
235 235 235 235 177 177 177 177 177 177 177 138 138 138 138 138 107 107 107 107 107 107 107 107 59 59 59 59 59 
5 235 235 177 177 177 242 242 242 177 177 138 138 138 138 138 107 107 107 107 107 107 107 107 193 59 59 59 59 
5 5 135 135 242 242 242 242 242 242 242 138 138 138 138 41 41 107 107 107 107 113 113 113 194 5 59 59 59 
5 135 135 135 135 242 242 242 242 242 242 203 203 203 41 41 41 41 113 113 113 113 113 113 194 5 5 5 5 
5 135 135 135 135 242 242 242 242 242 242 203 203 203 203 41 41 41 113 113 113 113 113 113 194 5 5 5 5 
135 135 135 135 135 135 26 26 242 242 203 203 203 203 203 203 203 203 113 113 113 113 113 113 75 75 75 75 75 
62 135 135 135 135 135 26 26 26 26 215 203 203 203 203 203 203 29 29 113 113 113 121 121 75 75 75 75 75 
62 135 135 135 135 26 26 26 26 26 215 215 203 203 203 203 203 29 29 29 113 113 121 121 121 75 75 75 75 
62 210 210 210 146 146 26 26 26 26 215 215 215 215 203 203 96 100 100 100 100 100 121 121 121 121 75 75 75 
39 39 221 221 146 146 146 26 26 26 215 215 215 215 38 38 38 100 100 100 100 100 125 125 121 121 75 75 39 
39 39 221 221 221 146 146 146 26 26 215 215 215 215 38 38 38 38 100 100 100 125 125 125 125 121 39 39 39 
39 39 221 221 221 221 146 146 26 186 17 17 17 17 38 38 38 38 100 100 100 125 125 125 125 131 39 39 39 
39 39 221 221 221 221 221 207 207 186 17 17 17 17 17 38 38 38 100 100 100 100 125 125 131 131 131 39 39 
39 39 221 221 221 221 221 207 207 207 17 17 17 17 17 38 38 38 100 100 100 16 16 16 131 131 131 39 39 
39 39 39 221 221 191 207 207 207 207 17 17 17 17 17 17 38 100 100 16 16 16 16 16 131 131 131 39 39 
39 39 191 191 191 191 207 207 207 207 17 12 12 17 17 17 240 240 16 16 16 16 16 16 16 131 131 131 39 
13 13 150 150 150 150 150 207 207 207 12 12 12 12 73 73 240 240 16 16 16 16 16 43 43 43 43 40 13 
13 150 150 150 150 150 150 150 207 12 12 12 12 73 73 73 73 158 16 16 16 16 43 43 43 43 43 40 13 
13 150 150 150 150 150 150 124 124 124 12 73 73 73 73 73 73 158 158 16 16 16 43 43 43 43 43 192 13 
231 231 150 150 150 150 150 124 124 124 124 73 73 73 73 73 158 158 158 158 16 16 43 43 43 192 192 192 192 
231 231 231 150 150 150 124 124 124 124 124 73 73 109 109 109 109 158 158 158 83 83 43 43 43 192 192 192 192 
231 231 231 25 25 25 124 124 124 124 124 124 109 109 109 109 109 158 158 83 83 83 83 232 232 192 192 192 192 
231 231 231 25 25 25 124 124 124 124 124 124 109 109 109 109 109 158 158 83 83 83 110 232 232 232 192 192 192 
231 231 231 25 25 25 124 124 34 34 34 124 109 109 109 109 109 154 154 110 110 110 110 232 232 232 232 192 192 
231 231 231 70 70 25 34 34 34 34 34 34 34 109 109 109 154 154 154 154 110 110 110 232 232 232 232 232 232 
120 120 120 120 177 177 177 177 34 34 34 93 93 93 93 93 93 107 107 107 110 110 110 110 232 232 46 46 120 
120 235 120 120 177 177 177 177 177 177 177 93 93 93 93 93 132 107 107 107 107 110 110 110 46 46 46 46 120 
235 235 235 177 177 177 177 177 177 177 177 93 93 93 93 132 132 107 107 107 107 107 107 46 46 46 46 5 5 
5 235 235 177 177 177 177 177 177 177 177 177 138 138 138 132 132 132 107 107 107 107 107 107 46 5 5 5 5 
5 5 5 177 177 177 177 177 177 177 177 138 138 138 138 138 132 132 107 107 107 107 107 107 5 5 5 5 5 
5 5 5 177 177 177 177 177 177 177 177 138 138 138 138 138 132 132 107 107 107 107 107 5 5 5 5 5 5 
5 5 5 135 177 177 177 177 177 177 177 138 138 138 138 41 41 41 107 113 113 113 113 113 194 5 5 5 5 
5 5 135 135 135 242 242 242 242 242 242 203 203 203 41 41 41 41 113 113 113 113 113 113 194 194 5 5 5 
5 135 135 135 135 68 242 242 242 242 203 203 203 203 203 41 41 41 113 113 113 113 113 225 194 194 5 5 5 
135 135 135 135 135 68 26 26 242 242 203 203 203 203 203 203 203 203 113 113 113 113 113 225 75 75 75 75 75 
135 135 135 135 135 68 26 26 26 26 203 203 203 203 203 203 203 203 113 113 113 113 225 121 75 75 75 75 75 
210 210 210 210 210 68 26 26 26 26 203 203 203 203 203 203 203 96 96 113 113 113 121 121 121 75 75 75 75 
210 210 210 210 210 146 26 26 26 26 26 203 203 203 203 203 96 96 100 100 100 100 121 121 121 75 75 75 75 
39 210 210 210 221 146 146 26 26 26 215 215 203 203 38 38 38 38 100 100 100 100 125 125 121 121 75 75 75 
39 221 221 221 221 221 146 146 26 26 215 215 203 38 38 38 38 38 100 100 100 100 125 125 125 121 39 39 39 
39 39 221 221 221 221 146 74 74 186 17 17 17 17 38 38 38 38 100 100 100 125 125 125 125 131 39 39 39 
39 39 221 221 221 221 221 74 186 186 17 17 17 17 17 38 38 38 100 100 100 100 125 125 131 131 131 39 39 
39 39 221 221 221 221 221 186 186 186 17 17 17 17 17 38 38 38 100 100 100 16 16 16 131 131 131 39 39 
39 39 118 118 118 118 207 207 207 17 17 17 17 17 17 17 38 100 100 16 16 16 16 16 131 131 131 39 39 
13 13 13 118 118 150 207 207 207 17 17 17 17 17 17 17 17 100 16 16 16 16 16 16 16 131 131 131 13 
13 13 13 150 150 150 150 207 207 17 17 17 17 17 17 17 17 16 16 16 16 16 16 16 16 16 131 13 13 
13 13 150 150 150 150 150 150 207 12 12 12 73 73 73 73 73 16 16 16 16 16 16 43 43 43 43 13 13 
13 13 150 150 150 150 150 124 124 124 12 73 73 73 73 73 73 158 16 16 16 16 16 43 43 43 43 37 13 
13 13 150 150 150 150 150 124 124 124 124 73 73 73 73 73 73 158 83 83 83 83 83 83 43 192 192 192 192 
231 231 150 150 150 150 124 124 124 124 124 124 73 73 109 109 109 158 83 83 83 83 83 83 83 192 192 192 192 
231 231 231 150 150 150 217 124 124 124 124 124 109 109 109 109 109 109 83 83 83 83 83 83 232 192 192 192 192 
231 231 231 231 150 150 217 124 124 124 124 124 109 109 109 109 109 109 83 83 83 83 110 83 232 232 192 192 192 
231 231 231 231 212 212 212 124 124 124 124 124 109 109 109 109 109 154 110 110 110 110 110 110 232 232 232 192 192 
231 231 231 70 212 212 212 34 34 34 34 34 93 109 93 93 154 154 110 110 110 110 110 110 232 232 232 232 232 
120 120 120 120 120 177 212 212 177 177 93 93 93 93 93 93 93 132 107 107 110 110 110 110 46 46 46 46 120 
120 120 120 120 177 177 177 177 177 177 93 93 93 93 93 93 132 132 132 107 110 110 110 110 46 46 46 46 120 
120 120 120 120 177 177 177 177 177 177 177 93 93 93 93 132 132 132 132 132 107 107 107 46 46 46 46 5 5 
5 5 120 120 177 177 177 177 177 177 177 93 93 93 93 132 132 132 132 132 107 107 107 46 46 5 5 5 5 
5 5 120 177 177 177 177 177 177 177 177 177 138 138 138 132 132 132 132 132 107 107 107 5 5 5 5 5 5 
5 5 5 177 177 177 177 177 177 177 177 138 138 138 138 138 132 132 132 113 113 113 113 113 5 5 5 5 5 
5 5 5 177 177 177 177 177 177 177 177 138 138 138 138 41 41 41 113 113 113 113 113 194 194 194 5 5 5 
5 5 5 135 177 177 177 177 177 177 177 203 203 203 41 41 41 41 113 113 113 113 113 194 194 194 194 5 5 
5 5 135 68 68 68 68 177 177 177 203 203 203 203 203 41 41 41 113 113 113 113 113 225 194 194 194 5 5 
5 135 135 68 68 68 68 68 63 63 203 203 203 203 203 203 203 203 113 113 113 113 225 225 225 75 75 75 5 
210 210 210 210 68 68 68 26 63 63 63 203 203 203 203 203 203 96 113 113 113 113 225 225 225 75 75 75 75 
210 210 210 210 210 68 68 26 63 63 63 203 203 203 203 203 96 96 96 113 113 113 225 121 121 75 75 75 75 
210 210 210 210 210 210 210 26 63 63 63 63 203 203 203 96 96 96 96 100 100 100 100 121 121 75 75 75 75 
39 210 210 210 210 210 146 26 63 63 63 63 203 203 96 96 96 96 96 100 100 100 100 125 121 75 75 75 39 
39 221 221 221 221 221 221 74 74 74 63 63 160 160 38 38 38 38 100 100 100 100 125 125 125 125 75 39 39 
39 221 221 221 221 221 74 74 74 74 186 17 160 160 38 38 38 38 100 100 100 100 125 125 125 131 131 39 39 
39 221 221 221 118 118 118 74 186 186 186 17 17 17 17 38 38 38 100 100 100 100 125 125 131 131 131 39 39 
39 118 118 118 118 118 118 186 186 186 186 17 17 17 17 38 38 100 100 100 100 16 16 16 131 131 131 39 39 
39 118 118 118 118 118 118 186 186 186 17 17 17 17 17 17 17 100 100 16 16 16 16 16 131 131 131 131 39 
13 13 13 118 118 118 118 207 186 17 17 17 17 17 17 17 17 100 16 16 16 16 16 16 16 131 131 131 13 
13 13 13 13 150 150 150 207 207 17 17 17 17 17 17 17 17 16 16 16 16 16 16 16 108 108 222 13 13 
13 13 13 150 150 150 150 150 124 17 17 17 17 17 17 17 17 16 16 16 16 16 108 108 108 108 37 37 13 
13 13 13 150 150 150 150 217 124 124 124 73 73 73 73 73 73 158 16 16 16 16 108 108 108 108 37 37 13 
13 13 150 150 150 150 150 217 124 124 124 73 73 73 73 73 73 158 83 83 83 83 83 83 83 37 37 37 13 
13 13 150 150 150 150 217 217 124 124 124 124 73 73 73 151 151 83 83 83 83 83 83 83 83 192 37 37 37 
13 13 150 150 150 217 217 217 217 124 124 124 124 124 109 109 109 83 83 83 83 83 83 83 83 192 192 37 192 
231 231 231 150 150 212 212 212 217 124 124 124 124 109 109 109 109 83 83 83 83 83 83 83 83 232 192 192 192 
120 120 120 150 212 212 212 212 212 124 124 124 124 109 93 93 93 83 83 83 110 110 110 110 110 110 232 192 198 
120 120 120 120 212 212 212 212 212 212 124 93 93 93 93 93 93 110 110 110 110 110 110 110 110 46 46 46 198 
120 120 120 120 120 212 212 212 212 177 93 93 93 93 93 93 93 132 132 132 110 110 110 110 46 46 46 46 120 
120 120 120 120 120 177 177 177 177 177 93 93 93 93 93 93 132 132 132 132 110 110 110 110 46 46 46 46 120 
120 120 120 120 177 177 177 177 177 177 177 93 93 93 93 132 132 132 132 132 132 132 110 46 46 46 46 5 5 
5 120 120 120 177 177 177 177 177 177 177 93 93 93 93 132 132 132 132 132 132 132 132 46 46 5 5 5 5 
5 5 120 177 177 177 177 177 177 177 177 177 93 138 132 132 132 132 132 132 132 107 113 5 5 5 5 5 5 
5 5 5 177 177 177 177 177 177 177 177 177 138 138 138 132 132 132 132 113 113 113 113 113 5 5 5 5 5 
5 5 5 177 177 177 177 177 177 177 177 177 138 138 138 41 41 132 113 113 113 113 113 194 194 194 5 5 5 
5 5 5 68 68 177 177 177 177 177 177 203 203 203 203 41 41 41 113 113 113 113 113 194 194 194 194 5 5 
5 5 68 68 68 68 68 177 177 177 177 203 203 203 203 41 41 41 113 113 113 113 225 225 194 194 194 5 5 
5 165 165 68 68 68 68 68 63 63 63 203 203 203 203 203 203 72 113 113 113 113 225 225 225 225 194 194 5 
165 165 165 165 68 68 68 63 63 63 63 63 203 203 203 203 203 96 113 113 113 113 225 225 225 225 75 75 75 
210 210 210 210 165 68 68 63 63 63 63 63 203 203 203 203 96 96 96 96 113 113 225 225 225 75 75 75 75 
210 210 210 210 210 210 63 63 63 63 63 63 203 203 203 96 96 96 96 96 100 100 225 225 75 75 75 75 75 
39 210 210 210 210 74 74 74 63 63 63 63 63 203 96 96 96 96 96 100 100 100 100 125 75 75 75 75 39 
39 51 51 51 51 74 74 74 74 74 63 63 160 160 160 96 96 96 96 100 100 100 100 125 125 75 75 39 39 
39 51 51 51 51 74 74 74 74 74 74 160 160 160 160 38 38 96 100 100 100 100 125 125 125 131 184 39 39 
39 118 118 118 118 118 74 74 186 186 186 17 160 160 160 160 38 100 100 100 100 100 100 125 131 131 184 39 39 
39 118 118 118 118 118 74 186 186 186 186 17 17 17 160 160 38 100 100 100 100 16 16 16 131 131 184 184 39 
13 118 118 118 118 118 118 186 186 186 17 17 17 17 17 160 160 100 100 16 16 16 16 16 222 222 222 222 39 
13 13 13 118 118 118 118 186 186 17 17 17 17 17 17 17 17 100 16 16 16 16 16 16 222 222 222 222 13 
13 13 13 13 13 150 150 186 17 17 17 17 17 17 17 17 17 16 16 16 16 16 108 108 108 222 222 13 13 
13 13 13 13 150 150 150 217 217 17 17 17 17 17 17 17 17 16 16 16 16 108 108 108 108 108 37 37 13 
13 13 13 13 150 150 150 217 217 217 124 17 17 17 151 151 151 106 83 83 83 108 108 108 108 37 37 37 13 
13 13 13 150 150 150 217 217 217 217 124 124 151 151 151 151 151 151 83 83 83 83 83 83 6 37 37 37 37 
37 13 13 150 150 217 217 217 217 217 217 124 151 151 151 151 151 83 83 83 83 83 83 83 6 6 37 37 37 
37 13 13 150 217 217 217 217 217 217 217 124 151 151 151 151 151 83 83 83 83 83 83 83 6 6 6 37 37 
198 120 120 150 217 212 212 212 217 217 217 124 151 151 151 151 151 83 83 83 83 83 83 83 6 6 6 198 198 
120 120 120 120 212 212 212 212 212 217 217 124 93 151 151 151 151 83 83 83 110 110 110 110 134 6 198 198 198 
120 120 120 120 212 212 212 212 212 212 93 93 93 93 93 93 93 110 110 110 110 110 110 110 110 46 46 198 198 
120 120 120 120 120 120 212 212 212 177 93 93 93 93 93 93 93 132 132 132 110 110 110 110 46 46 46 198 120 
120 120 120 120 120 120 177 177 177 177 93 93 93 93 93 93 132 132 132 132 110 110 110 46 46 46 46 120 120 
120 120 120 120 120 177 177 177 177 177 177 93 93 93 93 132 132 132 132 132 132 110 110 46 46 46 46 5 120 
120 120 120 120 177 177 177 177 177 177 177 93 93 93 93 132 132 132 132 132 132 132 11 46 5 5 5 5 5 
5 120 120 120 177 177 177 177 177 177 177 177 93 93 93 132 132 132 132 132 132 113 11 11 5 5 5 5 5 
5 5 5 177 177 177 177 177 177 177 177 177 177 93 138 132 132 132 132 113 113 113 113 11 5 5 5 5 5 
5 5 5 177 177 177 177 177 177 177 177 177 177 138 138 132 132 132 113 113 113 113 113 194 194 194 5 5 5 
5 5 5 177 177 177 177 177 177 177 177 177 203 203 203 41 41 72 113 113 113 113 113 225 194 194 194 5 5 
5 5 165 68 68 68 68 177 177 63 63 63 203 203 203 41 41 72 113 113 113 113 225 225 194 194 194 5 5 
5 165 165 165 68 68 68 63 63 63 63 63 203 203 203 203 72 72 113 113 113 113 225 225 225 225 194 194 5 
165 165 165 165 165 68 68 63 63 63 63 63 63 203 203 203 72 72 113 113 113 113 225 225 225 225 225 225 5 
165 165 165 165 165 165 63 63 63 63 63 63 63 203 203 96 96 96 96 96 113 113 225 225 225 225 75 75 75 
165 165 165 165 165 165 63 63 63 63 63 63 63 63 96 96 96 96 96 96 100 100 225 225 225 75 75 75 75 
51 51 51 51 165 74 74 74 63 63 63 63 63 160 160 96 96 96 96 96 100 100 233 233 233 75 75 75 39 
51 51 51 51 51 74 74 74 74 74 63 63 160 160 160 96 96 96 96 100 100 100 100 152 152 184 184 184 39 
78 51 51 51 51 74 74 74 74 74 74 160 160 160 160 160 96 96 100 100 100 100 152 152 184 184 184 184 39 
78 118 118 51 118 74 74 74 74 186 186 160 160 160 160 160 160 100 100 100 100 100 100 152 184 184 184 184 39 
78 118 118 118 118 118 74 74 186 186 186 160 160 160 160 160 160 100 100 100 100 100 16 16 184 184 184 184 184 
13 118 118 118 118 118 118 74 186 186 17 17 160 160 160 160 160 160 100 16 16 16 16 222 222 222 222 222 222 
13 13 13 118 118 118 118 74 186 17 17 17 17 17 160 160 160 160 16 16 16 16 16 222 222 222 222 222 13 
13 13 13 13 13 150 56 56 17 17 17 17 17 17 17 17 17 106 106 16 16 16 108 108 222 222 222 222 13 
13 13 13 13 13 150 56 56 56 17 17 17 17 17 17 17 151 106 106 16 16 108 108 108 108 222 37 37 13 
13 13 13 13 13 150 56 56 56 217 217 17 17 151 151 151 151 106 106 83 83 83 108 108 108 37 37 37 37 
37 13 13 13 13 217 217 217 217 217 217 151 151 151 151 151 151 151 83 83 83 83 83 83 6 37 37 37 37 
37 13 13 13 217 217 217 217 217 217 217 151 151 151 151 151 151 151 83 83 83 83 83 83 6 6 37 37 37 
37 37 13 217 217 217 217 217 217 217 217 151 151 151 151 151 151 151 83 83 83 83 83 83 6 6 6 37 37 
198 198 120 120 217 212 212 217 217 217 217 151 151 151 151 151 151 83 83 83 83 83 83 134 6 6 6 198 198 
198 120 120 120 212 212 212 212 212 217 217 93 151 151 151 151 151 83 83 83 83 83 134 134 134 6 198 198 198 
120 120 120 120 120 212 212 212 212 212 93 93 93 93 93 93 93 54 83 83 110 110 110 134 134 46 198 198 198 
120 120 120 120 120 47 47 47 47 47 93 93 93 93 187 187 187 187 132 132 110 237 237 134 134 46 198 198 120 
120 120 120 120 120 47 47 47 47 47 93 93 93 93 187 187 187 132 132 132 110 110 237 46 46 46 46 120 120 
120 120 120 120 120 47 47 47 47 47 177 93 93 93 187 187 132 132 132 132 132 110 11 46 46 46 5 5 120 
120 120 120 120 120 177 177 177 177 177 177 202 93 93 93 132 132 132 132 132 132 11 11 11 11 5 5 5 5 
5 120 120 120 177 177 177 177 177 177 202 202 202 202 93 132 132 132 132 132 132 11 11 11 11 5 5 5 5 
5 5 5 120 177 177 177 177 177 177 202 202 202 202 202 132 132 132 132 113 113 11 11 11 11 5 5 5 5 
5 5 5 177 177 177 177 177 177 177 202 202 202 202 202 72 72 72 113 113 113 113 11 11 11 5 5 5 5 
5 5 5 177 177 177 177 177 177 177 202 202 202 102 102 72 72 72 72 113 113 113 113 225 194 194 194 5 5 
5 5 165 165 68 68 68 177 63 63 102 102 102 102 102 72 72 72 72 113 113 113 225 225 194 194 194 5 5 
165 165 165 165 165 68 68 63 63 63 63 102 102 102 102 72 72 72 72 10 113 180 225 225 225 194 194 5 5 
165 165 165 165 165 165 63 63 63 63 63 63 102 102 102 72 72 72 72 10 113 180 225 225 225 225 225 5 133 
165 165 165 165 165 165 63 63 63 63 63 63 63 102 102 69 69 69 69 69 113 180 225 225 225 225 75 133 133 
165 165 165 165 165 165 63 63 63 63 63 63 63 63 96 96 69 69 69 69 69 233 233 233 233 233 233 133 15 
165 165 165 165 165 74 74 74 63 63 63 63 63 160 160 96 96 96 96 96 100 233 233 233 233 233 233 15 15 
78 51 51 51 51 74 74 74 74 74 63 63 160 160 160 160 96 96 96 96 100 152 152 152 152 152 184 184 78 
78 51 51 51 51 74 74 74 74 74 74 160 160 160 160 160 96 96 96 100 100 152 152 152 152 184 184 184 78 
78 78 51 51 51 74 74 74 74 74 160 160 160 160 160 160 160 160 100 100 100 152 152 152 184 184 184 184 78 
78 78 78 118 118 74 74 74 74 186 160 160 160 160 160 160 160 160 100 100 100 100 152 152 184 184 184 184 78 
78 78 78 118 118 118 74 74 74 186 160 160 160 160 160 160 160 160 99 99 16 16 16 222 222 222 222 222 78 
13 13 13 118 118 118 74 74 74 17 17 160 160 160 160 160 160 160 99 99 16 16 16 222 222 222 222 222 78 
13 13 13 13 13 13 56 74 17 17 17 17 17 160 160 160 160 106 106 99 16 16 108 222 222 222 222 222 13 
13 13 13 13 13 13 56 56 56 56 17 17 17 160 160 151 151 106 106 106 106 108 108 108 222 222 37 37 37 
37 13 13 13 13 217 56 56 56 56 56 151 151 151 151 151 151 106 106 106 106 83 108 108 37 37 37 37 37 
37 13 13 13 217 217 56 56 56 56 217 151 151 151 151 151 151 106 106 106 83 83 83 83 6 37 37 37 37 
37 37 37 13 217 217 56 56 56 56 217 151 151 151 151 151 151 151 106 83 83 83 83 6 6 6 37 37 37 
37 37 37 217 217 217 217 217 56 217 217 151 151 151 151 151 151 151 83 83 83 83 83 6 6 6 6 37 37 
198 198 120 120 217 217 217 217 217 217 217 151 151 151 151 151 151 151 83 83 83 83 134 134 6 6 6 198 198 
198 120 120 120 212 212 212 212 217 217 217 151 151 151 151 151 151 54 83 83 83 134 134 134 134 198 198 198 198 
120 120 120 120 120 212 212 212 212 212 93 93 93 93 187 187 187 54 54 83 83 237 134 134 134 198 198 198 198 
120 120 120 120 120 47 47 47 47 47 47 93 93 187 187 187 187 187 187 187 237 237 237 237 237 237 198 198 120 
120 120 120 120 120 47 47 47 47 47 47 93 93 187 187 187 187 187 187 132 237 237 237 237 237 46 198 120 120 
120 120 120 120 120 47 47 47 47 47 47 93 93 187 187 187 187 187 187 132 132 11 11 11 46 46 5 120 120 
120 120 120 120 120 47 47 47 47 47 202 202 202 187 187 187 187 187 132 132 132 11 11 11 11 5 5 5 5 
5 120 120 120 120 177 177 177 177 202 202 202 202 202 202 187 187 132 132 132 11 11 11 11 11 11 5 5 5 
5 5 120 120 177 177 177 177 177 202 202 202 202 202 202 202 187 132 132 113 11 11 11 11 11 11 5 5 5 
5 2 181 181 177 177 177 177 177 202 202 202 202 202 202 72 72 72 10 113 113 11 11 11 11 11 5 5 5 
5 2 181 181 114 114 114 177 177 177 202 202 202 202 72 72 72 72 72 10 180 180 11 11 11 11 5 5 5 
2 2 181 181 114 114 114 177 63 102 102 102 102 102 102 72 72 72 72 10 180 180 180 180 11 194 5 5 5 
2 165 165 165 165 114 63 63 63 63 102 102 102 102 102 72 72 72 72 10 180 180 180 180 180 194 133 133 133 
165 165 165 165 165 165 63 63 63 63 63 102 102 102 102 72 72 72 10 10 180 180 180 180 225 133 133 133 133 
15 165 165 165 165 165 63 63 63 63 63 63 102 102 102 69 69 69 69 69 180 180 233 233 233 233 133 133 133 
15 165 165 165 165 165 63 63 63 63 63 63 63 63 136 136 69 69 69 69 69 233 233 233 233 233 233 133 15 
15 165 165 165 165 74 74 74 63 63 63 63 63 160 136 136 136 136 136 69 233 233 233 233 233 233 233 15 15 
44 51 51 51 51 74 74 74 74 74 63 160 160 160 160 136 136 136 136 136 152 152 152 152 152 152 152 78 78 
78 78 51 51 51 74 74 74 74 74 74 160 160 160 160 160 136 136 136 136 152 152 152 152 152 152 184 78 78 
78 78 78 78 51 74 74 74 74 74 160 160 160 160 160 160 160 160 99 99 99 152 152 152 152 184 184 78 78 
78 78 78 78 78 74 74 74 74 74 160 160 160 160 160 160 160 99 99 99 99 22 152 152 184 184 184 78 78 
78 78 78 78 78 74 74 74 74 74 160 160 160 160 160 160 160 99 99 99 99 22 22 222 222 222 222 222 78 
78 78 155 78 78 78 74 74 74 74 160 160 160 160 160 160 160 99 99 99 99 22 22 222 222 222 222 222 78 
78 78 155 78 78 78 56 56 56 17 17 160 160 160 160 160 160 106 106 99 22 22 22 222 222 222 222 222 222 
37 37 13 13 13 56 56 56 56 56 17 160 160 160 160 151 106 106 106 106 106 22 108 222 222 222 37 37 37 
37 37 13 13 13 56 56 56 56 56 56 151 151 151 151 151 151 106 106 106 106 106 108 108 37 37 37 37 37 
37 37 37 13 217 217 56 56 56 56 56 151 151 151 151 151 151 106 106 106 106 83 83 6 6 37 37 37 37 
37 37 37 13 217 217 56 56 56 56 56 151 151 151 151 151 151 106 106 106 83 83 83 6 6 6 37 37 37 
37 37 37 217 217 217 56 56 56 56 56 151 151 151 151 151 151 151 83 83 83 83 83 6 6 6 6 37 37 
198 198 120 120 217 217 217 217 217 217 217 151 151 151 151 151 151 54 54 83 83 83 237 134 6 6 6 198 198 
120 120 120 120 120 212 217 217 217 217 217 151 151 151 151 54 54 54 54 167 83 237 237 237 237 198 198 198 198 
120 120 120 120 120 47 47 47 47 47 47 93 93 93 187 187 54 54 54 167 237 237 237 237 237 237 198 198 198 
120 120 120 120 120 47 47 47 47 47 47 47 187 187 187 187 187 54 54 54 237 237 237 237 237 237 198 198 120 
120 120 120 120 120 47 47 47 47 47 47 47 187 187 187 187 187 187 187 187 237 237 237 237 237 237 137 120 120 
120 120 120 120 120 47 47 47 47 47 47 202 202 187 187 187 187 187 187 187 11 11 11 11 11 11 137 120 120 
120 120 120 120 120 47 47 47 47 47 202 202 202 187 187 187 187 187 187 132 11 11 11 11 11 11 5 5 120 
120 120 120 120 114 114 47 47 47 202 202 202 202 202 172 172 172 172 172 11 11 11 11 11 11 11 5 5 5 
2 2 181 181 114 114 114 114 30 202 202 202 202 202 172 172 172 72 10 10 11 11 11 11 11 11 5 5 5 
2 2 181 181 114 114 114 114 30 30 202 202 202 202 202 72 72 72 10 10 10 11 11 11 11 11 5 5 5 
2 2 181 181 114 114 114 114 30 30 30 202 202 202 202 72 72 72 10 10 10 180 11 11 11 11 5 5 2 
2 2 181 181 114 114 114 114 30 102 102 102 102 102 102 72 72 72 10 10 180 180 180 180 180 133 133 133 133 
2 2 181 181 114 114 114 63 63 102 102 102 102 102 102 72 72 72 10 10 180 180 180 180 133 133 133 133 133 
133 15 165 165 117 117 117 63 63 63 102 102 102 102 102 72 72 72 10 10 180 180 180 180 133 133 133 133 133 
15 15 165 165 117 117 117 63 63 63 63 102 102 102 102 69 69 69 69 69 10 180 233 233 233 133 133 133 133 
15 15 165 165 117 117 117 63 63 63 63 63 63 102 136 136 69 69 69 69 69 233 233 233 233 233 133 133 15 
15 44 44 165 117 117 74 127 63 63 63 63 63 136 136 136 136 136 136 69 69 233 233 233 233 233 233 15 15 
44 44 44 44 51 74 127 127 127 127 127 160 160 160 136 136 136 136 136 136 152 152 152 152 152 152 152 15 15 
78 78 78 78 78 127 127 127 127 127 127 160 160 160 160 136 136 136 136 136 99 152 152 152 152 152 152 78 78 
78 78 78 78 78 127 127 127 127 74 160 160 160 160 160 95 95 95 99 99 99 152 152 152 152 152 152 78 78 
78 78 78 78 78 127 127 127 74 74 160 160 160 160 160 95 95 99 99 99 99 22 152 152 152 152 222 78 78 
78 78 78 78 78 127 127 127 74 74 160 160 160 160 160 95 95 99 99 99 99 22 22 22 222 222 222 78 78 
78 78 78 78 78 78 127 127 74 74 160 160 160 160 160 160 95 99 99 99 22 22 22 22 222 222 222 222 78 
78 78 78 78 78 78 56 53 56 56 17 160 160 160 160 160 95 99 99 99 22 22 22 22 222 222 222 222 78 
37 78 78 78 78 56 56 56 56 56 17 151 160 151 151 90 106 106 106 106 106 22 22 22 222 222 37 37 37 
37 37 37 13 13 56 56 56 56 56 56 151 151 151 151 151 106 106 106 106 106 22 22 22 37 37 37 37 37 
37 37 37 13 56 56 56 56 56 56 56 151 151 151 151 151 151 106 106 106 106 236 236 236 6 37 37 37 37 
37 37 37 37 56 56 56 56 56 56 56 151 151 151 151 151 151 106 106 106 236 236 236 236 6 6 37 37 37 
37 37 120 120 217 217 56 56 56 56 151 151 151 151 151 151 151 151 106 236 236 236 236 236 6 6 6 37 37 
198 120 120 120 217 217 217 56 56 56 151 151 151 151 151 54 54 54 54 167 167 237 237 237 237 6 6 198 198 
120 120 120 120 120 47 47 47 47 47 230 151 151 54 54 54 54 54 54 167 167 237 237 237 237 237 198 198 198 
120 120 120 120 120 47 47 47 47 47 47 151 151 54 54 54 54 54 54 167 167 237 237 237 237 237 198 198 120 
120 120 120 120 47 47 47 47 47 47 47 47 187 187 187 187 54 54 54 167 167 237 237 237 237 137 137 137 137 
120 120 120 120 120 47 47 47 47 47 47 47 187 187 187 187 187 187 187 167 167 237 237 237 237 137 137 137 137 
120 120 120 120 166 47 47 47 47 47 47 202 202 187 187 187 187 187 187 187 45 11 11 11 11 11 137 137 137 
120 120 120 166 166 47 47 47 47 47 202 202 202 172 172 172 172 172 172 172 45 11 11 11 11 11 11 137 137 
2 120 166 166 114 114 114 47 30 202 202 202 202 202 172 172 172 172 172 45 45 11 11 11 11 11 11 5 209 
2 2 181 181 114 114 114 114 30 30 202 202 202 202 172 172 172 172 10 10 45 11 11 11 11 11 11 5 209 
2 2 181 181 114 114 114 114 30 30 30 202 202 202 202 172 172 72 10 10 10 11 11 11 119 119 119 209 2 
2 2 181 181 114 114 114 114 30 30 30 30 202 202 202 72 72 72 10 10 10 180 11 11 119 119 133 133 2 
2 2 181 181 114 114 114 114 30 30 102 102 102 102 102 72 72 72 10 10 10 180 180 180 133 133 133 133 133 
133 2 181 181 114 114 114 114 30 102 102 102 102 102 102 72 72 72 10 10 180 180 180 180 133 133 133 133 133 
133 15 15 117 117 117 117 117 63 102 102 102 102 102 102 72 72 72 10 10 180 180 180 180 133 133 133 133 133 
15 15 15 117 117 117 117 117 63 63 102 102 102 102 69 69 69 69 69 10 10 180 233 233 133 133 133 133 133 
15 15 44 117 117 117 117 117 63 63 63 63 102 102 136 136 136 69 69 69 69 233 233 233 233 233 133 133 15 
15 44 44 44 117 117 117 127 63 63 63 140 140 140 136 136 136 136 136 69 233 233 233 233 233 233 233 15 15 
44 44 44 44 44 127 127 127 127 127 140 140 140 140 136 136 136 136 136 136 152 152 152 152 152 152 152 15 15 
155 78 78 78 78 127 127 127 127 127 127 140 160 95 95 95 136 136 136 136 99 152 152 152 152 152 152 78 78 
78 78 78 78 78 127 127 127 127 127 140 160 160 95 95 95 95 95 99 99 99 152 152 152 152 152 152 78 78 
78 78 78 78 78 3 3 3 3 3 140 160 160 95 95 95 95 95 99 99 99 22 22 152 152 152 152 78 78 
78 78 78 78 78 3 3 3 3 3 3 160 160 95 95 95 95 99 99 99 22 22 22 22 22 22 222 78 78 
78 78 78 78 78 3 3 3 3 3 3 160 160 95 95 95 95 99 99 99 22 22 22 22 22 22 222 222 78 
78 78 78 78 78 3 53 53 53 3 17 160 160 95 95 90 90 99 99 22 22 22 22 22 22 22 222 222 78 
37 78 78 78 78 53 53 53 53 53 196 196 196 196 90 90 90 106 106 106 22 22 22 22 22 222 37 37 37 
37 37 37 78 78 56 56 56 56 56 196 196 196 196 196 90 238 238 106 106 106 22 22 22 22 37 37 37 37 
37 37 37 149 149 56 56 56 56 56 56 196 196 196 151 151 238 238 106 106 236 236 236 236 236 37 37 37 37 
37 37 149 149 149 56 56 56 56 56 230 230 196 151 151 151 238 238 238 236 236 236 236 236 236 236 37 37 37 
37 149 149 149 149 77 77 56 56 56 230 230 230 151 151 54 54 238 238 236 236 236 236 236 236 236 6 37 37 
198 120 120 149 149 77 77 77 77 77 230 230 230 230 54 54 54 54 167 167 167 236 236 236 236 6 6 198 198 
120 120 120 120 47 47 47 47 47 47 230 230 230 54 54 54 54 54 167 167 167 167 237 237 237 237 198 198 198 
120 120 120 120 47 47 47 47 47 47 230 230 230 54 54 54 54 54 54 167 167 167 237 237 237 237 198 198 120 
120 120 120 166 166 47 47 47 47 47 47 47 187 187 54 54 54 54 54 167 167 167 237 237 88 137 137 137 137 
120 120 166 166 166 47 47 47 47 47 47 47 187 187 187 187 187 187 187 167 167 167 237 237 137 137 137 137 137 
120 166 166 166 166 166 47 47 47 47 47 202 172 172 172 172 172 172 172 172 45 119 119 119 119 137 137 137 137 
137 166 166 166 166 166 47 47 47 47 202 202 202 172 172 172 172 172 172 45 45 119 119 119 119 119 137 137 137 
209 166 166 166 166 166 114 114 30 30 202 202 202 172 172 172 172 172 172 45 45 119 119 119 119 119 209 209 209 
2 2 181 181 114 114 114 114 30 30 30 202 202 202 172 172 172 172 172 45 45 45 119 119 119 119 209 209 209 
2 2 181 181 114 114 114 114 30 30 30 30 202 202 172 172 172 10 10 10 45 45 119 119 119 119 209 209 209 
2 2 181 181 114 114 114 114 30 30 30 30 202 202 172 72 72 10 10 10 169 169 169 119 119 119 209 209 2 
2 2 181 181 114 114 114 114 30 30 30 30 102 102 102 72 72 10 10 10 10 169 169 169 133 133 133 133 133 
133 2 181 181 114 114 114 114 30 30 30 102 102 102 102 72 72 10 10 10 10 180 180 180 133 133 133 133 133 
133 15 15 117 117 117 117 117 30 30 102 102 102 102 72 72 72 10 10 10 10 180 180 133 133 133 133 133 133 
15 15 15 117 117 117 117 117 117 30 102 102 102 102 97 69 69 69 69 10 10 180 233 233 133 133 133 133 133 
15 15 44 44 117 117 117 117 117 63 140 140 140 140 97 136 136 69 69 69 69 233 233 233 233 133 133 133 15 
15 44 44 44 117 117 117 117 117 140 140 140 140 140 136 136 136 136 136 136 233 233 233 233 233 233 133 15 15 
44 44 44 44 44 117 3 127 127 140 140 140 140 140 136 136 136 136 136 136 152 152 152 152 152 152 152 15 15 
44 44 44 44 162 3 3 3 3 140 140 140 140 140 95 95 95 136 136 99 22 152 152 152 152 152 152 78 78 
78 78 78 78 3 3 3 3 3 3 140 140 140 95 95 95 95 95 99 99 22 22 152 152 152 152 152 78 78 
78 78 78 78 78 3 3 3 3 3 140 140 140 95 95 95 95 95 99 99 22 22 22 22 152 152 152 78 78 
78 78 78 78 3 3 3 3 3 3 3 140 95 95 95 95 95 99 99 99 22 22 22 22 22 22 22 78 78 
78 78 78 78 3 3 3 3 3 3 3 95 95 95 95 95 95 99 99 22 22 22 22 22 22 22 22 78 78 
78 78 78 78 3 3 53 53 53 3 3 196 196 95 90 90 90 90 99 22 22 22 22 22 22 22 42 42 78 
200 200 200 200 200 53 53 53 53 53 196 196 196 196 90 90 90 238 106 22 22 22 22 22 22 42 42 42 42 
42 200 200 200 200 53 53 53 53 53 196 196 196 196 196 90 238 238 238 106 22 22 22 22 22 42 42 42 42 
42 200 149 149 149 77 77 77 77 77 196 196 196 196 196 90 238 238 238 236 236 236 236 236 236 42 42 42 42 
42 149 149 149 149 77 77 77 77 77 230 230 196 196 196 90 238 238 238 236 236 236 236 236 236 42 42 42 42 
42 149 149 149 149 77 77 77 77 77 230 230 230 230 230 54 54 238 167 236 236 236 236 236 236 236 42 42 42 
149 149 149 149 149 77 77 77 77 77 230 230 230 230 54 54 54 54 167 167 167 236 236 236 236 199 199 42 42 
120 149 149 149 149 149 77 77 77 230 230 230 230 230 54 54 54 54 167 167 167 167 167 236 237 237 137 137 137 
120 120 120 149 149 47 47 47 47 47 230 230 230 54 54 54 54 54 167 167 167 167 167 237 237 137 137 137 137 
137 137 166 166 166 115 115 115 115 115 115 115 139 187 54 54 54 54 167 167 167 167 88 88 88 137 137 137 137 
137 166 166 166 166 115 115 115 115 115 115 115 139 172 172 172 172 172 167 167 167 45 218 88 88 137 137 137 137 
137 166 166 166 166 166 115 115 115 115 115 202 139 172 172 172 172 172 172 45 45 45 218 218 88 137 137 137 137 
137 166 166 166 166 166 166 115 115 115 202 202 139 172 172 172 172 172 172 45 45 45 119 119 119 209 137 137 137 
209 166 166 166 166 166 166 115 30 30 202 202 202 172 172 172 172 172 45 45 45 45 119 119 119 209 209 209 209 
209 2 166 166 166 114 114 114 30 30 30 30 202 172 172 172 172 172 45 45 45 45 119 119 119 209 209 209 209 
2 2 181 181 114 114 114 114 30 30 30 30 30 172 172 172 172 172 169 169 45 45 169 119 119 119 209 209 209 
2 2 181 181 114 114 114 114 30 30 30 30 30 30 172 72 72 10 10 169 169 169 169 169 119 119 209 209 209 
2 2 181 181 114 114 114 114 30 30 30 30 30 102 102 72 72 10 10 169 169 169 169 169 133 133 133 133 133 
133 2 181 181 114 114 114 114 30 30 30 30 30 102 102 72 72 10 10 10 169 169 169 169 133 133 133 133 133 
133 205 205 117 117 117 117 117 30 30 30 30 102 102 72 72 72 10 10 10 169 169 169 133 133 133 133 133 133 
205 205 205 117 117 117 117 117 117 30 140 102 140 140 97 97 89 89 89 10 10 169 94 94 133 133 133 133 133 
15 15 44 44 117 117 117 117 117 140 140 140 140 140 97 97 89 89 89 89 89 94 94 94 94 133 133 133 15 
15 44 44 162 162 117 117 117 3 140 140 140 140 140 97 97 89 89 89 89 89 94 94 94 94 94 94 15 15 
44 44 44 162 162 162 3 3 3 140 140 140 140 140 97 97 89 89 89 89 89 152 152 94 94 94 94 44 44 
44 44 162 162 162 3 3 3 3 140 140 140 140 140 95 95 95 89 89 89 22 152 152 152 152 152 152 112 44 
44 78 162 162 3 3 3 3 3 3 140 140 140 140 95 95 95 95 95 99 22 22 22 152 152 152 112 112 78 
78 78 78 78 3 3 3 3 3 3 140 140 140 95 95 95 95 95 99 22 22 22 22 22 22 152 112 112 78 
78 78 78 78 3 3 3 3 3 3 3 140 140 95 95 95 95 95 99 22 22 22 22 22 22 22 112 112 78 
78 200 78 78 3 3 3 3 3 3 3 3 95 95 95 95 90 90 22 22 22 22 22 22 22 22 112 112 78 
200 200 200 200 3 3 53 53 53 3 3 196 196 90 90 90 90 90 22 22 22 22 22 22 22 22 42 42 200 
200 200 200 200 200 53 53 53 53 53 196 196 196 196 90 90 90 90 90 22 22 22 22 22 22 42 42 42 42 
42 200 200 200 200 53 53 53 53 53 196 196 196 196 90 90 90 238 238 236 236 236 236 236 42 42 42 42 42 
42 200 149 149 149 77 77 77 77 77 196 196 196 196 196 90 90 238 238 236 236 236 236 236 199 42 42 42 42 
42 149 149 149 149 77 77 77 77 77 230 230 196 196 196 90 238 238 238 236 236 236 236 236 199 42 42 42 42 
42 149 149 149 149 77 77 77 77 77 230 230 230 230 230 230 54 238 238 236 236 236 236 199 199 199 42 42 42 
149 149 149 149 149 77 77 77 77 77 230 230 230 230 230 54 54 54 167 167 167 236 199 199 199 199 199 42 42 
149 149 149 149 149 149 77 77 77 77 230 230 230 230 230 54 54 54 167 167 167 167 199 199 199 199 137 137 137 
149 149 149 149 149 149 115 115 115 115 230 230 230 230 54 54 54 54 167 167 167 167 167 199 199 137 137 137 137 
137 166 166 166 166 115 115 115 115 115 115 115 139 139 139 54 54 54 167 167 167 19 88 88 88 88 137 137 137 
137 166 166 166 166 115 115 115 115 115 115 139 139 139 139 190 190 190 167 167 19 218 218 88 88 88 137 137 137 
137 166 166 166 166 166 115 115 115 115 115 139 139 139 139 190 190 190 190 45 45 218 218 218 88 137 137 137 137 
137 166 166 166 166 166 115 115 115 115 139 139 139 139 139 190 190 190 190 45 45 45 45 218 218 209 209 137 137 
209 166 166 166 166 166 166 166 115 30 30 139 139 139 139 190 190 190 45 45 45 45 45 218 218 209 209 209 209 
209 166 166 166 166 114 114 114 30 30 30 30 139 139 139 190 190 190 45 45 45 45 45 45 119 209 209 209 209 
209 2 181 181 114 114 114 114 30 30 30 30 30 139 139 190 190 169 169 169 169 45 169 169 119 209 209 209 209 
2 2 181 181 114 114 114 114 30 30 30 30 30 30 188 188 72 10 169 169 169 169 169 169 119 209 209 209 209 
2 2 181 181 114 114 114 114 30 30 30 30 30 30 188 188 188 10 10 169 169 169 169 169 169 133 133 133 133 
133 205 205 181 114 114 114 114 30 30 30 30 30 102 188 188 188 10 10 169 169 169 169 169 133 133 133 133 133 
205 205 205 205 117 117 117 117 30 30 30 30 102 224 188 188 89 89 10 169 169 169 169 94 133 133 133 133 133 
205 205 205 205 117 117 117 117 117 30 140 140 140 140 97 97 89 89 89 89 89 94 94 94 94 133 133 133 133 
205 205 205 162 162 117 117 117 117 140 140 140 140 140 97 97 89 89 89 89 89 94 94 94 94 94 133 133 133 
126 126 162 162 162 162 117 3 3 140 140 140 140 140 97 97 89 89 89 89 89 94 94 94 94 94 94 133 15 
126 162 162 162 162 162 3 3 3 140 140 140 140 140 97 97 89 89 89 89 89 36 36 94 94 94 94 94 44 
126 162 162 162 162 3 3 3 3 140 140 140 140 140 140 95 89 89 89 89 174 36 36 36 36 36 112 112 112 
112 162 162 162 3 3 3 3 3 3 140 140 140 140 95 95 95 84 84 174 174 174 36 36 36 36 112 112 112 
112 78 162 162 3 3 3 3 3 3 140 140 140 140 95 95 95 84 84 22 174 174 174 36 36 112 112 112 112 
112 200 200 3 3 3 3 3 3 3 3 140 140 95 95 95 95 84 84 22 22 22 22 22 22 112 112 112 112 
200 200 200 200 3 3 3 3 3 3 3 3 140 90 90 90 90 90 22 22 22 22 22 22 22 112 112 112 112 
200 200 200 200 3 3 53 53 53 3 3 196 196 90 90 90 90 90 90 22 22 22 22 22 22 22 42 42 200 
200 200 200 200 200 53 53 53 53 53 196 196 196 196 90 90 90 90 90 22 22 22 22 22 142 42 42 42 42 
200 200 200 200 200 53 53 53 53 53 196 196 196 196 90 90 90 90 90 236 236 236 236 236 142 42 42 42 42 
42 200 149 149 149 208 208 208 208 208 196 196 196 196 90 90 90 90 238 236 236 236 236 199 199 42 42 42 42 
42 149 149 149 149 77 77 77 77 77 129 230 230 230 230 90 90 238 238 236 236 236 199 199 199 42 42 42 42 
149 149 149 149 149 77 77 77 77 77 129 230 230 230 230 230 230 238 236 236 236 236 199 199 199 199 42 42 42 
149 149 149 149 149 149 77 77 77 77 230 230 230 230 230 230 54 54 167 167 167 199 199 199 199 199 199 42 42 
149 149 149 149 149 149 77 77 77 77 230 230 230 230 230 54 54 54 167 167 167 167 199 199 199 199 137 137 137 
149 149 149 149 149 149 115 115 115 115 230 230 230 230 230 54 54 54 167 167 167 167 88 88 88 88 137 137 137 
137 137 149 149 149 115 115 115 115 115 115 139 139 139 139 190 190 219 219 219 219 19 88 88 88 88 137 137 137 
137 166 166 166 166 115 115 115 115 115 115 139 139 139 139 190 190 190 219 219 19 218 218 88 88 88 137 137 137 
137 166 166 166 166 166 115 115 115 115 115 139 139 139 139 190 190 190 190 156 156 218 218 218 88 88 137 137 137 
137 166 166 166 166 166 115 115 115 115 139 139 139 139 139 190 190 190 190 45 45 45 218 218 218 218 209 137 137 
209 166 166 166 166 166 166 115 115 50 50 139 139 139 139 190 190 190 190 45 45 45 45 218 218 209 209 209 209 
209 166 166 166 166 166 166 50 50 50 50 139 139 139 139 190 190 190 45 45 45 45 45 218 218 209 209 209 209 
209 209 166 166 114 114 114 50 50 50 50 50 50 139 139 190 190 190 169 169 169 45 169 169 169 209 209 209 209 
209 209 181 166 114 114 114 50 50 50 50 50 50 188 188 188 188 21 169 169 169 169 169 169 169 209 209 209 209 
209 2 181 181 114 114 114 50 50 50 50 50 50 188 188 188 188 21 21 169 169 169 169 169 169 71 71 71 71 
71 205 205 181 114 114 114 50 50 50 50 50 50 188 188 188 188 188 21 169 169 169 169 169 71 71 71 71 71 
205 205 205 205 117 117 117 50 50 50 50 50 224 224 188 188 188 21 21 169 169 169 169 94 94 71 71 71 71 
205 205 205 126 126 117 117 117 50 50 50 140 224 224 224 188 89 89 89 89 211 211 94 94 94 94 94 133 133 
126 126 126 126 162 162 117 117 3 140 140 140 140 224 97 97 89 89 89 89 211 211 94 94 94 94 94 133 126 
126 126 126 162 162 162 162 3 3 140 140 140 140 140 97 97 89 89 89 89 89 211 94 94 94 94 94 126 126 
126 126 162 162 162 162 3 3 3 140 140 140 140 140 97 97 89 89 89 89 211 36 36 94 94 94 94 94 126 
126 126 162 162 162 3 3 3 3 140 140 140 140 140 140 140 89 84 84 174 174 36 36 36 36 36 112 112 112 
112 112 162 162 3 3 3 3 3 3 140 140 140 140 140 140 84 84 84 174 174 174 36 36 36 36 112 112 112 
112 112 162 162 3 3 3 3 3 3 140 140 140 140 140 84 84 84 84 174 174 174 174 36 36 112 112 112 112 
112 200 200 57 3 3 3 3 3 3 3 140 140 140 95 84 84 84 84 174 174 174 174 174 174 112 112 112 112 
200 200 200 200 57 3 3 3 3 3 3 140 140 90 90 90 90 84 84 174 174 174 174 174 174 112 112 112 112 
200 200 200 200 57 57 53 53 53 3 189 196 196 90 90 90 90 90 90 22 22 22 22 142 142 142 112 112 200 
200 200 200 200 200 57 53 53 53 189 189 196 196 90 90 90 90 90 90 22 22 142 142 142 142 142 42 42 200 
200 200 200 200 200 208 208 208 208 189 189 196 196 196 90 90 90 90 90 159 236 142 142 142 142 42 42 42 42 
200 200 200 149 149 208 208 208 208 189 129 129 196 196 90 90 90 90 90 236 236 236 142 142 142 42 42 42 42 
42 149 149 149 149 149 208 208 208 129 129 129 129 230 90 90 90 90 90 236 236 236 199 199 199 42 42 42 42 
149 149 149 149 149 149 77 77 77 129 129 129 129 230 230 230 90 90 236 236 236 199 199 199 199 199 42 42 42 
149 149 149 149 149 149 77 77 77 129 129 129 129 230 230 230 54 219 219 219 236 199 199 199 199 199 42 42 42 
149 149 149 149 149 149 149 77 77 129 129 129 230 230 230 230 54 219 219 219 219 199 199 199 88 88 137 137 137 
149 149 149 149 149 149 115 115 115 129 129 129 230 230 230 230 54 219 219 219 219 219 88 88 88 88 137 137 137 
137 14 149 149 149 115 115 115 115 115 115 139 139 139 139 190 190 219 219 219 219 19 88 88 88 88 137 137 137 
137 166 14 14 14 115 115 115 115 115 139 139 139 139 139 190 190 190 219 219 19 81 218 88 88 88 137 137 137 
137 166 166 166 166 166 115 115 115 115 139 139 139 139 139 190 190 190 190 156 156 156 218 218 218 88 137 137 137 
137 166 166 166 166 166 115 115 115 115 139 139 139 139 139 190 190 190 190 156 156 156 218 218 218 218 209 137 137 
209 166 166 166 166 166 8 50 50 50 50 139 139 139 139 190 190 190 190 156 156 45 218 218 218 218 209 209 209 
226 166 166 166 8 8 8 50 50 50 50 139 139 139 139 190 190 190 190 45 45 45 45 218 218 218 209 209 209 
226 226 226 8 8 8 8 50 50 50 50 50 50 139 188 188 190 190 190 169 169 45 45 45 218 209 209 209 209 
226 226 226 8 8 8 8 50 50 50 50 50 50 188 188 188 188 21 21 169 169 169 169 169 169 71 209 71 226 
226 226 226 8 8 8 8 50 50 50 50 50 50 188 188 188 188 21 21 169 169 169 169 169 71 71 71 71 71 
71 226 52 52 8 8 8 50 50 50 50 50 50 188 188 188 188 21 21 21 169 169 169 169 71 71 71 71 71 
71 205 52 52 52 52 8 50 50 50 50 224 224 224 188 188 188 21 21 21 169 169 169 94 94 71 71 71 71 
126 126 126 52 52 52 52 50 50 50 224 224 224 224 224 188 188 171 21 211 211 211 94 94 94 94 71 71 71 
126 126 126 126 52 52 52 168 168 168 168 224 224 224 224 224 89 89 89 211 211 211 94 94 94 94 94 126 126 
126 126 126 126 162 162 162 3 168 168 168 140 35 224 224 97 89 89 89 211 211 211 94 94 94 94 94 126 126 
126 126 126 162 162 162 3 3 168 168 168 140 35 35 35 35 89 89 211 211 211 36 36 36 36 94 94 126 126 
126 126 126 162 162 3 3 3 168 168 168 140 35 35 35 35 84 84 84 211 174 36 36 36 36 36 112 112 112 
112 112 126 162 3 3 3 3 3 168 140 140 140 35 35 35 84 84 84 174 174 174 36 36 36 36 112 112 112 
112 112 76 57 57 3 3 3 3 3 140 140 140 35 35 84 84 84 84 174 174 174 174 36 36 112 112 112 112 
112 200 200 57 57 57 3 3 3 3 3 140 140 35 84 84 84 84 84 174 174 174 174 174 174 112 112 112 112 
200 200 200 57 57 57 57 3 3 3 3 140 140 90 90 90 84 84 84 174 174 174 174 174 142 112 112 112 112 
200 200 200 200 57 57 57 3 189 189 189 189 189 90 90 90 90 90 90 159 174 142 142 142 142 142 112 112 200 
200 200 200 200 57 57 208 208 189 189 189 189 189 90 90 90 90 90 90 159 142 142 142 142 142 142 142 42 200 
200 200 200 200 200 208 208 208 189 189 189 189 189 90 90 90 90 90 159 159 142 142 142 142 142 142 42 42 200 
200 200 200 149 149 208 208 208 208 189 189 129 129 129 90 90 90 90 159 159 142 142 142 142 142 142 42 42 42 
149 149 149 149 149 149 208 208 208 189 129 129 129 129 90 90 90 159 159 159 142 142 142 142 142 142 42 42 42 
149 149 149 149 149 149 77 77 77 129 129 129 129 129 129 90 90 159 159 159 142 142 142 142 142 142 42 42 42 
149 149 149 149 149 149 149 77 77 129 129 129 129 129 129 129 219 219 219 219 219 142 142 142 142 142 42 42 42 
149 149 149 149 149 149 149 77 77 129 129 129 129 129 129 129 219 219 219 219 219 219 219 88 88 88 88 137 137 
149 149 149 149 149 149 149 115 115 129 129 129 129 129 129 219 219 219 219 219 219 219 88 88 88 88 137 137 137 
14 14 14 14 14 14 14 115 115 115 1 139 139 139 223 223 223 219 219 219 219 19 19 88 88 88 137 137 137 
137 14 14 14 14 14 14 115 115 115 139 139 139 139 223 223 223 223 219 219 19 81 19 218 88 88 137 137 137 
137 14 14 14 14 14 14 115 115 197 197 139 139 139 139 223 223 223 223 156 156 156 156 218 218 218 137 137 137 
137 14 14 14 14 14 14 115 115 197 197 139 139 139 139 190 190 223 223 156 156 156 156 218 218 218 218 137 137 
226 166 14 14 14 8 8 8 50 197 197 139 139 139 139 190 190 190 190 156 156 156 156 218 218 218 218 209 209 
226 226 226 8 8 8 8 8 50 50 50 139 139 139 139 190 190 190 190 156 156 156 156 218 218 218 209 209 209 
226 226 226 8 8 8 8 8 50 50 50 50 50 188 188 188 188 21 21 156 156 156 156 218 218 218 209 209 226 
226 226 226 8 8 8 8 8 50 50 50 50 50 188 188 188 188 21 21 21 169 169 169 169 218 71 71 71 226 
226 226 226 8 8 8 8 8 50 50 50 50 188 188 188 188 188 21 21 21 169 169 169 169 71 71 71 71 71 
226 226 52 52 52 8 8 8 50 50 50 50 188 188 188 188 188 21 21 21 21 206 169 206 71 71 71 71 71 
226 52 52 52 52 52 52 8 50 50 50 224 224 224 188 188 171 21 21 21 21 211 211 211 94 71 71 71 71 
126 126 52 52 52 52 52 52 50 168 224 224 224 224 224 188 171 171 21 211 211 211 211 211 94 94 71 71 71 
126 126 126 52 52 52 52 168 168 168 168 224 224 224 224 224 171 171 211 211 211 211 211 211 94 94 94 126 126 
126 126 126 126 52 52 168 168 168 168 168 168 224 224 224 224 224 171 211 211 211 211 211 211 94 94 94 126 126 
126 126 126 126 126 126 168 168 168 168 168 168 35 35 35 35 35 84 211 211 211 211 211 36 36 36 36 112 126 
126 126 126 126 162 57 3 168 168 168 168 168 35 35 35 35 35 84 84 211 211 211 36 36 36 36 112 112 112 
112 76 76 76 76 57 3 168 168 168 168 168 35 35 35 35 84 84 84 174 174 174 36 36 36 36 112 112 112 
112 76 76 57 57 57 57 168 168 168 168 168 35 35 35 84 84 84 84 174 174 174 174 36 36 112 112 112 112 
112 76 76 57 57 57 57 57 3 168 168 168 35 35 35 84 84 84 84 174 174 174 174 174 174 112 112 112 112 
200 200 200 57 57 57 57 57 3 168 189 189 35 35 90 84 84 84 84 174 174 174 174 174 142 112 112 112 112 
200 200 200 57 57 57 57 57 189 189 189 189 189 90 90 90 90 84 159 159 142 142 142 142 142 142 142 112 200 
200 200 200 200 57 57 57 208 189 189 189 189 189 90 90 90 90 90 159 159 142 142 142 142 142 142 142 142 200 
200 200 200 200 200 208 208 208 189 189 189 189 189 90 90 90 90 159 159 159 159 142 142 142 142 142 142 142 200 
200 200 200 149 149 208 208 208 189 189 189 129 129 129 90 90 90 159 159 159 159 142 142 142 142 142 142 142 200 
149 149 149 149 149 149 208 208 189 189 129 129 129 129 129 90 159 159 159 159 159 142 142 142 142 142 142 142 42 
149 149 149 149 149 149 208 208 189 129 129 129 129 129 129 90 159 159 159 159 142 142 142 142 142 142 142 142 42 
149 149 149 149 149 149 149 149 189 129 129 129 129 129 129 129 219 219 219 219 219 142 142 142 142 142 142 142 42 
149 149 149 149 149 149 149 149 189 129 129 129 129 129 129 219 219 219 219 219 219 219 219 142 88 88 88 137 137 
149 149 149 149 149 149 149 149 149 129 129 129 129 129 219 219 219 219 219 219 219 19 19 88 88 88 88 137 137 
14 14 14 14 14 14 24 24 24 1 1 1 1 223 223 223 223 219 219 219 19 19 19 19 19 88 85 137 137 
14 14 14 14 14 14 24 24 24 1 1 1 139 223 223 223 223 223 219 19 19 19 19 19 19 88 85 137 137 
204 14 14 14 14 14 24 24 24 197 197 197 139 223 223 223 223 223 223 156 19 19 156 156 218 218 137 137 137 
204 14 14 14 14 14 24 24 197 197 197 197 139 139 223 223 223 223 223 156 156 156 156 156 218 218 218 137 137 
204 204 14 14 8 8 8 8 197 197 197 197 139 139 223 223 223 223 223 156 156 156 156 156 218 218 218 209 209 
226 226 226 8 8 8 8 8 50 50 50 197 139 139 223 223 223 223 223 156 156 156 156 156 218 218 209 226 226 
226 226 226 8 8 8 8 8 50 50 50 50 50 188 188 188 188 188 21 156 156 156 156 156 218 218 209 226 226 
226 226 226 8 8 8 8 8 50 50 50 50 188 188 188 188 188 21 21 21 243 243 243 243 218 71 71 226 226 
226 226 226 8 8 8 8 8 50 50 50 50 188 188 188 188 188 21 21 21 21 206 206 206 206 71 71 71 226 
226 226 52 52 8 8 8 8 50 50 50 224 188 188 188 188 188 21 21 21 206 206 206 206 206 71 71 71 71 
226 52 52 52 52 52 52 8 50 50 224 224 224 224 188 188 171 21 21 21 211 211 211 211 211 71 71 71 71 
126 52 52 52 52 52 52 52 168 168 168 224 224 224 224 171 171 171 21 211 211 211 211 211 211 211 71 71 71 
126 52 52 52 52 52 52 168 168 168 168 224 224 224 224 224 171 171 211 211 211 211 211 211 211 211 211 126 126 
126 126 52 52 52 52 168 168 168 168 168 168 224 224 224 224 224 171 211 211 211 211 211 211 211 211 211 126 126 
126 126 126 52 52 52 168 168 168 168 168 168 35 35 35 35 35 211 211 211 211 211 211 211 211 211 211 126 126 
76 76 76 76 76 57 168 168 168 168 168 168 35 35 35 35 35 84 211 211 211 211 211 211 36 36 112 112 76 
76 76 76 76 76 57 168 168 168 168 168 35 35 35 35 35 84 84 84 211 211 211 211 36 36 36 112 112 76 
76 76 76 76 57 57 57 168 168 168 168 35 35 35 35 35 84 84 84 174 174 174 174 36 36 112 112 112 112 
76 76 76 57 57 57 57 57 168 168 168 35 35 35 35 84 84 84 84 174 174 174 174 174 174 112 112 112 76 
76 76 76 57 57 57 57 57 57 168 220 220 35 35 144 144 84 84 84 174 174 174 174 142 142 142 112 112 76 
200 200 200 57 57 57 57 57 189 189 189 189 189 144 144 144 144 144 159 159 159 142 142 142 142 142 142 112 200 
200 200 200 57 57 57 57 189 189 189 189 189 189 144 144 144 144 159 159 159 159 142 142 142 142 142 142 142 200 
200 200 200 200 57 57 208 189 189 189 189 189 189 111 90 144 90 159 159 159 159 142 142 142 142 142 142 142 200 
200 200 200 149 149 208 208 208 189 189 189 189 129 111 111 90 159 159 159 159 159 142 142 142 142 142 142 142 200 
149 149 149 149 149 149 208 208 189 189 189 129 129 129 111 239 239 159 159 159 159 142 142 142 142 142 142 142 142 
149 149 149 149 149 149 208 208 189 129 129 129 129 129 129 239 239 159 159 159 142 142 142 142 142 142 142 142 142 
149 149 149 149 149 149 149 149 189 129 129 129 129 129 129 239 239 219 219 219 219 142 142 142 142 142 142 142 142 
227 149 149 149 149 149 149 149 189 129 129 129 129 129 129 219 219 219 219 219 219 219 219 85 85 85 85 85 85 
227 149 14 14 14 149 24 24 24 129 129 129 129 129 219 219 219 219 219 219 219 19 19 19 85 85 85 85 85 
14 14 14 14 14 24 24 24 24 1 1 1 1 1 223 223 223 219 219 219 19 19 19 19 85 85 85 85 85 
204 14 14 14 14 24 24 24 24 1 1 1 1 223 223 223 223 223 219 19 19 81 19 19 19 85 85 85 137 
204 204 14 14 14 24 24 24 24 197 197 197 1 223 223 223 223 223 223 156 19 19 19 156 156 156 85 137 137 
204 204 204 14 24 24 24 24 24 197 197 197 197 223 223 223 223 223 223 156 156 156 156 156 156 156 156 137 137 
204 204 204 204 24 8 24 24 197 197 197 197 197 223 223 223 223 223 223 156 156 156 156 156 156 156 156 226 226 
226 226 226 8 8 8 8 8 8 197 197 197 197 223 223 223 223 223 223 156 156 156 156 156 156 156 226 226 226 
226 226 226 8 8 8 8 8 8 50 197 197 188 188 188 188 188 21 21 156 243 243 243 243 243 226 226 226 226 
226 226 226 8 8 8 8 8 8 50 50 50 188 188 188 188 188 21 21 21 243 243 243 243 243 243 226 226 226 
226 226 226 8 8 8 8 8 8 50 50 188 188 188 188 188 188 21 21 206 206 206 206 206 206 71 71 226 226 
226 226 52 52 8 8 8 8 8 50 50 188 188 188 188 188 188 21 21 21 206 206 206 206 206 71 71 71 226 
226 52 52 52 52 52 52 8 8 168 224 224 224 224 188 188 171 21 21 21 206 206 206 206 211 211 71 71 71 
52 52 52 52 52 52 52 52 168 168 168 224 224 224 224 188 171 171 21 211 211 211 211 211 211 211 211 71 71 
126 52 52 52 52 52 52 168 168 168 168 224 224 224 224 224 171 171 211 211 211 211 211 211 211 211 211 126 126 
126 52 52 52 52 52 168 168 168 168 168 168 224 224 224 224 224 171 211 211 211 211 211 211 211 211 211 126 126 
76 76 76 76 76 76 168 168 168 168 168 168 35 35 35 35 35 211 211 211 211 211 211 211 211 211 76 76 76 
76 76 76 76 76 76 168 168 168 168 168 35 35 35 35 35 35 211 211 211 211 211 211 211 211 211 76 76 76 
76 76 76 76 76 57 168 168 168 168 168 35 35 35 35 35 35 84 211 211 211 211 211 211 211 76 76 76 76 
76 76 76 76 57 57 57 168 168 168 168 35 35 35 35 35 35 84 84 211 211 211 211 211 211 76 76 76 76 
76 76 76 76 57 57 57 57 168 168 168 35 35 35 35 35 84 84 84 174 174 211 174 174 142 112 112 76 76 
76 76 76 76 57 57 57 57 57 220 220 220 35 144 144 144 144 144 144 159 174 142 142 142 142 142 112 76 76 
76 76 76 57 57 57 57 57 57 220 220 220 144 144 144 144 144 144 144 159 159 142 142 142 142 142 142 142 76 
76 76 76 57 57 57 57 57 189 189 189 189 111 144 144 144 144 144 159 159 159 142 142 142 142 142 142 142 142 
200 200 28 28 28 57 57 189 189 189 189 189 111 111 144 144 144 144 159 159 159 142 142 142 142 142 142 142 142 
200 28 28 28 28 28 208 189 189 189 189 111 111 111 111 144 144 159 159 159 159 142 142 142 142 142 142 142 142 
28 28 28 28 28 28 208 189 189 189 189 111 111 111 111 239 239 239 159 159 159 142 142 142 142 142 142 142 142 
149 149 28 147 147 147 208 189 189 189 189 111 111 111 111 239 239 239 239 159 142 142 142 142 142 142 142 142 142 
227 60 60 147 147 149 149 149 189 92 92 92 92 92 111 239 239 239 219 219 219 142 142 142 85 85 85 85 85 
227 227 227 227 149 149 24 24 92 92 92 92 92 92 92 239 239 219 219 219 219 219 219 85 85 85 85 85 85 
227 227 14 14 24 24 24 24 24 92 92 92 92 92 92 219 219 219 219 219 219 19 19 85 85 85 85 85 85 
attribute "dep" string "positions"
#
# A field is created with three components: "positions", "connections",
# and "data"
object "regular positions regular connections" class field
component  "positions"    value 1
component  "connections"  value 2
component  "data"         value 3
#
end
