# object 1 are the regular positions. The grid is 29 29 29. The origin is
# at [0 0 0], and the deltas are 1 in the first and third dimensions, and
# 2 in the second dimension
#
object 1 class gridpositions counts 29 29 29
origin 0 0 0
delta  1 0 0
delta  0 1 0
delta  0 0 1
#
# object 2 are the regular connections
#
object 2 class gridconnections counts 29 29 29
#
# object 3 are the data, which are in a one-to-one correspondence with
# the positions ("dep" on positions). The positions increment in the order
# "last index varies fastest", i.e. (x0, y0, z0), (x0, y0, z1), (x0, y0, z2),
# (x0, y1, z0), etc.
#
object 3 class array type int rank 0 items 24389 data follows
129 129 229 229 229 229 229 229 212 212 212 51 51 51 51 85 85 85 119 119 27 27 89 89 89 89 89 89 89 
129 229 229 229 229 229 229 229 212 212 212 51 51 51 51 51 51 119 119 119 27 27 27 206 89 89 89 89 89 
154 229 229 229 229 229 229 229 229 212 212 51 51 51 51 51 119 119 119 119 119 119 206 206 154 154 154 154 154 
154 205 205 229 229 229 229 229 229 212 159 69 69 69 69 78 78 78 78 78 78 78 206 206 154 154 154 154 154 
154 205 205 205 229 229 229 229 229 159 159 69 69 69 69 78 78 78 78 78 78 78 206 206 154 154 154 154 154 
154 205 205 205 205 229 229 229 229 159 159 69 69 69 69 78 78 78 78 78 78 206 206 206 206 154 154 154 154 
71 205 205 205 205 205 205 205 130 159 159 69 69 69 69 78 78 78 78 78 78 206 206 206 206 154 71 71 71 
71 71 205 205 205 205 205 130 130 130 130 69 69 69 69 78 78 78 78 78 78 78 206 37 71 71 71 71 71 
71 71 205 205 205 205 130 130 130 130 130 130 22 22 22 22 77 77 77 77 77 37 37 37 37 71 71 71 71 
163 163 205 205 205 205 130 130 130 130 130 130 22 22 22 22 77 77 77 77 185 37 37 37 37 37 37 163 163 
163 11 11 11 11 130 130 130 130 130 130 130 22 22 22 22 22 77 185 185 185 37 37 37 37 37 37 163 163 
11 11 11 11 11 121 121 130 130 130 130 189 22 22 22 22 22 185 185 185 185 185 37 37 37 37 37 37 11 
11 11 11 11 11 121 121 220 189 189 189 189 189 22 22 22 234 185 185 185 185 185 185 37 37 37 37 11 11 
11 11 11 11 11 121 121 220 220 189 189 189 70 70 70 70 62 185 185 185 185 185 185 185 37 37 37 11 11 
11 11 11 11 11 121 121 220 220 220 34 70 70 70 70 70 70 62 185 185 185 185 185 185 185 185 11 11 11 
11 11 11 11 121 121 121 220 220 220 220 70 70 70 70 70 70 179 179 124 124 124 124 124 241 241 241 41 11 
224 224 224 224 121 121 121 121 220 220 220 145 70 70 70 70 179 179 179 124 124 124 124 241 241 241 241 41 41 
224 224 224 224 224 121 121 121 220 220 145 145 145 145 145 145 179 179 179 124 124 124 124 241 241 241 41 41 224 
224 224 224 224 224 121 121 121 220 220 145 145 145 145 145 145 179 179 179 240 240 240 240 241 241 241 241 41 224 
224 224 224 224 90 90 90 90 169 161 145 145 145 145 145 145 145 179 179 240 240 240 240 240 241 241 241 41 41 
116 116 116 90 90 90 90 90 169 161 161 145 145 145 145 145 145 179 179 240 240 240 240 240 240 240 41 41 116 
116 116 116 90 90 90 90 161 161 161 161 161 145 145 145 114 114 114 114 240 240 240 240 240 240 230 116 116 116 
116 116 116 90 90 90 90 161 161 161 161 161 161 114 114 114 114 114 114 103 240 240 240 230 230 230 230 116 116 
116 116 116 90 90 90 161 161 161 161 161 161 161 114 114 114 114 114 103 103 103 230 230 230 230 230 230 230 116 
89 101 101 111 111 166 166 166 161 161 161 161 161 114 114 114 114 114 103 103 103 230 230 230 230 230 230 230 89 
89 89 111 111 111 166 166 166 166 161 161 161 161 114 19 19 19 103 103 103 103 230 230 230 230 230 230 89 89 
89 89 111 111 111 166 166 166 166 166 166 161 161 85 85 85 85 103 103 103 103 230 230 230 230 230 89 89 89 
89 89 111 111 111 166 166 113 166 166 166 51 51 85 85 85 85 103 103 103 230 230 230 230 230 127 89 89 89 
89 89 111 111 111 111 166 113 113 113 113 51 51 51 85 85 85 85 103 103 230 230 230 230 230 127 89 89 89 
129 129 229 229 229 229 229 212 212 212 212 51 51 51 51 51 51 51 27 27 27 27 27 89 89 89 89 89 89 
129 129 229 229 229 229 229 212 212 212 212 51 51 51 51 51 51 78 78 27 27 27 27 206 129 129 129 129 129 
129 129 229 229 229 229 229 229 212 212 212 51 51 51 51 51 78 78 78 78 27 27 27 206 206 129 129 129 129 
154 205 205 229 229 229 229 229 212 212 159 159 69 69 69 78 78 78 78 78 78 27 206 206 206 154 154 154 154 
154 205 205 205 229 229 229 229 229 159 159 159 69 69 69 78 78 78 78 78 78 78 206 206 206 154 154 154 154 
154 205 205 205 229 229 229 229 159 159 159 159 69 69 69 78 78 78 78 78 78 206 206 206 206 206 154 154 154 
71 205 205 205 205 205 205 205 159 159 159 159 69 69 69 78 78 78 78 78 78 206 206 206 206 206 71 154 71 
163 163 205 205 205 205 205 130 130 159 159 159 69 69 69 78 78 78 78 78 78 206 206 206 206 163 163 163 163 
163 163 205 205 205 205 130 130 130 130 130 130 69 69 69 78 78 78 78 78 78 37 37 37 37 163 163 163 163 
163 163 13 13 13 13 189 189 189 189 189 189 22 22 22 22 78 78 78 78 185 37 37 37 37 163 163 163 163 
163 163 13 13 13 13 189 189 189 189 189 189 22 22 22 22 78 78 185 185 185 37 37 37 37 37 163 163 163 
11 11 11 13 13 13 178 189 189 189 189 189 189 22 22 234 234 234 185 185 185 185 185 37 37 37 163 163 163 
11 11 11 13 13 13 121 189 189 189 189 189 189 22 22 62 234 234 185 185 185 185 185 185 37 37 163 163 11 
11 11 11 11 11 121 121 220 189 189 189 189 189 70 70 62 62 62 185 185 185 185 185 185 37 37 11 11 11 
11 11 11 11 11 121 121 34 34 34 34 34 70 70 70 62 62 62 179 185 185 185 185 185 185 185 41 41 11 
11 11 11 11 11 121 121 34 34 34 34 34 70 70 70 62 62 179 179 124 124 124 124 124 124 41 41 41 41 
224 224 224 224 224 121 121 34 34 34 34 34 145 145 145 62 179 179 179 124 124 124 124 124 124 41 41 41 41 
224 224 224 224 224 121 121 121 34 34 34 145 145 145 145 145 179 179 179 179 124 124 124 124 41 41 41 41 41 
224 224 224 224 224 224 121 121 34 145 145 145 145 145 145 145 179 179 179 179 240 240 240 240 240 41 41 41 41 
224 224 224 224 224 169 169 169 169 161 145 145 145 145 145 145 145 179 179 240 240 240 240 240 240 41 41 41 41 
224 224 224 90 90 169 169 169 169 161 161 145 145 145 145 145 145 179 179 240 240 240 240 240 240 41 41 41 41 
116 116 116 90 90 169 169 169 161 161 161 161 145 145 145 114 114 114 40 40 240 240 240 240 240 231 182 182 116 
116 238 238 238 90 169 169 161 161 161 161 161 161 114 114 114 114 114 114 40 240 240 240 230 230 230 182 182 182 
238 238 238 238 90 90 161 161 161 161 161 161 161 114 114 114 114 114 103 103 103 230 230 230 230 230 182 182 182 
101 101 101 101 143 143 161 161 161 161 161 161 161 114 114 114 114 114 103 103 103 230 230 230 230 230 230 182 182 
101 101 101 101 101 166 161 161 161 161 161 161 161 114 114 114 114 103 103 103 103 230 230 230 230 230 230 89 89 
101 101 101 111 111 166 166 166 166 161 161 161 161 85 114 114 114 103 103 103 103 230 230 230 230 230 89 89 89 
89 101 111 111 111 166 166 166 166 161 161 51 51 85 85 85 85 103 103 103 103 230 230 230 230 230 89 89 89 
89 89 111 111 111 111 166 113 113 212 212 51 51 51 51 51 85 85 103 103 103 230 230 230 230 230 89 89 89 
129 129 129 229 229 212 212 212 212 212 212 51 51 51 51 51 51 27 27 27 27 27 27 129 129 129 129 129 129 
129 129 129 229 229 229 212 212 212 212 212 51 51 51 51 51 51 27 27 27 27 27 27 206 129 129 129 129 129 
129 129 129 229 229 229 229 212 212 212 212 51 51 51 51 51 78 78 27 27 27 27 27 206 206 129 129 129 129 
129 129 129 229 229 229 229 212 212 212 159 159 159 69 69 78 78 78 78 27 27 27 206 206 206 206 129 129 129 
129 129 205 205 229 229 229 212 212 159 159 159 159 69 69 78 78 78 78 78 27 27 206 206 206 206 206 129 129 
154 205 205 123 123 123 123 123 159 159 159 159 159 69 69 78 78 78 78 78 27 206 206 206 206 206 206 154 154 
163 163 205 205 123 123 123 159 159 159 159 159 69 69 69 78 78 78 78 78 78 206 206 206 206 206 206 163 163 
163 163 163 205 205 205 123 159 159 159 159 159 69 69 69 78 78 78 78 78 78 206 206 206 206 163 163 163 163 
163 163 163 13 205 205 189 189 189 159 159 159 69 69 69 78 78 78 78 78 78 206 206 206 163 163 163 163 163 
163 163 13 13 13 13 189 189 189 189 189 189 189 69 69 234 234 78 78 78 185 222 222 37 163 163 163 163 163 
163 13 13 13 13 13 189 189 189 189 189 189 189 189 234 234 234 234 234 185 185 185 37 37 163 163 163 163 163 
11 13 13 13 13 13 178 189 189 189 189 189 189 189 234 234 234 234 234 185 185 185 185 185 37 163 163 163 163 
11 11 13 13 13 13 178 189 189 189 189 189 189 189 62 62 234 234 234 185 185 185 185 185 185 163 163 163 11 
11 11 13 13 13 13 178 189 189 189 189 189 189 62 62 62 62 62 185 185 185 185 185 185 185 185 163 11 11 
11 13 13 13 13 13 178 34 34 34 34 34 34 62 62 62 62 62 62 185 185 185 185 185 185 41 41 41 11 
186 186 186 13 13 13 34 34 34 34 34 34 34 62 62 62 62 62 179 179 124 124 124 124 124 41 41 41 41 
224 224 224 224 224 121 34 34 34 34 34 34 34 145 62 62 179 179 179 179 124 124 124 124 41 41 41 41 41 
224 224 224 224 224 224 61 34 34 34 34 145 145 145 145 145 179 179 179 179 124 124 124 124 41 41 41 41 41 
224 224 224 224 224 61 61 61 34 34 145 145 145 145 145 145 179 179 179 179 240 240 240 240 41 41 41 41 41 
224 224 224 224 169 169 169 169 169 169 145 145 145 145 145 145 179 179 179 179 240 240 240 240 240 41 41 41 41 
224 224 224 169 169 169 169 169 169 169 169 145 145 145 145 145 145 179 40 40 240 240 240 240 240 41 41 41 41 
238 238 238 238 169 169 169 169 169 161 161 161 145 145 145 114 114 40 40 40 40 240 240 240 231 231 182 182 182 
238 238 238 238 143 169 169 169 161 161 161 161 161 114 114 114 114 114 40 40 40 40 240 240 231 182 182 182 182 
238 238 238 238 143 143 169 161 161 161 161 161 161 114 114 114 114 114 103 103 103 230 230 230 230 182 182 182 182 
101 101 101 101 143 143 161 161 161 161 161 161 161 114 114 114 114 114 103 103 103 230 230 230 230 230 182 182 182 
101 101 101 101 101 143 161 161 161 161 161 161 161 114 114 114 114 103 103 103 103 230 230 230 230 230 230 182 101 
101 101 101 101 101 52 52 161 161 161 161 161 161 114 114 114 114 103 103 103 103 230 230 230 230 230 230 89 89 
101 101 101 101 111 52 52 212 212 212 212 197 51 51 51 114 114 103 103 103 103 230 230 230 230 230 89 129 89 
101 101 101 111 111 111 212 212 212 212 212 197 51 51 51 51 85 103 103 103 103 230 230 230 230 129 129 129 129 
129 129 129 129 54 212 212 212 212 212 212 197 197 51 51 51 27 27 27 27 27 27 27 129 129 129 129 129 129 
129 129 129 129 54 54 212 212 212 212 212 197 197 51 51 51 27 27 27 27 27 27 27 27 129 129 129 129 129 
129 129 129 129 229 229 212 212 212 212 212 197 197 51 51 51 27 27 27 27 27 27 27 206 129 129 129 129 129 
129 129 129 123 123 123 212 212 212 212 159 159 159 159 69 78 78 27 27 27 27 27 206 206 206 129 129 129 129 
129 129 123 123 123 123 123 212 212 159 159 159 159 159 69 78 78 78 27 27 27 27 206 206 206 206 129 129 129 
129 129 123 123 123 123 123 123 159 159 159 159 159 159 69 78 78 78 78 27 27 206 206 206 206 206 7 129 129 
163 163 123 123 123 123 123 123 159 159 159 159 159 69 69 78 78 78 78 27 27 206 206 206 206 7 7 7 163 
163 163 163 163 123 123 123 139 159 159 159 159 159 69 69 78 78 78 78 78 27 206 206 206 7 7 163 163 163 
163 163 163 163 138 138 189 189 189 159 159 159 159 69 69 78 78 78 78 78 27 222 222 7 7 7 163 163 163 
163 163 163 13 13 189 189 189 189 189 189 189 189 184 234 234 234 234 234 234 222 222 222 222 7 163 163 163 163 
163 13 13 13 13 178 178 189 189 189 189 189 189 189 234 234 234 234 234 234 185 185 222 222 163 163 163 163 163 
13 13 13 13 13 178 178 189 189 189 189 189 189 189 234 234 234 234 234 185 185 185 185 185 163 163 163 163 163 
13 13 13 13 13 178 178 189 189 189 189 189 189 62 62 234 234 234 234 185 185 185 185 185 185 163 163 163 163 
13 13 13 13 13 178 178 178 189 189 189 189 189 62 62 62 62 62 62 185 185 185 185 185 185 228 228 11 11 
186 186 13 13 13 178 178 34 34 34 34 34 34 62 62 62 62 62 62 185 185 185 185 185 185 41 41 41 186 
186 186 186 13 13 13 178 34 34 34 34 34 137 62 62 62 62 62 179 179 124 124 124 124 194 41 41 41 41 
186 186 186 186 186 82 34 34 34 34 34 34 137 137 62 62 62 179 179 179 124 124 124 124 41 41 41 41 41 
41 186 186 186 82 82 61 61 34 34 34 137 137 137 137 137 179 179 179 179 179 124 124 124 41 41 41 41 41 
41 224 224 224 82 61 61 61 61 61 34 137 137 137 137 179 179 179 179 179 179 240 240 240 41 41 41 41 41 
41 224 224 109 61 61 61 61 169 169 169 145 145 145 145 145 179 179 179 179 240 240 240 240 231 41 41 41 41 
41 238 238 143 169 169 169 169 169 169 169 59 145 145 145 145 179 179 40 40 40 40 240 240 231 231 231 182 182 
238 238 238 143 143 169 169 169 169 169 161 59 145 145 145 114 114 40 40 40 40 40 240 231 231 231 182 182 182 
238 238 238 143 143 169 169 169 169 161 161 161 161 114 114 114 114 40 40 40 40 76 76 76 231 182 182 182 182 
238 238 238 238 143 143 169 169 161 161 161 161 161 114 114 114 114 114 40 40 76 76 76 76 182 182 182 182 182 
101 101 101 101 143 143 143 52 161 161 161 161 161 114 114 114 114 114 103 103 76 76 76 76 242 182 182 182 182 
101 101 101 101 143 143 52 52 52 161 161 161 161 114 114 114 114 103 103 103 103 76 76 242 242 242 182 182 101 
101 101 101 101 143 52 52 52 52 52 161 161 161 114 114 114 114 103 103 103 103 103 230 242 242 242 242 242 101 
101 101 101 101 101 52 52 52 52 212 212 197 197 51 51 114 114 103 103 103 103 230 230 242 242 242 242 129 129 
129 129 101 101 101 52 52 212 212 212 212 197 197 51 51 51 85 103 103 103 103 230 230 242 242 129 129 129 129 
129 129 129 129 54 54 212 212 212 212 197 197 197 197 197 197 27 27 27 27 27 27 27 129 129 129 129 129 129 
129 129 129 54 54 54 54 212 212 212 197 197 197 197 197 197 27 27 27 27 27 27 27 27 129 129 129 129 129 
129 129 129 54 54 54 54 212 212 212 197 197 197 197 197 27 27 27 27 27 27 27 27 27 129 129 129 129 129 
129 129 129 123 123 123 123 212 212 212 197 197 159 159 159 175 27 27 27 27 27 27 27 206 206 129 129 129 129 
129 129 123 123 123 123 123 123 212 159 159 159 159 159 159 128 128 128 27 27 27 27 206 206 206 206 129 129 129 
129 129 123 123 123 123 123 123 123 159 159 159 159 159 159 128 128 128 128 27 27 27 206 206 206 7 7 7 129 
163 163 123 123 123 123 123 123 159 159 159 159 159 184 184 128 128 128 128 27 27 27 206 206 7 7 7 7 7 
163 163 196 138 123 123 123 139 159 159 159 159 184 184 184 184 128 128 128 27 27 27 206 7 7 7 7 163 163 
163 163 196 138 138 138 123 189 189 159 159 159 184 184 184 184 234 128 234 27 222 222 222 222 7 7 7 163 163 
163 163 163 138 138 138 178 189 189 189 189 189 184 184 234 234 234 234 234 234 222 222 222 222 222 7 163 163 163 
163 13 13 13 13 178 178 189 189 189 189 189 189 184 234 234 234 234 234 234 234 222 222 222 222 163 163 163 163 
190 13 13 13 13 178 178 178 189 189 189 189 189 234 234 234 234 234 234 234 234 185 228 228 228 163 163 163 163 
190 13 13 13 13 178 178 178 189 189 189 189 189 62 62 234 234 234 234 234 185 185 228 228 228 228 228 190 190 
13 13 13 13 13 178 178 178 178 189 189 189 189 62 62 62 62 62 62 185 185 185 228 228 228 228 228 190 190 
186 13 13 13 13 178 178 178 34 34 34 34 34 62 62 62 62 62 62 62 185 185 228 228 228 228 41 41 190 
186 186 13 13 13 82 178 34 34 34 34 34 137 137 62 62 62 62 62 179 124 124 194 194 194 41 41 41 41 
186 186 186 186 82 82 82 34 34 34 34 137 137 137 137 62 62 179 179 179 179 124 194 194 194 41 41 41 41 
41 186 186 82 82 82 61 61 61 34 34 137 137 137 137 137 179 179 179 179 179 179 124 194 41 41 41 41 41 
41 41 82 82 82 61 61 61 61 61 61 137 137 137 137 137 179 179 179 179 179 179 240 240 41 41 41 41 41 
41 41 109 109 109 61 61 61 61 61 59 59 137 137 137 137 179 179 179 179 179 240 240 231 231 231 41 41 41 
182 238 238 143 109 61 61 61 169 169 59 59 59 59 137 137 179 179 40 40 40 40 240 231 231 231 231 182 182 
182 238 238 143 143 169 169 169 169 169 59 59 59 59 59 114 40 40 40 40 40 76 76 231 231 231 231 182 182 
182 238 238 143 143 143 169 169 169 169 59 59 59 59 114 114 114 40 40 40 76 76 76 76 231 231 182 182 182 
238 238 238 143 143 143 143 169 52 161 161 161 59 59 114 114 114 40 40 76 76 76 76 76 182 182 182 182 182 
101 101 101 101 143 143 143 52 52 52 161 161 161 114 114 114 114 18 40 76 76 76 76 76 242 242 182 182 182 
101 101 101 101 143 52 52 52 52 52 52 161 161 114 114 114 114 18 103 76 76 76 76 242 242 242 242 182 182 
101 101 101 101 143 52 52 52 52 52 52 52 197 197 114 114 114 103 103 103 76 76 242 242 242 242 242 242 101 
101 101 101 101 52 52 52 52 52 52 197 197 197 197 197 197 114 103 103 103 76 76 242 242 242 242 242 129 129 
129 129 101 101 52 52 52 52 212 212 197 197 197 197 197 197 193 193 27 27 27 27 242 242 242 129 129 129 129 
129 129 129 54 54 54 54 212 212 197 197 197 197 197 197 197 27 27 27 27 27 27 27 129 129 129 129 129 129 
129 129 129 54 54 54 54 212 212 197 197 197 197 197 197 197 27 27 27 27 27 27 27 27 129 129 129 129 129 
129 129 129 54 54 54 54 212 212 197 197 197 197 197 197 26 27 27 27 27 27 27 27 27 129 129 129 129 129 
129 129 129 54 54 54 54 54 212 197 197 197 197 197 175 175 92 27 27 27 27 27 27 206 129 129 129 129 129 
129 129 123 123 123 123 123 123 123 197 159 159 159 184 175 175 128 128 27 27 27 27 27 206 206 129 129 129 129 
129 235 123 123 123 123 123 123 123 159 159 159 184 184 175 175 128 128 128 27 27 27 206 206 7 7 7 7 7 
235 235 123 123 123 123 123 123 123 159 159 159 184 184 184 175 128 128 128 27 27 27 206 7 7 7 7 7 7 
196 196 196 138 123 123 123 139 139 159 159 184 184 184 184 184 128 128 128 27 27 222 222 7 7 7 7 7 163 
196 196 196 138 138 138 123 139 139 189 184 184 184 184 184 184 184 128 128 27 222 222 222 222 7 7 7 7 163 
196 196 196 138 138 138 139 189 189 189 189 184 184 184 184 234 234 234 234 234 222 222 222 222 222 7 7 163 163 
196 196 196 138 138 178 178 178 189 189 189 189 184 184 234 234 234 234 234 234 234 222 222 222 222 163 163 163 163 
190 190 190 190 178 178 178 178 178 189 189 189 189 234 234 234 234 234 234 234 234 228 228 228 228 228 163 163 190 
190 190 190 13 178 178 178 178 178 189 189 189 189 234 234 234 234 234 234 234 228 228 228 228 228 228 228 190 190 
190 190 13 13 178 178 178 178 178 178 189 189 137 62 62 62 62 62 62 62 228 228 228 228 228 228 228 190 190 
190 190 13 13 13 178 178 178 178 34 34 34 137 62 62 62 62 62 62 62 228 228 228 228 228 228 228 190 190 
190 190 13 13 82 82 82 178 34 34 34 137 137 137 137 62 62 62 62 62 202 194 194 194 194 194 41 41 41 
41 186 186 82 82 82 82 82 34 34 34 137 137 137 137 137 62 62 179 179 202 194 194 194 194 41 41 41 41 
41 186 82 82 82 82 82 61 61 34 137 137 137 137 137 137 137 179 179 179 179 194 194 194 194 41 41 41 41 
41 41 82 82 82 82 61 61 61 61 137 137 137 137 137 137 137 179 179 179 179 141 194 194 194 41 41 41 41 
41 41 109 109 109 109 61 61 61 61 59 59 137 137 137 137 179 179 179 179 141 141 141 141 231 231 231 41 41 
182 182 109 109 109 109 61 61 61 61 59 59 59 59 137 137 179 179 40 40 141 141 141 231 231 231 231 182 182 
182 182 143 143 143 143 169 169 169 59 59 59 59 59 59 59 18 40 40 40 141 141 141 231 231 231 231 182 182 
182 182 182 143 143 143 143 169 169 169 59 59 59 59 59 18 18 18 40 76 76 76 76 76 231 231 182 182 182 
182 182 182 143 143 143 143 52 52 52 59 59 59 59 18 18 18 18 18 76 76 76 76 76 242 182 182 182 182 
182 182 101 143 143 143 143 52 52 52 52 59 59 59 18 18 18 18 18 76 76 76 76 242 242 242 242 182 182 
182 101 101 101 143 52 52 52 52 52 52 52 59 218 218 18 18 18 18 76 76 76 76 242 242 242 242 182 182 
101 101 101 101 52 52 52 52 52 52 52 52 218 197 197 18 18 18 103 67 76 76 242 242 242 242 242 242 182 
129 101 101 52 52 52 52 52 52 52 197 197 197 197 197 197 193 193 193 67 67 67 242 242 242 242 242 129 129 
129 129 129 129 52 52 52 52 52 197 197 197 197 197 197 197 193 193 27 27 27 27 67 242 129 129 129 129 129 
129 129 129 54 54 54 54 54 212 197 197 197 197 197 197 26 26 27 27 27 27 27 67 67 129 129 129 129 129 
129 129 129 54 54 54 54 54 212 197 197 197 197 197 26 26 92 27 27 27 27 27 27 27 129 129 129 129 129 
129 129 129 54 54 54 54 54 54 197 197 197 197 197 26 26 92 92 27 27 27 27 27 27 129 129 129 129 129 
129 129 235 54 54 54 54 54 46 46 197 197 197 184 175 175 92 92 27 27 27 27 27 27 129 129 129 129 129 
129 235 235 123 123 123 123 123 46 46 46 184 184 184 175 175 175 92 27 27 27 27 27 27 206 129 129 129 129 
235 235 235 123 123 123 123 123 123 46 184 184 184 184 175 175 175 128 128 27 27 27 27 7 7 7 7 7 7 
235 235 235 123 123 123 123 139 139 139 184 184 184 184 184 175 175 128 128 27 27 27 7 7 7 7 7 7 7 
196 196 196 138 138 123 139 139 139 139 184 184 184 184 184 184 184 128 128 27 27 222 222 7 7 7 7 7 196 
196 196 196 138 138 138 139 139 139 139 184 184 184 184 184 184 184 128 234 27 131 222 222 222 7 7 7 7 196 
196 196 196 138 138 138 139 139 100 100 100 184 184 184 184 234 234 234 234 234 131 222 222 222 222 7 7 163 196 
196 196 196 138 138 138 178 178 100 100 100 100 100 184 184 234 234 234 234 234 131 131 222 222 222 222 7 163 196 
190 190 190 190 138 178 178 178 100 100 100 100 100 152 234 234 234 234 234 234 234 228 228 228 228 228 228 190 190 
190 190 190 190 178 178 178 178 178 100 100 100 100 152 21 198 234 234 198 198 228 228 228 228 228 228 228 190 190 
190 190 190 190 178 178 178 178 178 100 100 100 100 152 62 198 198 198 198 198 228 228 228 228 228 228 228 190 190 
190 190 190 190 190 178 178 178 178 178 34 34 137 137 62 62 62 62 198 198 194 194 194 194 228 228 228 190 190 
190 190 190 82 82 82 82 82 82 34 34 137 137 137 137 62 62 62 62 202 202 194 194 194 194 194 88 88 190 
88 88 82 82 82 82 82 82 82 34 34 137 137 137 137 137 62 202 202 202 202 194 194 194 194 194 88 88 88 
88 88 82 82 82 82 82 82 61 61 137 137 137 137 137 137 137 202 202 202 202 194 194 194 194 88 88 88 88 
88 88 82 82 82 82 82 61 61 61 61 137 137 137 137 137 137 202 202 202 202 202 194 194 194 88 88 88 88 
88 88 109 109 109 109 109 61 61 61 59 59 137 137 137 137 137 202 202 202 141 141 141 141 231 231 231 88 88 
182 182 167 109 109 109 109 61 61 61 59 59 59 59 137 137 137 202 202 141 141 141 141 141 231 231 231 182 182 
182 182 167 143 143 143 109 61 61 61 59 59 59 59 59 18 18 18 40 141 141 141 141 141 231 231 231 182 182 
182 182 182 143 143 143 143 143 61 59 59 59 59 59 18 18 18 18 18 141 141 141 141 141 231 231 182 182 182 
182 182 182 143 143 143 143 52 52 52 59 59 59 59 18 18 18 18 18 76 76 76 76 76 242 242 182 182 182 
182 182 182 143 143 143 143 52 52 52 52 59 218 218 18 18 18 18 18 76 76 76 76 242 242 242 182 182 182 
182 182 101 101 143 52 52 52 52 52 52 218 218 218 218 18 18 18 18 67 76 76 67 242 242 242 242 182 182 
182 101 101 52 52 52 52 52 52 52 52 218 218 218 218 18 18 18 193 67 67 67 67 242 242 242 242 182 182 
129 129 129 52 52 52 52 52 52 52 197 218 197 197 197 18 193 193 193 67 67 67 67 67 242 242 129 129 129 
129 129 129 129 52 52 52 52 52 197 197 197 197 197 197 197 193 193 193 27 67 67 67 67 67 129 129 129 129 
129 129 129 54 54 54 54 54 115 197 197 197 197 197 26 26 26 26 27 27 67 67 67 67 129 129 129 129 129 
129 129 54 54 54 54 54 54 54 197 197 197 197 197 26 26 26 92 27 27 27 27 67 67 129 129 129 129 129 
129 129 235 54 54 54 54 54 46 46 197 197 197 26 26 26 92 92 92 27 27 27 27 27 129 129 129 129 129 
129 235 235 54 54 54 54 46 46 46 46 197 184 26 26 26 92 92 92 27 27 27 27 27 129 129 129 129 129 
235 235 235 235 54 54 54 46 46 46 46 184 184 184 175 175 175 92 92 27 27 27 27 27 7 129 129 129 235 
235 235 235 235 123 123 123 139 46 46 46 184 184 184 175 175 175 92 92 27 27 27 27 7 7 7 7 7 235 
235 235 235 235 123 123 139 139 139 139 184 184 184 184 184 175 175 175 27 27 27 27 7 7 7 7 7 7 235 
196 196 196 138 138 139 139 139 139 139 184 184 184 184 184 184 175 175 27 27 131 131 131 7 7 7 7 7 196 
196 196 196 138 138 138 139 139 139 139 184 184 184 184 184 184 184 184 234 131 131 131 131 222 7 7 7 7 196 
196 196 196 138 138 138 139 139 100 100 100 184 184 184 184 184 184 198 234 131 131 131 131 222 106 106 106 106 196 
196 196 196 138 138 138 178 100 100 100 100 100 152 152 21 21 198 198 198 198 131 131 131 222 106 106 106 106 196 
190 190 190 190 138 178 178 178 100 100 100 100 152 152 21 21 198 198 198 198 131 131 228 228 228 228 228 190 190 
190 190 190 190 190 178 178 178 100 100 100 100 152 152 21 198 198 198 198 198 198 228 228 228 228 228 228 190 190 
190 190 190 190 190 178 178 178 178 100 100 100 152 152 198 198 198 198 198 198 198 228 228 228 228 228 228 190 190 
190 190 190 190 190 178 178 178 178 178 100 100 152 152 198 198 198 198 198 198 198 194 194 194 194 194 228 190 190 
190 190 190 82 82 82 82 82 82 82 100 137 137 137 137 198 198 198 202 202 202 194 194 194 194 194 88 88 88 
88 88 82 82 82 82 82 82 82 82 137 137 137 137 137 137 202 202 202 202 202 194 194 194 194 194 88 88 88 
88 88 82 82 82 82 82 82 82 82 137 137 137 137 137 137 202 202 202 202 202 202 194 194 194 88 88 88 88 
88 88 82 82 82 82 82 82 61 61 61 137 137 137 137 137 202 202 202 202 202 202 202 194 194 88 88 88 88 
88 167 167 109 109 109 109 61 61 61 61 59 137 137 137 137 202 202 202 202 141 141 141 141 141 231 88 88 88 
182 167 167 109 109 109 109 61 61 61 59 59 59 137 137 137 202 202 202 141 141 141 141 141 231 231 231 182 88 
182 167 167 167 109 109 109 61 61 61 59 59 59 59 18 18 18 18 18 141 141 141 141 141 231 231 231 182 182 
182 182 167 167 143 143 143 143 61 59 59 59 59 59 18 18 18 18 18 141 141 141 141 141 231 231 182 182 182 
182 182 167 167 143 143 143 143 52 218 218 218 218 162 18 18 18 18 18 28 141 141 141 141 242 182 182 182 182 
182 182 182 167 143 143 143 52 52 218 218 218 218 218 18 18 18 18 18 38 76 76 67 67 242 242 182 182 182 
182 182 182 182 143 52 52 52 52 218 218 218 218 218 218 18 18 18 18 67 67 67 67 67 242 242 182 182 182 
182 182 182 52 52 52 52 52 52 218 218 218 218 218 218 18 18 193 193 193 67 67 67 67 67 242 182 182 182 
129 129 129 24 115 115 52 52 52 180 218 218 218 218 218 18 193 193 193 193 67 67 67 67 67 129 129 129 129 
129 129 129 24 115 115 115 115 115 180 197 218 197 197 197 193 193 193 193 193 67 67 67 67 67 129 129 129 129 
129 24 24 24 54 115 115 115 115 115 197 197 197 197 26 26 26 26 193 67 67 67 67 67 67 129 129 129 129 
129 24 24 54 54 54 54 54 115 46 46 197 197 26 26 26 26 26 26 67 67 67 67 67 67 129 129 129 129 
235 235 235 54 54 54 54 46 46 46 46 46 197 26 26 26 26 26 92 27 27 67 67 67 67 129 129 129 129 
235 235 235 54 54 54 54 46 46 46 46 46 184 26 26 26 26 232 232 232 27 27 27 67 129 129 129 129 235 
235 235 235 235 54 54 54 46 46 46 46 46 184 184 26 26 26 232 232 232 27 27 27 27 7 129 129 129 235 
235 235 235 235 235 235 123 46 46 46 46 184 184 184 175 175 175 26 232 27 27 27 27 7 7 7 7 235 235 
235 235 235 235 235 123 139 139 139 46 184 184 184 184 184 175 175 175 175 27 27 131 68 7 7 7 7 235 235 
235 235 235 138 138 138 139 139 139 139 184 184 184 184 184 184 175 175 175 131 131 131 131 106 106 106 106 106 235 
196 196 196 138 138 138 139 139 139 139 184 184 184 184 184 184 184 198 131 131 131 131 131 106 106 106 106 106 196 
196 196 196 138 138 138 139 139 100 100 100 184 184 152 53 53 21 198 198 131 131 131 131 106 106 106 106 106 196 
196 196 196 138 138 138 178 100 100 100 100 152 152 152 21 21 21 198 198 131 131 131 131 106 106 106 106 106 196 
190 190 190 190 138 178 178 100 100 100 100 152 152 152 21 21 198 198 198 198 131 131 131 228 106 106 106 190 190 
190 190 190 190 190 178 178 100 100 100 100 152 152 152 21 198 198 198 198 198 198 198 228 228 228 228 228 190 190 
199 239 199 190 190 178 178 146 146 146 146 146 152 152 198 198 198 198 198 198 198 194 194 194 228 228 228 190 190 
239 239 199 190 190 82 178 146 146 146 146 146 152 152 198 198 198 198 198 198 198 194 194 194 194 194 194 190 190 
190 239 199 82 82 82 82 82 82 146 146 146 137 137 198 198 198 198 198 202 202 194 194 194 194 214 88 88 190 
88 239 82 82 82 82 82 82 82 82 170 137 137 137 137 198 202 202 202 202 202 194 194 194 214 214 88 88 88 
88 88 82 82 82 82 82 82 82 82 170 137 137 137 137 137 202 202 202 202 202 202 194 194 214 88 88 88 88 
88 88 82 82 82 82 82 82 82 170 170 170 137 137 137 202 202 202 202 202 202 202 202 194 214 88 88 88 88 
88 167 167 109 109 109 109 109 170 170 170 170 137 137 137 202 202 202 202 202 202 141 141 141 141 88 88 88 88 
167 167 167 167 109 109 109 109 109 170 170 170 162 137 162 202 202 202 202 141 141 141 141 141 141 231 88 88 88 
167 167 167 167 167 109 109 109 109 170 170 59 162 162 162 18 18 18 202 141 141 141 141 141 141 231 231 182 182 
182 167 167 167 167 167 167 143 143 218 218 162 162 162 162 18 18 18 28 28 141 141 141 141 141 231 182 182 182 
182 167 167 167 167 167 143 143 52 218 218 218 218 162 162 18 18 18 38 28 28 141 141 141 242 182 182 182 182 
182 208 167 167 167 143 143 52 52 218 218 218 218 218 218 18 18 18 38 38 28 67 67 67 67 242 182 182 182 
182 208 208 208 115 115 115 115 52 218 218 218 218 218 218 18 18 38 38 38 67 67 67 67 67 67 182 182 182 
182 208 208 115 115 115 115 115 115 218 218 218 218 218 218 18 18 193 193 193 67 67 67 67 67 67 182 182 182 
129 129 24 24 115 115 115 115 115 180 218 218 218 218 218 193 193 193 193 193 67 67 67 67 67 67 129 129 129 
129 129 24 24 115 115 115 115 115 180 218 218 218 218 218 193 193 193 193 193 67 67 67 67 67 67 129 129 129 
24 24 24 24 24 115 115 115 115 180 180 180 168 168 26 26 26 26 193 67 67 67 67 67 67 67 129 129 129 
235 24 24 24 24 115 115 115 115 46 46 46 168 26 26 26 26 26 232 67 67 67 67 67 67 201 129 129 129 
235 235 24 24 24 54 54 46 46 46 46 46 26 26 26 26 26 232 232 232 67 67 67 67 67 201 129 129 129 
235 235 235 235 24 54 49 46 46 46 46 46 46 26 26 26 26 232 232 232 232 67 67 67 67 201 129 235 235 
235 235 235 235 235 235 49 46 46 46 46 46 184 26 26 26 26 232 232 232 232 232 68 68 68 235 235 235 235 
235 235 235 235 235 235 46 46 46 46 46 184 184 184 26 26 26 26 232 232 232 68 68 68 68 68 235 235 235 
235 235 235 235 235 235 139 139 46 46 46 184 184 184 184 175 175 175 232 232 131 68 68 68 68 68 106 235 235 
235 235 235 235 235 227 139 139 139 46 184 184 184 184 184 184 175 175 93 131 131 131 131 68 106 106 106 106 235 
196 196 196 138 138 138 139 139 139 133 184 184 184 184 184 53 53 53 131 131 131 131 131 131 106 106 106 106 196 
196 196 196 138 138 138 139 139 133 100 100 184 152 152 53 53 53 198 198 131 131 131 131 106 106 106 106 106 196 
196 196 196 118 118 118 118 23 23 23 23 152 152 152 53 53 21 198 198 131 131 131 131 106 106 106 106 106 196 
199 199 199 118 118 118 118 23 23 23 23 152 152 152 21 21 21 198 198 198 131 131 131 106 106 106 106 106 199 
199 199 199 199 118 118 178 146 146 146 146 152 152 152 21 21 198 198 198 198 198 198 131 3 3 3 3 3 199 
199 199 199 199 199 199 178 146 146 146 146 146 152 152 152 198 198 198 198 198 198 214 214 214 214 3 3 3 199 
199 199 199 199 199 82 82 146 146 146 146 146 152 152 198 198 198 198 198 198 198 214 214 214 214 214 3 3 199 
199 199 199 199 82 82 82 82 146 146 146 146 151 151 151 198 198 198 198 202 202 214 214 214 214 214 3 88 199 
199 199 82 82 82 82 82 82 170 170 170 151 151 151 151 151 198 202 202 202 202 214 214 214 214 214 88 88 88 
88 88 82 82 82 82 82 82 170 170 170 170 151 151 151 151 202 202 202 202 202 202 214 214 214 214 88 88 88 
88 167 167 82 82 82 82 82 170 170 170 170 151 151 151 236 236 202 202 202 202 126 126 126 126 88 88 88 88 
167 167 167 167 109 109 109 170 170 170 170 170 151 151 151 236 236 236 202 202 202 126 126 126 126 88 88 88 88 
167 167 167 167 167 109 109 170 170 170 170 170 162 162 162 236 236 236 202 202 126 126 126 126 126 126 88 88 88 
167 167 167 167 167 167 109 170 170 170 170 162 162 162 162 162 236 236 28 28 141 141 141 141 141 141 57 57 57 
167 167 167 167 167 167 167 167 170 218 218 162 162 162 162 162 18 38 28 28 28 141 141 141 141 231 182 182 182 
167 167 167 167 167 167 167 143 218 218 218 218 162 162 162 162 18 38 38 28 28 28 67 67 67 182 182 182 182 
208 208 208 167 167 115 115 115 180 218 218 218 218 162 162 162 18 38 38 38 28 67 67 67 67 67 182 182 182 
208 208 208 208 115 115 115 115 180 218 218 218 218 218 162 162 18 38 38 38 67 67 67 67 67 67 182 182 182 
208 208 208 208 115 115 115 115 115 215 218 218 218 218 218 162 193 193 193 193 67 67 67 67 67 67 67 182 182 
208 208 24 24 115 115 115 115 115 180 180 218 218 218 218 193 193 193 193 193 67 67 67 67 67 67 201 129 129 
129 24 24 24 115 115 115 115 115 180 180 168 168 168 168 193 193 193 193 193 67 67 67 67 67 67 201 129 129 
24 24 24 24 24 115 115 115 115 180 180 168 168 168 26 26 26 26 193 67 67 67 67 67 67 201 201 201 201 
235 24 24 24 24 115 115 115 115 180 180 168 168 26 26 26 26 232 232 67 67 67 67 67 201 201 201 201 201 
235 24 24 24 24 24 49 49 49 46 46 46 46 26 26 26 232 232 232 232 67 67 67 67 201 201 201 201 201 
235 235 235 24 24 49 49 49 46 46 46 46 46 26 26 26 232 232 232 232 232 67 67 67 201 201 201 201 235 
235 235 235 235 235 49 49 49 46 46 46 46 46 26 26 26 232 232 232 232 232 68 68 68 68 201 235 235 235 
235 235 235 235 227 227 49 46 46 46 46 226 226 184 26 26 26 232 232 232 93 68 68 68 68 68 235 235 235 
235 235 235 227 227 227 227 46 46 46 226 226 226 184 184 184 26 93 93 93 93 68 68 68 68 68 68 235 235 
235 235 235 227 227 227 227 133 133 133 226 226 226 184 184 184 53 93 93 93 131 131 68 68 68 106 106 106 235 
227 227 227 227 227 227 227 133 133 133 133 226 226 184 53 53 53 53 93 93 131 131 131 68 106 106 106 106 106 
196 227 118 118 118 227 133 133 133 133 133 226 152 152 53 53 53 198 93 131 131 131 131 106 106 106 106 106 106 
196 118 118 118 118 118 118 23 23 23 23 23 152 152 53 53 53 198 198 131 131 131 131 106 106 106 106 106 106 
199 239 118 118 118 118 118 23 23 23 23 23 152 152 21 21 21 198 198 198 131 131 131 3 3 3 3 3 199 
199 239 239 118 118 118 118 23 23 23 23 23 152 152 21 21 198 198 198 198 198 131 131 3 3 3 3 3 199 
199 239 199 199 118 118 146 146 146 146 146 146 152 152 152 198 198 198 198 198 198 214 214 214 3 3 3 3 199 
199 199 199 199 199 82 82 146 146 146 146 146 146 152 198 198 198 198 198 198 198 214 214 214 214 3 3 3 142 
199 199 199 199 82 82 82 82 146 146 146 151 151 151 151 198 198 198 198 198 95 214 214 214 214 214 3 142 142 
199 199 199 82 82 82 82 170 170 170 170 151 151 151 151 151 151 202 202 202 202 214 214 214 214 214 214 142 142 
25 25 25 82 82 82 82 170 170 170 170 151 151 151 151 151 236 236 202 202 202 126 126 214 214 214 88 88 88 
25 25 25 82 82 82 82 170 170 170 170 170 151 151 151 236 236 236 236 202 126 126 126 126 126 126 88 88 88 
25 25 167 167 167 82 109 170 170 170 170 170 151 151 151 236 236 236 236 126 126 126 126 126 126 126 57 57 57 
25 167 167 167 167 167 109 170 170 170 170 170 170 162 162 236 236 236 236 126 126 126 126 126 126 57 57 57 57 
57 167 167 167 167 167 167 170 170 170 170 162 162 162 162 162 236 236 236 126 126 126 126 126 126 57 57 57 57 
2 167 167 167 167 167 167 91 170 170 162 162 162 162 162 162 162 38 28 28 28 28 28 126 126 57 57 57 57 
2 2 167 167 167 167 91 91 91 218 218 162 162 162 162 162 162 38 38 28 28 28 67 67 67 57 57 57 2 
208 208 208 208 167 115 91 91 91 218 218 218 162 162 162 162 162 38 38 38 28 28 67 67 67 67 57 57 2 
208 208 208 208 115 115 115 115 180 180 218 218 218 162 162 162 162 38 38 38 67 67 67 67 67 67 67 208 208 
208 208 208 208 115 115 115 115 180 215 215 218 218 218 218 162 193 193 193 193 67 67 67 67 67 67 67 208 208 
208 208 208 24 115 115 115 115 180 180 180 168 168 168 168 193 193 193 193 193 67 67 67 67 67 67 201 201 201 
24 24 24 24 115 115 115 115 115 180 180 168 168 168 168 181 181 193 193 193 67 67 67 67 67 201 201 201 201 
24 24 24 24 24 115 115 115 115 180 180 168 168 168 181 181 181 181 181 67 67 67 67 67 201 201 201 201 201 
24 24 24 24 24 24 115 115 115 180 180 180 168 168 26 181 181 181 181 181 67 67 67 67 201 201 201 201 201 
235 24 24 24 24 24 49 49 49 49 136 136 136 136 26 181 181 181 181 181 67 67 67 201 201 201 201 201 201 
235 235 24 24 24 49 49 49 49 46 136 136 136 136 26 26 232 232 232 232 232 67 67 201 201 201 201 201 201 
235 235 235 227 227 49 49 49 49 46 136 136 136 136 136 26 232 232 232 232 93 93 68 68 68 201 201 201 235 
235 235 235 227 227 227 49 49 49 226 136 136 136 136 136 26 232 93 93 93 93 93 68 68 68 68 68 235 235 
235 235 227 227 227 227 227 227 226 226 226 226 226 226 226 226 93 93 93 93 93 93 68 68 68 68 68 235 235 
227 227 227 227 227 227 227 133 133 226 226 226 226 226 226 226 93 93 93 93 93 68 68 68 68 68 106 106 235 
227 227 227 227 227 227 227 133 133 133 226 226 226 226 53 53 6 6 93 93 93 131 68 68 68 106 106 106 106 
227 227 227 227 227 227 133 133 133 133 133 226 226 226 53 53 53 6 93 93 131 131 131 68 106 106 106 106 106 
118 118 118 118 118 118 133 23 23 23 23 133 152 152 53 53 21 6 6 93 131 131 131 106 106 106 106 106 106 
199 118 118 118 118 118 118 23 23 23 23 23 152 152 21 21 21 198 198 198 131 131 131 3 3 3 3 3 3 
239 239 118 118 118 118 118 23 23 23 23 23 152 152 21 21 198 198 198 198 198 131 3 3 3 3 3 3 3 
239 239 239 118 118 118 118 23 23 23 23 23 152 152 152 198 198 198 198 198 198 214 214 3 3 3 3 3 142 
142 199 199 199 199 199 48 23 23 23 23 146 151 94 94 94 94 198 198 198 95 214 214 3 3 3 3 142 142 
142 142 199 199 199 82 82 170 170 170 170 151 151 151 94 94 94 94 198 95 95 95 214 214 3 3 3 142 142 
142 142 199 199 82 82 82 170 170 170 170 151 151 151 151 94 94 94 94 95 95 95 95 214 214 214 3 142 142 
25 25 25 25 82 82 82 170 170 170 170 170 151 151 151 151 94 236 236 95 95 95 126 126 214 214 3 142 142 
25 25 25 25 32 82 170 170 170 170 170 170 151 151 151 151 236 236 236 126 126 126 126 126 126 126 57 57 57 
25 25 25 32 32 32 170 170 170 170 170 170 173 151 151 236 236 236 236 126 126 126 126 126 126 57 57 57 57 
25 25 32 32 32 32 32 170 170 170 170 170 173 162 162 236 236 236 236 126 126 126 126 126 126 57 57 57 57 
57 2 32 32 32 32 32 170 170 170 170 162 162 162 162 162 236 236 177 126 126 126 126 126 126 57 57 57 57 
2 2 2 32 32 32 32 91 170 170 162 162 162 162 162 162 162 162 177 28 28 126 126 126 57 57 57 57 57 
2 2 2 2 32 32 91 91 91 180 162 162 162 162 162 162 162 38 38 28 28 28 28 67 57 57 57 57 2 
208 208 208 2 2 91 91 91 91 180 218 162 162 162 162 162 162 38 38 28 28 67 67 67 67 57 57 57 2 
208 208 208 208 208 91 91 91 180 180 180 218 162 162 162 162 162 38 38 67 67 67 67 67 67 67 57 208 208 
208 208 208 208 115 115 115 115 180 180 180 168 168 168 168 162 193 193 193 193 67 67 67 67 67 67 67 208 208 
208 208 24 24 115 115 115 115 180 180 180 168 168 168 168 181 181 193 193 193 67 67 67 67 67 67 201 201 201 
24 24 24 24 24 115 115 115 180 180 180 168 168 168 168 181 181 181 193 193 67 67 67 67 67 201 201 201 201 
171 24 24 24 24 115 115 115 180 180 180 168 168 168 181 181 181 181 181 181 67 67 67 67 201 201 201 201 201 
171 24 24 24 24 24 115 115 115 180 180 168 168 168 181 181 181 181 181 181 67 67 67 147 201 201 201 201 201 
171 24 24 24 24 24 49 49 49 49 136 136 136 136 181 181 181 181 181 181 181 147 147 147 201 201 201 201 201 
235 24 24 24 24 24 49 49 49 136 136 136 136 136 136 181 181 181 181 181 181 147 147 147 201 201 201 201 201 
227 227 227 227 227 227 49 49 49 136 136 136 136 136 136 136 181 181 93 93 93 93 147 147 147 201 201 201 235 
227 227 227 227 227 227 227 49 136 136 136 136 136 136 136 136 93 93 93 93 93 93 68 68 68 68 72 235 235 
227 227 227 227 227 227 227 133 226 226 226 226 226 226 226 226 93 93 93 93 93 93 68 68 68 68 72 72 235 
227 227 227 227 227 227 227 133 133 226 226 226 226 226 226 226 93 93 93 93 93 93 68 68 68 68 68 68 156 
227 227 227 227 227 227 227 133 133 133 226 226 226 226 226 6 6 6 93 93 93 93 68 68 68 68 68 68 156 
227 227 227 227 227 227 133 133 133 133 133 226 226 226 226 6 6 6 6 93 93 93 68 68 68 68 106 106 156 
227 118 118 118 118 118 133 133 133 133 133 133 226 226 226 6 6 6 6 93 93 93 68 68 68 106 106 106 39 
118 118 118 118 118 118 133 23 23 23 23 23 133 133 21 21 6 6 6 93 93 93 3 3 3 3 3 3 39 
239 118 118 118 118 118 118 23 23 23 23 23 23 152 21 21 94 6 198 198 198 3 3 3 3 3 3 3 39 
142 142 118 118 118 118 118 23 23 23 23 23 94 94 94 94 94 94 94 198 198 95 3 3 3 3 3 3 142 
142 142 142 118 118 118 48 48 23 23 23 23 94 94 94 94 94 94 94 94 95 95 214 3 3 3 3 142 142 
142 142 142 142 118 48 48 48 48 170 170 170 151 94 94 94 94 94 94 95 95 95 95 95 3 3 3 142 142 
142 142 25 25 82 216 216 170 170 170 170 170 151 151 94 94 94 94 94 95 95 95 95 95 95 3 3 142 142 
25 25 25 25 25 216 216 170 170 170 170 170 151 151 151 94 94 94 236 95 95 95 95 95 95 95 3 142 142 
25 25 25 25 25 32 216 170 170 170 170 173 151 151 151 10 236 236 236 126 126 126 95 95 95 57 57 57 25 
25 25 25 32 32 32 32 170 170 170 170 173 173 151 10 10 236 236 236 126 126 126 126 126 126 57 57 57 57 
25 25 32 32 32 32 32 170 170 170 173 173 173 173 10 10 236 236 177 177 126 126 126 126 126 57 57 57 57 
57 2 32 32 32 32 32 170 170 170 173 173 162 162 162 162 236 177 177 177 177 126 126 126 57 57 57 57 57 
2 2 2 32 32 32 32 91 170 170 162 162 162 162 162 162 162 177 177 177 177 177 177 126 57 57 57 57 57 
2 2 2 2 32 32 91 91 91 91 162 162 162 162 162 162 162 162 177 177 177 177 177 67 57 57 57 57 2 
2 2 2 2 2 91 91 91 91 91 162 162 162 162 162 162 162 176 38 28 28 67 67 67 60 57 57 2 2 
208 208 208 2 2 91 91 91 91 180 180 168 162 162 162 162 162 176 38 67 67 67 67 67 60 60 57 2 2 
208 208 208 208 91 91 91 91 180 180 180 168 168 168 168 162 176 193 193 67 67 67 67 60 60 60 60 2 2 
208 208 208 24 115 115 115 115 180 180 180 168 168 168 168 181 181 181 193 67 67 67 67 60 60 60 201 201 201 
24 24 24 24 24 115 115 115 215 215 180 168 168 168 168 181 181 181 181 67 67 67 67 60 60 201 201 201 201 
171 171 24 24 24 150 150 115 215 215 180 180 168 168 181 181 181 181 181 181 181 60 60 60 201 201 201 201 201 
171 171 171 24 24 150 150 115 215 215 180 136 136 181 181 181 181 181 181 181 181 147 147 147 9 201 201 201 201 
171 171 171 24 24 150 150 150 49 136 136 136 136 136 181 181 181 181 181 181 181 147 147 147 9 201 201 201 201 
171 171 171 24 24 150 150 49 49 136 136 136 136 136 136 181 181 181 181 181 181 147 147 147 147 201 201 201 36 
36 227 227 227 227 227 227 49 136 136 136 136 136 136 136 136 181 181 93 93 93 147 147 147 147 147 36 36 36 
156 227 227 227 227 227 227 227 136 136 136 136 136 136 136 136 93 93 93 93 93 93 147 147 147 72 72 36 156 
156 227 227 227 227 227 227 133 226 226 226 226 226 226 226 226 93 93 93 93 93 93 93 68 72 72 72 72 156 
156 227 227 227 227 227 227 133 133 226 226 226 226 226 226 226 93 93 93 93 93 93 93 68 72 72 72 72 156 
156 227 227 227 227 227 227 133 133 133 226 226 226 226 226 6 6 6 93 93 93 93 93 68 72 72 72 72 156 
156 227 227 227 227 227 133 133 133 133 133 226 226 226 226 6 6 6 6 93 93 93 93 68 72 72 72 156 156 
156 227 227 227 227 227 133 133 133 133 133 133 226 226 226 6 6 6 6 93 93 93 93 68 72 39 39 39 39 
39 118 118 118 118 118 133 133 133 133 133 133 133 133 80 80 6 6 6 6 93 93 3 3 3 3 39 39 39 
39 118 118 118 118 118 133 133 133 23 23 133 133 80 80 80 94 94 6 6 93 17 3 3 3 3 39 39 39 
39 39 99 99 99 99 48 48 133 23 23 133 94 94 94 94 94 94 94 95 95 95 3 3 3 3 39 39 39 
142 142 99 99 99 48 48 48 48 48 23 120 94 94 94 94 94 94 94 95 95 95 95 3 3 3 39 39 142 
142 142 142 99 99 48 48 48 48 48 64 64 94 94 94 94 94 94 94 95 95 95 95 95 3 3 39 142 142 
142 142 25 25 204 216 216 216 48 170 170 64 94 94 94 94 94 94 94 95 95 95 95 95 95 3 39 142 142 
25 25 25 25 204 216 216 216 170 170 170 173 173 94 94 94 94 94 95 95 95 95 95 95 95 95 8 8 142 
25 25 25 25 204 204 216 216 170 170 173 173 173 173 10 10 10 236 236 95 95 95 95 95 95 57 57 57 25 
25 25 25 32 32 32 216 170 170 170 173 173 173 173 10 10 10 236 236 126 126 95 95 95 95 57 57 57 57 
25 25 32 32 32 32 32 170 170 170 173 173 173 173 10 10 10 177 177 177 177 126 126 126 57 57 57 57 57 
2 2 32 32 32 32 32 32 170 170 173 173 173 162 162 10 10 177 177 177 177 177 126 126 57 57 57 57 57 
2 2 2 32 32 32 32 91 91 91 173 162 162 162 162 162 162 177 177 177 177 177 177 177 57 57 57 57 57 
2 2 2 2 32 32 91 91 91 91 162 162 162 162 162 162 162 176 177 177 177 177 177 74 57 57 57 57 2 
2 2 2 2 32 91 91 91 91 91 91 162 162 162 162 155 155 176 176 177 177 60 60 60 60 57 57 2 2 
2 2 2 2 2 91 91 91 91 91 180 168 162 162 155 155 176 176 176 176 67 60 60 60 60 60 60 2 2 
2 2 2 2 91 91 91 91 91 180 180 168 168 168 155 155 176 176 176 67 60 60 60 60 60 60 60 60 2 
2 2 2 24 24 91 91 91 180 180 180 168 168 168 155 155 176 181 181 67 60 60 60 60 60 60 60 201 201 
171 171 24 24 24 115 115 115 215 215 180 168 168 168 181 181 181 181 181 181 60 60 60 60 60 201 201 201 201 
171 171 171 171 150 150 150 150 150 215 180 180 168 181 181 181 181 181 181 181 181 60 60 60 9 9 9 201 171 
171 171 171 171 150 150 150 150 150 215 136 136 136 136 181 181 181 181 181 181 181 147 147 147 9 9 9 36 36 
171 171 171 150 150 150 150 150 150 136 136 136 136 136 181 181 181 181 181 181 181 147 147 147 9 9 9 36 36 
36 171 171 44 150 150 150 150 136 136 136 136 136 136 136 181 181 181 181 181 181 147 147 147 147 9 36 36 36 
36 156 44 44 44 44 44 49 136 136 136 136 136 136 136 136 181 181 93 93 93 147 147 147 147 147 36 36 36 
156 156 44 44 44 227 227 227 136 136 136 136 136 136 226 226 93 93 93 93 93 93 147 147 147 72 72 36 156 
156 156 227 227 227 227 227 133 226 226 226 226 226 226 226 226 93 93 93 93 93 93 93 72 72 72 72 72 156 
156 156 227 227 227 227 227 133 133 226 226 226 226 226 226 226 93 93 93 93 93 93 93 72 72 72 72 72 156 
156 156 227 227 227 227 227 133 133 133 226 226 226 226 226 6 6 6 93 93 93 93 93 72 72 72 72 72 156 
156 156 227 227 227 227 133 133 133 133 133 133 226 226 226 6 6 6 6 93 93 93 93 72 72 72 72 72 156 
156 156 227 227 227 227 133 133 133 133 133 133 133 226 226 6 6 6 6 93 93 93 93 72 72 39 39 39 39 
39 39 99 99 99 99 133 133 133 133 133 133 133 80 80 80 80 6 6 6 93 93 93 39 39 39 39 39 39 
39 39 99 99 99 99 99 133 133 133 133 133 133 80 80 80 80 80 80 80 17 17 17 39 39 39 39 39 39 
39 39 99 99 99 99 48 48 48 133 120 120 120 80 80 80 80 94 94 94 17 17 17 3 39 39 39 39 39 
39 39 99 99 99 48 48 48 48 48 120 120 120 94 94 94 94 94 94 94 95 95 95 95 39 39 39 39 39 
39 39 99 99 99 48 48 48 48 48 64 64 64 94 94 94 94 94 94 95 95 95 95 95 39 39 39 39 39 
39 25 25 99 204 216 216 216 48 64 64 64 64 94 94 94 94 94 94 95 95 95 95 95 95 8 8 8 39 
25 25 25 204 204 216 216 216 216 64 64 64 64 64 94 94 94 94 95 95 95 95 95 95 95 8 8 8 8 
25 25 25 204 204 204 216 216 216 170 173 173 173 173 10 10 10 10 95 95 95 95 95 95 95 8 8 8 25 
25 25 204 204 204 204 216 216 216 173 173 173 173 173 10 10 10 10 236 95 95 95 95 95 95 57 57 57 57 
25 25 32 32 204 204 204 216 216 173 173 173 173 173 10 10 10 177 177 177 177 177 177 95 57 57 57 57 57 
2 2 32 32 32 32 32 32 216 173 173 173 173 173 10 10 10 177 177 177 177 177 177 177 57 57 57 57 57 
2 2 32 32 32 32 32 91 91 91 135 135 173 162 162 10 155 177 177 177 177 177 177 74 57 57 57 57 57 
2 2 2 32 32 32 91 91 91 91 135 135 135 162 155 155 155 176 177 177 177 177 74 74 74 57 57 57 2 
2 2 2 2 32 91 91 91 91 91 135 135 135 155 155 155 155 176 176 176 177 60 60 60 60 60 57 2 2 
2 2 2 2 2 91 91 91 91 91 135 135 135 155 155 155 176 176 176 176 60 60 60 60 60 60 60 2 2 
2 2 2 2 91 91 91 91 91 91 135 135 135 155 155 155 176 176 176 176 60 60 60 60 60 60 60 60 2 
2 2 171 171 150 91 91 91 91 180 180 135 135 155 155 155 176 176 176 60 60 60 60 60 60 60 60 60 60 
171 171 171 171 150 150 150 150 91 180 180 168 168 168 155 181 181 181 181 181 60 60 60 60 60 60 9 9 9 
171 171 171 150 150 150 150 150 150 150 180 180 98 98 30 30 30 181 181 181 181 60 60 60 9 9 9 9 171 
171 171 171 150 150 150 150 150 150 150 136 136 136 98 30 30 30 181 181 181 181 147 147 147 9 9 9 36 36 
171 171 171 150 150 150 150 150 150 136 136 136 136 136 30 30 30 181 181 181 181 147 147 147 147 9 9 36 36 
36 171 171 44 150 150 150 150 136 136 136 136 136 136 136 30 181 181 181 181 147 147 147 147 147 9 36 36 36 
36 156 44 44 44 83 83 83 136 136 136 136 136 136 136 136 181 181 93 93 93 147 147 147 147 147 36 36 36 
156 156 44 44 44 83 83 83 83 136 136 136 226 226 226 226 93 93 93 93 93 147 147 147 147 72 72 36 36 
156 156 156 44 44 83 83 83 226 226 226 226 226 226 226 226 93 93 93 93 93 93 93 72 72 72 72 72 156 
156 156 156 227 227 227 227 133 133 226 226 226 226 226 226 226 93 93 93 93 93 93 93 72 72 72 72 72 156 
156 156 156 227 227 227 227 133 133 133 226 226 226 226 226 226 6 93 93 93 93 93 93 72 72 72 72 72 156 
156 156 156 227 227 227 133 133 133 133 133 133 226 226 226 31 6 6 93 93 93 93 93 72 72 72 72 72 156 
156 156 156 227 227 227 133 133 133 133 133 133 133 226 80 80 6 6 6 93 93 93 97 105 105 105 105 39 39 
39 39 99 99 99 99 133 133 133 133 133 133 133 80 80 80 80 6 6 6 17 17 17 105 105 105 39 39 39 
39 39 99 99 99 99 99 133 133 133 120 120 120 80 80 80 80 80 80 17 17 17 17 45 45 39 39 39 39 
39 99 99 99 99 99 48 48 48 120 120 120 120 80 80 80 80 80 80 17 17 17 17 45 45 39 39 39 39 
39 99 99 99 99 48 48 48 48 120 120 120 120 80 80 80 80 80 80 17 17 17 17 45 45 39 39 39 39 
39 99 99 99 99 48 48 48 48 48 64 64 64 94 94 94 94 94 94 95 95 95 95 95 45 39 39 39 39 
8 8 99 99 99 216 216 216 48 64 64 64 64 64 94 94 94 94 95 95 95 95 95 95 95 8 8 8 8 
8 204 204 204 204 216 216 216 216 64 64 64 64 64 94 94 94 94 95 95 95 95 95 95 95 8 8 8 8 
25 204 204 204 204 204 216 216 216 64 64 64 64 64 20 10 10 10 95 95 95 95 95 95 95 8 8 8 8 
25 204 204 204 204 204 216 216 216 64 64 64 64 20 20 10 10 66 66 95 95 95 95 95 213 57 57 203 203 
25 204 204 204 204 204 204 216 216 173 173 173 173 20 20 10 10 66 66 66 66 66 95 213 213 203 203 203 203 
2 2 32 32 32 32 32 32 216 173 173 173 173 20 20 10 66 66 66 66 66 66 66 213 203 203 203 203 203 
2 2 32 32 32 32 32 91 91 135 135 135 135 20 155 155 155 66 66 66 66 66 74 74 74 203 203 203 203 
2 2 2 32 32 32 91 91 91 135 135 135 135 117 155 155 155 176 176 66 66 74 74 74 74 74 203 203 2 
2 2 2 2 32 91 91 91 91 135 135 135 135 117 155 155 155 176 176 176 122 74 74 74 74 74 74 2 2 
2 2 2 2 91 91 91 91 91 135 135 135 135 117 155 155 155 176 176 176 122 60 74 74 60 60 60 2 2 
2 2 2 2 91 91 91 91 91 135 135 135 135 117 155 155 176 176 176 122 60 60 60 60 60 60 60 60 2 
171 171 171 171 150 150 91 91 91 180 135 117 117 117 155 155 176 176 176 122 60 60 60 60 60 60 60 60 60 
171 171 171 171 150 150 150 150 150 180 135 117 117 117 155 30 30 181 181 181 60 60 60 60 60 60 9 9 9 
171 171 171 150 150 150 150 150 150 150 98 98 98 98 30 30 30 30 30 30 30 60 60 60 9 9 9 36 36 
171 171 171 150 150 150 150 150 150 150 136 98 98 98 30 30 30 30 30 30 30 147 147 147 9 9 9 36 36 
36 171 171 150 150 150 150 150 150 150 136 136 98 98 30 30 30 30 30 30 30 147 147 147 147 9 36 36 36 
36 171 171 44 150 83 83 83 83 136 136 136 136 47 30 30 30 30 30 30 147 147 147 147 147 147 36 36 36 
36 156 44 44 83 83 83 83 83 136 136 136 136 108 108 30 30 30 30 164 164 147 147 147 147 147 36 36 36 
156 156 44 44 83 83 83 83 83 226 226 226 108 108 108 108 108 93 93 93 93 147 147 147 147 72 36 36 36 
156 156 156 44 83 83 83 83 83 226 226 226 226 108 108 108 108 93 93 93 93 93 147 72 72 72 72 72 156 
156 156 156 156 227 83 83 83 133 226 226 226 226 226 226 226 31 31 93 93 93 93 72 72 72 72 72 72 156 
156 156 156 156 227 227 227 133 133 133 226 226 226 226 226 31 31 31 31 93 93 93 97 72 72 72 72 72 156 
156 156 156 156 227 227 133 133 133 133 133 133 226 226 31 31 31 31 31 93 93 97 97 105 105 105 72 72 156 
156 156 156 156 227 227 133 133 133 133 133 133 133 86 80 31 31 31 31 31 97 97 97 105 105 105 105 39 39 
39 39 99 99 99 99 133 133 133 133 120 120 120 120 80 80 80 31 31 17 17 17 17 105 105 105 105 39 39 
39 39 99 99 99 99 99 48 120 120 120 120 120 120 80 80 80 80 80 17 17 17 17 45 45 45 39 39 39 
39 99 99 99 99 99 48 48 120 120 120 120 120 120 80 80 80 80 80 17 17 17 17 45 45 45 39 39 39 
39 39 99 99 99 48 48 48 48 120 120 120 120 120 80 80 80 80 80 17 17 17 17 45 45 45 39 39 39 
39 39 99 99 99 48 48 48 48 120 64 120 120 120 80 80 80 65 65 14 14 14 14 45 45 45 39 39 39 
8 8 99 99 204 216 216 216 216 64 64 64 64 64 64 80 80 65 65 95 14 14 95 95 45 8 8 8 8 
8 204 204 204 204 216 216 216 216 64 64 64 64 64 20 20 80 65 65 95 95 95 95 213 213 8 8 8 8 
8 204 204 204 204 204 216 216 216 64 64 64 64 20 20 20 20 66 66 95 95 95 213 213 213 8 8 8 8 
8 204 204 204 204 204 216 216 216 64 64 64 20 20 20 20 20 66 66 66 66 66 213 213 213 213 8 8 8 
203 204 204 204 204 204 204 216 216 64 64 64 20 20 20 20 66 66 66 66 66 66 213 213 213 203 203 203 203 
203 2 204 204 204 204 204 216 216 135 135 64 20 20 20 20 66 66 66 66 66 66 66 213 213 203 203 203 203 
203 2 2 204 204 32 32 174 174 135 135 135 135 20 112 112 112 66 66 66 66 66 74 74 74 203 203 203 203 
2 2 2 32 32 32 174 174 174 135 135 135 135 117 117 112 155 176 122 66 66 74 74 74 74 74 203 203 203 
2 2 2 2 32 174 174 174 174 135 135 135 135 117 117 155 155 176 176 122 122 74 74 74 74 74 74 203 203 
2 2 2 2 174 174 174 174 174 135 135 135 117 117 117 155 155 176 176 122 122 74 74 74 74 74 74 74 203 
2 2 2 2 174 174 174 174 174 135 135 135 117 117 117 155 155 176 176 122 122 60 74 74 60 60 60 60 60 
171 171 171 171 150 150 174 174 174 135 135 117 117 117 117 155 155 176 122 122 122 60 60 60 60 60 60 60 60 
171 171 171 171 150 150 150 150 150 135 135 117 117 117 117 30 30 30 30 122 60 60 60 60 60 60 9 9 9 
171 171 171 150 150 150 150 150 150 150 98 98 98 98 98 30 30 30 30 30 79 79 60 60 9 9 9 36 36 
171 171 171 150 150 150 150 150 150 150 98 98 98 98 98 30 30 30 30 30 79 79 79 147 9 9 9 36 36 
36 171 171 150 150 150 150 150 150 150 98 98 98 98 30 30 30 30 30 30 30 79 147 147 147 9 36 36 36 
36 36 171 83 83 83 83 83 83 83 47 47 47 47 47 30 30 30 30 30 30 147 147 147 147 147 36 36 36 
36 36 44 83 83 83 83 83 83 83 47 47 47 108 108 108 30 30 164 164 164 147 147 147 147 147 36 36 36 
156 156 156 83 83 83 83 83 83 83 47 47 108 108 108 108 108 164 164 164 164 164 147 147 147 147 36 36 36 
156 156 156 83 83 83 83 83 83 226 226 108 108 108 108 108 108 31 164 164 164 164 147 72 72 72 72 72 156 
156 156 156 156 83 83 83 83 83 226 226 108 108 108 108 108 31 31 31 164 164 97 97 72 72 72 72 72 156 
156 156 156 156 83 83 83 83 133 133 226 226 108 108 108 31 31 31 31 31 97 97 97 97 72 72 72 72 156 
156 156 156 156 156 83 83 133 133 133 133 133 86 86 86 31 31 31 31 31 97 97 97 105 105 105 105 105 156 
156 156 156 156 156 83 133 133 133 133 133 133 86 86 86 31 31 31 31 31 97 97 97 105 105 105 105 105 39 
39 39 99 99 99 42 133 133 120 120 120 120 120 120 80 80 80 31 31 17 17 17 17 105 105 105 105 105 39 
39 39 99 99 99 99 48 120 120 120 120 120 120 120 80 80 80 80 17 17 17 17 17 45 45 45 45 39 39 
39 99 99 99 99 99 48 48 120 120 120 120 120 120 80 80 80 65 65 17 17 17 17 45 45 45 45 39 39 
39 39 99 99 99 48 48 48 120 120 120 120 120 120 80 80 65 65 65 14 17 17 17 45 45 45 45 39 39 
39 39 99 99 165 217 48 48 48 120 120 120 120 120 80 65 65 65 65 14 14 14 14 14 45 45 8 8 8 
8 8 165 165 165 217 217 217 217 64 64 29 29 29 65 65 65 65 65 14 14 14 14 14 213 8 8 8 8 
8 8 204 204 204 217 217 217 217 64 64 29 29 29 20 20 65 65 65 14 14 14 213 213 213 8 8 8 8 
8 204 204 204 204 217 217 217 217 64 64 29 20 20 20 20 20 65 66 66 66 213 213 213 213 8 8 8 8 
8 204 204 204 204 204 217 217 217 64 64 20 20 20 20 20 20 66 66 66 66 213 213 213 213 213 8 8 8 
8 204 204 204 204 204 217 217 217 64 64 20 20 20 20 20 20 66 66 66 66 66 213 213 213 213 203 203 203 
203 84 204 204 204 204 217 217 217 135 135 149 20 20 20 20 112 66 66 66 66 66 213 213 213 213 203 203 203 
203 2 84 84 204 174 174 174 174 135 135 149 149 112 112 112 112 66 66 66 66 66 74 74 74 74 203 203 203 
2 2 211 211 174 174 174 174 174 135 135 135 117 117 112 112 112 122 122 122 122 122 74 74 74 74 203 203 203 
211 211 211 211 174 174 174 174 174 135 135 135 117 117 117 112 112 122 122 122 122 74 74 74 74 74 74 74 203 
211 211 211 211 174 174 174 174 174 135 135 135 117 117 117 112 112 122 122 122 122 74 74 74 74 74 74 74 74 
211 211 211 211 174 174 174 174 174 174 135 135 117 117 117 117 122 122 122 122 122 74 74 74 74 74 74 74 74 
171 171 171 171 150 174 174 174 174 174 135 117 117 117 117 117 122 122 122 122 122 122 60 60 60 60 60 60 60 
171 171 171 171 150 150 174 174 174 174 135 117 117 117 117 30 30 30 30 122 122 60 60 60 60 60 60 60 60 
171 171 171 150 150 150 150 150 150 98 98 98 98 98 98 30 30 30 30 30 79 79 79 79 9 9 9 36 36 
171 171 171 150 150 150 150 150 150 98 98 98 98 98 98 30 30 30 30 30 79 79 79 79 9 9 36 36 36 
36 36 171 237 150 150 150 83 83 98 98 98 98 98 98 30 30 30 30 30 79 79 79 79 147 9 36 36 36 
36 36 83 83 83 83 83 83 83 83 47 47 47 47 47 30 30 30 30 164 164 79 79 147 147 147 36 36 36 
36 36 83 83 83 83 83 83 83 47 47 47 47 47 47 47 47 164 164 164 164 164 147 147 147 147 36 36 36 
156 156 83 83 83 83 83 83 83 47 47 47 47 108 108 47 47 164 164 164 164 164 164 147 147 147 36 36 36 
156 156 156 83 83 83 83 83 83 47 47 47 108 108 108 108 108 164 164 164 164 164 164 72 72 72 72 72 156 
156 156 156 83 83 83 83 83 83 226 47 47 108 108 108 108 108 31 164 164 164 97 97 97 72 72 72 75 156 
156 156 156 156 83 83 83 83 133 133 86 86 86 108 108 108 31 31 31 97 97 97 97 97 97 72 72 75 156 
156 156 156 156 156 83 83 133 133 133 86 86 86 86 86 31 31 31 31 97 97 97 97 97 105 105 105 105 75 
75 156 42 42 42 42 42 133 5 120 86 86 86 86 86 86 31 31 31 97 97 97 97 105 105 105 105 105 105 
75 42 42 42 42 42 42 5 5 120 120 120 86 86 86 86 31 31 31 97 97 97 97 105 105 105 105 105 105 
39 39 42 99 42 42 5 5 5 120 120 120 120 120 86 86 80 65 65 17 17 17 17 45 45 45 105 45 39 
39 165 165 165 165 165 5 5 5 120 120 120 120 120 120 65 65 65 65 17 17 17 17 45 45 45 45 45 39 
39 165 165 165 165 165 217 217 5 120 120 120 120 120 65 65 65 65 65 14 14 14 14 14 45 45 45 45 39 
8 165 165 165 165 217 217 217 217 217 120 29 29 29 65 65 65 65 65 14 14 14 14 14 45 45 8 8 8 
8 165 165 165 165 217 217 217 217 217 29 29 29 29 65 65 65 65 65 14 14 14 14 14 213 8 8 8 8 
8 8 165 165 217 217 217 217 217 217 29 29 29 29 20 65 65 65 65 14 14 14 213 213 213 8 8 8 8 
8 8 204 204 217 217 217 217 217 217 29 29 29 20 20 20 65 65 65 14 14 213 213 213 213 213 8 8 8 
8 8 84 84 84 217 102 102 102 217 29 29 20 20 20 20 20 66 66 66 66 213 213 213 213 213 8 8 8 
8 84 84 84 84 84 102 102 102 102 29 20 20 20 20 20 66 66 66 66 66 213 213 213 213 213 213 203 8 
211 84 84 84 84 84 102 102 102 102 149 149 149 20 20 112 112 66 66 66 66 66 213 213 213 213 213 203 203 
211 211 84 84 84 174 174 174 174 174 149 149 149 112 112 112 112 122 66 66 66 66 213 213 213 213 203 203 203 
211 211 211 211 211 174 174 174 174 174 149 149 149 112 112 112 112 122 122 122 122 122 74 74 74 74 74 203 211 
211 211 211 211 211 174 174 174 174 174 149 149 117 117 112 112 112 122 122 122 122 122 74 74 74 74 74 43 211 
211 211 211 211 174 174 174 174 174 174 135 135 117 117 112 112 112 122 122 122 122 122 74 74 74 74 74 74 211 
211 211 211 211 174 174 174 174 174 174 135 117 117 117 117 112 122 122 122 122 122 122 74 74 74 74 74 74 211 
211 211 211 211 174 174 174 174 174 174 174 117 117 117 117 117 122 122 122 122 122 122 74 74 74 74 74 74 211 
171 171 171 171 150 174 174 174 174 174 174 98 98 98 98 30 30 30 122 122 122 122 60 60 60 60 60 60 60 
73 171 134 134 134 134 134 134 134 98 98 98 98 98 98 98 30 30 30 122 79 79 79 79 79 73 73 73 73 
73 73 237 134 134 134 134 134 134 98 98 98 98 98 98 98 30 30 30 79 79 79 79 79 79 73 73 73 73 
73 73 237 237 237 237 237 237 237 50 98 98 98 98 98 98 30 30 107 107 79 79 79 79 73 73 73 73 73 
73 73 237 237 237 237 237 237 237 47 47 47 47 47 47 47 30 30 107 107 107 79 79 79 73 73 73 73 73 
73 73 83 83 83 83 83 83 83 47 47 47 47 47 47 47 47 164 164 164 164 164 164 73 73 73 73 73 73 
73 73 83 83 83 83 83 83 83 47 47 47 47 47 47 47 47 164 164 164 164 164 164 164 73 73 73 73 73 
156 156 156 83 83 83 83 83 83 47 47 47 47 47 47 47 47 164 164 164 164 164 164 164 72 75 75 75 75 
75 156 156 83 83 83 83 83 83 47 47 47 47 47 47 47 47 164 164 164 164 97 97 97 97 75 75 75 75 
75 75 156 156 83 83 83 83 133 86 86 86 86 86 47 47 31 31 31 97 97 97 97 97 97 75 75 75 75 
75 75 42 42 42 42 42 5 5 104 86 86 86 86 86 86 31 31 31 97 97 97 97 97 97 75 75 75 75 
75 75 42 42 42 42 42 5 5 104 86 86 86 86 86 86 86 31 31 97 97 97 97 97 105 105 75 75 75 
75 42 42 42 42 42 42 5 5 5 207 86 86 86 86 86 86 31 31 97 97 97 97 97 105 105 105 75 75 
75 165 42 42 42 42 5 5 5 5 207 207 207 86 86 86 65 65 65 14 17 17 17 45 45 105 105 75 75 
165 165 165 165 165 165 5 5 5 5 207 207 207 207 86 65 65 65 65 14 14 14 14 14 45 45 45 45 39 
165 165 165 165 165 165 217 217 5 5 207 207 207 207 65 65 65 65 65 14 14 14 14 14 45 45 45 45 39 
219 165 165 165 165 165 217 217 217 217 207 207 29 29 65 65 65 65 65 14 14 14 14 14 14 45 8 8 8 
8 165 165 165 165 217 217 217 217 217 29 29 29 29 65 65 65 65 65 14 14 14 14 14 213 213 8 8 8 
8 165 165 165 165 217 217 217 217 217 29 29 29 29 29 65 65 65 65 14 14 14 213 213 213 213 8 8 8 
8 8 165 165 217 217 217 217 217 217 29 29 29 29 20 20 65 81 81 81 81 213 213 213 213 213 8 8 8 
8 84 84 84 84 217 102 102 102 217 29 29 29 20 20 20 81 81 81 81 81 213 213 213 213 213 213 8 8 
140 84 84 84 84 84 102 102 102 102 149 29 20 20 20 20 81 66 66 66 66 213 213 213 213 213 140 140 140 
211 84 84 84 84 84 102 102 102 149 149 149 149 20 112 112 112 66 66 66 66 213 213 213 213 213 140 140 140 
211 211 84 84 84 84 174 174 174 149 149 149 149 112 112 112 112 122 122 122 122 122 213 213 213 213 140 140 140 
211 211 211 211 211 174 174 174 174 149 149 149 149 112 112 112 112 122 122 122 122 122 122 74 74 1 43 43 211 
211 211 211 211 211 174 174 174 174 174 149 149 149 112 112 112 112 122 122 122 122 122 122 74 74 74 43 43 211 
211 211 211 211 174 174 174 174 174 174 149 149 117 117 112 112 112 122 122 122 122 122 74 74 74 74 74 43 211 
211 211 211 211 211 174 174 174 174 174 174 117 117 117 112 112 122 122 122 122 122 122 122 74 74 74 74 43 211 
211 211 211 211 174 174 174 174 174 174 174 117 117 117 112 112 122 122 122 122 122 122 122 74 74 74 74 87 211 
211 211 211 134 134 174 174 174 174 174 174 98 98 98 98 98 122 122 122 122 122 122 122 122 74 74 87 87 87 
73 73 134 134 134 134 134 134 134 134 98 98 98 98 98 98 98 30 30 122 79 79 79 79 87 87 73 73 73 
73 73 237 134 134 134 134 134 134 50 50 98 98 98 98 98 98 107 107 107 79 79 79 79 73 73 73 73 73 
73 73 237 237 237 237 237 237 237 50 50 98 98 98 98 98 98 107 107 107 107 79 79 79 73 73 73 73 73 
73 73 237 237 237 237 237 237 237 50 50 47 47 47 47 47 47 107 107 107 107 107 107 73 73 73 73 73 73 
73 73 237 237 237 237 237 237 237 50 47 47 47 47 47 47 47 164 164 107 107 107 107 73 73 73 73 73 73 
73 73 83 83 83 83 83 237 237 47 47 47 47 47 47 47 47 164 164 164 164 164 164 191 73 73 73 73 73 
73 73 156 83 83 83 83 83 83 47 47 47 47 47 47 47 47 164 164 164 164 164 164 191 75 75 75 75 75 
75 75 75 83 83 83 83 83 47 47 47 47 47 47 47 47 47 164 164 164 164 97 97 97 75 75 75 75 75 
75 75 75 42 42 83 83 5 104 104 86 86 86 86 86 86 86 31 97 97 97 97 97 97 75 75 75 75 75 
75 75 42 42 42 42 42 5 104 104 86 86 86 86 86 86 86 31 31 97 97 97 97 97 75 75 75 75 75 
75 75 42 42 42 42 42 5 5 104 104 86 86 86 86 86 86 31 97 97 97 97 97 97 75 75 75 75 75 
75 75 42 42 42 42 5 5 5 5 104 86 86 86 86 86 86 172 172 97 97 97 97 97 105 75 75 75 75 
75 219 42 42 42 42 5 5 5 5 5 207 86 86 86 86 86 172 172 35 97 97 97 14 45 75 75 75 75 
165 165 165 165 165 165 5 5 5 5 5 207 207 86 86 65 65 65 35 35 14 14 14 14 14 45 75 75 75 
165 165 165 165 165 165 165 5 5 5 5 207 207 207 65 65 65 65 35 35 14 14 14 14 14 45 45 157 219 
219 165 165 165 165 165 217 217 217 5 5 207 29 29 65 65 65 65 35 35 14 14 14 14 14 14 157 8 219 
219 165 165 165 165 165 217 217 217 217 29 29 29 29 65 65 65 65 35 35 14 14 14 14 14 14 8 8 8 
219 165 165 165 165 217 217 217 217 217 29 29 29 29 29 65 65 65 81 81 14 14 213 213 213 213 8 8 8 
8 165 165 165 165 217 217 217 217 217 29 29 29 29 29 221 221 81 81 81 81 213 213 213 213 213 8 8 8 
140 84 84 84 84 217 102 102 102 217 217 29 29 29 20 20 81 81 81 81 81 213 213 213 213 213 140 140 140 
140 84 84 84 84 84 102 102 102 102 149 149 149 20 20 112 81 81 81 81 81 213 213 213 213 213 140 140 140 
140 84 84 84 84 84 84 102 102 209 149 149 149 55 55 112 112 81 81 81 81 213 213 213 213 140 140 140 140 
211 211 84 84 84 84 84 174 209 149 149 149 55 55 55 112 112 122 122 122 122 122 213 213 1 1 140 140 140 
211 211 211 211 211 174 174 174 174 149 149 149 55 55 55 112 112 122 122 122 122 122 122 74 1 1 43 43 43 
211 211 211 211 211 174 174 174 174 174 149 149 55 55 112 112 112 122 122 122 122 122 122 74 1 1 43 43 211 
211 211 211 211 211 174 174 174 174 174 149 149 55 112 112 112 122 122 122 122 122 122 122 74 74 74 43 43 211 
211 211 211 211 211 174 174 174 174 174 174 149 117 112 112 112 122 122 122 122 122 122 122 74 74 74 43 43 211 
211 211 211 211 211 174 174 174 174 174 174 174 117 98 112 112 122 122 122 122 122 122 122 74 74 87 87 87 211 
211 211 211 134 134 134 134 174 174 174 174 98 98 98 98 98 122 122 122 122 122 122 122 87 87 87 87 87 87 
73 73 134 134 134 134 134 134 134 50 50 50 98 98 98 98 98 107 107 122 79 79 79 87 87 87 87 73 73 
73 73 237 134 134 134 134 134 134 50 50 50 98 98 98 98 98 107 107 107 107 79 79 79 73 73 73 73 73 
73 73 237 237 134 134 134 237 237 50 50 50 50 98 98 98 107 107 107 107 107 107 107 73 73 73 73 73 73 
73 73 237 237 237 237 237 237 237 50 50 50 50 200 47 47 107 107 107 107 107 107 191 191 73 73 73 73 73 
73 73 237 237 237 237 237 237 237 50 50 50 160 160 160 47 47 107 107 107 107 191 191 191 73 73 73 73 73 
73 73 237 237 237 237 237 237 237 50 50 160 160 160 160 47 47 164 164 164 191 191 191 191 73 73 73 73 73 
73 73 237 237 237 237 237 237 237 50 50 160 160 160 160 160 160 164 164 164 164 191 191 191 75 75 75 75 75 
75 75 75 16 110 237 237 237 104 104 47 47 160 160 160 160 160 164 164 164 164 191 191 191 75 75 75 75 75 
75 75 75 110 110 110 210 210 104 104 104 86 86 86 86 86 86 31 97 97 97 97 97 97 75 75 75 75 75 
75 75 42 42 42 42 42 210 104 104 104 86 86 86 86 86 86 31 97 97 97 97 97 97 75 75 75 75 75 
75 75 42 42 42 42 42 5 5 104 104 104 86 86 86 86 86 172 97 97 97 97 97 97 75 75 75 75 75 
75 75 42 42 42 42 5 5 5 5 104 104 86 86 86 86 86 172 172 97 97 97 97 187 75 75 75 75 75 
75 219 42 42 42 42 5 5 5 5 5 104 86 86 86 86 172 172 172 172 35 14 187 187 187 75 75 75 75 
219 219 165 165 165 165 5 5 5 5 5 5 5 86 86 172 172 172 35 35 35 14 14 14 4 4 157 157 219 
219 165 165 165 165 165 165 5 5 5 5 5 5 5 172 172 172 172 35 35 35 14 14 14 4 4 157 157 219 
219 165 165 165 165 165 165 217 5 5 5 5 5 5 65 65 65 35 35 35 35 14 14 14 4 4 157 157 219 
219 165 165 165 165 165 217 217 217 217 217 5 29 29 29 221 221 221 35 35 35 14 14 14 4 4 157 157 219 
219 219 165 165 165 165 217 217 217 217 217 29 29 29 29 221 221 221 221 35 35 14 213 213 213 213 8 157 219 
219 219 165 165 165 217 217 217 217 217 217 29 29 192 192 221 221 81 81 81 81 81 213 213 213 213 213 8 219 
140 84 84 84 84 217 217 217 217 217 58 58 192 192 192 192 221 81 81 81 81 81 213 213 213 213 140 140 140 
140 84 84 84 84 84 84 217 217 209 58 58 192 192 192 192 81 81 81 81 81 81 213 213 213 140 140 140 140 
140 84 84 84 84 84 84 209 209 209 209 149 55 55 55 56 56 81 81 81 81 81 213 213 213 140 140 140 140 
211 211 211 84 84 84 174 209 209 209 209 149 55 55 55 56 56 122 122 122 122 122 213 213 1 1 140 140 140 
211 211 211 211 211 223 174 174 209 209 209 149 55 55 55 56 56 122 122 122 122 122 122 122 1 1 43 43 43 
211 211 211 211 211 223 174 174 174 209 209 149 55 55 55 56 122 122 122 122 122 122 122 122 1 1 43 43 211 
211 211 211 211 223 223 174 174 174 174 209 149 55 55 55 112 122 122 122 122 122 122 122 87 87 1 43 43 211 
211 211 211 211 223 223 174 174 174 174 174 149 55 55 55 112 122 122 122 122 122 122 122 87 87 87 87 87 211 
211 211 211 211 223 223 174 174 174 174 174 174 55 98 55 122 122 122 122 122 122 122 122 87 87 87 87 87 87 
211 211 211 211 134 134 134 134 174 174 174 98 98 98 98 122 122 122 122 122 122 122 122 87 87 87 87 87 87 
73 73 134 134 134 134 134 134 15 50 50 50 50 98 158 158 158 195 195 195 195 195 87 87 87 87 87 73 73 
73 73 134 134 134 134 134 134 15 50 50 50 200 200 200 158 158 107 107 107 107 107 107 87 87 73 73 73 73 
73 73 237 237 134 134 134 237 96 50 50 50 200 200 200 200 200 107 107 107 107 107 107 191 73 73 73 73 73 
73 73 237 237 237 237 237 237 96 50 50 50 200 200 200 200 200 107 107 107 107 191 191 191 73 73 73 73 73 
73 73 237 237 237 237 237 237 237 50 50 50 50 200 200 200 200 107 107 107 191 191 191 191 73 73 73 73 73 
73 73 237 237 237 237 237 237 237 50 50 50 160 160 160 200 200 107 107 191 191 191 191 191 191 73 73 73 73 
73 73 16 16 16 237 237 237 237 50 50 50 160 160 160 160 160 107 107 191 191 191 191 191 191 75 75 75 75 
75 75 110 16 110 110 210 210 237 50 50 50 160 160 160 160 160 107 191 191 191 191 191 191 75 75 75 75 75 
75 75 110 110 110 110 210 210 104 104 104 86 183 183 183 183 183 183 191 191 191 191 191 75 75 75 75 75 75 
75 75 110 110 110 110 210 210 104 104 104 104 183 183 183 183 183 172 97 97 97 97 187 187 75 75 75 75 75 
75 75 110 42 42 42 210 5 5 104 104 104 104 183 183 183 172 172 172 97 97 187 187 187 153 75 75 75 75 
75 75 42 42 42 42 5 5 5 104 104 104 104 86 86 86 172 172 172 172 97 187 187 187 153 75 75 75 75 
219 219 219 42 42 42 5 5 5 5 104 104 104 86 144 144 172 172 172 172 172 187 187 187 187 153 75 75 75 
219 219 219 165 165 165 5 5 5 5 5 5 104 86 144 172 172 172 172 172 35 35 187 187 4 4 157 157 219 
219 219 165 165 165 165 165 5 5 5 5 5 5 5 172 172 172 172 172 35 35 35 14 4 4 4 157 157 157 
219 219 165 165 165 165 165 5 5 5 5 5 5 5 132 172 172 221 35 35 35 35 14 4 4 4 157 157 157 
219 219 165 165 165 165 165 165 5 5 5 5 5 132 132 221 221 221 221 35 35 35 14 4 4 4 157 157 219 
219 219 165 165 165 165 165 217 217 217 58 58 58 132 132 221 221 221 221 221 81 81 213 213 4 4 4 157 219 
219 219 165 165 165 165 217 217 217 217 58 58 192 192 192 221 221 221 221 81 81 81 213 213 213 4 140 157 219 
219 219 84 84 84 84 217 217 217 58 58 58 192 192 192 192 221 81 81 81 81 81 213 213 213 140 140 140 140 
140 84 84 84 84 84 84 209 209 58 58 58 192 192 192 192 221 81 81 81 81 81 213 213 213 140 140 140 140 
140 211 84 84 84 84 84 209 209 209 209 209 55 55 56 56 56 56 81 81 81 81 213 213 213 140 140 140 140 
211 211 211 211 84 223 223 209 209 209 209 209 55 55 56 56 56 56 122 122 122 122 213 1 1 1 140 140 140 
211 211 211 211 223 223 223 209 209 209 209 209 55 55 56 56 56 56 122 122 122 122 122 1 1 1 43 43 43 
211 211 211 211 223 223 223 209 209 209 209 209 55 55 56 56 56 122 122 122 122 122 122 87 1 1 43 43 211 
211 211 211 211 223 223 223 223 209 209 209 209 55 55 56 56 56 122 122 122 122 122 122 87 87 87 87 43 211 
211 211 211 211 223 223 223 174 174 174 209 209 55 55 56 56 122 122 122 122 122 122 122 87 87 87 87 87 211 
211 211 211 211 223 223 223 174 174 174 209 209 55 55 158 158 122 122 122 122 122 122 87 87 87 87 87 87 87 
211 211 211 211 134 134 134 134 15 15 15 209 158 158 158 158 122 122 122 122 122 122 87 87 87 87 87 87 87 
73 73 134 134 134 134 15 15 15 15 50 50 50 158 158 158 158 195 195 195 195 195 87 87 87 87 87 87 87 
73 73 134 134 134 134 15 15 15 50 50 50 50 200 158 158 158 195 195 195 195 195 195 87 87 87 73 73 73 
73 73 237 237 134 134 15 96 96 50 50 50 50 200 200 158 158 195 195 195 195 125 125 191 73 73 73 73 73 
73 73 237 237 237 237 96 96 96 50 50 50 200 200 200 200 200 107 107 107 191 191 191 191 73 73 73 73 73 
73 73 237 237 237 237 96 96 96 50 50 50 50 200 200 200 200 107 107 191 191 191 191 191 191 73 73 73 73 
73 73 16 16 237 237 96 96 96 50 50 50 50 200 200 200 200 107 107 191 191 191 191 191 191 73 73 73 73 
73 16 16 16 16 237 96 96 96 50 50 50 50 50 200 200 200 77 191 191 191 191 191 191 191 75 75 75 75 
75 110 110 16 110 110 210 210 96 50 50 50 183 183 183 183 183 77 191 191 191 191 191 191 191 75 75 75 75 
75 110 110 110 110 210 210 210 210 104 104 104 183 183 183 183 183 183 191 191 191 191 187 187 75 75 75 75 75 
75 110 110 110 110 210 210 210 210 104 104 104 183 183 183 183 183 183 172 191 187 187 187 187 153 153 75 75 75 
75 110 110 110 110 210 210 210 5 104 104 104 183 183 183 144 144 172 172 172 187 187 187 187 153 153 153 75 75 
75 110 110 110 110 110 210 5 5 104 104 104 104 144 144 144 172 172 172 172 187 187 187 187 153 153 153 75 75 
219 219 219 219 110 110 5 5 5 5 104 104 104 144 144 144 172 172 172 172 187 187 187 187 187 153 153 153 75 
219 219 219 219 165 165 5 5 5 5 5 5 144 144 144 172 172 172 172 172 172 187 187 187 187 4 153 157 219 
219 219 219 165 165 165 165 5 5 5 5 5 144 144 144 172 172 172 172 172 35 187 187 4 4 4 157 157 157 
219 219 219 165 165 165 165 5 5 5 5 5 132 132 132 132 221 221 221 35 35 35 14 4 4 4 157 157 157 
219 219 219 165 165 165 165 165 5 5 5 58 132 132 132 132 221 221 221 221 35 35 14 4 4 4 4 157 157 
219 219 219 165 165 165 165 165 58 58 58 58 58 132 132 132 221 221 221 221 81 81 241 241 4 4 4 157 219 
219 219 219 165 165 165 165 217 58 58 58 58 192 192 192 132 221 221 221 81 81 81 81 213 213 4 4 157 219 
12 12 12 84 84 165 217 217 58 58 58 58 192 192 192 192 221 221 81 81 81 81 81 213 188 188 140 140 140 
12 12 12 12 84 84 209 209 209 58 58 58 192 192 192 192 192 148 148 148 81 81 81 188 188 188 140 140 140 
12 12 12 12 84 84 209 209 209 209 209 58 58 192 56 56 56 148 148 148 148 148 148 188 188 188 140 140 140 
211 211 211 211 223 223 223 209 209 209 209 209 55 56 56 56 56 56 148 148 148 148 148 188 188 188 188 140 140 
211 211 211 211 223 223 223 209 209 209 209 209 55 56 56 56 56 56 148 148 148 148 148 188 188 1 43 43 43 
211 211 211 211 223 223 223 209 209 209 209 209 55 56 56 56 56 56 122 122 122 122 122 87 87 87 43 43 211 
211 211 211 223 223 223 223 223 209 209 209 209 209 56 56 56 56 56 122 122 122 122 87 87 87 87 87 87 211 
211 211 211 223 223 223 223 223 209 209 209 209 209 56 56 56 56 122 122 122 122 122 87 87 87 87 87 87 211 
211 211 211 223 223 223 223 223 15 209 209 209 158 158 158 158 158 122 122 122 122 122 87 87 87 87 87 87 87 
211 211 211 223 223 15 15 15 15 15 15 15 158 158 158 158 158 122 195 195 195 87 87 87 87 87 87 87 87 
89 89 111 225 15 15 15 15 15 15 50 50 50 158 158 158 158 195 195 195 195 195 195 87 87 87 87 87 87 
73 73 15 15 15 15 15 15 15 15 50 50 50 233 158 158 158 195 195 195 195 195 125 87 87 87 87 73 73 
73 73 205 229 15 15 15 96 96 96 50 50 50 200 158 158 158 195 195 195 195 125 125 125 125 73 73 73 73 
73 205 205 229 229 96 96 96 96 96 50 50 50 200 200 200 158 195 195 195 125 125 125 125 125 73 73 73 73 
73 205 205 205 229 96 96 96 96 96 50 50 50 200 200 200 200 200 195 191 191 191 191 191 191 73 73 73 73 
154 205 16 16 16 96 96 96 96 96 50 50 50 200 200 200 200 200 191 191 191 191 191 191 191 154 154 154 154 
154 16 16 16 16 16 96 96 96 96 50 50 50 50 200 200 77 77 77 191 191 191 191 191 191 154 154 154 154 
110 110 16 16 16 110 210 210 96 96 50 50 50 183 183 183 77 77 77 191 191 191 191 191 187 71 75 75 75 
110 110 110 110 110 210 210 210 210 130 130 183 183 183 183 183 77 77 77 191 191 187 187 187 187 153 153 153 75 
110 110 110 110 110 210 210 210 210 130 104 104 183 183 183 144 144 144 33 187 187 187 187 187 153 153 153 153 153 
110 110 110 110 110 210 210 210 210 104 104 104 144 144 144 144 144 144 172 187 187 187 187 187 153 153 153 153 153 
110 110 110 110 110 110 210 210 5 104 104 104 144 144 144 144 144 172 172 172 187 187 187 187 187 153 153 153 153 
219 219 219 110 110 110 210 5 5 5 104 104 144 144 144 144 172 172 172 172 187 187 187 187 187 153 153 153 153 
219 219 219 219 165 165 220 5 5 5 5 144 144 144 144 144 172 172 172 172 187 187 187 187 187 153 153 153 219 
219 219 219 219 165 165 220 5 5 5 5 5 144 144 144 172 172 172 172 172 187 187 187 187 4 4 4 157 157 
219 219 219 219 165 165 220 220 5 5 5 58 132 132 132 132 221 221 221 221 35 35 187 4 4 4 4 157 157 
219 219 219 219 165 165 220 220 121 121 58 58 132 132 132 132 221 221 221 221 221 241 241 241 4 4 4 157 157 
219 219 219 219 165 165 220 220 121 58 58 58 58 132 132 132 132 221 221 221 221 241 241 241 241 4 4 157 219 
219 219 219 219 165 165 220 220 58 58 58 58 58 192 132 132 132 221 221 221 221 63 241 241 241 241 4 157 219 
12 12 12 12 12 90 90 58 58 58 58 58 58 192 192 132 132 221 148 148 148 148 63 188 188 188 188 188 12 
12 12 12 12 12 90 90 209 209 58 58 58 58 192 192 192 132 148 148 148 148 148 148 188 188 188 188 188 12 
12 12 12 12 12 90 90 209 209 209 58 58 58 58 56 56 56 148 148 148 148 148 148 188 188 188 188 188 12 
12 12 12 12 90 90 90 209 209 209 209 209 58 56 56 56 56 148 148 148 148 148 148 188 188 188 188 188 12 
12 12 12 223 223 223 223 209 209 209 209 209 209 56 56 56 56 56 148 148 148 148 148 188 188 188 188 188 43 
211 211 211 223 223 223 223 223 209 209 209 209 209 56 56 56 56 56 56 148 148 148 230 230 188 87 188 43 211 
211 211 211 223 223 223 223 223 209 209 209 209 209 56 56 56 56 56 122 122 122 230 230 87 87 87 87 87 89 
211 211 225 225 223 223 223 223 223 209 209 209 209 56 56 56 56 56 122 122 122 230 230 87 87 87 87 87 89 
211 211 225 225 225 223 223 223 113 15 15 209 158 158 85 85 85 85 195 195 195 195 87 87 87 87 87 87 89 
89 225 225 225 225 15 15 15 15 15 15 15 158 158 158 158 158 158 195 195 195 195 87 87 87 87 87 87 89 
89 89 111 225 15 15 15 15 15 15 15 50 233 233 158 158 158 195 195 195 195 195 195 87 87 87 89 89 89 
89 89 111 229 15 15 15 15 15 15 15 50 233 233 158 158 158 158 195 195 195 195 125 125 87 87 89 89 89 
154 205 205 229 229 15 96 96 96 96 50 50 233 233 158 158 158 158 195 195 195 125 125 125 125 125 89 73 73 
154 205 205 229 229 229 96 96 96 96 50 50 50 200 200 158 158 119 195 195 125 125 125 125 125 154 154 154 154 
154 205 205 205 229 229 96 96 96 96 50 50 50 200 200 200 119 119 119 125 125 125 125 125 125 154 154 154 154 
154 205 205 205 205 96 96 96 96 96 50 50 50 200 200 200 119 119 119 191 191 191 191 191 154 154 154 154 154 
154 16 16 16 16 16 96 96 96 96 50 50 50 22 200 77 77 77 77 191 191 191 191 191 154 154 154 71 154 
71 110 16 16 16 210 210 210 130 130 130 22 22 22 22 77 77 77 77 77 191 191 191 187 187 71 71 71 71 
110 110 110 110 110 210 210 210 130 130 130 22 22 22 22 22 77 77 77 77 191 187 187 187 187 153 71 71 71 
110 110 110 110 110 210 210 210 130 130 130 22 22 22 144 144 144 144 33 33 187 187 187 187 187 153 153 153 71 
110 110 110 110 110 210 210 210 130 130 130 144 144 144 144 144 144 144 33 187 187 187 187 187 187 153 153 153 153 
110 110 110 110 110 110 210 210 130 130 130 144 144 144 144 144 144 144 172 187 187 187 187 187 187 153 153 153 153 
219 219 110 110 110 110 210 121 121 5 104 144 144 144 144 144 144 172 172 172 187 187 187 187 187 153 153 153 153 
219 219 219 219 219 220 220 121 121 121 5 144 144 144 144 144 172 172 172 172 187 187 187 187 187 153 153 153 153 
219 219 219 219 219 220 220 121 121 121 121 144 144 144 144 144 172 172 172 172 187 187 187 187 187 153 153 157 219 
219 219 219 219 219 220 220 220 121 121 121 70 70 70 132 132 132 132 221 221 241 241 241 241 241 4 4 157 219 
219 219 219 219 219 220 220 220 121 121 58 58 132 132 132 132 132 132 221 221 241 241 241 241 241 241 4 157 219 
219 219 219 219 219 220 220 220 121 58 58 58 58 132 132 132 132 132 221 221 63 241 241 241 241 241 4 157 219 
219 219 219 219 90 90 220 220 58 58 58 58 58 58 132 132 132 132 132 148 63 63 241 241 241 241 241 157 219 
12 12 12 12 90 90 90 58 58 58 58 58 58 58 132 132 132 132 148 148 148 63 63 241 188 188 188 188 12 
12 12 12 12 90 90 90 90 58 58 58 58 58 58 58 132 132 148 148 148 148 148 63 188 188 188 188 188 12 
12 12 12 12 90 90 90 90 209 58 58 58 58 58 56 56 56 148 148 148 148 148 63 188 188 188 188 188 12 
12 12 12 12 90 90 90 209 209 209 209 58 58 58 56 56 56 148 148 148 148 148 148 188 188 188 188 188 12 
12 12 12 12 90 90 166 166 209 209 209 209 58 56 56 56 56 148 148 148 148 148 230 230 188 188 188 188 12 
12 12 12 223 223 223 166 166 166 209 209 209 209 56 56 56 56 56 148 148 148 230 230 230 230 188 89 89 89 
89 211 225 225 223 223 166 166 166 209 209 209 19 19 19 19 19 19 19 148 230 230 230 230 230 87 89 89 89 
89 225 225 225 225 223 166 166 166 166 209 209 85 85 85 85 85 85 85 230 230 230 230 230 87 87 89 89 89 
89 225 225 225 225 225 113 113 113 113 113 113 85 85 85 85 85 85 85 195 195 230 230 87 87 87 89 89 89 
89 225 225 225 225 15 15 15 15 15 15 15 158 158 158 158 158 85 195 195 195 195 87 87 87 87 89 89 89 
89 89 111 111 111 15 15 15 15 15 15 15 233 233 158 158 158 158 195 195 195 195 195 127 127 127 89 89 89 
89 89 111 229 229 15 15 15 15 15 15 15 233 233 158 158 158 158 195 195 195 195 125 125 127 127 89 89 89 
154 205 229 229 229 229 229 96 96 96 96 96 233 233 158 158 158 119 195 195 195 125 125 125 125 154 89 89 89 
154 205 205 229 229 229 229 96 96 96 96 96 233 233 158 158 119 119 119 195 125 125 125 125 125 154 154 154 154 
154 205 205 205 229 229 229 96 96 96 96 96 50 200 158 119 119 119 119 119 125 125 125 125 154 154 154 154 154 
154 205 205 205 205 229 96 96 96 96 96 50 50 200 200 119 119 119 119 119 125 125 125 191 154 154 154 154 154 
71 205 205 205 205 205 96 96 96 96 130 50 22 22 22 77 33 77 77 77 77 125 191 191 154 154 71 71 71 
71 110 16 16 16 110 210 210 130 130 130 22 22 22 22 77 77 77 77 77 77 191 187 187 187 71 71 71 71 
71 110 110 110 110 210 210 210 130 130 130 22 22 22 22 22 77 33 33 77 77 187 187 187 187 71 71 71 71 
110 110 110 110 110 210 210 210 130 130 130 22 22 22 22 22 144 33 33 33 187 187 187 187 187 153 153 71 71 
110 110 110 110 110 210 210 210 130 130 130 22 22 22 144 144 144 144 33 187 187 187 187 187 187 153 153 153 153 
110 110 110 110 110 110 210 210 130 130 130 144 144 144 144 144 144 144 144 187 187 37 37 37 187 153 153 153 153 
219 110 110 110 110 110 121 121 121 130 130 144 144 144 144 144 144 144 172 37 37 37 37 37 187 153 153 153 153 
219 219 219 110 110 220 121 121 121 121 121 144 144 144 144 144 144 144 172 172 37 37 37 187 187 153 153 153 153 
219 219 219 219 220 220 220 121 121 121 121 70 70 70 70 144 144 172 172 185 187 187 187 187 187 153 153 153 219 
219 219 219 219 220 220 220 220 121 121 121 70 70 70 70 132 132 132 132 241 241 241 241 241 241 241 241 157 219 
219 219 219 219 220 220 220 220 121 121 58 70 70 70 132 132 132 132 132 63 63 241 241 241 241 241 241 157 219 
219 219 219 219 220 220 220 121 121 121 58 58 58 132 132 132 132 132 132 63 63 241 241 241 241 241 241 157 219 
116 219 116 90 90 90 220 121 121 58 58 58 58 58 132 132 132 132 132 63 63 63 241 241 241 241 241 241 219 
116 116 116 90 90 90 90 90 58 58 58 58 58 58 132 132 132 132 148 148 63 63 63 241 241 188 188 188 116 
116 116 116 90 90 90 90 90 90 58 58 58 58 58 58 132 132 148 148 148 148 63 63 188 188 188 188 188 116 
116 116 116 116 90 90 90 90 90 58 58 58 58 58 58 56 148 148 148 148 148 148 63 188 188 188 188 188 116 
116 116 116 116 90 90 90 90 166 166 58 58 58 58 56 56 56 148 148 148 148 148 148 188 188 188 188 188 116 
116 116 116 116 90 90 166 166 166 166 166 58 58 19 19 19 19 148 148 148 148 148 230 230 188 188 188 188 116 
116 116 116 111 90 166 166 166 166 166 166 166 19 19 19 19 19 19 148 148 230 230 230 230 230 230 89 89 89 
89 111 111 111 111 166 166 166 166 166 166 166 19 19 19 19 19 19 19 230 230 230 230 230 230 127 89 89 89 
89 111 111 111 111 166 166 166 166 166 166 166 85 85 85 85 85 85 85 230 230 230 230 230 127 127 89 89 89 
89 111 111 111 111 111 113 113 113 113 113 113 85 85 85 85 85 85 85 195 230 230 230 230 127 127 89 89 89 
89 111 111 111 111 111 113 113 113 15 15 15 85 85 85 85 85 85 195 195 195 230 230 127 127 127 89 89 89 
89 89 111 111 111 15 15 15 15 15 15 15 51 85 85 85 85 85 195 195 195 195 195 127 127 127 89 89 89 
89 89 229 229 229 229 15 15 15 15 15 15 233 85 158 158 158 119 195 195 195 195 195 127 127 127 89 89 89 
154 205 229 229 229 229 229 229 96 96 96 96 233 233 158 158 119 119 119 195 195 125 125 125 154 154 89 89 89 
154 205 205 229 229 229 229 229 96 96 96 96 233 233 158 119 119 119 119 119 125 125 125 125 154 154 154 154 154 
154 205 205 205 229 229 229 96 96 96 96 96 69 69 69 119 119 119 119 119 125 125 125 125 154 154 154 154 154 
154 205 205 205 205 229 229 96 96 96 96 69 69 69 69 119 119 119 119 119 125 125 125 154 154 154 154 154 154 
71 205 205 205 205 205 205 96 96 130 130 69 69 69 69 77 33 33 77 77 77 125 191 154 154 71 71 71 71 
71 110 205 205 205 205 210 130 130 130 130 22 22 22 22 77 77 33 77 77 77 37 37 37 154 71 71 71 71 
71 110 110 110 110 110 210 130 130 130 130 22 22 22 22 22 77 33 33 77 77 37 37 37 37 71 71 71 71 
110 110 110 110 110 210 210 130 130 130 130 22 22 22 22 22 33 33 33 33 37 37 37 37 37 37 71 71 71 
110 110 110 110 110 110 210 130 130 130 130 22 22 22 22 144 144 144 33 37 37 37 37 37 37 37 153 153 153 
110 110 110 110 110 110 210 130 130 130 130 22 22 144 144 144 144 144 144 37 37 37 37 37 37 153 153 153 153 
11 11 110 110 110 121 121 121 121 130 130 144 144 144 144 144 144 144 185 185 37 37 37 37 37 153 153 153 153 
11 11 11 110 121 121 121 121 121 121 121 70 70 144 144 144 144 144 185 185 37 37 37 37 37 153 153 153 153 
219 219 219 219 121 121 121 121 121 121 121 70 70 70 70 70 70 70 185 185 185 37 37 37 241 153 153 153 153 
219 219 219 219 121 121 121 121 121 121 121 70 70 70 70 70 132 132 132 185 124 241 241 241 241 241 241 241 219 
219 219 219 219 121 121 121 121 121 121 121 70 70 70 70 132 132 132 132 124 124 241 241 241 241 241 241 241 241 
224 219 224 224 121 121 121 121 121 121 58 58 70 70 132 132 132 132 132 63 63 241 241 241 241 241 241 241 241 
116 224 116 90 90 121 121 121 121 58 58 58 58 58 132 132 132 132 132 63 63 63 241 241 241 241 241 241 116 
116 116 116 90 90 90 90 90 121 58 58 58 58 58 132 132 132 132 148 63 63 63 63 241 241 241 188 188 116 
116 116 116 90 90 90 90 90 90 58 58 58 58 58 58 132 148 148 148 148 63 63 63 63 188 188 188 188 116 
116 116 116 116 90 90 90 90 90 58 58 58 58 58 58 114 148 148 148 148 148 63 63 188 188 188 188 188 116 
116 116 116 116 90 90 90 90 166 166 161 58 58 58 114 114 114 148 148 148 148 148 63 188 188 188 188 188 116 
116 116 116 116 90 90 90 166 166 166 161 161 161 19 19 19 19 19 148 148 148 230 230 230 230 230 188 89 116 
116 116 116 111 90 166 166 166 166 166 166 166 19 19 19 19 19 19 19 230 230 230 230 230 230 230 89 89 89 
89 111 111 111 111 166 166 166 166 166 166 166 19 19 19 19 19 19 19 230 230 230 230 230 230 230 89 89 89 
89 111 111 111 111 166 166 166 166 166 166 166 85 85 85 85 85 85 85 230 230 230 230 230 230 127 89 89 89 
89 111 111 111 111 111 113 113 113 113 113 113 85 85 85 85 85 85 85 195 230 230 230 230 127 127 89 89 89 
89 111 111 111 111 111 113 113 113 113 113 113 85 85 85 85 85 85 195 195 195 230 230 127 127 127 89 89 89 
89 89 111 111 111 111 15 113 113 113 113 51 51 51 85 85 85 85 195 195 195 195 127 127 127 127 89 89 89 
89 89 229 229 229 229 229 229 15 15 15 51 51 51 51 158 119 119 119 195 195 195 195 127 127 127 89 89 89 
154 229 229 229 229 229 229 229 229 229 229 51 51 51 51 119 119 119 119 119 119 125 125 125 154 154 89 89 89 
154 205 205 229 229 229 229 229 96 96 96 69 69 51 69 119 119 119 119 119 119 125 125 125 154 154 154 154 154 
154 205 205 205 229 229 229 229 96 96 96 69 69 69 69 78 119 119 119 78 78 125 125 154 154 154 154 154 154 
154 205 205 205 205 229 229 229 96 96 130 69 69 69 69 78 78 78 78 78 78 125 154 154 154 154 154 154 154 
71 205 205 205 205 205 205 229 130 130 130 69 69 69 69 78 33 33 77 78 78 78 37 154 154 154 71 71 71 
71 205 205 205 205 205 205 130 130 130 130 22 22 22 22 77 77 77 77 77 77 37 37 37 37 71 71 71 71 
71 110 110 110 110 110 210 130 130 130 130 22 22 22 22 22 77 77 33 77 77 37 37 37 37 71 71 71 71 
71 110 110 110 110 110 210 130 130 130 130 22 22 22 22 22 33 33 33 33 37 37 37 37 37 37 71 71 71 
110 110 110 110 110 110 210 130 130 130 130 22 22 22 22 22 22 33 33 33 37 37 37 37 37 37 37 37 71 
11 11 110 110 110 110 210 130 130 130 130 22 22 22 144 144 144 144 185 185 37 37 37 37 37 37 37 37 37 
11 11 11 11 110 121 121 121 130 130 130 144 144 144 144 144 144 144 185 185 185 185 37 37 37 37 153 153 153 
11 11 11 11 121 121 121 121 220 220 220 70 70 70 144 144 144 144 185 185 185 185 185 37 37 37 153 153 153 
11 11 11 11 121 121 121 220 220 220 220 70 70 70 70 70 70 70 185 185 185 185 185 241 241 37 153 153 153 
11 11 11 11 121 121 121 220 220 220 220 70 70 70 70 70 70 132 185 185 124 124 241 241 241 241 241 241 241 
224 224 224 224 121 121 121 121 220 220 220 70 70 70 70 70 70 132 132 124 124 124 241 241 241 241 241 241 241 
224 224 224 224 121 121 121 121 121 220 220 70 70 70 70 70 132 132 132 63 63 241 241 241 241 241 241 241 241 
224 224 224 90 90 121 121 121 121 220 58 58 145 145 145 145 132 132 63 63 63 63 241 241 241 241 241 241 116 
116 116 116 90 90 90 90 90 121 58 58 58 145 145 145 145 132 132 63 63 63 63 63 241 241 241 241 116 116 
116 116 116 90 90 90 90 90 90 58 58 58 145 145 145 145 148 148 148 63 63 63 63 63 63 241 188 116 116 
116 116 116 90 90 90 90 90 161 161 161 58 145 145 145 114 114 148 148 63 63 63 63 63 188 188 188 188 116 
116 116 116 90 90 90 90 90 161 161 161 161 161 114 114 114 114 114 148 148 63 63 63 230 188 188 188 116 116 
116 116 116 90 90 90 90 166 161 161 161 161 161 114 114 114 114 114 148 148 230 230 230 230 230 230 230 89 116 
116 116 116 111 90 166 166 166 166 161 161 161 161 19 19 19 19 19 103 103 230 230 230 230 230 230 230 89 89 
89 111 111 111 111 166 166 166 166 166 161 161 19 19 19 19 19 19 103 103 230 230 230 230 230 230 89 89 89 
89 111 111 111 111 166 166 166 166 166 166 166 85 85 85 85 85 85 103 103 230 230 230 230 230 127 89 89 89 
89 111 111 111 111 111 113 113 113 113 113 113 85 85 85 85 85 85 85 103 230 230 230 230 127 127 89 89 89 
89 111 111 111 111 111 113 113 113 113 113 113 85 85 85 85 85 85 85 195 230 230 230 230 127 127 89 89 89 
attribute "dep" string "positions"
#
# A field is created with three components: "positions", "connections",
# and "data"
object "regular positions regular connections" class field
component  "positions"    value 1
component  "connections"  value 2
component  "data"         value 3
#
end
