# object 1 are the regular positions. The grid is 29 29 29. The origin is
# at [0 0 0], and the deltas are 1 in the first and third dimensions, and
# 2 in the second dimension
#
object 1 class gridpositions counts 29 29 29
origin 0 0 0
delta  1 0 0
delta  0 1 0
delta  0 0 1
#
# object 2 are the regular connections
#
object 2 class gridconnections counts 29 29 29
#
# object 3 are the data, which are in a one-to-one correspondence with
# the positions ("dep" on positions). The positions increment in the order
# "last index varies fastest", i.e. (x0, y0, z0), (x0, y0, z1), (x0, y0, z2),
# (x0, y1, z0), etc.
#
object 3 class array type int rank 0 items 24389 data follows
47 39 49 49 49 49 12 12 12 12 12 12 181 181 181 181 181 20 20 20 20 78 78 78 47 47 47 47 47 
39 39 49 49 49 49 12 12 12 12 12 12 181 181 181 181 181 20 20 20 20 78 78 78 78 47 75 75 47 
39 39 49 49 49 49 12 12 12 12 12 12 15 15 15 15 15 20 20 20 20 78 78 78 42 75 75 75 75 
21 21 21 21 49 49 12 12 12 12 12 15 15 15 15 15 15 15 20 20 20 78 42 42 42 42 75 75 75 
21 21 21 21 21 62 62 12 12 12 12 15 15 15 15 15 15 15 15 20 42 42 42 42 42 42 75 75 21 
21 21 21 21 62 62 62 62 62 62 15 15 15 15 138 138 138 138 138 178 178 42 42 42 42 42 42 75 21 
180 180 180 180 62 62 62 142 142 142 237 237 15 138 138 138 138 138 138 178 178 178 42 42 42 42 42 180 180 
180 180 180 180 180 62 142 142 142 142 237 237 237 138 138 138 138 138 138 178 178 178 178 42 132 132 132 132 180 
180 180 180 180 180 38 142 142 142 38 64 237 237 237 138 138 138 138 138 178 178 178 178 132 132 132 132 132 180 
57 57 57 57 57 38 38 38 38 64 64 237 237 237 23 138 138 118 118 178 178 178 132 132 132 132 132 132 57 
57 57 57 57 57 38 38 38 38 64 64 64 237 23 23 23 23 118 118 211 178 178 132 132 132 132 132 132 57 
57 57 57 57 57 104 104 104 104 64 64 64 64 64 23 23 10 10 10 211 211 211 211 132 132 132 132 132 57 
57 57 57 57 104 104 104 104 104 104 64 64 64 64 64 10 10 10 10 211 211 211 211 211 211 132 132 132 57 
57 57 57 100 104 104 104 104 104 104 64 64 64 64 10 10 10 10 10 211 211 211 211 211 211 211 132 132 57 
100 100 100 100 100 104 104 104 104 104 85 85 85 56 56 56 56 10 10 211 211 211 211 211 211 211 211 211 57 
100 100 100 100 100 225 104 104 104 104 85 85 228 228 56 56 56 56 56 211 211 211 211 70 70 70 70 70 70 
100 100 100 100 100 189 189 189 104 104 85 228 228 228 228 56 56 56 56 211 83 83 83 70 70 70 70 70 135 
100 100 100 100 189 189 189 189 189 228 228 228 228 228 228 228 228 56 83 83 83 83 83 83 83 206 206 206 135 
135 100 100 100 189 189 189 189 189 189 212 212 212 212 212 212 212 203 203 83 83 83 83 206 206 206 206 206 135 
135 135 100 189 189 189 189 189 189 28 212 212 212 212 212 212 203 203 203 241 241 83 206 206 206 206 206 206 135 
135 135 135 189 189 189 189 189 28 28 28 102 102 102 102 203 203 203 241 241 241 241 206 206 206 206 206 206 135 
135 135 135 135 135 189 189 189 28 28 28 102 102 102 102 203 203 203 241 241 241 241 241 206 206 206 206 206 135 
135 135 135 135 135 229 229 229 28 28 28 102 102 102 102 203 203 65 241 241 241 241 4 4 206 206 206 1 1 
135 135 135 135 229 229 229 229 229 229 221 102 102 102 102 203 65 65 65 241 241 241 4 4 146 146 146 1 1 
135 135 135 135 229 229 229 229 229 221 221 221 102 102 102 65 65 65 65 65 65 4 4 4 146 146 146 1 1 
47 47 135 229 229 229 229 229 229 221 221 221 77 102 181 181 65 65 65 65 65 4 4 4 146 47 47 47 47 
47 47 47 229 229 229 229 229 229 221 221 221 77 181 181 181 181 181 65 65 222 222 163 163 163 47 47 47 47 
47 47 47 39 229 229 229 229 22 22 22 22 181 181 181 181 181 181 181 20 20 78 163 163 163 47 47 47 47 
47 47 39 39 39 229 229 229 22 22 22 22 181 181 181 181 181 181 20 20 20 78 78 163 163 47 47 47 47 
39 39 39 39 39 39 12 12 12 12 12 239 181 181 181 181 181 20 20 20 20 78 78 78 163 47 47 47 47 
39 39 39 39 39 39 12 12 12 12 12 12 15 15 15 15 15 20 20 20 20 78 78 78 78 75 75 75 39 
39 39 39 39 39 39 12 12 12 12 12 15 15 15 15 15 15 20 20 20 20 78 78 78 42 75 75 75 75 
75 21 21 39 39 39 12 12 12 12 12 15 15 15 15 15 15 15 20 20 20 78 42 42 42 75 75 75 75 
21 21 21 21 21 62 62 12 12 12 15 15 15 15 15 15 15 15 15 20 20 42 42 42 42 42 75 75 75 
21 21 21 21 21 62 62 62 38 38 15 15 15 15 15 15 15 15 15 178 178 42 42 42 42 42 75 75 21 
180 180 180 180 180 62 62 142 38 38 237 237 15 138 138 138 138 138 15 178 178 178 42 42 42 42 42 180 180 
180 48 180 180 180 38 38 38 38 38 237 237 237 138 138 138 138 138 138 178 178 178 178 42 42 42 132 180 180 
180 180 180 180 180 38 38 38 38 38 38 237 237 237 138 138 138 138 138 178 178 178 178 178 132 132 132 132 180 
180 180 180 180 180 38 38 38 38 38 64 237 237 237 237 138 138 138 138 178 178 178 178 132 132 132 132 132 180 
180 180 180 180 180 38 38 38 38 64 64 64 64 237 237 237 237 138 138 211 178 178 132 132 132 132 132 132 180 
57 180 57 57 104 104 104 104 104 64 64 64 64 64 237 237 10 10 10 211 211 211 211 211 132 132 132 132 180 
57 180 57 104 104 104 104 104 104 104 64 64 64 64 10 10 10 10 10 211 211 211 211 211 211 132 132 132 180 
57 100 100 100 104 104 104 104 104 104 64 61 61 61 10 10 10 10 10 211 211 211 211 211 211 211 132 132 97 
97 100 100 100 100 104 104 104 104 104 61 61 61 56 56 56 10 10 10 211 211 211 211 211 211 211 211 97 97 
100 100 100 100 100 120 104 104 104 104 61 61 228 228 56 56 56 10 10 211 211 211 211 211 211 211 211 97 97 
100 100 100 100 100 120 120 120 120 120 228 228 228 228 228 56 56 56 56 211 211 211 211 211 211 211 206 206 97 
100 100 100 100 100 120 120 120 120 120 228 228 228 228 228 228 228 56 56 83 83 83 83 83 206 206 206 206 206 
100 100 100 100 100 189 120 120 120 28 212 212 212 212 212 212 212 203 203 144 144 83 83 206 206 206 206 206 206 
135 100 100 100 189 189 189 120 28 28 28 212 212 212 212 203 203 203 203 241 241 83 206 206 206 206 206 206 206 
135 135 100 189 189 189 189 28 28 28 28 102 102 102 102 203 203 203 241 241 241 241 206 206 206 206 206 206 206 
135 135 135 135 189 189 189 28 28 28 28 102 102 102 102 203 203 203 241 241 241 241 206 206 206 206 206 206 206 
135 135 135 135 189 229 229 28 28 28 28 102 102 102 102 203 203 203 241 241 241 241 4 206 206 206 206 206 206 
135 135 135 135 229 229 229 229 229 229 28 102 102 102 102 203 203 65 241 241 241 241 4 146 146 146 146 146 146 
47 135 135 156 229 229 229 229 229 229 229 77 77 77 77 77 65 65 65 241 241 222 4 146 146 146 146 146 1 
47 47 47 229 229 229 229 229 229 229 229 77 77 77 77 6 6 65 65 222 222 222 163 163 146 146 47 47 47 
47 47 47 229 229 229 229 229 229 229 229 77 77 77 6 6 6 6 6 222 222 222 163 163 163 47 47 47 47 
47 47 47 39 229 229 229 229 229 229 22 77 77 6 6 6 6 6 6 20 20 163 163 163 163 47 47 47 47 
47 39 39 39 39 229 229 229 229 22 22 22 77 6 6 6 6 6 20 20 20 78 163 163 163 47 47 47 47 
39 39 39 39 39 39 39 12 12 12 239 239 239 6 6 6 6 20 20 20 20 78 78 163 163 47 47 47 39 
39 39 39 39 39 39 39 12 12 12 239 239 239 6 6 6 6 20 20 20 20 78 78 78 163 75 75 75 39 
39 39 39 39 39 39 39 12 12 239 239 239 15 15 15 15 15 15 20 20 78 78 78 78 75 75 75 75 75 
75 39 39 39 39 39 232 232 12 239 239 15 15 15 15 15 15 15 15 20 78 78 42 42 42 75 75 75 75 
21 21 21 21 21 232 232 232 232 232 15 15 15 15 15 15 15 15 15 15 63 42 42 42 42 75 75 75 75 
21 21 21 21 21 232 232 232 232 232 15 15 15 15 15 15 15 15 15 63 63 42 42 42 42 42 75 75 75 
180 180 180 180 180 232 232 232 232 232 199 15 15 15 15 15 15 15 15 63 63 178 42 42 42 42 75 75 180 
180 180 180 180 180 38 38 38 38 38 38 237 237 138 138 138 138 138 15 63 63 178 178 42 42 42 75 180 180 
180 180 180 180 180 38 38 38 38 38 38 237 237 237 138 138 138 138 138 63 178 178 178 178 42 132 132 180 180 
180 180 180 180 38 38 38 38 38 38 64 237 237 237 237 138 138 138 138 108 108 63 108 108 132 132 132 180 180 
180 180 180 180 38 38 38 38 38 38 64 64 237 237 237 237 237 138 138 108 108 108 108 132 132 132 132 132 180 
180 180 180 180 91 91 91 91 91 64 64 64 64 237 237 10 10 10 10 211 211 211 211 211 132 132 132 132 180 
97 180 180 104 104 104 104 104 104 104 64 61 61 61 10 10 10 10 10 211 211 211 211 211 211 211 132 132 180 
97 97 97 100 104 104 104 104 104 104 61 61 61 61 10 10 10 10 10 211 211 211 211 211 211 211 211 97 97 
97 97 97 100 120 104 104 104 104 104 61 61 61 61 56 10 10 10 10 211 211 211 211 211 211 211 211 97 97 
97 100 100 100 120 120 120 104 104 104 61 61 61 228 56 56 56 10 10 211 211 211 211 211 211 211 216 97 97 
97 100 100 100 120 120 120 120 120 120 61 228 228 228 228 56 56 56 10 144 144 144 144 144 144 144 216 35 97 
100 100 100 100 120 120 120 120 120 120 228 228 228 228 228 228 228 56 144 144 144 144 144 144 144 206 35 35 35 
100 100 100 100 120 120 120 120 120 28 28 212 212 228 228 228 228 203 144 144 144 144 144 144 206 206 206 35 35 
25 100 100 100 120 120 120 120 28 28 28 212 212 212 212 203 203 203 203 241 144 144 144 206 206 206 206 206 35 
25 25 100 100 120 120 120 28 28 28 28 102 102 102 102 203 203 203 203 241 195 195 206 206 206 206 206 206 206 
135 25 100 100 120 120 28 28 28 28 28 102 102 102 102 203 203 203 195 195 195 195 195 206 206 206 206 206 206 
135 135 135 156 156 156 156 28 28 28 28 102 102 102 203 203 203 203 195 195 195 195 195 206 206 206 206 206 206 
135 135 156 156 156 229 229 229 229 28 28 102 102 77 77 203 203 203 195 195 195 195 222 146 146 146 146 146 146 
47 47 156 156 156 229 229 229 229 229 229 77 77 77 77 77 77 65 195 195 195 222 222 222 146 146 146 146 47 
47 47 47 156 229 229 229 229 229 229 229 77 77 77 77 6 6 6 222 222 222 222 163 163 163 146 47 47 47 
47 47 200 39 229 229 229 229 229 229 229 77 77 77 6 6 6 6 6 222 222 222 163 163 163 47 47 47 47 
47 47 200 39 229 229 229 229 229 229 229 77 77 6 6 6 6 6 6 222 222 163 163 163 163 47 47 47 47 
39 39 39 39 39 229 229 229 229 229 22 77 77 6 6 6 6 6 20 20 20 163 163 163 163 47 47 47 47 
39 39 39 39 39 39 124 124 239 239 239 239 239 6 6 6 6 6 244 244 244 78 163 163 163 75 75 39 39 
39 39 39 39 39 39 124 124 239 239 239 239 239 6 6 6 6 244 244 244 244 78 78 163 75 75 75 75 39 
39 39 39 39 39 39 124 124 239 239 239 239 15 15 15 15 15 15 244 244 244 78 78 42 75 75 75 75 75 
75 39 39 39 39 232 232 232 232 239 239 239 15 15 15 15 15 15 15 244 244 78 42 42 75 75 75 75 75 
75 21 21 21 21 232 232 232 232 232 239 15 15 15 15 15 15 15 15 15 63 42 42 42 42 75 75 75 75 
21 21 21 21 21 232 232 232 232 232 199 199 15 15 15 15 15 15 15 63 63 63 42 42 42 75 75 75 75 
180 180 180 180 180 232 232 232 232 232 199 199 15 15 15 15 15 15 15 63 63 63 63 42 42 42 75 75 75 
180 180 180 180 180 38 38 38 38 38 199 199 15 15 15 15 15 15 15 63 63 63 63 63 42 42 75 75 180 
180 180 180 180 38 38 38 38 38 38 38 237 237 237 138 138 138 138 138 63 63 63 63 63 63 63 75 180 180 
180 180 180 180 38 38 38 38 38 38 38 237 237 237 237 138 138 138 108 108 108 108 108 108 108 108 132 180 180 
180 180 180 180 38 38 38 38 38 38 64 64 237 237 237 237 138 10 108 108 108 108 108 108 108 108 132 132 180 
180 180 180 150 91 91 91 91 91 91 61 61 61 237 237 10 10 10 10 108 108 108 108 108 108 108 132 132 180 
97 97 97 185 91 91 91 91 91 61 61 61 61 61 98 10 10 10 10 211 211 211 211 211 211 211 132 97 97 
97 97 97 97 120 104 104 104 104 61 61 61 61 61 98 10 10 10 10 211 211 211 211 211 211 211 216 97 97 
97 97 97 120 120 120 55 55 55 61 61 61 61 61 98 10 10 10 10 211 211 211 211 211 211 216 216 97 97 
97 97 97 120 120 120 120 120 55 61 61 61 61 98 98 98 10 10 10 144 144 144 144 144 144 216 216 97 97 
97 97 97 120 120 120 120 120 120 120 61 61 228 98 98 98 98 98 10 144 144 144 144 144 144 144 216 35 97 
97 97 100 120 120 120 120 120 120 120 96 228 228 228 228 98 98 98 144 144 144 144 144 144 144 35 35 35 35 
25 25 100 120 120 120 120 120 120 120 96 212 212 212 228 228 98 98 144 144 144 144 144 144 144 35 35 35 35 
25 25 25 120 120 120 120 120 28 28 28 212 212 212 212 203 203 203 195 144 144 144 144 144 206 206 35 35 35 
25 25 25 25 120 120 120 28 28 28 28 28 102 102 102 203 203 203 195 195 195 195 195 206 206 206 206 35 35 
25 25 25 25 120 120 120 28 28 28 28 28 102 102 102 203 203 203 195 195 195 195 195 206 206 206 206 206 35 
25 25 25 156 156 156 156 28 28 28 28 102 102 102 203 203 203 203 195 195 195 195 195 206 206 206 206 206 206 
240 240 156 156 156 156 156 229 28 28 28 102 77 77 77 77 203 195 195 195 195 195 222 222 206 206 206 206 47 
47 240 156 156 156 156 229 229 229 229 137 77 77 77 77 77 77 6 195 195 222 222 222 222 222 206 146 47 47 
47 200 200 156 156 229 229 229 229 137 137 77 77 77 77 6 6 6 222 222 222 222 222 163 163 163 47 47 47 
47 200 200 200 156 229 229 229 229 137 137 77 77 77 6 6 6 6 222 222 222 222 163 163 163 163 47 47 47 
47 200 200 200 200 229 229 229 229 137 77 77 77 77 6 6 6 6 6 222 222 163 163 163 163 163 47 47 47 
39 39 39 39 39 39 229 229 229 137 77 77 77 6 6 6 6 6 6 222 222 163 163 163 163 163 47 47 47 
39 39 39 39 39 124 124 124 239 239 239 239 239 239 6 6 6 244 244 244 244 244 163 163 163 163 75 39 39 
39 39 39 39 39 124 124 124 239 239 239 239 239 239 239 6 6 244 244 244 244 244 244 163 163 75 75 75 39 
39 39 39 39 39 124 124 124 239 239 239 239 239 239 15 15 15 244 244 244 244 244 244 42 75 75 75 75 75 
75 39 39 39 39 232 232 232 232 239 239 239 239 15 15 15 15 15 197 244 244 244 42 42 75 75 75 75 75 
75 75 39 39 232 232 232 232 232 232 239 239 15 15 15 15 15 197 197 197 197 63 42 42 75 75 75 75 75 
75 75 21 21 232 232 232 232 232 232 199 199 15 15 15 15 15 197 197 197 63 63 63 172 42 75 75 75 75 
75 180 180 180 232 232 232 232 232 232 199 199 15 15 15 15 15 197 197 197 63 63 63 172 172 75 75 75 75 
180 180 180 180 180 38 232 232 232 232 199 199 199 15 15 15 15 15 197 108 63 63 63 63 172 172 75 75 180 
180 180 180 180 38 38 38 38 38 38 199 199 199 15 15 15 15 15 108 108 108 108 108 108 172 172 172 180 180 
180 180 180 180 38 38 38 38 38 38 38 199 237 15 15 15 15 108 108 108 108 108 108 108 108 108 108 180 180 
180 180 180 150 150 38 38 38 38 38 38 64 237 237 237 237 15 10 108 108 108 108 108 108 108 108 108 108 180 
97 97 150 150 150 91 91 91 91 91 61 61 61 61 98 10 10 10 108 108 108 108 108 108 108 108 108 97 97 
97 97 97 185 150 55 55 55 55 61 61 61 61 61 98 98 10 10 10 108 108 108 108 108 108 108 216 97 97 
97 97 97 97 185 55 55 55 55 61 61 61 61 98 98 98 10 10 10 10 211 108 211 211 211 216 216 97 97 
97 97 97 97 120 55 55 55 55 61 61 61 61 98 98 98 98 98 10 10 144 144 144 144 144 216 216 97 97 
97 97 97 97 120 120 120 55 55 96 61 61 98 98 98 98 98 98 98 144 144 144 144 144 144 216 216 97 97 
97 97 97 120 120 120 120 120 96 96 96 96 98 98 98 98 98 98 98 144 144 144 144 144 144 216 216 35 97 
25 97 97 120 120 120 120 120 96 96 96 96 98 98 98 98 98 98 98 144 144 144 144 144 144 35 35 35 35 
25 25 25 120 120 120 120 120 96 96 96 96 212 98 98 98 98 98 144 144 144 144 144 144 144 35 35 35 35 
25 25 25 25 120 120 120 120 198 28 28 28 212 212 98 98 98 98 144 144 144 144 144 144 95 35 35 35 35 
25 25 25 25 120 120 120 198 28 28 28 28 102 102 102 203 203 203 195 195 195 144 95 95 206 35 35 35 35 
25 25 25 25 156 120 156 198 28 28 198 198 102 102 102 203 203 213 195 195 195 195 195 95 95 35 35 35 35 
25 25 25 156 156 156 156 28 28 28 198 198 102 102 203 203 203 213 195 195 195 195 195 95 206 206 35 35 35 
240 240 156 156 156 156 156 28 28 198 198 198 77 77 77 77 213 213 195 195 195 195 222 222 222 206 175 175 35 
240 240 240 156 156 156 156 187 137 137 137 77 77 77 77 77 77 213 222 222 222 222 222 222 222 222 175 47 47 
200 200 200 156 156 156 156 187 137 137 137 77 77 77 77 6 6 6 222 222 222 222 222 222 222 222 47 47 47 
200 200 200 200 156 156 187 187 137 137 137 77 77 77 6 6 6 6 222 222 222 222 222 163 163 163 163 47 200 
200 200 200 200 200 187 187 187 137 137 137 77 77 77 6 6 6 6 222 222 222 222 163 163 163 163 47 47 200 
200 200 200 39 39 124 124 124 137 137 239 77 77 6 6 6 6 6 244 244 222 222 163 163 163 163 163 47 39 
67 67 67 124 124 124 124 124 239 239 239 239 239 239 239 239 6 244 244 244 244 244 244 163 163 143 143 39 39 
67 67 67 39 124 124 124 124 239 239 239 239 239 239 239 239 244 244 244 244 244 244 244 163 163 75 75 75 39 
67 67 67 39 124 124 124 124 239 239 239 239 239 239 239 15 15 244 244 244 244 244 244 244 75 75 75 75 75 
75 67 67 39 124 232 232 232 232 239 239 239 239 239 15 15 15 197 197 244 244 244 244 172 75 75 75 75 75 
75 67 67 39 124 232 232 232 232 30 239 239 239 15 15 15 197 197 197 197 197 172 172 172 172 75 75 75 75 
75 75 67 21 232 232 232 232 232 232 199 199 199 15 15 15 197 197 197 197 197 172 172 172 172 172 75 75 75 
75 180 180 180 232 232 232 232 232 232 199 199 199 15 15 15 197 197 197 197 108 108 172 172 172 172 172 75 75 
180 180 180 180 232 232 232 232 232 199 199 199 199 199 15 15 15 197 197 108 108 108 172 172 172 172 172 75 75 
180 180 180 180 150 38 38 38 38 199 199 199 199 199 15 15 15 15 108 108 108 108 108 172 172 172 172 172 180 
180 180 180 150 150 38 38 38 38 38 199 199 199 199 15 15 15 108 108 108 108 108 108 108 172 172 172 172 180 
180 180 150 150 150 150 38 38 38 38 38 199 130 130 130 130 119 119 108 108 108 108 108 108 108 108 108 108 180 
97 185 150 150 150 150 55 55 55 55 61 61 61 130 130 98 119 119 119 108 108 108 108 108 108 108 108 108 97 
97 185 185 185 150 150 55 55 55 55 61 61 61 98 98 98 119 119 119 119 108 108 108 108 108 216 216 216 97 
97 97 97 185 185 55 55 55 55 55 61 61 61 98 98 98 98 119 119 119 119 108 108 108 216 216 216 216 97 
97 97 97 185 185 55 55 55 55 55 61 61 164 98 98 98 98 98 119 119 144 144 144 144 216 216 216 216 97 
97 97 97 97 120 120 55 55 55 96 96 61 164 98 98 98 98 98 98 98 144 144 144 144 216 216 216 216 97 
97 97 97 97 120 120 120 96 96 96 96 96 164 98 98 98 98 98 98 144 144 144 144 144 216 216 216 216 97 
25 97 97 120 120 120 120 96 96 96 96 96 164 98 98 98 98 98 98 144 144 144 144 144 144 216 35 35 35 
25 25 25 120 120 120 120 96 96 96 96 96 59 59 59 98 98 98 98 144 144 144 144 144 165 35 35 35 35 
25 25 25 25 120 120 120 120 198 198 198 198 59 59 59 59 98 98 98 144 144 144 95 95 95 35 35 35 35 
25 25 25 25 25 120 120 198 198 198 198 198 59 59 59 59 59 213 186 186 186 95 95 95 95 35 35 35 35 
25 25 25 25 25 156 198 198 198 198 198 198 59 59 145 145 213 213 213 195 195 95 95 95 95 175 35 35 35 
25 25 25 156 156 156 156 198 198 198 198 198 198 145 145 145 213 213 213 195 195 195 95 95 175 175 175 175 35 
240 240 240 156 156 156 156 187 198 198 198 198 77 145 145 145 213 213 213 195 222 222 222 222 175 175 175 175 240 
240 240 240 156 156 156 187 187 137 137 137 137 77 77 145 145 145 213 222 222 222 222 222 222 222 175 175 175 240 
240 240 240 240 156 187 187 187 137 137 137 137 77 77 77 145 145 213 222 222 222 222 222 222 222 222 175 111 240 
200 200 200 200 200 187 187 187 137 137 137 137 77 77 6 6 6 6 222 222 222 222 222 222 222 222 143 111 200 
200 200 200 200 200 187 187 187 187 137 137 239 77 77 6 6 6 6 222 222 222 222 222 222 163 163 143 47 200 
200 200 200 200 124 124 124 124 187 239 239 239 239 239 6 6 6 6 244 244 222 222 222 163 163 163 143 200 200 
67 67 67 124 124 124 124 124 239 239 239 239 239 239 239 239 244 244 244 244 244 244 244 143 143 143 143 143 67 
67 67 67 124 124 124 124 124 239 239 239 239 239 239 239 239 244 244 244 244 244 244 244 143 143 143 143 75 67 
67 67 67 124 124 124 124 124 30 239 239 239 239 239 239 15 197 244 244 244 244 244 244 244 143 75 75 75 67 
67 67 67 124 124 124 232 232 30 30 239 239 239 239 15 15 197 197 197 244 244 244 172 172 172 75 75 75 67 
67 67 67 124 124 232 232 232 232 30 30 239 239 239 15 15 197 197 197 197 197 172 172 172 172 172 75 75 75 
67 67 46 46 46 232 232 232 232 232 199 199 199 199 15 15 197 197 197 197 197 172 172 172 172 172 75 75 75 
67 46 46 46 46 232 232 232 232 199 199 199 199 199 15 15 197 197 197 197 108 172 172 172 172 172 172 214 75 
46 46 46 46 46 232 232 232 232 199 199 199 199 199 15 15 197 197 197 108 108 108 172 172 172 172 172 214 75 
180 180 46 46 150 150 38 232 232 199 199 199 199 199 15 15 197 197 108 108 108 108 172 172 172 172 172 172 172 
180 180 150 150 150 150 150 38 38 199 199 199 199 130 130 130 161 161 108 108 108 108 108 172 172 172 172 172 172 
97 185 150 150 150 150 150 150 150 38 199 130 130 130 130 130 119 161 108 108 108 108 108 108 108 172 172 172 172 
97 185 150 150 150 150 150 55 55 55 52 130 130 130 130 119 119 119 119 108 108 108 108 108 108 108 216 216 97 
97 185 185 185 150 150 55 55 55 55 55 130 130 130 98 98 119 119 119 119 108 108 108 108 216 216 216 216 97 
97 97 185 185 185 150 55 55 55 55 55 164 164 164 98 98 119 119 119 119 119 108 149 149 216 216 216 216 97 
97 97 185 185 185 55 55 55 55 96 96 164 164 164 98 98 98 119 119 119 119 149 165 165 216 216 216 216 97 
97 97 97 185 185 120 55 55 96 96 96 164 164 164 164 98 98 98 119 119 144 144 165 165 216 216 216 216 97 
97 97 97 97 120 120 96 96 96 96 96 96 164 164 98 98 98 98 98 98 144 144 165 165 216 216 216 216 97 
97 97 97 97 120 120 96 96 96 96 96 96 164 59 98 98 98 98 98 144 144 144 165 165 165 216 35 35 35 
25 25 25 25 120 120 96 96 96 96 96 96 59 59 59 59 98 98 98 144 144 165 165 165 165 35 35 35 35 
25 25 25 25 25 120 96 96 96 96 96 59 59 59 59 59 59 186 186 186 186 165 95 95 95 35 35 35 35 
25 25 25 25 25 120 198 198 198 198 198 59 59 59 59 59 59 186 186 186 186 95 95 95 95 95 35 35 35 
25 25 25 25 25 156 198 198 198 198 198 198 59 59 145 145 213 213 213 186 186 95 95 95 95 175 175 35 35 
25 25 25 25 156 156 187 198 198 198 198 198 198 145 145 145 213 213 213 213 222 95 95 95 175 175 175 175 35 
240 240 240 240 156 187 187 187 187 198 198 198 145 145 145 145 213 213 213 213 222 222 222 175 175 175 175 175 240 
240 240 240 240 187 187 187 187 187 137 137 137 77 145 145 145 213 213 213 222 222 222 222 222 175 175 175 175 240 
240 240 240 240 187 187 187 187 187 137 137 137 77 145 145 145 213 213 213 222 222 222 222 222 222 175 175 111 111 
240 240 240 240 187 187 187 187 187 137 137 137 77 77 145 145 213 213 222 222 222 222 222 222 222 143 143 111 111 
200 200 200 200 200 187 187 187 187 187 239 239 239 239 6 6 6 6 222 222 222 222 222 222 143 143 143 111 111 
200 200 200 124 124 124 124 124 187 239 239 239 239 239 239 239 6 244 244 244 222 222 222 143 143 143 143 143 67 
67 67 67 124 124 124 124 124 239 239 239 239 239 239 239 239 117 244 244 244 244 244 143 143 143 143 143 143 67 
67 67 67 124 124 124 124 124 239 239 239 239 239 239 239 239 117 244 244 244 244 244 244 143 143 143 143 67 67 
67 67 67 124 124 124 124 124 30 30 239 239 239 239 239 239 27 244 244 244 244 244 244 143 143 143 143 67 67 
67 67 67 124 124 124 124 30 30 30 30 239 239 239 239 15 27 27 27 244 244 244 172 172 172 172 75 214 67 
67 67 46 46 46 46 30 30 30 30 30 239 239 239 15 27 27 27 27 27 27 172 172 172 172 172 214 214 214 
67 46 46 46 46 46 30 30 30 30 199 199 199 199 199 27 27 27 27 27 172 172 172 172 172 172 214 214 214 
67 46 46 46 46 46 46 30 30 199 199 199 199 199 199 27 27 27 27 27 108 172 172 172 172 172 172 214 214 
46 46 46 46 46 46 46 30 30 199 199 199 199 199 199 15 27 27 27 108 108 172 172 172 172 172 172 214 214 
46 46 46 46 46 150 150 150 199 199 199 199 199 199 130 130 161 161 161 108 108 108 172 172 172 172 172 214 214 
46 46 150 150 150 150 150 150 52 52 199 199 130 130 130 130 161 161 161 108 108 108 172 172 172 172 172 172 172 
185 185 150 150 150 150 150 150 52 52 52 130 130 130 130 130 161 161 161 108 108 108 108 172 172 172 172 172 172 
185 185 150 150 150 150 150 150 52 52 52 130 130 130 130 119 119 119 119 108 108 108 108 108 172 172 216 216 216 
185 185 185 185 150 150 150 150 52 52 52 130 130 130 130 119 119 119 119 119 119 108 149 108 216 216 216 216 216 
97 185 185 185 185 150 150 55 55 52 52 130 164 164 164 119 119 119 119 119 149 149 149 149 216 216 216 216 216 
97 97 185 185 185 150 55 55 55 96 96 164 164 164 164 98 119 119 119 119 149 149 165 165 216 216 216 216 216 
97 97 97 185 185 185 55 96 96 96 96 164 164 99 164 98 98 119 119 119 165 165 165 165 216 216 216 216 216 
97 97 97 97 185 120 96 96 96 96 96 96 164 164 164 98 98 98 98 119 165 165 165 165 216 216 216 216 216 
97 97 97 97 120 120 96 96 96 96 96 96 164 164 164 98 98 98 98 165 165 165 165 165 165 165 216 216 35 
25 25 25 25 120 96 96 96 96 96 96 96 59 59 59 59 98 98 186 186 165 165 165 165 165 165 35 35 35 
25 25 25 25 25 96 96 96 96 96 96 59 59 59 59 59 59 186 186 186 186 165 165 165 165 165 35 35 35 
25 25 25 25 25 153 198 198 198 198 96 59 59 59 59 59 59 186 186 186 186 95 95 95 95 95 35 35 25 
25 25 25 25 25 187 187 198 198 198 198 198 59 59 145 145 145 213 186 186 186 95 95 95 95 175 175 35 25 
25 25 25 240 187 187 187 187 198 198 198 198 59 145 145 145 213 213 213 186 186 95 95 95 175 175 175 175 175 
240 240 240 240 187 187 187 187 187 187 198 198 66 145 145 145 213 213 213 213 222 222 95 175 175 175 175 175 111 
240 240 240 240 187 187 187 187 187 187 187 187 66 145 145 145 213 213 213 213 222 222 222 175 175 175 175 111 111 
240 240 240 240 187 187 187 187 187 187 187 187 66 145 145 145 213 213 213 222 222 222 222 222 175 175 175 111 111 
111 240 240 240 187 187 187 187 187 187 187 187 239 117 117 117 117 117 222 222 222 222 222 222 143 143 143 111 111 
111 240 240 240 187 187 187 187 187 187 239 239 239 239 117 117 117 117 222 222 222 222 222 143 143 143 143 111 111 
67 67 67 67 124 124 124 124 187 239 239 239 239 239 117 117 117 117 244 244 222 222 222 143 143 143 143 143 111 
67 67 67 124 124 124 124 124 239 239 239 239 239 239 239 117 117 117 244 244 244 151 151 143 143 143 143 182 67 
67 67 67 124 124 124 124 124 30 239 239 239 239 239 239 239 117 117 244 244 244 151 151 143 143 143 182 182 67 
67 67 67 124 124 124 124 30 30 30 239 239 239 239 239 239 27 27 244 244 244 151 151 151 143 143 182 182 67 
67 67 67 46 46 124 124 30 30 30 30 239 239 239 239 27 27 27 27 27 218 151 151 172 172 172 214 214 67 
67 46 46 46 46 46 30 30 30 30 30 30 239 239 27 27 27 27 27 27 27 218 172 172 172 172 214 214 214 
214 46 46 46 46 46 46 30 30 30 30 199 199 199 27 27 27 27 27 27 27 172 172 172 172 172 214 214 214 
214 46 46 46 46 46 46 30 30 30 199 199 199 199 199 27 27 27 27 27 27 172 172 172 172 172 214 214 214 
46 46 46 46 46 46 46 30 30 199 199 199 199 199 199 27 27 27 27 27 108 172 172 172 172 172 214 214 214 
46 46 46 46 46 46 150 150 52 199 199 199 199 130 130 130 161 161 161 161 108 172 172 172 172 172 172 214 214 
46 46 150 150 150 150 150 150 52 52 52 130 130 130 130 130 161 161 161 108 108 108 172 172 172 172 172 172 214 
150 150 150 150 150 150 150 150 52 52 52 130 130 130 130 130 161 161 161 161 108 108 172 172 172 172 172 172 167 
150 150 150 150 150 150 150 150 52 52 52 130 130 130 130 44 119 119 119 119 149 108 173 173 173 173 173 173 53 
185 185 185 150 150 150 150 150 52 52 52 130 130 130 44 44 119 119 119 119 149 149 149 173 173 173 216 53 53 
185 185 185 185 185 150 150 150 52 52 52 130 130 44 44 44 119 119 119 119 149 149 149 149 216 216 216 53 53 
97 185 185 185 185 150 150 150 96 96 96 164 164 164 164 44 119 119 119 119 149 149 149 165 216 216 216 53 53 
97 185 185 185 185 150 150 96 96 96 96 164 164 164 164 164 119 119 119 119 165 165 165 165 216 216 216 216 216 
97 97 185 185 185 96 96 96 96 96 96 96 164 164 164 164 164 119 119 165 165 165 165 165 165 216 216 216 53 
97 97 185 185 120 96 96 96 96 96 96 96 164 164 164 164 98 98 186 186 165 165 165 165 165 165 165 165 53 
25 25 25 60 60 96 96 96 96 96 96 96 59 59 59 59 59 186 186 186 165 165 165 165 165 165 165 165 35 
60 60 60 60 60 153 153 96 96 96 96 59 59 59 59 59 59 186 186 186 186 165 165 165 165 165 165 165 35 
60 60 60 60 60 153 153 153 96 96 96 59 59 59 59 59 186 186 186 186 186 186 95 95 95 95 95 35 60 
60 60 60 60 60 153 153 153 153 96 96 59 59 59 145 145 145 186 186 186 186 186 95 95 95 95 175 60 60 
60 60 60 60 60 153 187 153 153 198 198 66 66 145 145 145 145 213 186 186 186 186 95 95 175 175 175 175 60 
240 240 240 240 187 187 187 187 187 187 187 66 66 145 145 145 213 213 213 186 186 186 95 175 175 175 175 175 60 
240 240 240 240 187 187 187 187 187 187 187 66 66 145 145 145 213 213 213 213 222 222 222 175 175 175 175 111 111 
111 240 240 240 187 187 187 187 187 187 187 187 66 145 145 145 213 213 213 213 222 222 222 222 143 143 143 111 111 
111 240 240 240 187 187 187 187 187 187 187 243 243 117 117 117 117 117 117 222 222 222 222 143 143 143 143 111 111 
111 111 240 240 124 187 187 187 187 187 239 239 239 117 117 117 117 117 117 222 222 222 222 143 143 143 143 111 111 
67 67 67 67 124 124 124 72 72 239 239 239 239 239 117 117 117 117 117 151 151 151 151 143 143 143 143 143 111 
67 67 67 124 124 124 124 72 72 239 239 239 239 239 117 117 117 117 151 151 151 151 151 143 143 143 182 182 182 
67 67 67 124 124 124 124 124 30 239 239 239 239 239 239 239 117 117 151 151 151 151 151 151 9 9 182 182 182 
67 67 67 124 124 124 124 30 30 30 239 239 239 239 239 239 27 27 27 151 151 151 151 151 9 9 182 182 182 
67 67 46 46 46 46 30 30 30 30 30 239 239 239 239 27 27 27 27 218 218 151 151 151 9 9 214 214 214 
214 46 46 46 46 46 30 30 30 30 30 30 239 239 27 27 27 27 27 218 218 218 218 172 172 214 214 214 214 
214 46 46 46 46 46 46 30 30 30 30 30 199 204 27 27 27 27 27 218 218 218 172 172 172 214 214 214 214 
214 46 46 46 46 46 46 30 30 30 30 45 45 204 204 27 27 27 27 218 218 172 172 172 172 172 214 214 214 
214 46 46 46 46 46 46 30 30 45 45 45 204 204 204 204 27 27 27 218 218 172 172 172 172 172 214 214 214 
214 46 46 46 46 46 46 52 52 52 45 45 130 204 204 235 161 161 161 101 101 172 172 172 172 172 172 214 214 
167 196 196 150 150 150 150 52 52 52 52 130 130 130 130 235 161 161 161 101 101 101 172 172 172 172 172 214 214 
167 196 196 150 150 150 150 52 52 52 52 130 130 130 130 235 161 161 161 101 101 173 173 173 173 173 173 173 167 
196 196 196 150 150 150 150 52 52 52 52 130 130 130 130 44 44 161 161 101 149 149 173 173 173 173 173 173 53 
92 196 196 150 150 150 150 52 52 52 52 52 130 44 44 44 44 119 119 149 149 149 149 173 173 173 173 53 53 
53 185 185 185 150 150 150 52 52 52 52 52 223 44 44 44 44 119 119 149 149 149 149 149 173 173 53 53 53 
53 53 185 185 185 150 150 52 96 96 96 164 164 44 44 44 44 119 119 119 149 149 149 165 165 216 53 53 53 
53 53 185 185 185 11 11 11 96 96 96 164 164 164 164 44 44 119 119 165 165 165 165 165 165 165 53 53 53 
53 53 185 185 74 11 11 11 96 96 96 96 164 164 164 164 44 119 119 165 165 165 165 165 165 165 165 53 53 
53 53 60 60 74 11 11 11 96 96 96 96 164 164 164 164 44 186 186 126 165 165 165 165 165 165 165 53 53 
60 60 60 60 60 11 11 11 96 96 96 96 247 247 247 247 247 186 186 186 165 165 165 165 165 165 165 165 53 
60 60 60 60 60 153 153 153 96 96 96 96 59 59 247 247 186 186 186 186 186 165 165 165 165 165 165 165 60 
60 60 60 60 60 153 153 153 153 153 96 59 59 59 247 247 186 186 186 186 186 186 165 165 165 165 165 60 60 
60 60 60 60 60 153 153 153 153 153 153 66 59 247 247 145 186 186 186 186 186 186 95 95 95 95 95 60 60 
60 60 60 60 60 153 153 153 153 153 66 66 66 66 145 145 145 186 186 186 186 186 95 95 95 175 175 60 60 
60 60 60 60 60 187 187 187 187 187 66 66 66 66 145 145 145 213 186 186 186 186 95 95 175 175 175 60 60 
240 240 240 240 248 187 187 187 187 187 243 66 66 66 145 145 213 213 213 186 186 186 95 95 175 175 175 111 111 
111 240 240 240 187 187 187 187 187 187 243 243 243 66 246 246 246 213 213 186 186 222 222 222 143 143 143 111 111 
111 240 240 240 187 187 187 187 187 187 243 243 243 117 117 117 117 117 117 222 222 222 222 143 143 143 143 111 111 
111 111 240 240 124 72 72 72 72 187 87 87 87 117 117 117 117 117 117 151 151 151 151 143 143 143 143 111 111 
67 67 67 67 124 72 72 72 72 239 239 239 239 117 117 117 117 117 117 151 151 151 151 143 143 143 143 215 111 
67 67 67 124 124 72 72 72 72 239 239 239 239 239 117 117 117 117 151 151 151 151 151 151 9 9 182 182 182 
67 67 67 124 124 124 124 124 30 30 239 239 239 239 239 117 117 117 151 151 151 151 151 9 9 9 182 182 182 
67 67 67 46 124 124 124 30 30 30 30 239 239 239 239 27 27 27 218 151 151 151 151 151 9 9 9 182 182 
67 46 46 46 46 46 30 30 30 30 30 239 239 239 27 27 27 27 218 218 218 151 151 151 9 9 214 214 214 
46 46 46 46 46 46 30 30 30 30 30 30 239 204 27 27 27 27 218 218 218 218 218 218 9 214 214 214 214 
46 46 46 46 46 46 46 30 30 30 30 45 45 204 204 27 27 27 218 218 218 218 218 172 172 214 214 214 214 
46 46 46 46 46 46 46 30 30 45 45 45 45 204 204 204 27 27 218 218 218 218 218 172 172 172 214 214 214 
46 46 46 46 46 46 46 30 45 45 45 45 204 204 204 204 27 27 218 218 218 218 172 172 209 209 209 214 214 
167 46 46 46 46 46 46 52 52 45 45 45 204 204 235 235 235 161 101 101 101 101 172 209 209 209 209 209 167 
167 196 196 196 196 150 150 52 52 52 52 45 130 235 235 235 235 161 101 101 101 101 173 173 173 209 209 167 167 
167 196 196 196 196 150 150 52 52 52 52 130 130 130 235 235 235 161 101 101 101 173 173 173 173 173 173 167 167 
196 196 196 196 196 150 150 52 52 52 52 52 130 223 223 44 44 161 101 101 101 173 173 173 173 173 173 173 167 
92 196 196 196 196 150 150 52 52 52 52 52 223 223 223 44 44 44 44 149 149 149 173 173 173 173 53 53 53 
53 196 196 196 196 150 150 52 52 52 52 52 223 223 44 44 44 44 44 149 149 149 149 173 173 53 53 53 53 
53 53 196 196 196 150 11 11 52 52 52 223 223 223 44 44 44 44 44 149 149 149 149 165 165 53 53 53 53 
53 53 53 53 74 11 11 11 11 11 96 164 223 223 44 44 44 44 208 208 165 165 165 165 165 53 53 53 53 
53 53 53 74 74 11 11 11 11 11 96 96 164 223 44 44 44 44 208 208 165 165 165 165 165 165 53 53 53 
53 53 60 60 74 11 11 11 11 11 96 247 247 247 247 247 247 208 208 126 165 165 165 165 165 165 53 53 53 
60 60 60 60 74 11 11 11 11 11 96 247 247 247 247 247 247 186 186 186 165 165 165 165 165 165 165 53 53 
60 60 60 60 60 153 153 153 153 153 96 247 247 247 247 247 186 186 186 186 186 165 165 165 165 165 165 60 60 
60 60 60 60 60 153 153 153 153 153 153 247 247 247 247 247 186 186 186 186 186 186 165 165 165 165 165 60 60 
60 60 60 60 60 153 153 153 153 153 153 66 247 247 247 247 186 186 186 186 186 186 186 95 95 165 60 60 60 
60 60 60 60 248 153 153 153 153 153 66 66 66 66 66 145 186 186 186 186 186 186 186 95 95 152 152 60 60 
60 60 60 60 248 248 153 153 153 153 66 66 66 66 66 246 246 186 186 186 186 186 186 95 152 152 152 60 60 
60 60 60 60 248 248 248 187 187 243 243 243 66 66 246 246 246 246 186 186 186 186 186 152 152 152 152 152 60 
60 60 60 240 248 248 187 187 187 243 243 243 243 66 246 246 246 246 246 186 186 186 222 152 152 152 215 215 215 
215 215 240 240 72 72 72 72 72 243 243 243 243 246 246 246 246 246 246 246 186 151 222 143 143 143 215 215 215 
215 215 240 72 72 72 72 72 72 87 87 87 87 117 117 117 117 117 117 151 151 151 151 143 143 143 215 215 215 
215 215 67 67 124 72 72 72 72 87 87 87 87 117 117 117 117 117 117 151 151 151 151 151 143 143 215 215 215 
233 233 233 124 124 72 72 72 73 73 87 87 87 87 117 117 117 117 151 151 151 151 151 151 9 9 233 233 233 
233 233 67 124 124 124 72 72 73 30 87 87 87 239 239 117 117 218 151 151 151 151 151 9 9 9 233 233 233 
233 233 46 46 124 124 124 30 30 30 30 239 239 68 68 27 27 218 218 151 151 151 151 9 9 9 233 233 233 
233 46 46 46 46 46 30 30 30 30 30 68 68 68 204 27 27 218 218 218 218 151 151 151 9 9 233 233 233 
46 46 46 46 46 46 46 148 148 148 148 148 45 204 204 27 27 218 218 218 218 218 218 218 9 9 214 214 214 
46 46 46 46 46 46 46 148 148 148 148 45 45 204 204 204 27 218 218 218 218 218 218 218 209 214 214 214 214 
46 46 46 46 46 46 46 226 148 45 45 45 45 204 204 204 27 218 218 218 218 218 218 209 209 209 209 214 214 
46 46 46 46 46 46 46 226 45 45 45 45 204 204 204 204 235 224 218 218 218 218 209 209 209 209 209 167 167 
167 46 46 46 196 46 226 226 45 45 45 45 204 204 235 235 235 235 101 101 101 101 209 209 209 209 209 167 167 
167 196 196 196 196 196 196 52 52 52 45 45 204 235 235 235 235 235 101 101 101 101 173 173 209 209 167 167 167 
167 196 196 196 196 196 196 81 52 52 52 52 204 235 235 235 235 235 101 101 101 173 173 173 173 173 167 167 167 
92 196 196 196 196 196 81 81 52 52 52 52 223 223 223 235 235 235 101 101 101 173 173 173 173 173 173 167 167 
92 92 196 196 196 196 196 81 52 52 52 52 223 223 223 44 44 44 101 101 149 173 173 173 173 173 53 53 53 
92 92 92 196 196 196 196 79 52 79 52 223 223 223 223 44 44 44 44 149 149 149 173 173 173 53 53 53 53 
53 92 92 92 196 11 11 11 79 79 79 223 223 223 223 44 44 44 44 208 149 149 165 165 165 53 53 53 53 
53 53 92 92 74 11 11 11 11 11 11 223 223 223 44 44 44 44 208 208 126 126 165 165 165 53 53 53 53 
53 53 53 74 74 11 11 11 11 11 11 247 247 223 44 44 44 208 208 208 126 126 165 165 165 53 53 53 53 
53 53 60 74 74 11 11 11 11 11 11 247 247 247 247 247 247 208 208 208 126 126 165 165 165 165 53 53 53 
60 60 60 60 74 11 11 11 11 11 11 247 247 247 247 247 247 208 208 208 126 126 165 165 165 165 165 53 53 
60 60 60 60 60 153 153 153 153 153 153 247 247 247 247 247 247 186 186 186 126 126 165 165 165 165 165 60 60 
60 60 60 60 60 153 153 153 153 153 153 247 247 247 247 247 133 133 133 133 133 133 165 165 165 165 60 60 60 
60 60 60 60 248 153 153 153 153 153 153 66 247 247 247 247 133 133 133 133 133 133 133 152 152 152 152 60 60 
60 60 60 60 248 248 153 153 153 153 66 66 66 66 66 66 133 133 133 133 133 133 133 152 152 152 152 60 60 
60 60 60 248 248 248 248 153 153 153 243 66 66 66 246 246 246 246 186 186 186 186 152 152 152 152 152 152 60 
60 60 60 248 248 248 248 248 248 243 243 243 66 66 246 246 246 246 186 186 186 186 152 152 152 152 152 152 152 
60 60 60 248 248 248 248 248 73 243 243 243 243 66 246 246 246 246 246 186 186 151 152 152 152 152 152 215 215 
215 215 215 248 248 72 72 73 73 243 243 243 243 246 246 246 246 246 246 246 151 151 151 152 152 215 215 215 215 
215 215 215 248 72 72 72 72 73 87 87 87 87 87 246 246 246 246 246 151 151 151 151 143 143 215 215 215 215 
215 215 215 72 72 72 72 72 72 87 87 87 87 87 117 117 117 117 151 151 151 151 151 151 9 9 215 215 215 
233 233 233 233 73 73 73 73 73 73 87 87 87 68 68 117 117 151 151 151 151 151 151 151 9 9 233 233 233 
233 233 233 233 73 73 73 73 73 73 68 68 68 68 68 68 117 218 151 151 151 151 151 9 9 9 233 233 233 
233 233 233 46 124 73 73 148 148 148 68 68 68 68 68 68 218 218 218 151 151 151 151 151 9 9 233 233 233 
233 233 46 46 46 46 148 148 148 148 148 68 68 68 68 218 218 218 218 218 218 151 151 151 9 9 233 233 233 
233 46 46 46 46 46 148 148 148 148 148 148 148 136 136 136 218 218 218 218 218 218 218 218 9 9 233 233 233 
46 46 46 46 46 46 148 148 148 148 148 236 236 204 204 204 218 218 218 218 218 218 218 218 209 209 233 233 233 
167 46 46 46 46 226 226 226 148 148 236 236 236 204 204 204 224 224 218 218 218 218 218 209 209 209 209 209 167 
167 46 46 46 41 226 226 226 226 236 236 236 236 204 204 204 224 224 224 218 218 218 209 209 209 209 209 167 167 
167 167 207 207 207 226 226 226 226 236 236 236 236 204 235 235 235 224 101 101 101 101 209 209 209 209 167 167 167 
167 167 196 196 196 196 226 226 226 236 236 236 236 235 235 235 235 235 101 101 101 173 173 209 209 209 167 167 167 
167 196 196 196 196 196 81 81 81 81 81 81 236 235 235 235 235 101 101 101 101 173 173 173 173 209 167 167 167 
92 92 196 196 196 196 81 81 81 81 81 81 223 223 223 235 235 101 101 101 101 173 173 173 173 173 167 167 167 
92 92 92 196 196 196 81 81 81 79 79 79 223 223 223 223 223 101 101 101 101 173 173 173 173 173 53 53 92 
92 92 92 92 196 196 81 79 79 79 79 79 223 223 223 223 223 223 32 32 149 173 173 173 173 53 53 53 53 
92 92 92 92 92 74 11 79 79 79 79 79 223 223 223 223 44 44 32 32 126 126 126 126 165 53 53 53 53 
53 92 92 92 74 74 11 11 11 79 79 110 223 223 223 44 44 208 208 208 126 126 126 126 165 53 53 53 53 
53 53 92 74 74 74 11 11 11 11 11 247 247 247 247 44 208 208 208 208 126 126 126 126 165 53 53 53 53 
53 33 33 74 74 74 11 11 11 11 11 247 247 247 247 247 208 208 208 208 126 126 126 126 165 53 53 53 53 
60 60 60 74 74 74 11 11 11 11 11 247 247 247 247 247 247 208 208 208 126 126 126 126 165 165 165 53 53 
60 60 60 60 74 74 153 153 153 153 153 247 247 247 247 247 247 208 208 208 126 126 126 165 165 165 165 60 60 
60 60 60 60 248 153 153 153 153 153 153 247 247 247 247 247 247 133 133 133 133 133 133 165 165 152 152 60 60 
60 60 60 60 248 248 153 153 153 153 153 66 247 247 247 247 133 133 133 133 133 133 133 152 152 152 152 60 60 
60 60 60 248 248 248 248 153 153 153 153 66 66 66 66 246 246 133 133 133 133 133 152 152 152 152 152 152 60 
219 219 219 248 248 248 248 248 153 153 243 66 66 66 246 246 246 246 93 93 93 133 152 152 152 152 152 152 60 
219 219 219 248 248 248 248 248 248 243 243 243 243 66 246 246 246 246 93 93 93 152 152 152 152 152 152 152 219 
219 219 219 248 248 248 248 73 73 243 243 243 243 243 246 246 246 246 93 93 93 152 152 152 152 152 152 152 215 
215 215 219 248 248 73 73 73 73 73 243 243 243 246 246 246 246 246 246 93 151 151 152 152 152 152 215 215 215 
215 215 215 248 73 73 73 73 73 73 87 87 87 87 246 246 246 246 246 151 151 151 151 151 152 215 215 215 215 
233 233 233 73 73 73 73 73 73 73 87 87 87 87 87 246 246 246 151 151 151 151 151 151 9 233 233 215 233 
233 233 233 233 73 73 73 73 73 73 68 68 68 68 68 68 170 151 151 151 151 151 151 151 9 233 233 233 233 
233 233 233 184 184 73 73 73 73 73 68 68 68 68 68 68 170 151 151 151 151 151 151 151 9 233 233 233 233 
233 233 233 184 184 184 73 148 148 148 68 68 68 68 68 68 170 188 202 151 151 151 151 151 9 233 233 233 233 
233 233 233 184 184 184 148 148 148 148 148 68 68 68 136 188 188 188 202 202 202 151 151 151 9 233 233 233 233 
233 233 184 184 184 184 148 148 148 148 148 148 136 136 136 188 188 188 202 202 218 218 218 218 9 233 233 233 233 
41 41 41 41 41 226 226 148 148 148 148 236 236 136 136 188 188 188 202 202 218 218 218 218 209 209 233 233 233 
167 41 41 41 41 226 226 226 148 148 236 236 236 236 204 224 224 224 224 218 218 218 218 209 209 209 209 167 167 
167 41 41 41 41 226 226 226 226 236 236 236 236 236 204 224 224 224 224 224 218 218 209 209 209 209 167 167 167 
167 207 207 207 207 226 226 226 226 236 236 236 236 236 235 224 224 224 224 101 101 101 209 209 209 209 167 167 167 
167 207 207 207 207 207 226 226 226 236 236 236 236 236 235 235 94 94 101 101 101 173 209 209 209 209 167 167 167 
167 207 207 207 207 207 81 81 81 81 81 81 236 235 235 235 94 94 101 101 101 173 173 173 209 167 167 167 167 
92 92 92 196 196 196 81 81 81 81 81 81 223 223 223 235 94 94 101 101 101 173 173 173 173 173 167 167 167 
92 92 92 92 196 196 81 81 81 81 79 79 223 223 223 223 129 129 101 101 173 173 173 173 173 173 167 167 92 
92 92 92 92 196 196 81 81 79 79 79 79 223 223 223 129 129 129 32 32 32 173 173 173 173 53 53 53 92 
92 92 92 92 92 74 74 79 79 79 79 110 223 223 223 129 129 129 32 32 32 126 126 126 53 53 53 53 53 
92 92 92 92 74 74 74 74 79 79 110 110 110 223 129 129 129 208 208 208 126 126 126 126 126 53 53 53 53 
33 33 33 74 74 74 74 74 11 110 110 110 110 247 247 129 208 208 208 208 126 126 126 126 126 53 53 53 53 
33 33 33 74 74 74 74 11 11 11 110 110 247 247 247 247 208 208 208 208 126 126 126 126 126 53 53 53 53 
33 33 33 74 74 74 74 11 11 11 11 247 247 247 247 247 208 208 208 208 126 126 126 126 126 126 53 53 33 
60 60 60 60 74 74 74 153 153 153 153 247 247 247 247 247 247 208 208 208 126 126 126 126 126 152 152 60 60 
60 60 60 60 248 248 153 153 153 153 153 247 247 247 247 247 133 133 133 133 133 126 126 152 152 152 152 152 60 
60 60 60 248 248 248 248 153 153 153 153 66 247 247 247 247 133 133 133 133 133 133 152 152 152 152 152 152 60 
219 219 219 248 248 248 248 248 153 153 153 66 66 66 66 246 93 93 93 93 93 93 152 152 152 152 152 152 60 
219 219 219 248 248 248 248 248 248 153 243 243 66 66 246 246 246 93 93 93 93 93 152 152 152 152 152 152 219 
219 219 219 248 248 248 248 248 248 243 243 243 243 66 246 246 246 93 93 93 93 93 152 152 152 152 152 152 219 
219 219 219 248 248 248 248 73 73 73 243 243 243 243 246 246 246 93 93 93 93 93 152 152 152 152 152 152 215 
219 219 219 248 248 73 73 73 73 73 243 243 243 243 246 246 246 246 93 93 93 151 152 152 152 152 152 215 215 
215 215 219 248 73 73 73 73 73 73 87 87 87 87 246 246 246 246 93 93 151 151 151 151 152 233 233 215 215 
233 233 233 73 73 73 73 73 73 73 87 87 87 87 87 246 246 246 93 151 151 151 151 151 233 233 233 233 233 
233 233 233 233 73 73 73 73 73 73 68 68 68 68 68 170 170 170 227 43 43 43 43 43 233 233 233 233 233 
233 233 233 184 184 73 73 73 73 68 68 68 68 68 68 170 170 170 227 43 43 43 43 43 233 233 233 233 233 
233 233 184 184 184 184 51 51 51 51 68 68 68 68 68 68 170 188 202 202 202 43 43 151 233 233 233 233 233 
233 233 184 184 184 184 51 51 51 51 51 68 68 68 136 188 188 188 202 202 202 202 202 151 233 233 233 233 233 
233 41 184 184 184 184 51 51 148 148 148 136 136 136 136 188 188 188 202 202 202 202 202 202 233 233 233 233 233 
41 41 41 41 41 226 226 226 148 148 148 236 136 136 136 188 188 188 202 202 202 202 202 202 209 209 233 233 233 
41 41 41 41 41 226 226 226 226 148 236 236 236 136 136 188 188 188 202 202 202 202 202 209 209 209 167 167 167 
167 41 41 41 41 226 226 226 226 226 236 236 236 236 136 224 224 224 224 202 202 202 209 209 209 209 167 167 167 
167 207 207 207 207 226 226 226 226 226 236 236 236 236 236 94 224 94 94 94 202 202 209 209 209 209 167 167 167 
167 207 207 207 207 207 226 226 226 226 236 236 236 236 235 94 94 94 94 94 94 173 209 209 209 167 167 167 167 
167 207 207 207 207 207 81 81 81 81 81 236 236 129 129 94 94 94 94 94 94 173 173 173 209 167 167 167 167 
106 106 106 207 207 207 81 81 81 81 81 110 110 129 129 129 94 94 94 94 94 173 173 173 173 167 167 167 167 
106 106 106 106 106 106 81 81 81 81 110 110 110 129 129 129 129 129 129 32 32 173 173 173 173 173 167 106 106 
106 106 106 106 106 106 81 81 81 79 110 110 110 129 129 129 129 129 32 32 32 32 173 173 173 53 53 106 106 
106 106 106 106 106 106 74 110 110 110 110 110 110 129 129 129 129 129 32 32 32 126 126 126 126 53 53 106 106 
106 106 106 106 74 74 74 110 110 110 110 110 110 129 129 129 129 32 32 32 32 126 126 126 126 53 53 53 106 
33 33 33 33 74 74 74 74 110 110 110 110 110 129 129 129 129 208 208 208 126 126 126 126 126 126 53 53 33 
33 33 33 33 74 74 74 74 74 110 110 110 110 247 247 129 208 208 208 208 126 126 126 126 126 126 53 53 33 
33 33 33 33 74 74 74 74 74 110 110 247 247 247 247 247 208 208 208 208 126 126 126 126 126 126 53 33 33 
33 33 33 33 74 74 7 7 7 7 7 247 247 247 247 139 139 208 208 208 126 126 126 126 126 152 152 33 33 
60 60 60 60 248 7 7 7 7 7 7 247 247 247 247 139 139 133 93 93 126 126 126 152 152 152 152 152 33 
60 60 60 248 248 248 7 7 7 7 7 7 247 139 139 139 139 93 93 93 93 93 152 152 152 152 152 152 152 
219 219 219 248 248 248 248 7 7 7 7 66 66 66 139 139 139 93 93 93 93 93 152 152 152 152 152 152 219 
219 219 219 248 248 248 248 248 7 7 7 243 66 66 246 246 93 93 93 93 93 93 152 152 152 152 152 152 219 
219 219 219 248 248 248 248 248 248 248 243 243 243 66 246 246 246 93 93 93 93 93 152 152 152 152 152 152 219 
219 219 219 248 248 248 248 73 73 73 73 127 243 243 246 246 246 93 93 93 93 93 152 152 152 152 152 152 152 
219 219 219 248 248 73 73 73 73 73 127 127 127 127 246 246 246 93 93 93 93 93 152 152 152 152 152 152 215 
233 233 219 248 73 73 73 73 73 73 127 127 127 127 246 246 246 194 93 93 93 151 151 152 152 233 233 233 233 
233 233 233 73 73 73 73 73 73 73 73 127 87 127 170 170 170 194 93 93 43 151 151 151 233 233 233 233 233 
233 217 217 217 184 73 73 73 73 127 127 127 68 68 170 170 170 170 227 43 43 43 43 43 13 13 233 233 233 
233 217 217 184 184 184 73 51 51 51 68 68 68 68 170 170 170 170 227 43 43 43 43 43 13 13 233 233 233 
233 217 184 184 184 184 51 51 51 51 51 68 68 68 170 170 170 170 202 43 43 43 43 13 13 13 233 233 233 
233 184 184 184 184 184 51 51 51 51 51 68 136 136 136 170 188 188 202 202 202 202 43 13 13 13 233 233 233 
233 184 184 184 184 184 51 51 51 51 51 230 136 136 136 188 188 188 202 202 202 202 202 202 13 13 233 233 233 
41 41 41 41 184 184 226 51 51 51 51 230 136 136 136 188 188 188 202 202 202 202 202 202 209 13 233 233 233 
41 41 41 41 41 226 226 226 226 51 51 230 136 136 136 188 188 188 202 202 202 202 202 202 209 209 167 167 167 
41 41 41 41 41 226 226 226 226 226 236 236 236 136 136 136 188 188 202 202 202 202 202 209 209 209 167 167 167 
167 207 207 41 41 207 226 226 226 226 236 236 236 236 136 94 94 94 94 94 202 202 209 209 209 167 167 167 167 
167 207 207 207 207 207 226 226 226 226 236 236 236 236 129 94 94 94 94 94 94 94 209 209 209 167 167 167 167 
106 207 207 207 207 207 207 81 81 81 110 236 236 129 129 94 94 94 94 94 94 94 173 173 209 167 167 167 167 
106 106 106 207 207 207 81 81 81 81 110 110 110 129 129 129 129 94 94 94 94 173 173 173 173 167 167 141 106 
106 106 106 106 106 106 81 81 81 110 110 110 110 129 129 129 129 129 129 129 160 160 173 173 173 106 106 106 106 
106 106 106 106 106 106 110 110 110 110 110 110 110 129 129 129 129 129 32 32 32 32 32 76 76 106 106 106 106 
106 106 106 106 106 106 110 110 110 110 110 110 110 129 129 129 129 129 32 32 32 32 126 76 76 76 106 106 106 
106 106 106 106 106 74 74 110 110 110 110 110 110 129 129 129 129 32 32 32 32 32 126 76 76 76 76 106 106 
33 33 33 33 74 74 74 74 110 110 110 110 110 129 129 129 129 32 32 32 32 126 126 126 126 126 53 53 33 
33 33 33 33 74 74 74 74 110 110 110 110 110 129 129 129 129 238 238 238 238 126 126 126 126 126 53 33 33 
33 33 33 33 74 74 74 74 7 110 110 19 19 19 139 139 139 238 238 238 238 126 126 126 126 126 33 33 33 
33 33 33 33 74 7 7 7 7 7 7 113 113 139 139 139 139 139 238 238 126 126 126 126 126 152 152 33 33 
33 33 33 33 248 7 7 7 7 7 7 113 113 139 139 139 139 139 93 93 93 126 126 152 152 152 152 152 33 
60 60 60 248 248 7 7 7 7 7 7 113 113 139 139 139 139 139 93 93 93 93 93 152 152 152 152 152 152 
219 219 219 248 248 248 7 7 7 7 7 113 113 139 139 139 139 93 93 93 93 93 152 152 152 152 152 152 152 
219 219 219 248 248 248 248 7 7 7 7 113 113 139 139 139 139 93 93 93 93 93 152 152 152 152 152 152 152 
219 219 219 248 248 248 248 248 248 248 127 127 127 139 139 194 194 93 93 93 93 93 93 152 152 152 152 152 152 
219 219 248 248 248 248 248 73 73 127 127 127 127 127 194 194 194 194 93 93 93 93 93 152 152 152 152 152 152 
219 219 248 248 248 73 73 73 73 127 127 127 127 127 127 194 194 194 194 93 93 93 43 152 152 152 152 152 215 
233 37 37 248 73 73 73 73 73 127 127 127 127 127 127 170 194 194 194 93 43 43 43 43 13 13 233 233 233 
233 217 217 217 73 73 73 73 73 127 127 127 127 127 170 170 170 194 194 227 43 43 43 43 13 13 233 233 233 
217 217 217 217 217 184 184 73 127 127 127 127 127 170 170 170 170 170 227 227 43 43 43 43 13 13 13 13 217 
217 217 217 184 184 184 184 51 51 127 127 127 127 170 170 170 170 170 227 227 43 43 43 43 13 13 13 13 217 
217 217 184 184 184 184 51 51 51 51 51 230 230 170 170 170 170 170 227 227 43 43 43 13 13 13 13 13 217 
217 184 184 184 184 184 51 51 51 51 51 230 230 136 170 170 188 188 202 202 202 43 43 13 13 13 13 13 217 
217 184 184 184 184 184 51 51 51 51 51 230 230 136 136 188 188 188 202 202 202 202 202 202 13 13 13 13 217 
41 41 184 184 184 184 226 51 51 51 51 230 230 136 136 188 188 188 202 202 202 202 202 202 202 13 13 13 217 
41 41 41 41 41 226 226 226 226 51 230 230 230 136 136 188 188 188 202 202 202 202 202 202 209 209 167 167 141 
41 41 41 41 41 226 226 226 226 226 230 230 230 136 136 136 188 188 202 202 202 202 202 202 209 209 167 167 141 
141 207 207 207 207 207 226 226 226 226 230 230 168 168 168 94 94 94 94 94 202 202 202 209 209 167 167 141 141 
141 207 207 207 207 207 226 226 226 226 226 236 168 168 168 94 94 94 94 94 94 94 209 209 209 167 141 141 141 
141 141 207 207 207 207 207 226 226 226 110 110 129 129 129 129 94 94 94 94 94 160 160 173 141 141 141 141 141 
141 106 106 207 207 207 207 110 110 110 110 110 129 129 129 129 129 129 94 94 160 160 160 173 141 141 141 141 141 
106 106 106 106 106 106 110 110 110 110 110 110 129 129 129 129 129 129 129 160 160 160 160 76 76 141 141 141 106 
106 106 106 106 106 106 110 110 110 110 110 110 110 129 129 129 129 129 129 32 160 160 160 76 76 76 106 106 106 
106 106 106 106 106 106 110 110 110 110 110 110 110 129 129 129 129 129 32 32 32 160 76 76 76 76 147 106 106 
106 106 106 106 106 106 110 110 110 110 110 110 110 129 129 129 129 129 32 32 32 32 76 76 76 76 76 106 106 
33 33 33 33 33 74 74 110 110 110 110 110 110 129 129 129 129 129 32 32 238 126 76 76 76 76 147 33 33 
33 33 33 33 33 74 74 74 110 110 110 19 19 19 129 129 129 238 238 238 238 126 126 126 76 76 147 33 33 
33 33 33 33 33 74 74 7 7 110 19 19 19 19 139 139 139 238 238 238 238 126 126 126 126 126 33 33 33 
33 33 33 33 33 7 7 7 7 7 113 113 113 139 139 139 139 139 238 238 238 126 126 126 126 152 152 33 33 
33 33 33 33 7 7 7 7 7 7 113 113 113 139 139 139 139 139 93 93 93 93 171 171 171 152 152 152 33 
157 157 157 248 158 7 7 7 7 7 113 113 113 139 139 139 139 139 93 93 93 93 93 171 152 152 152 152 157 
219 219 219 158 158 158 7 7 7 7 113 113 113 139 139 139 139 139 93 93 93 93 93 152 152 152 152 152 152 
219 219 219 158 158 158 158 7 7 7 113 113 113 139 139 139 139 194 93 93 93 93 93 152 152 152 152 152 152 
219 219 109 158 158 158 158 248 248 127 127 127 127 139 139 194 194 194 93 93 93 93 93 152 152 152 152 152 152 
219 219 109 248 158 158 248 248 127 127 127 127 127 127 127 194 194 194 194 93 93 93 93 152 152 152 152 201 201 
37 37 37 248 158 158 73 73 127 127 127 127 127 127 127 194 194 194 194 194 194 194 43 43 13 201 201 201 201 
37 37 37 37 73 73 73 73 127 127 127 127 127 127 127 194 194 194 194 194 194 43 43 43 13 201 201 201 201 
217 217 217 217 73 73 73 73 127 127 127 127 127 127 170 170 170 170 194 227 43 43 43 43 13 13 13 13 13 
217 217 217 217 217 184 184 51 127 127 127 127 127 170 170 170 170 170 227 227 43 43 43 43 13 13 13 13 217 
217 217 217 217 184 184 184 51 51 127 127 127 127 170 170 170 170 170 227 227 43 43 43 43 13 13 13 13 217 
217 217 217 184 184 184 184 51 51 51 51 230 230 170 170 170 170 170 227 227 43 43 43 13 13 13 13 13 217 
217 217 184 184 184 184 184 51 51 51 230 230 230 230 170 170 170 188 202 43 43 43 43 13 13 13 13 13 13 
217 184 184 184 184 184 51 51 51 51 230 230 230 230 230 188 188 188 202 202 202 202 202 13 13 13 13 13 13 
217 184 184 184 184 184 226 51 51 51 230 230 230 230 136 188 188 188 202 202 202 202 202 80 80 13 13 13 13 
2 2 2 2 2 226 226 226 51 51 230 230 230 230 168 168 188 188 202 202 202 202 202 80 80 80 141 141 8 
141 2 2 2 2 2 226 226 226 230 230 230 230 168 168 168 188 202 202 202 202 202 80 80 80 141 141 141 8 
141 2 2 2 2 2 226 226 226 226 230 168 168 168 168 168 94 94 94 94 202 202 80 80 80 141 141 141 141 
141 141 207 207 207 207 226 226 226 226 230 168 168 168 168 168 94 94 94 94 94 160 80 80 141 141 141 141 141 
141 141 207 207 207 207 207 226 226 226 3 3 168 129 129 129 129 94 94 94 160 160 160 160 141 141 141 141 141 
141 141 106 207 207 207 24 110 110 110 3 3 3 129 129 129 129 129 112 160 160 160 160 160 76 141 141 141 141 
141 106 106 106 106 106 110 110 110 110 110 3 3 129 129 129 129 129 129 160 160 160 160 160 76 141 141 141 141 
106 106 106 106 106 106 110 110 110 110 110 3 3 129 129 129 129 129 129 160 160 160 160 76 76 147 147 106 106 
106 106 106 106 106 106 110 110 110 110 110 110 3 129 129 129 129 129 129 160 160 160 76 76 76 147 147 147 106 
106 106 205 205 205 205 110 110 110 110 110 110 110 129 129 129 129 129 32 32 160 160 76 76 76 147 147 147 106 
205 205 205 205 205 205 110 110 110 110 110 19 19 19 129 129 129 129 32 238 238 160 76 76 76 147 147 147 205 
205 205 205 205 205 205 74 110 110 19 19 19 19 19 19 129 129 238 238 238 238 238 76 76 76 147 147 205 205 
205 205 205 205 205 205 74 7 19 19 19 19 19 19 19 139 139 238 238 238 238 238 76 76 76 147 147 205 205 
205 205 205 205 205 7 7 7 7 113 113 113 113 139 139 139 139 139 238 238 238 126 171 171 171 171 205 205 205 
157 157 157 157 158 7 7 7 7 113 113 113 113 139 139 139 139 139 86 86 86 171 171 171 171 171 171 157 157 
157 157 157 157 158 158 7 7 7 113 113 113 113 139 139 139 139 139 86 86 93 93 171 171 171 171 171 157 157 
157 157 109 109 158 158 158 7 7 113 113 113 113 139 139 139 139 139 93 93 93 93 171 171 171 152 152 157 157 
109 109 109 109 158 158 158 158 7 113 113 113 113 139 139 139 139 194 93 93 93 93 93 171 171 152 152 152 157 
109 109 109 109 158 158 158 158 158 127 127 127 40 40 40 194 194 194 194 93 93 93 93 171 171 152 201 201 201 
109 109 109 109 158 158 158 158 127 127 127 127 127 40 40 194 194 194 194 194 93 93 93 54 54 201 201 201 201 
37 37 37 37 234 234 234 234 127 127 127 127 127 127 40 194 194 194 194 194 194 194 54 43 201 201 201 201 201 
37 37 37 37 234 234 234 73 127 127 127 127 127 127 127 194 194 194 194 194 194 43 43 43 13 201 201 201 201 
217 217 217 217 217 234 234 127 127 127 127 127 127 127 170 170 170 170 194 227 43 43 43 43 13 13 13 201 201 
217 217 217 217 217 184 131 131 127 127 127 127 127 116 116 116 116 116 227 227 43 43 43 43 13 13 13 201 201 
217 217 217 217 184 184 184 51 51 127 127 127 116 116 116 116 116 116 227 227 43 43 43 43 13 13 13 13 217 
217 217 217 184 184 184 184 51 51 51 51 230 116 116 116 116 170 170 227 227 43 43 43 43 13 13 13 13 217 
217 217 184 184 184 184 184 51 51 51 230 230 230 116 116 116 170 170 227 43 43 43 43 13 13 13 13 13 217 
217 184 184 184 184 184 51 51 51 51 230 230 230 230 230 116 170 188 202 202 202 80 80 13 13 13 13 13 217 
217 184 184 184 184 184 184 51 51 230 230 230 230 230 168 168 188 188 202 202 80 80 80 80 80 80 13 13 8 
8 2 2 2 2 2 226 226 51 230 230 230 230 168 168 168 168 169 202 202 80 80 80 80 80 80 8 8 8 
8 2 2 2 2 2 226 226 226 230 230 230 168 168 168 168 169 169 169 202 80 80 80 80 80 8 8 8 8 
141 141 2 2 2 2 226 226 226 69 230 168 168 168 168 168 169 169 169 169 80 80 80 80 80 8 8 8 141 
141 141 141 2 2 207 24 24 24 69 69 168 168 168 168 168 169 112 169 160 160 80 80 80 8 8 141 141 141 
141 141 141 141 207 207 24 24 24 69 3 3 3 129 129 129 112 112 112 160 160 160 160 160 141 141 141 141 141 
141 141 141 193 193 24 24 24 24 3 3 3 3 129 129 129 112 112 112 160 160 160 160 160 160 141 141 141 141 
141 193 193 193 193 193 71 71 110 3 3 3 3 129 129 129 129 112 112 160 160 160 160 160 160 147 141 141 141 
193 193 193 193 193 193 110 110 110 3 3 3 3 129 129 129 129 129 129 160 160 160 160 160 147 147 147 147 193 
193 193 193 193 193 193 110 110 110 110 3 3 3 129 129 129 129 129 129 160 160 160 160 76 147 147 147 147 193 
205 205 205 205 205 205 110 110 110 110 3 3 3 129 129 129 129 129 129 160 160 160 160 76 147 147 147 147 205 
205 205 205 205 205 205 58 58 110 19 19 19 19 19 129 129 129 129 129 160 160 160 76 76 147 147 147 147 205 
205 205 205 205 205 205 58 58 58 19 19 19 19 19 19 129 129 129 238 238 160 160 76 76 147 147 147 205 205 
205 205 205 205 205 205 155 155 155 19 19 19 19 19 19 154 123 123 238 238 238 238 171 76 147 147 147 205 205 
205 205 205 205 205 205 155 155 155 113 113 113 113 113 139 139 139 139 86 86 86 171 171 171 171 171 205 205 205 
157 157 157 157 157 158 31 31 31 113 113 113 113 113 139 139 139 139 86 86 86 171 171 171 171 171 171 157 157 
157 157 157 157 158 158 31 31 31 113 113 113 113 113 139 139 139 139 86 86 86 86 171 171 171 171 171 157 157 
157 157 157 109 158 158 158 31 113 113 113 113 113 113 139 139 139 139 86 86 86 86 171 171 171 171 171 157 157 
109 109 109 109 158 158 158 158 113 113 113 113 113 40 139 139 194 194 194 93 93 93 171 171 171 171 125 125 157 
109 109 109 109 234 234 234 234 234 113 113 40 40 40 40 194 194 194 194 194 93 93 54 171 171 125 201 201 201 
109 109 109 109 234 234 234 234 127 127 127 127 40 40 40 194 194 194 194 194 93 54 54 54 54 201 201 201 201 
37 37 37 37 234 234 234 234 127 127 127 127 127 40 40 194 194 194 194 194 194 54 54 54 201 201 201 201 201 
37 37 37 37 234 234 234 234 127 127 127 127 127 127 40 194 194 194 194 194 43 43 43 43 13 201 201 201 201 
37 37 37 37 37 234 234 127 127 127 127 127 127 127 116 116 116 116 116 227 43 43 43 43 13 13 201 201 201 
37 37 217 217 217 131 131 131 131 127 127 127 127 116 116 116 116 116 116 43 43 43 43 43 13 13 201 201 201 
217 217 217 217 184 131 131 131 131 127 127 127 116 116 116 116 116 116 116 43 43 43 43 43 13 13 13 13 13 
217 217 217 184 184 184 184 131 51 16 16 16 116 116 116 116 116 116 116 43 43 43 43 43 13 13 13 13 13 
217 217 184 184 184 184 184 51 51 230 230 230 230 116 116 116 116 116 116 43 43 43 43 43 13 13 13 13 13 
217 184 184 184 184 184 51 51 51 230 230 230 230 230 230 116 116 116 169 202 80 80 80 80 13 13 13 13 13 
8 184 184 184 184 184 184 51 51 230 230 230 230 168 168 168 169 169 169 169 80 80 80 80 80 122 122 122 8 
8 8 2 2 2 2 24 24 51 230 230 230 168 168 168 168 169 169 169 169 80 80 80 80 80 80 8 8 8 
8 8 2 2 2 2 24 24 69 69 230 168 168 168 168 168 169 169 169 169 80 80 80 80 80 8 8 8 8 
8 8 2 2 2 24 24 24 69 69 69 168 168 168 168 168 169 169 169 169 80 80 80 80 80 8 8 8 8 
8 141 141 2 24 24 24 24 24 69 69 168 168 168 168 168 169 169 169 169 80 80 80 80 8 8 8 8 8 
141 141 141 141 24 24 24 24 24 69 69 3 3 168 129 129 112 112 112 160 160 160 160 160 8 8 8 8 141 
141 141 193 193 193 24 24 24 24 3 3 3 3 129 129 129 112 112 112 160 160 160 160 160 160 141 141 141 141 
193 193 193 193 193 71 71 71 71 3 3 3 3 3 129 129 112 112 112 160 160 160 160 160 160 147 141 141 141 
193 193 193 193 193 71 71 71 71 3 3 3 3 3 129 129 129 129 160 160 160 160 160 160 147 147 147 147 193 
193 193 193 193 193 71 71 71 71 3 3 3 3 3 129 129 129 129 129 160 160 160 160 160 147 147 147 147 193 
205 205 205 205 205 205 71 58 110 3 3 3 3 19 129 129 129 129 129 160 160 160 160 160 147 147 147 147 205 
205 205 205 205 205 205 58 58 58 19 19 19 19 19 129 129 129 129 123 160 160 160 160 147 147 147 147 147 205 
205 205 205 205 205 58 58 58 58 19 19 19 19 19 19 154 123 123 123 123 160 160 160 147 147 147 147 205 205 
205 205 205 205 205 155 155 155 155 19 19 19 19 19 154 154 123 123 123 123 123 171 171 171 147 147 147 205 205 
205 205 205 205 205 155 155 155 155 113 113 113 113 113 154 154 123 123 123 86 86 171 171 171 171 171 205 205 205 
157 157 157 157 157 31 31 31 31 113 113 113 113 113 139 139 139 123 86 86 86 171 171 171 171 171 171 205 157 
157 157 157 157 109 158 31 31 31 113 113 113 113 113 139 139 139 86 86 86 86 86 171 171 171 171 125 157 157 
157 157 109 109 109 158 31 31 31 113 113 113 113 113 139 139 139 86 86 86 86 86 171 171 171 125 125 125 157 
109 109 109 109 109 234 234 234 31 113 113 113 113 40 40 139 194 194 86 86 86 86 171 171 171 125 125 125 157 
109 109 109 109 234 234 234 234 234 113 113 40 40 40 40 40 194 194 194 194 54 54 54 54 125 125 125 125 157 
109 109 109 109 234 234 234 234 234 127 127 40 40 40 40 40 194 194 194 194 54 54 54 54 54 201 201 201 201 
37 37 37 234 234 234 234 234 127 127 127 127 40 40 40 40 194 194 194 194 54 54 54 54 201 201 201 201 201 
37 37 37 37 234 234 234 234 127 127 127 127 127 40 40 40 194 194 194 194 54 54 54 54 201 201 201 201 201 
37 37 37 37 37 234 234 234 127 127 127 127 127 127 116 116 116 116 116 116 43 43 43 43 13 201 201 201 201 
37 37 37 37 131 131 131 131 131 131 127 127 116 116 116 116 116 116 116 116 43 43 43 176 13 13 201 201 201 
217 37 217 217 131 131 131 131 131 16 16 16 116 116 116 116 116 116 116 43 43 43 43 176 176 13 13 201 201 
177 217 177 184 184 131 131 131 16 16 16 16 116 116 116 116 116 116 116 43 43 43 43 43 13 13 13 13 13 
177 177 184 184 184 184 131 16 16 16 16 16 16 116 116 116 116 116 116 43 43 43 43 192 13 13 13 166 166 
177 177 177 184 184 184 16 16 16 16 16 16 16 168 168 116 116 169 169 169 80 80 80 80 80 122 122 122 122 
177 177 177 184 184 184 24 16 16 16 16 16 168 168 168 168 169 169 169 169 80 80 80 80 80 122 122 122 8 
8 8 29 2 29 29 24 231 16 16 16 168 168 168 168 168 169 169 169 169 80 80 80 80 80 122 8 8 8 
8 8 8 2 2 24 24 24 69 69 69 168 168 168 168 168 169 169 169 169 80 80 80 80 80 8 8 8 8 
8 8 8 2 29 24 24 24 69 69 69 168 168 168 168 169 169 169 169 169 80 80 80 80 80 8 8 8 8 
8 8 8 2 231 24 24 24 24 69 69 69 168 168 168 169 169 169 169 169 169 80 80 80 8 8 8 8 8 
8 8 8 8 24 24 24 24 24 69 69 69 90 90 90 90 112 112 112 160 160 160 160 160 8 8 8 8 8 
141 193 193 193 193 24 24 24 24 69 3 3 3 90 90 129 112 112 112 160 160 160 160 160 160 8 8 8 8 
193 193 193 193 193 71 71 71 71 3 3 3 3 3 129 129 112 112 112 160 160 160 160 160 160 50 50 50 193 
193 193 193 193 193 71 71 71 71 3 3 3 3 3 129 129 129 129 160 160 160 160 160 160 160 147 147 50 193 
193 193 193 193 193 71 71 71 71 3 3 3 3 3 129 129 129 129 129 160 160 160 160 160 147 147 147 147 193 
205 205 205 205 205 71 71 71 71 3 3 3 19 19 129 129 129 129 129 160 160 160 160 160 147 147 147 147 205 
205 205 205 205 205 58 58 58 58 19 19 19 19 19 129 129 129 123 123 123 160 160 160 147 147 147 147 147 205 
205 205 205 205 205 58 58 58 58 19 19 19 19 19 154 154 123 123 123 123 123 5 160 147 147 147 147 205 205 
205 205 205 205 205 155 155 155 155 19 19 19 19 19 154 154 123 123 123 123 123 5 5 171 147 147 147 205 205 
205 205 205 205 205 155 155 155 155 113 113 113 113 113 154 154 123 123 123 123 86 171 171 171 171 171 205 205 205 
157 157 157 157 157 155 155 155 155 113 113 113 113 113 154 154 123 123 123 86 86 171 171 171 171 171 125 157 157 
157 157 157 157 109 109 31 31 31 113 113 113 113 113 113 154 123 123 86 86 86 171 171 171 171 125 125 125 157 
157 157 109 109 109 109 31 31 31 113 113 113 113 113 113 113 123 86 86 86 86 86 171 171 125 125 125 125 157 
109 109 109 109 109 234 234 234 31 113 113 113 113 40 40 40 40 86 86 86 54 54 54 125 125 125 125 125 157 
109 109 109 109 234 234 234 234 115 113 113 40 40 40 40 40 40 194 194 54 54 54 54 54 125 125 125 125 125 
109 109 109 109 234 234 234 234 115 115 113 40 40 40 40 40 40 194 194 54 54 54 54 54 125 125 201 201 201 
37 37 37 234 234 234 234 234 115 127 127 40 40 40 40 40 40 194 194 54 54 54 54 54 54 201 201 201 201 
37 37 37 37 234 234 234 234 115 127 127 127 40 40 40 40 116 194 194 54 54 54 54 54 201 201 201 201 201 
37 37 37 37 234 234 234 131 131 127 127 127 127 40 116 116 116 116 116 54 54 54 54 176 201 201 201 201 201 
177 37 37 131 131 131 131 131 131 131 131 190 190 116 116 116 116 116 116 116 176 176 176 176 176 176 201 201 201 
177 177 177 177 131 131 131 131 131 131 16 190 190 116 116 116 116 116 116 43 43 176 176 176 176 176 176 201 201 
177 177 177 177 131 131 131 131 16 16 16 16 190 116 116 116 116 116 116 43 43 192 176 176 176 176 176 166 166 
177 177 177 177 177 131 131 131 16 16 16 16 16 116 116 116 116 116 169 169 43 192 192 192 122 122 122 166 166 
177 177 177 177 177 131 131 16 16 16 16 16 16 168 116 116 169 169 169 169 80 80 80 122 122 122 122 122 122 
177 177 177 29 29 29 231 231 16 16 16 16 168 168 168 169 169 169 169 169 80 80 80 80 122 122 122 122 122 
8 29 29 29 29 29 231 231 231 16 16 16 168 168 168 169 169 169 169 169 80 80 80 80 122 122 122 122 8 
8 8 29 29 29 231 24 24 24 69 69 168 168 168 168 169 169 169 169 169 80 80 80 80 122 122 8 8 8 
8 8 29 29 29 24 24 24 69 69 69 69 168 168 168 169 169 169 169 169 80 80 80 80 122 8 8 8 8 
8 8 8 29 231 24 24 24 24 69 69 69 90 90 90 169 169 169 169 169 169 80 80 80 8 8 8 8 8 
8 8 8 29 231 24 24 24 24 69 69 69 90 90 90 90 169 112 112 160 160 160 160 160 8 8 8 8 8 
8 193 193 193 24 24 24 24 24 69 69 162 162 90 90 162 112 112 112 160 160 160 160 160 160 50 50 8 8 
193 193 193 193 71 71 71 71 71 71 3 3 162 162 162 162 112 112 112 160 160 160 160 160 160 50 50 50 18 
193 193 193 193 193 71 71 71 71 71 3 3 3 162 162 129 129 112 112 160 160 160 160 160 160 50 50 50 50 
193 193 193 193 71 71 71 71 71 3 3 3 3 3 3 129 129 129 129 160 160 160 160 160 147 147 50 50 50 
205 205 205 205 205 71 71 71 71 3 3 19 19 19 129 129 129 123 123 134 134 134 160 160 147 147 147 147 205 
205 205 205 205 205 58 58 58 58 58 19 19 19 19 19 154 123 123 123 5 5 5 5 5 147 147 147 147 205 
205 205 205 205 205 58 58 58 58 58 19 19 19 19 154 154 123 123 123 123 5 5 5 5 147 147 147 205 205 
205 205 205 205 205 155 155 155 155 34 19 19 19 154 154 154 123 123 123 123 5 5 5 5 147 147 147 205 205 
205 205 205 205 155 155 155 155 155 34 34 113 113 154 154 154 123 123 123 123 5 5 5 171 171 125 125 205 205 
157 157 157 157 155 155 155 155 155 34 113 113 113 113 154 154 123 123 123 123 86 171 171 171 171 125 125 157 157 
157 157 157 109 109 155 155 155 155 113 113 113 113 113 154 154 123 123 123 86 86 171 171 171 125 125 125 125 157 
157 109 109 109 109 109 155 155 155 113 113 113 113 113 113 154 123 123 123 86 86 54 171 125 125 125 125 125 157 
109 109 109 109 109 234 234 115 115 113 113 113 113 113 40 249 249 220 220 86 54 54 54 125 125 125 125 125 125 
109 109 109 109 109 234 115 115 115 115 115 40 40 40 40 40 220 220 220 54 54 54 54 54 125 125 125 125 125 
109 109 109 109 234 234 115 115 115 115 115 40 40 40 40 220 220 220 220 54 54 54 54 54 125 125 125 201 201 
201 37 37 234 234 234 115 115 115 115 115 40 40 40 40 220 220 220 220 54 54 54 54 54 54 201 201 201 201 
37 37 37 37 234 234 131 131 115 115 115 127 40 40 40 116 220 220 220 54 54 54 54 54 36 201 201 201 201 
37 37 37 37 131 131 131 131 131 131 127 127 190 40 116 116 116 116 116 54 54 54 54 176 176 201 201 201 201 
177 177 177 131 131 131 131 131 131 131 121 190 190 190 190 116 116 107 107 14 176 176 176 176 176 176 176 201 201 
177 177 177 177 131 131 131 131 131 16 16 190 190 190 190 116 107 107 107 14 14 192 176 176 176 176 176 166 166 
177 177 177 177 131 131 131 131 131 16 16 16 190 190 190 116 116 107 107 14 14 192 192 192 176 176 166 166 166 
177 177 177 177 177 131 131 131 16 16 16 16 16 190 190 116 107 107 169 14 105 192 192 192 122 122 166 166 166 
177 177 177 177 177 131 131 16 16 16 16 16 16 16 190 169 169 169 169 169 105 192 80 122 122 122 122 166 166 
177 177 177 29 29 29 245 16 16 16 16 16 16 168 168 169 169 169 169 169 169 80 80 122 122 122 122 122 122 
177 29 29 29 29 29 231 231 231 16 16 16 16 168 168 169 169 169 169 169 169 80 80 122 122 122 122 122 122 
8 29 29 29 29 231 231 231 231 231 69 69 168 168 169 169 169 169 169 169 169 80 80 80 122 122 122 8 8 
8 29 29 29 29 231 231 231 231 69 69 69 90 90 90 169 169 169 169 169 169 80 80 80 122 122 8 8 8 
8 8 29 29 231 231 231 231 231 69 69 69 90 90 90 90 169 169 169 169 169 80 80 80 122 8 8 8 8 
8 8 29 29 231 231 231 231 231 69 69 162 90 90 90 162 162 162 169 160 160 160 160 179 179 8 8 8 8 
18 18 193 231 231 231 231 231 231 69 69 162 162 90 162 162 162 162 112 160 160 160 160 160 50 50 50 18 18 
18 18 193 193 84 71 71 71 71 231 162 162 162 162 162 162 162 162 112 160 160 160 160 160 50 50 50 18 18 
18 18 193 193 84 71 71 71 71 71 85 85 162 90 90 162 162 162 134 134 134 134 160 160 50 50 50 50 18 
18 193 193 193 84 71 71 71 71 85 85 85 85 85 90 90 90 129 134 134 134 134 134 134 50 50 50 50 50 
205 205 205 205 225 71 71 71 71 85 85 85 85 85 85 85 123 123 134 134 134 134 134 134 50 50 50 50 50 
205 205 205 205 225 58 58 58 58 85 85 85 85 85 85 123 123 123 123 5 5 5 5 5 5 50 50 50 205 
205 205 205 205 58 58 58 58 58 34 34 85 85 85 154 123 123 123 123 5 5 5 5 5 5 242 242 242 205 
205 205 205 205 191 155 155 155 34 34 34 34 85 154 154 154 123 123 123 123 5 5 5 5 5 242 242 242 205 
205 205 205 205 191 155 155 155 34 34 34 34 113 154 154 154 123 123 123 123 5 5 5 5 5 82 82 242 205 
157 157 157 17 191 155 155 155 34 34 34 34 113 113 154 154 123 123 123 123 123 5 5 171 82 82 82 82 157 
157 17 17 17 17 17 155 155 34 34 34 113 113 113 154 123 123 123 123 123 86 171 171 171 125 125 125 125 157 
157 17 17 17 17 17 17 155 34 113 113 113 113 113 249 249 249 123 123 86 54 54 54 125 125 125 125 125 125 
109 109 17 17 17 17 115 115 115 115 115 113 113 249 249 249 249 220 220 220 54 54 54 125 125 125 125 125 125 
109 109 17 17 17 17 115 115 115 115 115 115 40 249 249 249 220 220 220 220 54 54 54 54 125 125 125 125 125 
109 109 109 17 17 17 115 115 115 115 115 115 40 249 249 220 220 220 220 220 54 54 54 54 125 125 125 125 125 
201 109 109 17 17 234 115 115 115 115 115 115 40 249 249 220 220 220 220 220 54 54 54 36 36 125 125 201 201 
37 37 37 37 131 131 131 131 131 115 115 190 190 40 249 220 220 220 220 220 54 54 36 36 36 36 201 201 201 
37 37 37 131 131 131 131 131 131 131 131 190 190 190 190 116 220 220 220 220 54 176 192 176 176 176 201 201 201 
177 177 177 140 140 131 131 131 131 121 121 190 190 190 190 107 107 107 107 14 14 176 192 192 192 192 192 166 166 
177 177 177 177 140 131 131 131 131 121 121 190 190 190 190 107 107 107 107 14 14 176 176 176 176 176 176 166 166 
177 177 177 177 140 131 131 131 131 16 16 190 190 190 190 174 107 107 107 14 14 192 192 192 192 176 166 166 166 
177 177 177 177 177 131 131 131 16 16 16 16 190 190 190 174 107 107 107 14 105 105 192 192 122 122 166 166 166 
177 177 177 177 177 245 245 245 16 16 16 16 16 16 190 169 107 169 169 105 105 105 105 122 122 122 122 166 166 
177 177 177 29 29 29 245 245 245 16 16 16 159 159 159 169 169 169 169 105 105 105 105 122 122 122 122 122 122 
177 29 29 29 29 29 231 231 231 16 16 16 159 168 169 169 169 169 169 169 105 105 105 122 122 122 122 122 122 
8 29 29 29 29 29 231 231 231 231 231 231 114 168 169 169 169 169 169 169 105 105 105 122 122 122 122 122 122 
8 29 29 29 29 231 231 231 231 231 231 90 90 90 90 169 169 169 169 169 105 105 105 122 122 122 122 8 8 
8 29 29 29 231 231 231 231 231 231 69 90 90 90 90 162 169 128 169 169 179 179 179 179 122 122 8 8 8 
8 8 29 29 231 231 231 231 231 231 69 162 90 90 162 162 162 162 169 169 179 179 179 179 179 50 18 18 18 
18 18 18 231 231 231 231 231 231 231 162 162 162 89 162 162 162 162 162 183 183 179 179 179 179 50 50 18 18 
18 18 84 84 84 84 231 231 231 231 162 162 162 90 90 162 162 162 183 183 183 179 179 179 50 50 50 18 18 
18 18 84 84 84 84 84 71 85 85 85 85 90 90 90 90 90 183 183 134 134 134 134 134 50 50 50 50 18 
18 18 225 225 84 84 84 71 85 85 85 85 85 85 90 90 90 183 183 134 134 134 134 134 50 50 50 50 18 
205 205 225 225 225 225 225 71 85 85 85 85 85 85 85 85 85 123 134 134 134 134 134 134 50 50 50 50 242 
205 205 205 225 225 225 58 58 85 85 85 85 85 85 85 85 123 123 123 5 5 5 5 5 5 242 242 242 242 
205 205 205 225 225 225 58 58 34 34 85 85 85 85 85 123 123 123 123 5 5 5 5 5 5 242 242 242 242 
205 205 205 191 191 191 88 88 34 34 34 34 85 85 154 123 123 123 123 5 5 5 5 5 5 242 242 242 242 
205 103 205 191 191 191 88 88 34 34 34 34 34 154 154 154 123 123 123 123 5 5 5 5 82 82 82 242 242 
103 103 103 191 191 191 88 88 34 34 34 34 34 154 154 123 123 123 123 123 5 5 5 82 82 82 82 82 103 
103 103 17 17 17 191 88 88 34 34 34 34 34 249 249 123 123 123 123 123 5 5 82 82 82 82 82 82 103 
103 17 17 17 17 17 17 88 34 34 34 34 113 249 249 249 249 249 249 249 54 54 54 125 125 125 125 125 125 
17 17 17 17 17 17 115 115 115 115 115 115 249 249 249 249 249 249 220 220 54 54 54 125 125 125 125 125 125 
17 17 17 17 17 17 115 115 115 115 115 115 249 249 249 249 220 220 220 220 54 54 54 54 125 125 125 125 125 
17 17 17 17 17 17 115 115 115 115 115 115 249 249 249 249 220 220 220 220 54 54 54 36 36 125 125 125 125 
201 17 17 17 17 115 115 115 115 115 115 115 249 249 249 249 220 220 220 220 54 54 36 36 36 36 36 201 201 
37 37 17 17 140 131 131 131 115 115 115 190 190 249 249 249 220 220 220 220 54 36 36 36 36 36 36 36 201 
37 37 37 140 140 131 131 131 131 131 121 190 190 190 190 190 107 107 107 220 192 192 192 192 192 192 192 192 201 
177 177 49 140 140 140 140 131 131 121 121 121 190 190 174 174 107 107 107 14 14 176 176 192 192 192 192 166 166 
177 177 177 140 140 140 140 131 131 121 121 121 190 190 174 174 107 107 14 14 14 176 176 176 176 192 192 166 166 
177 177 177 177 140 140 140 131 131 121 121 121 190 190 174 174 107 107 14 14 14 176 176 176 176 176 166 166 166 
177 177 177 177 140 140 245 245 245 16 16 159 159 190 174 174 107 107 14 14 105 105 105 176 122 122 166 166 166 
177 177 177 177 177 245 245 245 245 16 16 159 159 159 159 159 107 107 14 105 105 105 105 122 122 122 122 166 166 
177 177 177 29 29 245 245 245 245 245 16 159 159 159 159 159 128 128 128 105 105 105 105 122 122 122 122 122 122 
177 29 29 29 29 29 245 245 245 245 114 114 159 159 159 128 128 128 128 105 105 105 105 122 122 122 122 122 122 
57 29 29 29 29 29 231 231 231 231 114 114 114 114 128 128 128 128 128 128 105 105 105 122 122 122 122 122 122 
57 29 29 29 29 231 231 231 231 231 114 114 114 90 90 128 128 128 128 128 128 105 105 132 132 132 132 132 132 
57 57 29 29 231 231 231 231 231 231 231 162 90 90 162 162 128 128 128 128 179 179 179 179 132 132 132 132 132 
57 57 57 29 231 231 231 231 231 231 231 162 162 162 162 162 162 162 128 128 179 179 179 179 179 132 132 18 18 
18 18 57 84 84 84 231 231 231 231 162 162 162 90 162 162 162 162 183 183 183 179 179 179 179 50 50 18 18 
18 18 84 84 84 84 84 231 231 85 85 162 90 90 90 162 162 162 183 183 183 179 179 179 179 50 50 18 18 
18 18 84 84 84 84 84 84 85 85 85 85 85 90 90 90 90 183 183 183 183 183 210 210 210 50 50 50 18 
18 225 225 225 84 84 84 84 85 85 85 85 85 85 85 85 85 183 183 183 183 134 134 210 210 50 50 50 18 
242 225 225 225 225 225 225 225 85 85 85 85 85 85 85 85 85 183 183 134 134 134 134 134 134 50 50 242 242 
242 242 225 225 225 225 225 225 85 85 85 85 85 85 85 85 123 123 5 5 5 5 5 5 5 242 242 242 242 
242 242 225 225 225 225 88 88 88 85 85 85 85 85 85 85 123 123 123 5 5 5 5 5 5 242 242 242 242 
242 242 191 191 191 191 88 88 88 34 34 85 85 85 85 123 123 123 123 5 5 5 5 5 5 242 242 242 242 
135 103 135 191 191 191 88 88 88 34 34 34 34 85 154 154 123 123 123 5 5 5 5 5 82 82 82 242 242 
103 103 103 191 191 191 88 88 88 34 34 34 34 34 154 123 123 123 123 123 5 5 5 82 82 82 82 82 103 
103 103 103 17 17 191 88 88 88 34 34 34 34 249 249 249 123 123 65 65 5 4 82 82 82 82 82 82 103 
103 103 17 17 17 17 17 88 88 34 34 34 249 249 249 249 249 249 249 65 65 4 4 82 82 82 82 82 103 
103 17 17 17 17 17 115 115 115 115 115 115 249 249 249 249 249 249 249 249 249 4 4 82 82 82 82 1 1 
1 17 17 17 17 17 115 115 115 115 115 115 249 249 249 249 249 220 220 220 220 54 54 4 125 82 125 1 1 
1 17 17 17 17 17 115 115 115 115 115 115 249 249 249 249 249 220 220 220 220 36 36 36 36 36 125 1 1 
1 17 17 17 17 17 115 115 115 115 115 115 249 249 249 249 249 220 220 220 220 36 36 36 36 36 36 1 1 
37 17 17 140 140 140 131 115 115 115 22 121 121 249 249 249 249 220 220 220 36 36 36 36 36 36 36 36 36 
37 49 49 140 140 140 131 131 131 22 121 121 121 190 174 174 107 107 107 107 14 36 36 36 36 36 36 36 36 
177 49 49 49 140 140 140 12 12 121 121 121 121 121 174 174 174 107 14 14 14 14 36 36 36 36 36 36 166 
177 177 49 49 140 140 140 12 12 121 121 121 121 190 174 174 174 107 14 14 14 14 176 176 176 176 176 166 166 
177 177 49 49 140 140 140 12 12 121 121 121 121 190 174 174 174 107 14 14 14 14 176 176 176 176 176 166 166 
177 177 177 177 140 140 245 245 245 121 121 159 159 159 159 174 174 107 14 14 105 105 105 105 122 122 122 166 166 
177 177 177 177 140 245 245 245 245 245 159 159 159 159 159 159 174 107 14 105 105 105 105 105 122 122 122 122 122 
177 177 177 29 62 245 245 245 245 245 159 159 159 159 159 159 128 128 128 105 105 105 105 105 122 122 122 122 122 
57 57 29 29 29 245 245 245 245 245 114 114 114 159 159 128 128 128 128 105 105 105 105 105 122 122 122 122 122 
57 57 29 29 29 231 231 245 231 114 114 114 114 114 114 128 128 128 128 128 105 105 105 105 132 132 132 132 57 
57 57 57 29 29 231 231 231 231 231 114 114 114 114 162 128 128 128 128 128 128 105 132 132 132 132 132 132 57 
57 57 57 57 231 231 231 231 231 231 231 114 162 162 162 162 128 128 128 128 179 179 179 179 132 132 132 132 57 
57 57 57 57 231 231 231 231 231 231 231 162 162 162 162 162 162 118 118 118 183 179 179 179 179 132 132 132 57 
57 57 57 57 84 84 231 231 231 231 231 162 90 90 162 162 162 118 183 183 183 179 179 179 179 179 132 18 18 
57 57 57 84 84 84 84 84 231 85 85 85 90 90 90 90 90 183 183 183 183 183 179 179 179 179 50 18 18 
18 18 225 84 84 84 84 84 85 85 85 85 85 85 90 90 90 183 183 183 183 183 210 210 210 50 50 50 18 
18 225 225 225 84 84 84 84 85 85 85 85 85 85 85 85 85 183 183 183 183 183 210 210 210 50 50 50 18 
242 225 225 225 225 225 225 225 85 85 85 85 85 85 85 85 85 183 183 183 183 183 134 70 70 70 242 242 242 
242 242 225 225 225 225 225 225 85 85 85 85 85 85 85 85 85 183 183 5 5 5 5 70 70 242 242 242 242 
242 242 225 225 225 225 88 88 88 85 85 85 85 85 85 85 85 123 5 5 5 5 5 5 242 242 242 242 242 
242 242 225 191 191 191 88 88 88 88 85 85 85 85 85 85 123 123 5 5 5 5 5 5 82 242 242 242 242 
135 103 135 191 191 191 88 88 88 88 34 34 85 85 85 154 123 65 123 5 5 5 5 82 82 82 242 242 242 
103 103 103 103 191 191 88 88 88 88 34 34 34 85 249 65 65 65 65 65 5 5 82 82 82 82 82 82 103 
103 103 103 103 17 191 88 88 88 88 34 34 249 249 249 65 65 65 65 65 65 4 4 82 82 82 82 82 103 
103 103 103 17 17 17 88 88 88 88 34 249 249 249 249 249 249 65 65 65 65 4 4 4 82 82 82 1 1 
1 103 17 17 17 17 115 115 115 115 115 249 249 249 249 249 249 65 65 65 65 4 4 4 4 82 1 1 1 
1 17 17 17 17 17 115 115 115 221 221 221 249 249 249 249 249 249 65 65 65 4 4 4 4 1 1 1 1 
1 17 17 17 17 17 115 115 221 221 221 221 249 249 249 249 249 249 220 220 220 36 36 36 36 36 1 1 1 
1 17 17 17 17 140 115 115 22 221 221 221 249 249 249 249 249 249 220 220 36 36 36 36 36 36 36 1 1 
1 49 49 49 140 140 140 22 22 22 22 22 121 181 181 181 181 181 220 14 14 36 36 36 36 36 36 36 36 
47 49 49 49 140 140 140 12 22 22 121 121 121 121 181 174 174 107 14 14 14 36 36 36 36 36 36 36 36 
49 49 49 49 49 140 12 12 12 12 121 121 121 121 174 174 174 14 14 14 14 14 36 36 36 36 36 36 47 
49 49 49 49 49 140 12 12 12 121 121 121 121 121 174 174 174 14 14 14 14 14 176 176 176 36 36 36 47 
177 49 49 49 49 140 12 12 12 121 121 121 121 159 174 174 174 107 14 14 14 14 14 176 176 176 176 166 166 
177 49 49 49 49 140 12 12 12 121 159 159 159 159 159 174 174 107 14 14 105 105 105 105 122 122 122 166 166 
177 177 49 49 62 62 245 245 245 245 159 159 159 159 159 159 159 128 128 105 105 105 105 105 105 122 122 122 122 
177 57 57 62 62 62 245 245 245 245 159 159 159 159 159 159 128 128 128 105 105 105 105 105 122 122 122 122 122 
57 57 57 62 62 62 62 245 245 245 114 114 159 159 159 128 128 128 128 105 105 105 105 105 132 132 132 132 57 
57 57 57 57 62 62 142 142 142 142 114 114 114 159 159 128 128 128 128 128 105 105 105 132 132 132 132 132 57 
57 57 57 57 57 231 142 142 142 142 114 114 114 23 23 118 128 128 128 128 128 105 132 132 132 132 132 132 57 
57 57 57 57 57 231 231 231 231 231 231 114 23 23 23 118 118 118 118 118 118 179 179 132 132 132 132 132 57 
57 57 57 57 231 231 231 231 231 231 231 162 90 90 23 23 118 118 118 118 118 179 179 179 132 132 132 132 57 
57 57 57 57 84 84 84 231 231 231 85 162 90 90 90 90 118 118 118 183 183 179 179 179 179 132 132 132 57 
57 57 57 84 84 84 84 84 85 85 85 85 85 90 90 90 118 118 183 183 183 183 179 179 179 179 132 132 57 
57 57 225 84 84 84 84 84 85 85 85 85 85 85 85 85 85 183 183 183 183 183 210 210 210 179 179 50 18 
242 225 225 225 225 225 84 225 85 85 85 85 85 85 85 85 85 183 183 183 183 183 70 70 70 70 50 50 242 
242 225 225 225 225 225 225 225 85 85 85 85 85 85 85 85 85 183 183 183 183 183 70 70 70 70 242 242 242 
242 242 225 225 225 225 225 225 85 85 85 85 85 85 85 85 85 183 183 183 83 83 83 70 70 70 242 242 242 
242 242 225 225 225 225 225 88 88 85 85 85 85 85 85 85 85 83 83 83 83 83 83 83 70 242 242 242 242 
242 135 225 225 191 191 88 88 88 88 85 85 85 85 85 85 65 65 83 83 83 83 83 83 242 242 242 242 242 
135 135 135 191 191 191 88 88 88 88 88 85 85 85 85 212 65 65 65 83 83 83 83 83 82 82 26 26 26 
135 135 135 135 191 191 88 88 88 88 88 88 85 102 102 65 65 65 65 241 83 83 4 82 82 82 82 26 135 
135 135 135 135 135 191 88 88 88 88 88 102 102 102 102 65 65 65 65 65 65 4 4 4 82 82 82 1 135 
135 135 135 135 135 191 88 88 88 221 221 221 249 249 249 65 65 65 65 65 65 4 4 4 82 82 82 1 1 
1 135 135 135 135 135 221 221 221 221 221 221 249 249 249 249 65 65 65 65 65 4 4 4 4 4 1 1 1 
1 135 135 135 17 17 221 221 221 221 221 221 249 249 249 249 249 65 65 65 65 4 4 4 4 1 1 1 1 
1 135 135 135 17 229 221 221 221 221 221 221 249 249 249 249 249 65 65 65 65 36 36 36 36 36 1 1 1 
1 135 49 49 49 140 22 22 22 221 221 221 221 181 181 181 181 181 65 65 36 36 36 36 36 36 36 1 1 
47 49 49 49 49 140 12 22 22 22 22 22 22 181 181 181 181 181 181 14 14 36 36 36 36 36 36 47 47 
47 49 49 49 49 140 12 12 22 22 22 22 121 181 181 181 181 181 14 14 14 36 36 36 36 36 36 47 47 
49 49 49 49 49 49 12 12 12 22 22 121 121 181 181 181 181 181 14 14 14 14 36 36 36 36 47 47 47 
49 49 49 49 49 49 12 12 12 12 121 121 121 121 174 174 174 14 14 14 14 14 36 36 36 36 47 47 47 
49 49 49 49 49 12 12 12 12 12 121 121 159 159 174 174 174 174 14 14 14 14 105 105 36 176 176 47 47 
21 49 49 49 49 12 12 12 12 12 159 159 159 159 159 174 174 174 14 14 105 105 105 105 105 122 122 166 166 
21 21 49 62 62 62 62 245 245 245 159 159 159 159 159 159 159 128 128 105 105 105 105 105 105 122 122 122 21 
21 21 21 62 62 62 62 62 245 245 159 159 159 159 159 159 128 128 128 105 105 105 105 105 105 122 132 132 21 
180 57 57 62 62 62 62 142 142 142 159 159 159 159 159 138 128 128 128 105 105 105 105 105 132 132 132 132 180 
57 57 57 57 62 62 142 142 142 142 142 159 159 159 138 138 128 128 128 128 105 105 105 132 132 132 132 132 57 
57 57 57 57 57 142 142 142 142 142 142 114 23 23 23 118 118 118 118 118 118 105 132 132 132 132 132 132 57 
57 57 57 57 57 142 142 142 142 142 142 23 23 23 23 118 118 118 118 118 118 132 132 132 132 132 132 132 57 
57 57 57 57 57 231 142 142 142 142 64 64 23 23 23 23 118 118 118 118 118 179 132 132 132 132 132 132 57 
57 57 57 57 84 84 84 231 231 64 64 64 23 23 23 23 118 118 118 118 183 179 179 132 132 132 132 132 57 
57 57 57 84 84 84 84 84 104 85 85 85 85 85 23 23 118 118 183 183 183 183 179 179 179 132 132 132 57 
57 57 225 225 84 84 84 84 85 85 85 85 85 85 85 85 118 183 183 183 183 183 183 70 70 70 132 132 57 
57 225 225 225 225 225 225 225 85 85 85 85 85 85 85 85 85 183 183 183 183 183 70 70 70 70 70 70 242 
242 225 225 225 225 225 225 225 85 85 85 85 85 85 85 85 85 183 183 183 183 83 70 70 70 70 70 242 242 
242 225 225 225 225 225 225 225 85 85 85 85 85 85 85 85 85 83 83 83 83 83 83 70 70 70 242 242 242 
242 135 225 225 225 225 225 88 88 85 85 85 85 85 85 85 85 83 83 83 83 83 83 83 70 70 242 242 242 
135 135 135 225 189 189 88 88 88 88 85 85 85 85 212 212 65 65 83 83 83 83 83 83 83 26 26 26 26 
135 135 135 135 189 191 88 88 88 88 88 85 85 212 212 212 65 65 65 83 83 83 83 83 26 26 26 26 26 
135 135 135 135 189 191 88 88 88 88 88 102 102 102 102 65 65 65 65 241 241 83 83 4 82 82 26 26 135 
135 135 135 135 135 191 88 88 88 88 102 102 102 102 102 65 65 65 65 241 241 4 4 4 4 82 1 1 135 
135 135 135 135 135 191 88 88 221 221 221 102 102 102 65 65 65 65 65 65 241 4 4 4 4 1 1 1 1 
1 135 135 135 135 135 221 221 221 221 221 221 221 249 249 65 65 65 65 65 65 4 4 4 4 1 1 1 1 
1 135 135 135 135 229 229 221 221 221 221 221 249 249 249 249 65 65 65 65 65 4 4 4 4 1 1 1 1 
1 135 135 135 229 229 229 221 221 221 221 221 249 249 181 181 181 65 65 65 65 4 4 4 4 4 1 1 1 
47 135 49 49 49 229 229 22 22 221 221 221 221 181 181 181 181 181 65 65 36 36 36 36 36 36 47 47 1 
47 47 49 49 49 49 12 22 22 22 22 22 22 181 181 181 181 181 181 14 36 36 36 36 36 36 47 47 47 
47 49 49 49 49 49 12 12 22 22 22 22 22 181 181 181 181 181 181 14 14 36 36 36 36 36 47 47 47 
49 49 49 49 49 49 12 12 12 12 22 22 22 181 181 181 181 181 14 14 14 78 78 36 36 47 47 47 47 
49 49 49 49 49 49 12 12 12 12 12 22 121 181 181 181 181 181 14 20 20 78 78 36 36 47 47 47 47 
49 49 49 49 49 12 12 12 12 12 12 121 159 159 181 181 174 174 20 20 20 78 78 42 42 42 47 47 47 
21 49 49 49 49 12 12 12 12 12 159 159 159 159 159 159 174 174 20 20 105 105 42 42 42 42 42 21 21 
21 21 21 62 62 62 62 62 12 12 159 159 159 159 159 159 138 138 138 105 105 42 42 42 42 42 42 21 21 
21 21 21 62 62 62 62 62 142 142 159 159 159 159 138 138 138 138 138 105 105 42 42 42 42 42 42 21 21 
180 180 180 62 62 62 62 142 142 142 159 159 159 138 138 138 138 138 138 178 178 178 42 42 42 132 132 132 180 
180 180 180 180 62 62 142 142 142 142 142 159 159 138 138 138 138 138 138 128 178 178 178 132 132 132 132 132 180 
57 57 57 57 57 142 142 142 142 142 142 23 23 23 23 138 118 118 118 118 178 178 132 132 132 132 132 132 57 
57 57 57 57 57 57 142 142 142 142 64 23 23 23 23 23 118 118 118 118 118 178 132 132 132 132 132 132 57 
57 57 57 57 57 57 142 142 142 64 64 64 23 23 23 23 118 118 118 118 118 211 132 132 132 132 132 132 57 
57 57 57 57 57 84 104 104 104 64 64 64 64 23 23 23 118 118 118 118 211 211 132 132 132 132 132 132 57 
57 57 57 57 84 84 104 104 104 104 85 64 64 64 23 23 118 118 118 211 211 211 211 211 132 132 132 132 57 
57 57 225 225 84 84 104 104 104 85 85 85 85 85 85 23 118 183 183 211 211 211 211 211 70 132 132 132 57 
57 225 225 225 225 225 104 104 104 85 85 85 85 85 85 56 56 183 183 183 211 211 70 70 70 70 70 70 242 
225 225 225 225 225 225 225 104 104 85 85 85 85 85 85 56 56 56 183 183 83 83 70 70 70 70 70 242 242 
242 100 100 225 225 225 225 225 85 85 85 85 85 228 228 228 228 83 83 83 83 83 83 70 70 70 242 242 242 
242 100 100 189 189 189 189 189 189 85 85 85 228 228 228 228 228 83 83 83 83 83 83 83 70 70 242 242 242 
135 135 100 189 189 189 189 189 189 88 85 85 212 212 212 212 212 65 83 83 83 83 83 83 83 206 26 26 26 
135 135 135 189 189 189 189 189 88 88 212 212 212 212 212 212 212 65 241 241 83 83 83 83 206 206 26 26 26 
135 135 135 135 189 189 189 189 88 88 102 102 102 102 102 203 203 65 241 241 241 241 4 4 206 206 206 26 135 
135 135 135 135 135 189 189 88 88 221 102 102 102 102 102 203 203 65 241 241 241 241 4 4 206 206 206 1 135 
135 135 135 135 135 135 189 88 221 221 221 102 102 102 102 203 65 65 65 241 241 4 4 4 4 206 1 1 1 
135 135 135 135 135 229 229 221 221 221 221 221 102 102 102 65 65 65 65 65 241 4 4 4 4 1 1 1 1 
1 135 135 135 135 229 229 229 221 221 221 221 221 102 102 65 65 65 65 65 65 4 4 4 4 4 1 1 1 
1 135 135 135 229 229 229 229 221 221 221 221 221 181 181 181 65 65 65 65 65 4 4 4 4 4 1 1 1 
47 47 49 49 229 229 229 229 221 221 221 221 221 181 181 181 181 181 65 65 65 36 36 36 36 47 47 47 47 
47 47 49 49 49 49 229 22 22 22 22 22 22 181 181 181 181 181 181 181 36 36 36 36 36 47 47 47 47 
47 47 49 49 49 49 12 12 22 22 22 22 22 181 181 181 181 181 181 181 14 36 36 36 36 47 47 47 47 
attribute "dep" string "positions"
#
# A field is created with three components: "positions", "connections",
# and "data"
object "regular positions regular connections" class field
component  "positions"    value 1
component  "connections"  value 2
component  "data"         value 3
#
end
