# object 1 are the regular positions. The grid is 29 29 29. The origin is
# at [0 0 0], and the deltas are 1 in the first and third dimensions, and
# 2 in the second dimension
#
object 1 class gridpositions counts 29 29 29
origin 0 0 0
delta  1 0 0
delta  0 1 0
delta  0 0 1
#
# object 2 are the regular connections
#
object 2 class gridconnections counts 29 29 29
#
# object 3 are the data, which are in a one-to-one correspondence with
# the positions ("dep" on positions). The positions increment in the order
# "last index varies fastest", i.e. (x0, y0, z0), (x0, y0, z1), (x0, y0, z2),
# (x0, y1, z0), etc.
#
object 3 class array type int rank 0 items 24389 data follows
230 230 230 230 230 102 102 102 102 102 102 102 206 206 206 206 206 206 206 95 95 95 95 157 157 157 45 45 230 
230 230 230 230 230 102 102 102 102 102 102 23 207 207 206 206 206 206 206 95 95 95 95 157 157 157 149 149 230 
230 33 33 33 33 102 102 102 102 102 23 23 207 207 207 207 207 207 207 207 95 95 157 157 157 216 149 149 33 
33 33 33 33 33 33 102 102 102 102 23 23 23 207 207 207 207 207 207 207 94 94 94 157 216 216 216 149 33 
33 33 33 33 33 27 27 102 102 160 23 23 172 223 223 223 223 223 223 223 94 94 94 94 216 216 216 216 216 
216 33 33 33 27 27 27 221 160 160 172 172 172 223 223 223 223 223 223 223 94 94 94 94 216 216 216 216 216 
216 216 33 27 27 27 27 221 160 160 172 172 172 223 223 223 223 223 223 223 94 94 94 94 216 216 216 216 216 
216 216 27 27 27 27 27 221 160 160 172 172 172 172 223 223 223 223 223 223 94 94 185 185 216 216 216 216 216 
216 216 27 27 27 27 27 221 221 160 172 172 172 172 223 223 223 223 223 185 185 185 185 185 242 216 216 216 216 
120 120 120 27 27 27 27 221 221 221 172 172 172 172 223 223 223 223 223 92 185 185 185 185 185 242 216 216 216 
120 120 120 120 120 27 27 210 221 221 172 172 172 172 148 148 62 62 92 92 185 185 185 185 242 242 242 242 216 
120 120 120 120 120 120 106 106 106 106 106 172 172 148 148 148 62 62 92 92 92 185 185 185 242 242 242 84 97 
120 120 120 120 120 120 106 106 106 106 245 245 128 148 148 148 62 62 92 92 92 92 125 125 125 84 84 84 120 
120 120 120 120 120 120 106 106 106 245 245 245 128 128 148 148 62 62 92 92 92 92 125 125 125 84 84 84 97 
70 70 70 70 120 201 201 106 106 245 245 245 128 128 128 148 62 62 92 92 92 92 125 125 125 84 84 97 70 
70 70 70 70 70 201 201 201 201 245 245 245 128 128 128 154 154 62 92 92 92 92 125 125 125 121 121 121 70 
70 70 70 70 91 91 91 91 201 2 2 2 2 128 128 128 128 62 4 4 4 4 113 86 86 121 121 121 121 
70 70 70 70 91 91 91 91 2 2 2 2 2 128 128 128 128 4 4 4 4 4 113 86 86 86 121 121 121 
121 24 24 24 24 91 91 91 2 2 2 2 2 2 2 2 4 4 4 4 4 113 113 86 86 86 86 121 121 
121 24 24 24 24 24 24 124 124 2 2 2 2 2 2 248 76 76 4 4 113 113 113 113 86 86 86 86 121 
24 24 24 24 24 24 124 124 124 124 232 232 232 232 232 248 76 76 76 113 113 113 113 113 113 86 86 86 86 
24 24 24 24 24 124 124 124 124 124 232 232 232 69 248 248 248 248 76 113 113 113 113 113 113 113 86 86 86 
24 24 24 24 124 124 124 124 124 124 212 212 69 69 248 248 248 248 248 113 113 113 113 113 113 113 113 113 113 
66 66 24 24 124 124 124 124 124 124 212 212 115 115 248 248 248 248 248 113 113 113 113 113 113 113 113 113 113 
72 72 72 72 124 124 124 124 124 124 212 212 69 69 248 248 248 248 248 177 177 113 113 113 113 113 113 45 45 
45 72 72 72 72 124 124 124 124 124 212 212 69 69 248 167 167 167 95 95 95 95 95 95 113 45 45 45 45 
45 72 72 72 72 124 124 124 124 124 212 212 69 69 167 167 167 167 95 95 95 95 95 95 95 45 45 45 45 
45 230 72 72 72 72 124 102 124 124 102 212 69 69 167 144 144 144 95 95 95 95 95 95 95 45 45 45 45 
230 230 230 230 72 102 102 102 102 102 102 102 69 69 167 144 144 95 95 95 95 95 95 95 95 45 45 45 45 
230 230 230 230 230 102 102 102 102 102 102 102 23 206 206 206 206 206 95 95 95 95 95 95 95 45 45 45 230 
230 230 230 230 230 102 102 102 102 102 102 23 23 54 54 54 206 206 206 95 95 95 95 95 157 45 45 45 230 
33 33 33 33 33 102 102 102 102 102 23 23 23 54 54 54 54 207 207 207 95 95 95 157 157 200 149 149 33 
33 33 33 33 33 102 102 102 102 102 23 23 23 54 54 54 54 54 54 54 94 94 145 145 200 200 200 149 33 
33 33 33 33 33 27 102 102 102 23 23 23 23 223 223 223 223 223 223 223 94 94 145 145 200 200 200 216 33 
33 33 33 33 27 27 27 221 221 221 23 23 172 223 223 223 223 223 223 223 94 94 94 145 200 200 200 216 216 
33 33 33 27 27 27 221 221 221 221 221 172 172 223 223 223 223 223 223 223 94 94 145 145 200 200 216 216 216 
216 216 27 27 27 27 221 221 221 221 221 172 172 172 223 223 223 223 223 223 94 94 145 145 242 242 242 216 216 
216 120 27 27 27 27 221 221 221 221 221 172 172 172 223 223 223 223 223 185 185 185 185 242 242 242 242 216 216 
120 120 120 120 27 27 221 221 221 221 221 172 172 172 223 223 223 62 62 92 185 185 185 242 242 242 242 242 216 
120 120 120 120 120 210 210 210 210 221 221 172 172 148 148 148 62 62 62 92 185 185 185 49 242 242 242 242 242 
120 120 120 120 120 210 210 210 210 210 210 172 148 148 148 148 62 62 62 92 92 185 49 49 242 242 242 84 97 
120 120 120 120 120 210 210 210 210 210 210 245 148 148 148 148 62 62 62 62 92 125 125 125 125 84 84 84 120 
120 120 120 120 120 201 201 201 201 201 245 128 128 148 148 148 62 62 62 62 92 125 125 125 125 84 84 84 97 
70 70 70 70 120 201 201 201 201 201 245 128 128 128 148 148 62 62 62 62 92 125 125 125 125 84 84 97 97 
70 70 70 70 201 201 201 201 201 2 2 2 128 128 128 148 62 62 62 62 92 125 125 125 125 75 75 75 70 
70 70 70 70 70 201 201 201 201 2 2 2 2 128 128 148 62 62 62 4 4 4 113 86 86 86 75 75 70 
70 70 70 70 91 91 201 201 201 2 2 2 2 128 128 128 62 62 4 4 4 4 113 86 86 86 86 121 70 
70 24 24 24 24 24 201 201 2 2 2 2 2 2 2 2 76 76 4 4 113 113 113 86 86 86 86 86 86 
24 24 24 24 24 24 24 124 124 232 2 2 2 232 232 76 76 76 76 113 113 113 113 113 86 86 86 86 86 
24 24 24 24 24 24 124 124 124 232 232 232 232 232 232 76 76 76 76 76 113 113 113 113 113 86 86 86 86 
24 24 24 24 24 124 124 124 124 232 232 232 232 232 248 248 248 76 76 76 113 113 113 113 113 113 86 86 86 
66 66 66 66 66 124 124 124 124 124 212 212 69 69 248 248 248 248 76 76 113 113 113 113 113 113 113 113 113 
66 66 66 66 66 124 124 124 124 124 212 212 115 69 248 248 248 248 76 177 177 177 113 113 113 113 113 113 113 
72 72 72 72 72 124 124 124 124 124 212 212 69 69 248 248 248 248 248 177 177 177 113 113 113 113 113 45 45 
45 72 72 72 72 124 124 124 124 124 212 212 69 69 248 248 248 248 95 95 95 95 95 95 113 45 45 45 45 
45 72 72 72 72 72 124 124 124 124 212 212 69 69 248 248 248 248 95 95 95 95 95 95 95 45 45 45 45 
45 45 72 72 72 72 102 102 102 102 102 212 69 69 248 144 144 95 95 95 95 95 95 95 95 45 45 45 45 
230 230 230 230 72 102 102 102 102 102 102 102 102 69 248 144 144 95 95 95 95 95 95 95 95 45 45 45 45 
230 230 230 230 230 102 102 102 102 102 102 102 23 54 54 54 54 21 21 95 95 95 95 95 45 45 45 45 45 
230 230 230 230 230 102 102 102 102 102 102 23 23 54 54 54 54 54 21 95 95 95 95 95 45 45 45 45 230 
33 33 33 33 33 102 102 102 102 102 23 23 23 54 54 54 54 54 54 54 95 145 145 145 200 200 200 45 33 
33 33 33 33 33 102 102 102 102 102 23 23 23 54 54 54 54 54 54 54 145 145 145 145 200 200 200 200 33 
33 33 33 33 33 33 102 102 102 23 23 23 23 54 54 54 54 54 54 145 145 145 145 145 200 200 200 200 33 
33 33 33 33 33 27 221 221 221 221 23 23 23 54 54 54 54 54 54 145 145 145 145 145 200 200 200 200 200 
33 33 33 33 27 221 221 221 221 221 221 23 172 54 54 54 54 54 54 145 145 145 145 145 200 200 200 200 200 
33 33 33 27 27 221 221 221 221 221 221 221 172 172 117 223 223 223 223 145 145 145 145 145 242 242 242 242 242 
120 120 120 27 27 221 221 221 221 221 221 221 172 172 117 117 117 117 117 145 145 145 242 242 242 242 242 242 242 
120 120 120 120 120 210 221 221 221 221 221 221 172 117 117 117 117 117 62 62 49 49 49 242 242 242 242 242 242 
120 120 120 120 120 210 210 210 210 221 221 221 148 148 148 117 62 62 62 62 49 49 49 49 242 242 242 242 242 
120 120 120 120 120 210 210 210 210 210 210 210 148 148 148 62 62 62 62 62 62 49 49 49 49 242 242 84 97 
120 120 120 120 120 210 210 210 210 210 210 40 148 148 148 148 62 62 62 62 62 125 125 125 125 84 84 84 97 
97 120 120 120 120 201 201 201 201 201 40 40 148 148 148 148 62 62 62 62 62 125 125 125 125 84 84 84 97 
70 70 70 120 120 201 201 201 201 201 40 40 128 148 148 148 62 62 62 62 62 125 125 125 125 84 84 97 97 
70 70 70 70 201 201 201 201 201 201 40 40 128 128 148 148 62 62 62 62 62 125 125 125 125 75 75 75 75 
70 70 70 70 201 201 201 201 201 2 2 2 2 128 128 148 62 62 62 62 227 227 125 125 125 75 75 75 75 
70 70 70 70 201 201 201 201 201 2 2 2 2 128 128 128 62 62 62 227 227 113 113 86 86 86 86 75 75 
70 70 24 24 24 201 201 201 201 2 2 2 2 2 2 76 76 76 76 227 113 113 113 86 86 86 86 86 86 
59 24 24 24 24 24 124 124 232 232 232 232 232 232 232 76 76 76 76 76 113 113 113 113 86 86 86 86 86 
59 24 24 24 24 24 124 124 232 232 232 232 232 232 232 76 76 76 76 76 113 113 113 113 113 86 86 86 86 
59 24 24 24 24 124 124 124 124 232 232 232 232 232 232 76 76 76 76 76 177 113 113 113 113 113 86 86 86 
59 66 66 66 66 124 124 124 124 232 232 232 232 69 248 248 248 76 76 177 177 177 113 113 113 113 113 113 113 
66 66 66 66 66 124 124 124 124 124 212 212 115 115 248 248 248 76 76 177 177 177 177 113 113 113 113 113 45 
72 72 72 72 72 124 124 124 124 124 212 212 115 69 248 248 248 248 248 177 177 177 177 177 113 113 45 45 45 
45 72 72 72 72 72 124 124 124 124 212 212 69 69 248 248 248 248 95 95 95 95 95 177 113 45 45 45 45 
45 72 72 72 72 72 124 124 124 124 212 212 69 69 248 248 248 248 95 95 95 95 95 95 95 45 45 45 45 
45 45 72 72 72 72 102 102 102 102 102 212 69 69 248 248 248 95 95 95 95 95 95 95 45 45 45 45 45 
45 230 230 72 72 102 102 102 102 102 102 102 102 69 248 248 21 21 95 95 95 95 95 95 45 45 45 45 45 
45 230 230 230 102 102 102 102 102 102 102 102 23 54 54 54 54 21 21 21 95 95 95 95 45 45 45 45 45 
230 230 230 230 102 102 102 102 102 102 102 23 23 54 54 54 54 54 21 21 21 95 95 145 145 45 45 45 45 
33 33 33 33 33 102 102 102 102 102 23 23 23 54 54 54 54 54 54 21 21 145 145 145 145 20 45 45 33 
33 33 33 33 33 102 102 102 102 23 23 23 23 54 54 54 54 54 54 145 145 145 145 145 145 200 200 200 33 
33 33 33 33 33 12 12 102 102 23 23 23 23 54 54 54 54 54 54 145 145 145 145 145 200 200 200 200 200 
33 33 33 33 33 12 12 12 12 23 23 23 23 54 54 54 54 54 54 145 145 145 145 145 200 200 200 200 200 
33 33 33 88 88 12 12 12 221 221 221 23 23 54 54 54 54 54 54 145 145 145 145 145 200 200 200 200 200 
33 33 88 88 88 12 12 221 221 221 221 221 249 249 117 117 117 117 117 145 145 145 145 145 242 242 242 242 242 
97 120 88 88 88 12 221 221 221 221 221 221 249 117 117 117 117 117 117 188 145 145 145 242 242 242 242 242 242 
97 120 120 120 210 210 210 221 221 221 221 221 249 117 117 117 117 117 117 188 49 49 49 242 242 242 242 242 242 
97 120 120 120 210 210 210 210 210 210 210 210 148 148 117 117 62 62 62 62 49 49 49 49 242 242 242 242 242 
97 120 120 120 120 210 210 210 210 210 210 210 148 148 148 62 62 62 62 62 49 49 49 49 49 242 242 84 97 
97 120 120 120 5 210 210 210 210 210 210 40 148 148 148 62 62 62 62 62 49 49 125 125 125 97 84 84 97 
97 120 120 5 5 201 201 201 201 201 40 40 148 148 148 62 62 62 62 62 227 125 125 125 125 97 97 84 97 
75 70 70 5 5 201 201 201 201 201 40 40 40 148 148 148 62 62 62 227 227 125 125 125 125 97 97 84 75 
75 70 70 70 201 201 201 201 201 201 40 40 40 148 148 62 62 62 62 227 227 227 141 125 141 75 75 75 75 
70 70 70 70 201 201 201 201 201 201 40 40 40 128 148 62 62 62 227 227 227 227 141 125 141 75 75 75 75 
70 70 70 70 201 201 201 201 201 201 2 2 2 128 148 62 62 62 227 227 227 227 113 86 86 86 75 75 75 
70 70 70 24 24 201 201 201 201 2 2 2 232 232 232 62 62 76 76 227 227 113 113 86 86 86 86 86 75 
59 59 59 24 24 24 201 201 232 232 232 232 232 232 232 76 76 76 76 76 113 113 113 113 86 86 86 86 86 
59 59 59 24 24 24 124 124 232 232 232 232 232 232 232 76 76 76 76 76 113 113 113 113 113 86 86 86 59 
59 59 66 66 66 66 124 124 232 232 232 130 232 232 232 76 76 76 76 76 177 177 113 113 113 113 86 86 59 
59 66 66 66 66 66 124 124 124 232 232 232 232 232 232 76 76 76 76 177 177 177 177 113 113 113 113 113 59 
59 66 66 66 66 66 124 124 124 232 232 232 232 115 248 248 76 76 76 177 177 177 177 177 113 113 113 45 45 
72 72 72 72 72 72 124 124 124 124 232 232 232 69 248 248 248 248 76 177 177 177 177 177 113 113 45 45 45 
45 72 72 72 72 72 124 124 124 124 124 232 232 69 248 248 248 248 177 177 177 177 177 177 177 45 45 45 45 
45 72 72 72 72 72 72 124 124 124 124 150 150 69 248 248 248 248 95 95 95 95 95 95 45 45 45 45 45 
45 72 72 72 72 72 102 102 102 102 102 150 150 69 248 248 21 21 21 95 95 95 95 95 45 45 45 45 45 
45 45 72 72 72 102 102 102 102 102 102 102 17 17 17 17 21 21 21 95 95 95 95 95 45 45 45 45 45 
45 230 230 230 102 102 102 102 102 102 102 102 17 17 17 54 54 21 21 21 21 21 21 145 45 45 45 45 45 
230 230 230 61 102 102 102 102 102 102 102 23 23 54 54 54 54 21 21 21 21 21 145 145 20 20 45 45 243 
33 33 33 33 102 102 102 102 102 102 23 23 23 54 54 54 54 54 21 21 21 145 145 145 20 20 20 243 243 
33 33 33 33 33 102 102 102 102 23 23 23 23 54 54 54 54 54 54 145 145 145 145 145 20 20 20 243 243 
33 33 33 33 33 12 12 12 165 23 23 23 23 54 54 54 54 54 54 145 145 145 145 145 145 200 200 243 243 
33 33 33 88 88 12 12 12 12 12 23 23 23 246 54 54 54 54 54 145 145 145 145 145 145 200 200 200 243 
33 88 88 88 88 12 12 12 12 12 249 249 249 249 246 54 54 54 219 145 145 145 145 145 145 200 200 200 200 
73 88 88 88 88 12 12 12 12 12 249 249 249 249 117 117 117 117 117 145 145 145 145 145 145 242 200 200 200 
73 73 88 88 88 12 12 12 221 221 249 249 249 117 117 117 117 117 117 188 36 145 145 242 242 242 242 242 242 
73 73 88 88 88 210 210 210 221 221 221 249 249 117 117 117 117 117 117 188 49 49 49 49 242 242 242 242 242 
97 97 5 5 210 210 210 210 210 210 210 249 249 117 117 117 117 117 62 49 49 49 49 49 49 242 242 242 242 
97 97 5 5 5 210 210 210 210 210 210 210 148 148 62 62 62 62 62 62 49 49 49 49 49 49 242 84 84 
84 5 5 5 5 210 210 210 210 210 210 40 148 148 148 62 62 62 62 62 49 49 49 49 49 49 97 97 84 
84 5 5 5 5 5 201 201 201 201 40 40 148 148 148 62 62 62 62 227 227 141 141 141 141 97 97 84 84 
75 5 5 5 5 201 201 201 201 201 40 40 40 148 148 62 62 62 227 227 227 141 141 141 141 141 75 75 84 
75 75 5 5 5 201 201 201 201 201 40 40 40 148 148 62 62 62 227 227 227 227 141 141 141 75 75 75 75 
75 75 70 5 201 201 201 201 201 201 40 40 40 148 148 62 62 62 227 227 227 227 141 141 141 75 75 75 75 
75 70 70 5 201 201 201 201 201 201 50 50 50 50 148 62 62 227 227 227 227 227 191 141 141 75 75 75 75 
59 59 59 59 201 201 201 201 201 50 50 50 50 50 50 231 231 231 227 227 227 191 191 191 86 86 75 75 75 
59 59 59 59 59 201 201 201 232 232 50 50 50 232 232 76 76 76 76 76 191 113 113 113 86 86 86 86 59 
59 59 59 59 59 59 124 232 232 232 232 232 232 232 232 76 76 76 76 76 76 113 113 113 113 113 86 142 59 
59 59 59 66 66 66 124 124 232 232 232 232 232 232 232 76 76 76 76 76 177 177 177 113 113 113 142 142 59 
59 59 66 66 66 66 124 124 232 232 232 232 232 232 232 76 76 76 76 177 177 177 177 177 113 113 142 142 59 
59 66 66 66 66 66 124 124 124 232 232 232 232 232 232 76 76 76 76 177 177 177 177 177 113 113 142 142 59 
72 72 72 72 72 72 124 124 124 124 232 232 232 232 248 248 76 76 76 177 177 177 177 177 177 45 45 45 45 
45 72 72 72 72 72 124 124 124 150 150 150 150 150 248 248 76 76 177 177 177 177 177 177 45 45 45 45 45 
45 72 72 72 72 72 72 43 43 150 150 150 150 150 248 248 194 194 194 177 177 177 177 177 45 45 45 45 45 
45 72 72 72 72 72 102 102 102 102 150 150 150 17 17 17 21 21 21 21 21 95 95 45 45 45 45 45 45 
45 45 72 72 72 102 102 102 102 102 102 150 17 17 17 17 21 21 21 21 21 21 95 45 45 45 45 45 45 
61 61 61 61 61 102 102 102 102 102 102 17 17 17 17 17 21 21 21 21 21 21 21 21 45 45 45 45 45 
243 61 61 61 61 102 102 102 102 102 102 17 17 17 17 17 54 21 21 21 21 199 199 145 20 20 243 243 243 
243 243 61 61 61 102 102 102 165 165 165 23 17 17 17 54 54 21 21 21 21 199 145 145 20 20 20 243 243 
243 243 61 61 61 108 165 165 165 165 165 23 17 17 54 54 54 54 21 21 145 145 145 145 20 20 20 243 243 
243 243 243 61 88 12 12 165 165 165 165 23 23 246 54 54 54 54 54 145 145 145 145 145 145 20 20 243 243 
243 243 88 88 88 12 12 12 12 165 249 249 249 246 246 246 54 54 219 219 145 145 145 145 145 145 145 243 243 
243 88 88 88 88 12 12 12 12 12 249 249 249 246 246 246 246 219 219 219 145 145 145 145 145 145 145 243 243 
73 88 88 88 88 12 12 12 12 12 249 249 249 246 246 117 117 117 219 188 36 145 145 145 145 145 145 145 243 
73 73 88 88 88 12 12 12 12 12 249 249 249 246 117 117 117 117 117 188 36 36 145 145 145 242 242 242 242 
73 73 88 88 88 12 12 12 12 12 249 249 249 117 117 117 117 117 188 188 36 36 49 49 49 242 242 242 242 
73 73 73 5 132 132 210 210 210 210 249 249 249 117 117 117 117 117 117 188 36 49 49 49 49 49 242 242 84 
97 5 5 5 132 132 210 210 210 210 210 249 249 117 117 117 62 62 62 49 49 49 49 49 49 49 49 97 84 
84 5 5 5 5 132 132 210 210 210 210 40 148 148 30 62 62 62 62 62 49 49 49 49 49 49 97 97 84 
84 5 5 5 5 132 132 132 201 201 40 40 148 148 62 62 62 62 227 227 227 141 141 141 141 141 97 84 84 
84 5 5 5 5 132 132 201 201 201 40 40 40 148 62 62 62 62 227 227 227 141 141 141 141 141 75 75 75 
75 5 5 5 5 132 201 201 201 201 40 40 40 148 62 62 62 227 227 227 227 227 141 141 141 141 75 75 75 
75 75 5 5 5 201 201 201 201 201 40 40 40 148 62 62 62 227 227 227 227 227 141 141 141 141 75 75 75 
75 70 5 5 201 201 201 201 201 201 50 50 50 50 50 62 231 227 227 227 227 227 191 141 141 141 75 75 75 
59 59 59 59 22 201 201 201 201 50 50 50 50 50 50 231 231 231 231 231 191 191 191 191 191 86 75 75 75 
59 59 59 59 59 6 6 6 232 50 50 50 50 50 232 231 231 231 231 44 191 191 191 191 191 142 142 142 142 
59 59 59 59 59 59 6 232 232 232 50 50 50 232 232 231 231 231 44 44 44 191 191 191 113 142 142 142 59 
59 59 59 59 66 66 124 232 232 232 232 232 232 232 232 76 76 76 44 44 44 44 191 113 142 142 142 142 59 
59 59 59 66 66 66 124 124 232 232 232 232 232 232 232 76 76 76 76 44 44 177 177 177 142 142 142 142 59 
59 59 66 66 66 66 43 43 43 232 232 217 217 232 232 76 76 76 76 177 177 177 177 177 142 142 142 142 142 
59 72 72 72 72 72 43 43 43 150 150 150 150 150 150 150 76 194 194 177 177 177 177 177 142 142 209 209 209 
45 72 72 72 72 72 43 43 43 150 150 150 150 150 150 150 194 194 194 194 177 177 177 177 45 45 45 45 45 
45 72 72 72 72 72 43 43 43 150 150 150 150 150 150 150 194 194 194 194 194 194 177 45 45 45 25 25 45 
45 72 72 72 72 72 43 43 43 150 150 150 150 17 17 17 21 21 21 21 21 21 21 45 45 45 25 25 25 
45 45 72 72 72 102 102 102 102 102 150 150 17 17 17 17 21 21 21 21 21 21 21 45 45 45 25 25 45 
61 61 61 61 61 61 102 102 102 102 165 17 17 17 17 17 21 21 21 21 21 199 199 199 199 243 243 243 243 
243 61 61 61 61 61 61 165 165 165 165 17 17 17 17 17 17 21 21 21 21 199 199 199 20 243 243 243 243 
243 61 61 61 61 61 108 165 165 165 165 17 17 17 17 17 17 21 21 21 199 199 199 145 20 243 243 243 243 
243 243 61 61 61 108 108 165 165 165 165 165 17 17 17 17 54 21 21 21 145 145 145 145 145 20 243 243 243 
243 243 243 61 61 108 165 165 165 165 165 165 249 246 246 246 54 15 219 219 145 145 145 145 145 145 243 243 243 
243 243 88 88 88 88 12 12 165 165 249 249 249 246 246 246 246 219 219 219 145 145 145 145 145 145 243 243 243 
243 88 88 88 88 88 12 12 12 249 249 249 249 246 246 246 246 219 219 219 145 145 145 145 145 145 145 243 243 
73 88 88 88 88 88 12 12 12 249 249 249 249 246 246 246 246 219 219 188 36 36 145 145 145 145 145 145 243 
73 73 88 88 88 88 12 12 12 249 249 249 249 246 246 117 117 117 188 188 36 36 36 145 145 145 145 145 73 
73 73 73 88 88 88 12 12 12 249 249 249 249 246 117 117 117 117 188 188 36 36 36 49 49 49 49 49 73 
73 73 73 73 132 132 132 12 12 249 249 249 249 246 117 117 117 117 188 188 36 36 49 49 49 49 49 49 73 
73 73 5 132 132 132 132 132 132 175 249 249 249 30 30 30 30 30 188 188 36 49 49 49 49 49 49 49 84 
73 5 5 5 132 132 132 132 132 175 175 175 175 30 30 30 30 30 30 227 49 141 141 141 141 49 49 49 84 
84 5 5 5 132 132 132 132 132 132 175 175 30 30 30 30 30 30 227 227 227 141 141 141 141 141 141 141 84 
84 5 5 5 132 132 132 132 132 132 40 40 30 30 30 30 30 30 227 227 227 141 141 141 141 141 141 75 75 
152 152 5 5 132 132 132 132 132 201 40 40 40 30 30 30 30 227 227 227 227 227 141 141 141 141 141 75 75 
152 152 105 5 132 132 132 132 201 201 50 40 50 50 30 30 231 227 227 227 227 227 141 141 141 141 75 75 75 
59 105 105 105 105 105 201 201 201 50 50 50 50 50 231 231 231 231 231 227 227 191 191 191 141 141 75 75 75 
59 59 22 22 22 6 6 6 6 50 50 50 50 50 50 231 231 231 231 231 191 191 191 191 191 142 142 142 142 
59 59 59 59 22 6 6 6 6 50 50 50 50 50 50 231 231 231 231 44 191 191 191 191 191 142 142 142 142 
59 59 59 59 59 6 6 6 232 50 50 50 50 50 50 231 231 231 231 44 44 191 191 191 142 142 142 142 142 
59 59 59 59 59 6 6 6 232 232 232 217 217 232 232 231 231 231 220 220 44 44 191 191 142 142 142 142 142 
59 59 59 59 59 43 43 43 232 217 217 217 217 217 217 231 231 44 220 220 220 44 44 142 142 142 142 142 142 
59 59 59 59 66 43 43 43 43 217 217 217 217 217 217 217 194 44 220 220 220 194 177 142 142 142 142 142 142 
59 59 59 72 72 43 43 43 43 217 217 150 150 150 150 194 194 194 194 194 194 194 194 194 142 142 209 209 209 
209 72 72 72 72 43 43 43 43 43 150 150 150 150 150 194 194 194 194 194 194 194 194 194 209 209 209 209 209 
45 72 72 72 72 43 43 43 43 150 150 150 150 150 150 194 194 194 194 194 194 194 194 194 45 45 209 209 209 
45 72 72 72 72 43 43 43 43 150 150 150 150 150 17 17 21 21 21 21 21 194 194 194 45 45 25 25 25 
45 61 61 61 61 108 43 43 43 150 150 17 17 17 17 17 17 21 21 21 21 21 21 21 45 45 25 25 25 
61 61 61 61 61 108 108 108 108 165 165 17 17 17 17 17 17 21 21 21 21 199 199 199 243 243 243 243 243 
243 61 61 61 61 108 108 108 165 165 165 17 17 17 17 17 17 21 21 21 199 199 199 199 243 243 243 243 243 
243 61 61 61 61 108 108 165 165 165 165 17 17 17 17 17 15 15 21 21 199 199 199 145 243 243 243 243 243 
243 243 61 61 61 108 108 165 165 165 165 165 17 17 17 17 15 15 15 15 219 199 145 145 145 243 243 156 243 
243 243 243 61 61 108 108 165 165 165 165 165 13 13 13 13 15 15 219 219 219 101 101 101 101 243 243 243 243 
243 243 88 88 88 88 35 35 165 165 249 249 249 246 246 246 15 219 219 219 219 101 101 101 101 101 243 243 243 
243 88 88 88 88 88 35 35 35 249 249 249 249 246 246 246 246 219 219 219 219 101 101 101 101 145 243 243 243 
73 88 88 88 88 88 35 35 35 249 249 179 249 246 246 246 246 219 219 188 36 36 36 145 145 145 145 243 73 
73 73 88 88 88 88 35 35 35 249 249 249 246 246 246 246 246 188 188 188 36 36 36 36 145 145 145 73 73 
73 73 73 73 88 68 68 35 35 249 249 249 246 246 246 117 117 188 188 188 36 36 36 36 49 49 49 73 73 
73 73 73 73 68 68 68 68 35 175 175 175 246 246 117 117 117 188 188 188 36 36 36 49 49 49 49 73 73 
73 73 73 132 132 132 132 132 132 175 175 175 175 30 30 30 30 30 188 188 36 36 49 49 49 49 49 49 73 
73 73 132 132 132 132 132 132 132 175 175 175 175 30 30 30 30 30 30 188 36 141 141 141 141 141 141 141 73 
152 152 5 132 132 132 132 132 132 132 175 175 175 30 30 30 30 30 227 227 227 141 141 141 141 141 141 141 84 
152 152 5 132 132 132 132 132 132 132 175 175 30 30 30 30 30 30 227 227 227 141 141 141 141 141 141 141 75 
152 152 152 132 132 132 132 132 132 132 175 40 30 30 30 30 30 30 227 227 227 227 141 141 141 141 141 75 75 
152 152 105 105 105 132 132 132 6 6 116 116 116 30 30 231 231 231 227 227 227 227 141 141 141 141 75 75 75 
152 105 105 105 105 105 6 6 6 6 116 116 116 116 231 231 231 231 231 231 191 191 191 191 191 191 142 142 142 
142 22 22 22 22 6 6 6 6 6 116 116 116 116 90 231 231 231 231 231 191 191 191 191 191 142 142 142 142 
142 22 22 22 22 6 6 6 6 6 116 116 116 116 116 231 231 231 231 44 191 191 191 191 142 142 142 142 142 
31 31 31 22 22 6 6 6 6 6 116 116 116 116 90 231 231 231 44 44 44 191 191 191 142 142 142 142 142 
31 31 31 22 22 6 6 6 6 6 217 217 217 217 217 231 231 231 220 220 44 44 191 191 142 142 142 142 142 
142 31 31 31 22 43 6 6 6 217 217 217 217 217 217 231 231 44 220 220 220 44 44 191 142 142 142 142 142 
142 59 59 59 43 43 43 43 43 217 217 217 217 217 217 194 194 194 194 194 194 194 194 142 142 142 142 142 142 
142 59 59 72 43 43 43 43 43 217 217 217 150 150 150 194 194 194 194 194 194 194 194 194 142 142 209 209 209 
209 209 72 72 43 43 43 43 43 43 150 150 150 150 150 194 194 194 194 194 194 194 194 194 209 209 209 209 209 
209 209 72 72 186 43 43 43 43 150 150 150 150 150 150 194 194 194 194 194 194 194 194 194 209 209 209 209 209 
61 61 61 61 186 186 43 43 43 150 150 150 150 150 17 17 194 194 194 194 194 194 194 194 209 209 209 209 209 
61 61 61 61 61 108 108 108 43 150 150 17 17 17 17 17 17 21 21 21 21 199 199 199 209 209 209 209 209 
61 61 61 61 61 108 108 108 108 165 165 17 17 17 17 17 17 21 21 21 199 199 199 199 243 243 243 243 243 
61 61 61 61 61 108 108 108 165 165 165 17 17 17 17 17 15 15 21 21 199 199 199 199 243 243 243 243 243 
243 61 61 61 108 108 108 108 165 165 165 17 17 17 17 17 15 15 15 15 199 199 199 199 243 243 243 243 243 
243 243 61 61 108 108 108 165 165 165 165 165 13 13 13 13 15 15 15 15 219 219 101 101 243 243 243 243 243 
243 243 243 61 108 108 108 165 165 165 165 165 13 13 13 13 15 15 15 219 219 219 101 101 101 243 243 243 243 
243 243 88 88 88 35 35 35 35 165 249 249 249 246 246 246 15 219 219 219 219 219 101 101 101 101 243 243 243 
73 73 88 88 88 88 35 35 35 249 249 249 249 246 246 246 219 219 219 219 219 219 101 101 101 101 243 243 243 
73 73 88 88 88 88 35 35 35 249 249 249 249 246 246 246 246 219 219 219 36 36 36 101 145 145 243 243 73 
73 73 73 88 88 68 35 35 35 249 249 249 249 246 246 246 246 219 188 188 36 36 36 36 36 145 187 73 73 
73 73 73 73 68 68 68 35 35 249 249 249 249 246 246 246 246 188 188 188 36 36 36 36 49 49 187 73 73 
73 73 73 73 68 68 68 68 68 175 175 175 175 246 246 246 117 188 188 188 36 36 36 36 49 49 187 73 73 
73 73 73 73 132 132 132 132 132 175 175 175 175 175 30 30 30 30 188 188 36 36 36 49 49 49 187 187 73 
73 73 73 132 132 132 132 132 132 175 175 175 175 30 30 30 30 30 53 53 53 141 141 141 141 141 103 103 73 
152 152 152 132 132 132 132 132 132 175 175 175 175 30 30 30 30 30 53 53 53 141 141 141 141 141 103 103 103 
152 152 152 132 132 132 132 132 132 132 175 175 175 30 30 30 30 30 53 53 53 141 141 141 141 141 205 103 152 
152 152 152 105 132 132 132 132 132 132 175 175 175 30 30 30 30 30 30 53 53 227 141 141 141 205 205 205 152 
152 152 105 105 105 132 132 6 6 6 116 116 116 116 30 30 231 231 227 227 227 118 191 141 141 205 205 205 152 
152 105 105 105 105 105 6 6 6 6 116 116 116 116 90 231 231 231 231 231 191 191 191 191 191 142 142 142 142 
142 22 22 22 22 6 6 6 6 6 116 116 116 116 90 231 231 231 231 231 191 191 191 191 191 142 142 142 142 
142 22 22 22 22 6 6 6 6 6 116 116 116 116 90 90 231 231 231 44 191 191 191 191 142 142 142 142 142 
142 31 22 22 22 6 6 6 6 6 116 116 116 116 90 231 231 231 44 44 44 191 191 191 142 142 142 142 142 
142 31 31 22 22 6 6 6 6 6 116 217 217 217 90 231 231 44 44 44 44 44 191 191 142 142 142 142 142 
142 31 31 31 22 6 89 89 89 217 217 217 217 217 217 127 231 44 44 44 44 44 44 142 142 142 142 142 142 
142 142 31 31 89 89 89 89 89 217 217 217 217 217 217 127 194 194 194 194 194 194 194 194 142 142 142 142 142 
142 98 98 98 80 80 80 80 80 80 217 150 150 150 150 127 194 194 194 194 194 194 194 194 142 142 209 209 209 
98 98 98 98 186 80 80 80 80 80 150 150 150 150 150 194 194 194 194 194 194 194 194 194 194 209 209 209 209 
98 98 98 186 186 186 80 80 80 150 150 150 150 150 150 194 194 194 194 194 194 194 194 194 194 209 209 209 209 
98 61 61 61 186 186 186 80 80 150 150 150 150 150 17 17 194 194 194 194 194 194 194 194 194 209 209 209 209 
61 61 61 61 61 186 186 108 108 150 150 17 17 17 17 17 194 194 194 194 194 194 194 194 194 209 209 209 209 
61 61 61 61 108 108 108 108 108 108 165 17 17 17 17 17 17 21 21 194 199 199 199 199 243 243 243 243 243 
61 61 61 61 108 108 108 108 108 165 165 13 13 13 17 17 15 15 15 15 199 199 199 199 243 243 243 243 243 
243 61 61 61 108 108 108 108 165 165 165 13 13 13 13 13 15 15 15 15 15 199 199 199 243 243 243 243 243 
243 243 61 108 108 108 108 108 165 165 165 13 13 13 13 13 15 15 15 15 219 219 219 101 243 243 243 243 243 
243 243 61 108 108 108 108 35 165 165 165 13 13 13 13 13 15 15 15 219 219 219 219 101 101 243 243 243 243 
243 73 88 88 88 35 35 35 35 35 249 249 13 13 13 13 15 219 219 219 219 219 101 101 101 101 243 243 243 
73 73 88 88 88 35 35 35 35 35 249 249 249 246 246 246 219 219 219 219 219 219 101 101 101 101 243 243 243 
73 73 73 88 88 35 35 35 35 35 249 249 249 246 246 246 219 219 219 219 219 36 36 101 101 187 187 187 73 
73 73 73 73 68 68 35 35 35 35 249 249 249 246 246 246 246 219 219 188 36 36 36 36 187 187 187 187 73 
73 73 73 73 68 68 68 35 35 35 175 175 175 246 246 246 246 188 188 188 36 36 36 36 187 187 187 187 73 
73 73 73 73 68 68 68 68 68 175 175 175 175 175 175 246 117 188 188 188 36 36 36 36 49 187 187 187 73 
73 73 73 73 68 68 68 68 175 175 175 175 175 175 30 30 30 30 53 53 36 36 36 205 205 103 187 187 73 
73 73 73 132 132 132 132 132 132 175 175 175 175 175 30 30 30 30 53 53 53 53 141 205 205 103 103 103 73 
152 152 152 132 132 132 132 132 132 175 175 175 175 175 30 30 30 30 53 53 53 118 141 205 205 205 103 103 103 
152 152 152 132 132 132 132 132 132 132 175 175 175 30 30 30 30 118 53 53 53 118 118 205 205 205 205 103 152 
152 152 152 105 132 132 132 132 132 6 175 175 175 30 30 30 30 118 118 118 118 118 118 205 205 205 205 205 152 
152 152 105 105 105 105 6 6 6 6 116 116 116 58 58 58 118 118 118 118 118 118 118 205 205 205 205 205 152 
152 105 105 105 105 105 6 6 6 6 116 116 116 90 90 90 90 231 118 118 118 191 191 191 205 205 205 77 152 
22 22 22 22 22 6 6 6 6 6 116 116 116 90 90 90 90 231 231 231 191 191 191 191 191 142 142 142 142 
22 22 22 22 22 6 6 6 6 6 116 116 116 90 90 90 90 231 231 44 44 191 191 191 191 142 142 142 142 
142 22 22 22 22 6 6 6 6 6 116 116 116 90 90 90 90 231 44 44 44 191 191 191 142 142 142 142 142 
142 22 22 22 22 6 6 6 6 6 116 116 116 116 90 90 127 44 44 44 44 44 191 142 142 142 142 142 142 
142 142 22 22 22 89 89 89 89 89 217 217 217 217 90 127 127 127 44 44 44 194 194 142 142 142 142 142 142 
98 98 98 98 89 89 89 89 89 89 217 217 217 217 127 127 127 127 194 194 194 194 194 194 142 142 142 142 142 
98 98 98 98 98 80 80 80 80 80 150 150 150 150 150 127 194 194 194 194 194 194 194 194 194 142 142 209 98 
98 98 98 98 186 80 80 80 80 80 150 150 150 150 150 194 194 194 194 194 194 194 194 194 194 209 209 209 98 
98 98 98 186 186 186 80 80 80 80 150 150 150 150 194 194 194 194 194 194 194 194 194 194 194 209 209 209 98 
98 98 61 186 186 186 186 80 80 80 150 150 150 17 17 194 194 194 194 194 194 194 194 194 194 209 209 209 98 
61 61 61 61 186 186 186 108 108 80 150 150 17 17 17 17 194 194 194 194 194 194 194 194 194 209 209 209 98 
61 61 61 61 108 108 108 108 108 108 165 17 17 17 17 17 15 15 15 194 199 199 199 236 236 236 181 181 181 
61 61 61 61 108 108 108 108 108 108 165 13 13 13 13 13 15 15 15 15 15 199 199 236 236 181 181 181 181 
243 61 61 108 108 108 108 108 108 165 165 13 13 13 13 13 15 15 15 15 15 219 219 236 243 181 181 181 181 
243 243 61 108 108 108 108 108 108 165 165 13 13 13 13 13 15 15 15 15 219 219 219 219 243 243 243 181 181 
243 243 61 108 108 139 139 35 165 165 165 13 13 13 13 13 15 15 15 219 219 219 219 219 101 243 243 243 181 
73 73 73 139 139 139 139 35 35 35 249 249 13 13 13 13 15 219 219 219 219 219 219 219 101 101 243 243 181 
73 73 73 73 139 139 139 35 35 35 249 249 249 13 13 246 219 219 219 219 219 219 219 101 101 187 187 187 187 
73 73 73 73 139 139 139 35 35 35 249 249 249 249 246 246 219 219 219 219 219 219 219 101 187 187 187 187 187 
73 73 73 73 68 139 139 35 35 35 249 249 249 249 246 246 246 219 219 219 219 36 36 36 187 187 187 187 187 
73 73 73 73 68 68 68 35 35 35 175 175 175 175 246 246 246 219 235 188 36 36 36 36 187 187 187 187 187 
73 73 73 73 68 68 68 68 35 175 175 175 175 175 175 175 46 46 235 235 36 36 36 205 205 187 187 187 187 
73 73 73 73 68 68 68 68 175 175 175 175 175 175 175 30 30 46 235 235 46 36 205 205 205 205 187 187 187 
73 73 73 73 68 132 132 132 175 175 175 175 175 175 175 30 30 118 53 53 53 53 103 103 205 103 103 103 103 
152 152 152 132 132 132 132 132 132 175 175 175 175 175 30 30 30 118 53 53 53 118 103 103 205 205 103 103 103 
152 152 152 152 132 132 132 132 132 175 175 175 175 175 30 30 30 118 118 118 118 118 118 103 205 205 205 103 103 
152 152 152 105 105 132 132 132 222 222 208 208 208 58 58 58 58 118 118 118 118 118 118 103 205 205 205 205 205 
152 152 105 105 105 105 6 6 222 222 222 116 116 58 58 58 58 118 118 118 118 118 118 211 205 205 205 205 205 
152 105 105 105 105 105 6 6 6 6 116 116 116 90 90 90 90 118 118 118 118 118 118 211 211 211 77 77 77 
22 22 22 22 22 6 6 6 6 6 116 116 116 90 90 90 90 90 118 118 118 118 191 191 211 77 77 77 77 
22 22 22 22 22 6 6 6 6 6 116 116 116 90 90 90 90 90 44 44 44 44 191 191 191 142 142 142 142 
142 22 22 22 22 6 6 6 6 6 116 116 116 90 90 90 90 127 44 44 44 44 191 191 142 142 142 142 142 
142 22 22 22 22 6 6 6 6 6 116 116 116 90 90 90 127 127 127 44 44 44 191 142 142 142 142 142 142 
142 98 22 22 22 89 89 89 89 89 116 116 116 90 90 127 127 127 127 194 194 194 194 194 142 142 142 142 142 
98 98 98 98 98 89 89 89 89 89 217 217 217 238 127 127 127 127 127 194 194 194 194 194 96 142 142 142 98 
98 98 98 98 98 80 80 80 80 80 150 150 150 150 238 127 127 127 194 194 194 194 194 194 96 96 142 209 98 
98 98 98 98 98 80 80 80 80 80 150 150 150 150 238 127 194 194 194 194 194 194 194 194 194 96 209 98 98 
98 98 98 98 186 186 80 80 80 80 150 150 150 238 238 194 194 194 194 194 194 194 194 194 194 209 209 209 98 
98 98 98 186 186 186 186 80 80 80 150 150 150 238 238 194 194 194 194 194 194 194 194 194 194 194 98 98 98 
98 61 61 61 186 186 108 108 108 80 150 150 17 17 17 17 194 194 194 194 194 194 194 194 241 241 98 98 98 
181 61 61 108 108 108 108 108 108 108 60 60 13 13 38 38 38 15 15 194 236 236 236 236 236 236 181 181 181 
181 181 61 108 108 108 108 108 108 108 174 174 13 13 38 38 38 15 15 15 236 236 236 236 236 181 181 181 181 
181 181 61 108 108 108 108 108 108 174 174 174 13 13 38 38 38 15 15 15 219 219 236 236 236 181 181 181 181 
181 181 244 108 108 108 108 108 108 174 174 174 174 13 38 38 38 15 15 219 219 219 219 236 181 181 181 181 181 
181 181 244 109 139 139 139 139 139 174 174 174 174 174 38 38 38 15 219 219 219 219 219 219 181 181 181 181 181 
181 181 244 139 139 139 139 139 35 174 174 174 174 174 99 38 38 219 219 219 219 219 219 219 181 181 181 181 181 
73 73 73 139 139 139 139 139 35 35 174 174 99 99 99 99 219 219 219 219 219 219 219 101 187 187 187 187 187 
73 73 73 73 139 139 139 139 35 35 35 99 99 99 99 99 219 219 219 219 219 219 107 180 187 187 187 187 187 
73 73 73 73 139 139 139 139 35 35 35 99 99 99 99 99 99 219 219 219 219 36 36 180 187 187 187 187 187 
73 73 73 73 68 68 139 139 35 35 175 175 99 99 99 99 99 46 235 46 46 46 180 180 187 187 187 187 187 
73 73 73 73 68 68 68 139 35 175 175 175 175 175 175 175 46 46 235 235 46 46 46 205 205 187 187 187 187 
73 73 73 73 68 68 68 139 175 175 175 175 175 175 175 175 46 46 235 235 46 46 205 205 205 205 187 187 187 
73 73 73 240 68 132 132 132 175 175 175 175 175 175 175 30 46 46 235 235 46 46 103 103 205 205 103 103 103 
152 152 240 240 240 132 132 132 132 175 175 175 175 175 58 58 118 118 118 118 118 118 103 103 103 103 103 103 103 
152 152 240 240 240 240 132 132 222 208 208 208 208 208 58 58 58 118 118 118 118 118 211 211 103 205 205 103 103 
152 152 240 240 240 240 240 222 222 222 208 208 208 58 58 58 58 118 118 118 118 118 211 211 211 205 205 205 205 
152 152 240 240 240 240 6 222 222 222 222 208 208 58 58 58 58 118 118 118 118 118 211 211 211 211 211 205 205 
152 143 143 143 105 105 6 6 222 222 222 116 116 58 58 58 58 118 118 118 118 118 211 211 211 211 77 77 77 
77 22 22 22 22 6 6 6 6 222 116 116 116 90 90 90 58 58 118 118 118 118 211 211 211 77 77 77 77 
77 22 22 22 22 6 6 6 6 6 116 116 116 90 90 90 90 58 58 118 44 44 211 211 77 77 77 77 77 
77 22 22 22 22 6 6 6 6 6 116 116 116 90 90 90 90 127 127 44 44 44 191 191 77 77 77 77 77 
77 98 22 22 22 6 6 6 6 6 116 116 116 90 90 127 127 127 127 127 127 127 191 142 142 77 77 77 77 
98 98 98 22 22 89 89 89 89 65 116 116 238 238 127 127 127 127 127 127 194 194 194 96 96 96 96 77 142 
98 98 98 98 98 89 89 89 89 89 217 238 238 238 127 127 127 127 127 127 194 194 194 96 96 96 96 96 98 
98 98 98 98 98 80 80 80 80 80 80 238 238 238 238 127 127 127 127 194 194 194 194 194 96 96 96 98 98 
98 98 98 98 98 80 80 80 80 80 80 238 238 238 238 127 127 127 194 194 194 194 194 194 96 96 98 98 98 
98 98 98 98 98 80 80 80 80 80 80 238 238 238 238 238 194 194 194 194 194 194 194 194 241 241 98 98 98 
98 98 98 98 186 186 80 80 80 80 80 238 238 238 238 238 194 194 194 194 194 194 194 241 241 241 98 98 98 
98 98 98 98 108 108 108 108 80 80 60 60 238 238 238 238 194 194 194 194 194 194 241 241 241 241 241 98 98 
181 244 61 108 108 108 108 108 60 60 60 60 60 38 38 38 153 153 153 153 236 236 236 236 236 236 181 181 181 
181 244 109 109 109 108 108 108 60 60 60 174 174 38 38 38 38 38 153 153 236 236 236 236 236 181 181 181 181 
181 244 244 109 109 108 108 108 108 174 174 174 174 174 38 38 38 38 38 38 236 236 236 236 236 181 181 181 181 
181 244 244 109 109 109 108 108 174 174 174 174 174 174 38 38 38 38 38 219 219 107 236 236 181 181 181 181 181 
181 244 244 109 109 109 139 139 139 174 174 174 174 174 38 38 38 38 219 219 219 219 107 107 181 181 181 181 181 
181 244 244 109 139 139 139 139 139 174 174 174 174 174 99 38 38 38 219 219 219 219 107 107 181 181 181 181 181 
181 73 111 111 139 139 139 139 139 35 174 174 99 99 99 99 99 38 219 219 219 107 107 107 107 181 181 181 181 
187 73 73 111 139 139 139 139 139 35 79 99 99 99 99 99 99 99 219 219 107 107 107 180 180 187 187 187 187 
187 73 73 73 139 139 139 139 139 35 99 99 99 99 99 99 99 46 235 46 46 180 180 180 180 187 187 187 187 
187 73 73 73 68 139 139 139 35 35 175 99 99 99 99 99 99 46 235 46 46 46 180 180 180 187 187 187 187 
187 73 73 73 68 68 68 139 35 133 175 175 99 99 99 99 46 46 235 235 46 46 46 180 180 187 187 187 187 
187 73 73 171 171 171 171 139 133 133 175 175 175 175 39 39 46 46 235 235 46 46 46 205 205 205 224 187 187 
187 73 171 171 171 171 171 132 133 133 175 175 175 39 39 39 46 46 46 46 46 46 46 103 205 205 205 103 103 
240 240 240 240 240 240 240 222 222 208 208 208 208 39 58 58 118 118 118 118 118 118 211 211 103 205 205 103 103 
240 240 240 240 240 240 240 222 222 208 208 208 208 208 58 58 58 118 118 118 118 118 211 211 211 103 205 103 103 
152 240 240 240 240 240 240 222 222 222 208 208 208 58 58 58 58 118 118 118 118 118 211 211 211 211 205 205 205 
143 143 143 240 240 240 240 222 222 222 222 208 208 58 58 58 58 118 118 118 118 118 211 211 211 211 211 205 77 
77 143 143 143 143 143 143 222 222 222 222 222 58 58 58 58 58 58 118 118 118 211 211 211 211 211 77 77 77 
77 143 143 143 143 143 143 222 222 222 222 222 58 58 58 58 58 58 58 118 118 211 211 211 211 77 77 77 77 
77 143 143 143 143 143 6 6 222 222 222 222 116 58 58 58 58 58 58 19 19 19 19 19 77 77 77 77 77 
77 77 143 143 143 6 6 6 65 65 65 116 116 90 90 58 58 58 127 19 19 19 19 19 77 77 77 77 77 
77 77 22 22 226 226 6 6 65 65 65 65 116 90 90 127 127 127 127 127 127 19 19 239 239 77 77 77 77 
98 98 98 98 226 226 226 89 65 65 65 65 238 238 238 127 127 127 127 127 194 57 57 96 96 96 96 96 77 
98 98 98 98 98 226 89 89 225 65 65 238 238 238 238 127 127 127 127 127 194 194 57 96 96 96 96 96 98 
98 98 98 98 98 80 80 80 80 80 238 238 238 238 238 127 127 127 127 127 194 194 194 96 96 96 96 96 98 
98 98 98 98 98 80 80 80 80 80 238 238 238 238 238 238 127 127 127 194 194 194 194 96 96 96 96 98 98 
98 98 98 98 98 80 80 80 80 80 238 238 238 238 238 238 194 194 194 194 194 194 241 241 241 241 241 98 98 
98 98 98 98 98 186 80 80 80 60 60 238 238 238 238 238 194 194 194 194 194 194 241 241 241 241 241 98 98 
98 98 98 98 108 108 108 108 60 60 60 60 238 238 238 238 153 194 194 194 194 241 241 241 241 241 241 98 98 
181 244 109 109 109 109 60 60 60 60 60 60 60 38 38 153 153 153 153 153 236 236 236 236 236 236 181 181 181 
181 244 109 109 109 109 109 60 60 60 60 60 174 38 38 38 38 153 153 153 236 236 236 236 236 236 181 181 181 
244 244 244 109 109 109 109 60 60 60 174 174 174 38 38 38 38 38 153 153 236 236 236 236 236 181 181 181 181 
244 244 244 109 109 109 109 109 60 174 174 174 174 174 38 38 38 38 153 107 107 107 236 236 236 181 181 181 181 
244 244 244 109 109 109 109 109 174 174 174 174 174 174 38 38 38 38 38 107 107 107 107 107 181 181 181 181 181 
181 244 109 109 109 109 109 139 139 174 174 174 174 174 99 38 38 38 38 107 107 107 107 107 181 181 181 181 181 
181 111 111 111 111 109 139 139 139 79 79 99 99 99 99 99 99 38 38 107 107 107 107 107 107 181 181 181 181 
187 111 111 111 111 111 139 139 139 55 79 99 99 99 99 99 99 99 46 107 107 107 107 180 180 147 147 147 147 
147 111 111 111 111 111 139 139 139 55 79 99 99 99 99 99 99 46 46 46 107 180 180 180 180 147 147 147 147 
147 237 237 237 237 237 139 139 35 133 133 99 99 99 99 99 99 46 46 46 46 180 180 180 180 224 147 147 147 
147 73 171 171 171 171 171 171 133 133 133 133 133 39 39 39 46 46 46 46 46 46 180 180 180 224 224 224 224 
187 171 171 171 171 171 171 171 133 133 133 133 133 39 39 39 39 46 46 46 46 46 180 180 224 224 224 224 224 
187 171 171 171 171 171 171 83 133 133 133 133 133 39 39 39 46 46 46 46 46 46 211 211 205 224 224 224 224 
240 240 240 240 240 240 240 83 83 208 208 208 208 39 39 58 58 118 46 46 46 211 211 211 211 205 205 224 224 
240 240 240 240 240 240 240 222 222 208 208 208 208 208 58 58 58 118 118 118 118 211 211 211 211 211 205 205 205 
240 240 240 240 240 240 240 222 222 222 208 208 208 208 58 58 58 58 118 118 118 211 211 211 211 211 205 205 205 
77 143 143 240 240 240 240 222 222 222 222 208 208 58 58 58 58 58 118 118 118 211 211 211 211 211 211 77 77 
77 143 143 143 143 143 143 222 222 222 222 222 208 58 58 58 58 58 58 118 19 19 211 211 211 211 77 77 77 
77 143 143 143 143 143 143 222 222 222 222 222 58 58 58 58 58 58 58 19 19 19 19 211 211 77 77 77 77 
77 143 143 143 143 143 143 222 222 222 222 222 58 58 58 58 58 58 58 19 19 19 19 19 19 77 77 77 77 
77 77 143 143 143 143 143 65 65 65 65 65 65 58 58 58 58 58 127 19 19 19 19 19 239 77 77 77 77 
77 77 26 26 226 226 226 65 65 65 65 65 65 58 58 183 127 127 127 127 19 19 19 239 239 239 77 77 77 
77 98 98 226 226 226 226 225 65 65 65 65 65 238 183 183 127 127 127 127 57 57 57 96 96 96 96 96 96 
98 98 98 226 226 226 226 225 225 65 65 65 238 238 238 183 127 127 127 127 57 57 57 96 96 96 96 96 98 
98 98 98 98 226 226 226 226 225 65 65 238 238 238 238 238 127 127 127 127 57 57 57 204 96 96 96 96 98 
98 98 98 98 226 226 226 226 225 65 238 238 238 238 238 238 127 127 127 127 67 67 204 204 204 96 96 96 98 
98 98 98 98 98 226 226 226 60 60 60 238 238 238 238 238 238 127 127 67 67 67 228 241 241 241 241 98 98 
98 98 98 98 98 226 226 60 60 60 60 60 238 238 238 238 238 153 194 194 67 228 241 241 241 241 241 98 98 
98 98 98 98 108 108 60 60 60 60 60 60 60 238 238 238 153 153 153 194 241 241 241 241 241 241 241 241 98 
169 109 109 109 109 109 60 60 60 60 60 60 60 60 38 153 153 153 153 153 236 236 236 236 236 236 236 181 181 
181 109 109 109 109 109 109 60 60 60 60 60 60 38 38 38 153 153 153 153 236 236 236 236 236 236 181 181 181 
181 244 109 109 109 109 109 109 60 60 60 174 174 38 38 38 38 153 153 153 236 236 236 236 236 236 181 181 181 
181 244 109 109 109 109 109 109 60 60 174 174 174 38 38 38 38 38 153 107 107 107 236 236 236 181 181 181 181 
181 244 109 109 109 109 109 109 109 55 174 174 174 174 38 38 38 38 38 107 107 107 107 107 236 181 181 181 181 
181 109 109 109 109 109 109 109 55 55 79 174 174 99 38 38 38 38 107 107 107 107 107 107 107 181 181 181 181 
181 111 111 111 111 111 111 55 55 55 79 79 99 99 99 99 99 42 107 107 107 107 107 107 107 181 181 181 181 
147 111 111 111 111 111 111 55 55 55 79 79 99 99 99 99 99 42 107 107 107 107 107 180 180 147 147 147 147 
147 237 111 111 111 237 237 55 55 55 79 79 99 99 99 99 99 46 46 46 107 180 180 180 180 147 147 147 147 
147 237 237 237 237 237 237 237 55 133 133 133 99 99 99 99 46 46 46 46 46 180 180 180 180 147 147 147 147 
147 237 237 171 171 171 171 171 133 133 133 133 133 39 39 39 39 46 46 46 46 180 180 180 180 224 224 224 147 
147 171 171 171 171 171 171 83 83 133 133 133 133 39 39 39 39 46 46 235 235 46 180 180 224 224 224 224 224 
147 171 171 171 171 171 171 83 83 133 133 133 133 39 39 39 39 46 46 235 235 46 46 180 224 224 224 224 224 
240 240 240 240 240 240 240 83 83 83 133 133 133 39 39 39 58 46 46 46 235 211 211 211 211 224 224 224 224 
240 240 240 240 240 240 240 83 83 83 208 208 208 208 58 58 58 58 46 46 235 211 211 211 211 211 211 224 224 
240 240 240 240 240 240 240 222 222 222 208 208 208 58 58 58 58 58 58 118 118 211 211 211 211 211 211 211 77 
166 164 164 240 240 240 240 222 222 222 222 208 208 58 58 58 58 58 58 118 118 211 211 211 211 211 211 77 77 
77 164 164 164 143 143 143 222 222 222 222 222 208 58 58 58 58 58 58 19 19 19 19 211 211 211 77 77 77 
77 164 164 164 143 143 143 222 222 222 222 222 58 58 58 58 58 58 58 19 19 19 19 19 19 77 77 77 77 
77 164 164 164 143 143 143 65 65 65 65 65 58 58 58 58 58 58 58 19 19 19 19 19 19 77 77 77 77 
77 26 26 26 26 26 226 65 65 65 65 65 65 58 58 58 58 58 19 19 19 19 19 19 239 239 77 77 77 
77 26 26 26 226 226 226 65 65 65 65 65 65 183 183 183 183 127 127 19 19 19 19 239 239 239 239 77 77 
77 26 26 226 226 226 226 225 65 65 65 65 65 183 183 183 183 127 127 57 57 57 57 57 96 96 96 96 96 
98 98 98 226 226 226 226 225 225 65 65 65 48 238 183 183 183 183 183 57 57 57 57 204 96 96 96 96 96 
98 98 98 226 226 226 226 225 225 225 225 48 48 48 238 183 183 183 127 57 57 57 57 204 204 96 96 96 98 
98 98 98 226 226 226 226 226 225 225 238 238 238 238 238 238 183 183 127 67 67 67 204 204 204 204 96 96 98 
98 98 98 226 226 226 226 226 60 60 60 238 238 238 238 238 238 238 67 67 67 67 228 241 241 241 228 228 98 
98 98 98 78 78 226 226 60 60 60 60 60 238 238 238 238 153 153 153 67 67 228 228 241 241 228 228 228 98 
98 98 98 78 78 226 60 60 60 60 60 60 60 60 238 153 153 153 153 153 67 241 241 241 241 228 228 228 98 
169 169 109 109 109 109 60 60 60 60 60 60 60 60 153 153 153 153 153 153 236 236 236 236 236 236 236 181 169 
169 109 109 109 109 109 109 60 60 60 60 60 60 38 38 153 153 153 153 153 236 236 236 213 236 236 236 181 181 
181 109 109 109 109 109 109 109 123 123 60 60 215 38 38 38 153 153 153 153 236 236 236 236 236 236 181 181 181 
181 109 109 109 109 109 109 109 123 123 60 174 174 38 38 38 38 153 153 107 107 107 236 236 236 236 181 181 181 
181 109 109 109 109 109 109 109 55 55 79 174 174 38 38 42 42 42 42 107 107 107 107 107 236 181 181 181 181 
181 109 109 109 109 109 109 55 55 55 79 79 79 99 51 51 42 42 42 107 107 107 107 107 107 181 181 181 181 
147 111 111 111 111 111 111 55 55 55 79 79 79 99 42 42 42 42 42 107 107 107 107 107 107 181 181 181 181 
147 111 111 111 111 111 111 55 55 55 79 79 79 99 99 233 233 42 107 107 107 107 107 180 180 147 147 147 147 
147 237 237 111 111 237 237 55 55 55 79 79 79 99 99 99 233 233 46 107 180 180 180 180 180 147 147 147 147 
147 237 237 237 237 237 237 55 55 133 133 133 133 39 39 39 233 46 46 46 180 180 180 180 180 147 147 147 147 
147 171 237 237 171 171 171 83 83 133 133 133 133 39 39 39 39 46 46 235 235 180 180 180 180 224 224 147 147 
147 171 171 171 171 171 171 83 83 133 133 133 133 39 39 39 39 46 46 235 235 180 180 180 180 224 224 224 147 
147 171 171 171 171 171 171 83 83 83 133 133 133 39 39 39 39 46 46 235 235 235 180 180 224 224 224 224 224 
147 171 171 171 171 171 83 83 83 83 83 133 133 39 39 39 39 46 46 235 235 211 211 211 211 224 224 224 224 
166 240 240 240 240 240 83 83 83 83 83 83 208 39 58 58 58 58 46 235 211 211 211 211 211 131 131 131 131 
166 166 240 164 164 164 164 83 83 83 83 208 208 58 58 58 58 58 58 126 126 211 211 211 211 131 131 131 166 
166 166 164 164 164 164 164 222 222 222 222 208 208 58 58 58 58 58 58 19 19 211 211 211 211 247 247 247 166 
166 164 164 164 164 164 164 222 222 222 222 222 58 58 58 58 58 58 58 19 19 19 19 19 247 247 247 77 77 
166 164 164 164 164 164 164 222 222 222 222 222 58 58 58 58 58 58 58 19 19 19 19 19 247 247 77 77 77 
166 164 164 164 164 164 134 65 65 65 65 65 65 58 58 58 58 58 19 19 19 19 19 19 19 239 77 77 77 
26 26 26 26 26 26 26 65 65 65 65 65 65 58 58 58 58 58 19 19 19 19 19 19 239 239 239 77 77 
26 26 26 26 26 226 226 65 65 65 65 65 65 183 183 183 183 183 19 19 19 19 19 239 239 239 239 239 77 
26 26 26 26 226 226 226 225 65 65 65 65 65 183 183 183 183 183 183 57 57 57 57 57 239 239 239 239 239 
26 26 26 226 226 226 226 225 225 65 65 65 48 48 183 183 183 183 183 57 57 57 57 204 204 96 96 96 96 
163 163 32 226 226 226 226 225 225 225 225 48 48 48 48 183 183 183 183 57 67 67 57 204 204 204 96 96 98 
98 32 32 32 226 226 226 225 225 225 60 48 48 48 48 48 183 183 67 67 67 67 204 204 204 204 204 204 98 
98 32 32 32 32 226 226 226 225 60 60 48 48 48 48 48 48 48 67 67 67 67 228 241 241 228 228 228 228 
169 78 78 78 78 78 226 60 60 60 60 60 48 48 48 48 48 153 153 67 67 228 228 228 228 228 228 228 228 
169 169 78 78 78 78 60 60 60 60 60 60 60 60 48 48 153 153 153 153 228 228 241 241 228 228 228 228 228 
169 169 169 109 109 109 60 60 60 60 60 60 60 60 153 153 153 153 153 153 236 236 236 236 236 236 236 236 169 
169 169 169 109 109 109 109 123 123 123 123 123 215 215 215 153 153 153 153 153 236 236 236 236 236 236 236 181 169 
169 169 109 109 109 109 109 123 123 123 123 215 215 215 38 153 153 153 153 153 236 236 236 236 236 236 236 181 169 
109 109 109 109 109 109 109 109 123 123 123 215 215 42 42 42 42 153 153 107 107 107 236 236 236 236 181 181 181 
109 109 109 109 109 109 109 109 47 123 47 234 234 42 42 42 42 42 42 107 107 107 107 107 236 236 181 181 181 
109 109 109 109 109 109 109 55 55 55 55 79 170 42 42 51 42 42 42 107 107 107 107 107 107 181 181 181 181 
147 111 111 111 111 111 55 55 55 55 55 79 170 42 42 42 42 42 42 107 107 107 107 107 107 147 147 147 147 
147 111 111 111 111 111 111 55 55 55 55 79 170 170 233 233 233 42 42 107 107 107 107 180 180 147 147 147 147 
147 237 237 237 237 237 237 55 55 55 170 170 170 170 233 233 233 233 233 107 107 180 180 180 180 147 147 147 147 
147 237 237 237 237 237 237 55 55 55 133 170 170 39 39 233 233 233 46 46 180 180 180 180 180 180 147 147 147 
147 171 237 237 237 237 237 83 83 133 133 133 133 39 39 39 39 46 46 235 235 180 180 180 180 180 147 147 147 
147 171 171 171 171 171 171 83 83 83 133 133 133 39 39 39 39 46 46 235 235 180 180 180 180 224 224 147 147 
147 171 171 171 171 171 83 83 83 83 83 133 133 39 39 39 39 46 46 235 235 235 180 180 224 224 224 224 224 
147 171 171 171 171 171 83 83 83 83 83 83 133 39 39 39 39 46 46 126 126 126 126 211 211 224 224 224 224 
166 166 171 171 171 171 83 83 83 83 83 83 83 39 39 58 58 58 126 126 126 126 126 126 131 131 131 131 131 
166 166 166 164 164 164 136 83 83 83 83 83 83 58 58 58 58 58 58 126 126 126 126 126 131 131 131 131 166 
166 166 166 164 164 164 164 83 83 83 83 83 83 58 58 58 58 58 218 218 126 126 126 247 247 247 247 247 166 
166 166 166 164 164 164 134 134 134 134 134 134 182 58 58 58 58 58 218 19 19 19 19 247 247 247 247 247 166 
166 166 164 164 164 164 134 134 134 134 134 182 182 58 58 58 58 58 104 19 19 19 19 19 247 247 247 247 166 
166 166 26 26 26 26 134 134 134 65 65 65 182 182 58 58 58 214 19 19 19 19 19 19 247 247 247 247 166 
26 26 26 26 26 26 134 65 65 65 65 65 65 182 182 182 58 214 104 19 19 19 19 19 239 239 239 239 239 
26 26 26 26 26 226 226 65 65 65 65 65 65 182 183 183 183 183 19 19 19 19 19 239 239 239 239 239 239 
26 26 26 26 26 226 226 225 65 65 65 65 65 183 183 183 183 183 57 57 57 57 57 57 239 239 239 239 239 
163 26 26 26 226 226 226 225 225 65 65 65 48 48 183 183 183 183 183 57 57 57 57 204 204 204 239 239 163 
163 163 32 32 226 226 226 225 225 225 65 48 48 48 48 183 183 183 57 57 67 67 204 204 204 204 204 163 163 
163 32 32 32 32 226 226 225 225 225 48 48 48 48 48 48 183 183 67 67 67 67 204 204 204 204 204 163 163 
163 32 32 32 32 32 226 225 225 60 60 48 48 48 48 48 48 48 67 67 67 67 241 241 241 241 228 228 163 
169 78 78 78 78 78 78 60 60 60 60 60 48 48 48 48 48 153 153 67 67 228 241 241 228 228 228 228 228 
169 169 78 78 78 78 78 60 60 60 60 60 60 60 48 48 153 153 153 153 67 241 241 241 228 228 228 228 228 
169 169 169 169 109 109 123 123 123 123 123 215 215 215 215 153 153 153 153 153 236 236 236 236 236 236 236 169 169 
169 169 169 169 109 109 123 123 123 123 123 215 215 215 215 153 153 153 153 153 236 236 236 236 236 236 236 236 169 
169 169 169 109 109 109 109 123 123 123 123 215 215 215 215 42 153 153 153 153 236 236 236 236 236 236 236 181 169 
169 169 109 109 109 109 109 123 123 123 215 234 215 42 42 42 42 42 153 107 107 107 236 236 236 236 236 181 169 
169 109 109 109 109 109 109 47 47 47 47 234 234 42 42 42 42 42 42 107 107 107 107 107 236 236 181 181 181 
109 109 109 109 109 109 109 55 55 47 47 170 170 42 42 42 42 42 42 107 107 107 107 107 107 107 181 181 181 
147 109 109 109 109 109 55 55 55 55 170 170 170 42 42 42 42 42 42 107 107 107 107 107 180 180 147 147 147 
147 111 111 111 111 111 55 55 55 55 170 170 170 170 233 233 233 42 42 107 107 107 180 180 180 180 147 147 147 
147 237 237 237 237 237 55 55 55 55 170 170 170 170 233 233 233 233 233 107 107 180 180 180 180 180 147 147 147 
147 237 237 237 237 237 237 55 55 55 170 170 170 170 39 233 233 233 233 135 135 180 180 180 180 180 147 147 147 
147 171 171 237 237 237 237 83 83 83 133 133 133 39 39 202 202 202 46 135 135 180 180 180 180 180 147 147 147 
147 171 171 171 171 171 83 83 83 83 83 133 133 39 39 202 202 202 202 135 135 180 180 180 180 180 147 147 147 
147 171 171 171 171 171 83 83 83 83 83 83 133 39 39 39 202 202 46 126 126 126 180 180 180 224 224 147 147 
166 171 171 171 171 83 83 83 83 83 83 83 83 39 39 39 202 202 126 126 126 126 126 126 131 131 131 131 131 
166 166 166 166 171 136 83 83 83 83 83 83 83 83 39 58 58 126 126 126 126 126 126 126 131 131 131 131 131 
166 166 166 166 164 136 136 136 83 83 83 83 83 83 58 58 58 218 218 126 126 126 126 126 131 131 131 131 131 
166 166 166 166 164 164 136 136 134 83 83 83 182 182 58 58 58 218 218 218 126 126 126 126 247 247 247 247 166 
166 166 166 166 164 164 134 134 134 134 134 134 182 182 182 58 58 218 218 218 218 126 126 247 247 247 247 247 166 
166 166 166 164 164 164 134 134 134 134 134 182 182 182 182 182 214 214 104 104 19 19 19 247 247 247 247 247 166 
166 166 26 26 26 26 134 134 134 134 134 182 182 182 182 182 214 214 104 104 19 19 19 19 247 247 247 247 166 
26 26 26 26 26 26 134 134 134 134 65 182 182 182 182 182 214 214 104 104 19 19 19 19 239 239 239 239 166 
26 26 26 26 26 26 26 65 65 65 65 65 182 182 182 182 214 214 104 104 19 19 19 19 239 239 239 239 239 
163 26 26 26 26 26 226 226 65 65 65 65 9 9 183 183 183 183 57 57 57 57 57 57 239 239 239 239 163 
163 163 163 26 26 226 226 225 16 16 16 16 9 9 9 183 183 183 183 57 57 57 57 204 204 239 239 163 163 
163 163 32 32 32 226 226 225 16 16 16 9 9 9 9 9 183 183 57 57 67 57 204 204 204 204 204 163 163 
163 32 32 32 32 32 226 225 16 16 16 9 9 9 9 9 9 9 67 67 67 67 204 204 204 204 204 163 163 
163 32 32 32 32 32 32 225 16 60 9 9 9 9 9 9 9 9 67 67 67 67 241 241 241 241 241 163 163 
163 78 78 78 78 78 78 60 60 60 60 9 9 9 9 9 9 153 153 67 67 241 241 241 241 228 228 228 163 
169 169 78 78 78 78 78 123 123 60 60 215 215 215 9 9 153 153 153 153 241 241 241 241 228 228 228 228 163 
169 169 169 93 93 93 123 123 123 123 215 215 215 215 215 215 153 18 153 41 173 173 173 236 236 236 236 169 169 
169 169 169 93 93 93 123 123 123 123 215 215 215 215 215 215 18 18 18 173 173 173 173 236 236 236 236 169 169 
169 169 169 93 93 93 123 123 123 123 215 215 215 215 215 42 18 18 18 18 173 173 173 236 236 236 236 169 169 
169 169 109 109 109 109 109 123 123 215 234 234 234 215 42 42 42 18 18 18 173 173 173 236 236 236 236 169 169 
169 109 109 109 109 109 109 47 47 47 234 234 234 42 42 42 42 42 18 18 107 173 107 107 236 236 181 181 169 
110 110 110 110 110 110 47 47 47 47 47 234 234 42 42 51 42 42 42 107 107 107 107 107 107 107 181 181 169 
110 110 110 110 110 110 56 55 47 47 47 170 170 42 42 42 42 42 42 107 107 107 107 107 180 180 147 147 147 
147 110 110 110 110 110 56 55 55 55 170 170 170 170 233 233 233 42 42 107 107 107 180 180 180 180 147 147 147 
147 237 237 237 237 237 56 55 55 55 170 170 170 170 233 233 233 233 233 135 135 135 135 135 180 180 147 147 147 
147 237 237 237 237 237 237 55 55 55 170 170 170 170 202 202 202 233 195 135 135 135 135 135 135 180 147 147 147 
147 171 171 237 237 237 83 83 83 83 83 83 170 202 202 202 202 202 195 135 135 135 135 135 135 180 147 147 147 
147 171 171 171 171 171 83 83 83 83 83 83 83 202 202 202 202 202 202 135 135 135 135 135 135 180 147 147 147 
229 171 171 171 171 171 83 83 83 83 83 83 83 202 202 202 202 202 202 126 126 126 126 135 138 138 229 229 229 
229 166 171 171 171 136 136 83 83 83 83 83 83 83 202 202 202 202 126 126 126 126 126 126 126 138 229 229 229 
166 166 166 137 137 136 136 136 83 83 83 83 83 83 202 202 202 126 126 126 126 126 126 126 131 131 131 131 229 
166 166 166 137 137 136 136 136 136 83 83 83 83 182 182 202 214 218 218 126 126 126 126 126 131 131 131 131 166 
166 166 166 137 137 137 136 136 136 134 83 83 182 182 182 182 214 218 218 218 126 126 126 126 247 247 247 247 166 
166 166 166 137 137 137 134 134 134 134 134 182 182 182 182 182 214 218 218 218 218 126 126 126 247 247 247 247 166 
166 166 166 137 137 137 134 134 134 134 134 182 182 182 182 182 214 214 104 104 104 104 126 247 247 247 247 247 166 
166 166 26 26 26 26 134 134 134 134 134 182 182 182 182 182 214 214 104 104 104 104 104 247 247 247 247 247 166 
26 26 26 26 26 26 134 134 134 134 134 182 182 182 182 182 214 214 104 104 104 104 104 19 239 247 247 247 166 
163 26 26 26 26 26 26 134 134 16 16 182 182 182 182 182 214 214 214 104 104 104 19 19 239 239 239 239 161 
163 163 163 26 26 26 26 16 16 16 16 16 9 9 9 182 214 214 214 104 104 57 57 57 239 239 239 163 163 
163 163 163 163 26 26 26 16 16 16 16 16 9 9 9 9 9 71 71 57 57 57 57 204 204 239 163 163 163 
163 163 163 32 32 32 32 16 16 16 16 9 9 9 9 9 9 9 9 41 67 57 204 204 204 204 163 163 163 
163 163 32 32 32 32 32 16 16 16 16 9 9 9 9 9 9 9 41 41 67 67 204 204 204 204 163 163 163 
163 32 32 32 32 32 32 16 16 16 9 9 9 9 9 9 9 9 41 41 67 67 241 241 241 241 241 163 163 
163 78 78 78 78 78 78 78 16 215 215 9 9 9 9 9 9 41 41 41 41 241 241 241 241 241 241 163 163 
169 169 78 78 78 78 78 123 123 215 215 215 215 215 9 9 9 41 41 41 41 241 241 241 241 228 228 3 163 
169 169 93 93 93 93 93 123 215 215 215 215 215 215 215 18 18 18 18 41 173 173 173 114 114 114 114 114 169 
169 169 93 93 93 93 93 123 215 215 215 162 215 215 215 18 18 18 18 173 173 173 173 114 114 114 114 114 169 
169 169 93 93 93 93 93 123 215 215 215 215 215 215 215 18 18 18 18 18 173 173 173 114 114 114 114 169 169 
169 110 110 110 110 110 110 47 47 215 234 234 234 234 42 18 18 18 18 18 18 173 114 114 114 114 114 169 169 
193 110 110 110 110 110 110 47 47 47 234 234 234 234 42 42 18 18 18 18 18 173 114 114 114 114 114 193 193 
110 110 110 110 110 110 56 47 47 47 47 234 234 42 42 51 82 82 18 18 18 18 114 114 114 114 114 193 193 
110 110 110 110 110 110 56 56 47 47 47 47 170 42 42 42 51 82 82 82 82 135 135 135 135 114 147 147 147 
110 110 110 110 110 110 56 56 47 47 47 170 170 170 42 233 233 82 82 82 135 135 135 135 135 135 147 147 147 
147 197 110 110 110 110 56 56 47 47 170 170 170 170 42 233 233 233 82 135 135 135 135 135 135 135 147 147 147 
197 197 197 197 110 11 56 56 47 47 170 170 170 202 202 202 202 195 195 135 135 135 135 135 135 135 135 147 147 
147 197 197 237 237 11 11 83 83 83 29 29 29 202 202 202 202 195 195 135 135 135 135 135 135 135 229 229 229 
197 171 171 171 171 11 83 83 83 83 29 29 29 202 202 202 202 202 195 135 135 135 135 135 138 138 229 229 229 
229 229 171 171 171 136 136 83 83 83 83 29 29 202 202 202 202 202 195 135 135 135 138 138 138 138 229 229 229 
229 229 137 137 137 136 136 136 83 83 83 83 83 202 202 202 202 202 126 126 126 126 126 138 138 138 229 229 229 
229 229 137 137 137 136 136 136 136 83 83 83 83 202 202 202 202 126 126 126 126 126 126 126 138 131 229 229 229 
166 137 137 137 137 136 136 136 136 136 83 83 83 182 182 202 202 218 218 126 126 126 126 126 131 131 131 229 229 
166 137 137 137 137 119 136 136 136 136 136 182 182 182 182 182 214 218 218 218 126 126 126 126 8 247 247 247 166 
166 166 137 137 137 119 119 134 134 134 134 182 182 182 182 182 214 218 218 218 218 126 126 8 8 247 247 247 166 
166 166 137 137 137 119 134 134 134 134 134 182 182 182 182 182 214 214 104 104 104 104 126 8 8 247 247 247 166 
166 166 137 137 137 119 134 134 134 134 134 182 182 182 182 182 214 214 104 104 104 104 104 8 8 247 247 247 166 
26 26 26 26 26 26 134 134 134 134 134 182 182 182 182 182 214 214 214 104 104 104 104 8 8 247 247 161 161 
163 163 163 26 26 26 26 134 16 16 16 182 182 182 182 182 214 214 214 104 104 104 104 8 239 239 239 161 161 
163 163 163 163 26 26 26 16 16 16 16 16 196 9 71 71 71 71 214 104 104 104 57 57 239 239 163 163 163 
163 163 163 163 163 26 16 16 16 16 16 16 9 9 9 71 71 71 71 71 104 57 57 204 204 163 163 163 163 
163 163 163 163 32 32 16 16 16 16 16 9 9 9 9 9 71 71 71 41 41 41 204 204 204 163 163 163 163 
163 163 32 32 32 32 32 16 16 16 16 9 9 9 9 9 9 9 41 41 41 41 41 204 204 163 163 163 163 
163 163 32 32 32 32 32 16 16 16 9 9 9 9 9 9 9 41 41 41 41 41 41 241 241 241 3 163 163 
163 78 78 78 78 78 78 78 215 215 215 9 9 9 9 9 9 41 41 41 41 41 41 241 241 241 3 3 163 
169 169 78 78 78 78 192 192 215 215 215 215 215 215 9 9 9 41 41 41 41 173 114 114 114 114 3 3 3 
169 169 93 93 93 93 192 192 215 215 215 215 215 215 215 18 18 18 41 41 173 173 114 114 114 114 114 114 114 
169 193 93 93 93 93 192 192 215 215 215 215 215 215 215 18 18 18 18 18 173 173 114 114 114 114 114 114 193 
193 193 110 93 93 110 192 192 215 215 215 215 215 215 18 18 18 18 18 18 173 173 114 114 114 114 114 114 193 
193 110 110 110 110 110 110 63 63 63 234 234 234 215 18 18 18 18 18 18 18 114 114 114 114 114 114 193 193 
193 110 110 110 110 110 110 63 63 63 63 234 234 234 18 18 18 18 18 18 18 18 114 114 114 114 114 193 193 
110 110 110 110 110 110 56 63 47 47 47 63 234 234 42 82 82 82 82 18 18 18 114 114 114 114 114 193 193 
110 110 110 110 110 110 56 56 56 47 47 63 63 42 42 82 82 82 82 82 82 135 135 135 135 114 114 193 193 
110 110 110 110 110 110 56 56 56 56 63 63 170 170 42 82 82 82 82 82 135 135 135 135 135 135 135 197 197 
197 197 110 110 110 110 56 56 56 56 56 170 170 170 42 82 82 82 82 135 135 135 135 135 135 135 135 197 197 
197 197 197 197 110 11 56 56 56 29 29 29 29 29 202 202 195 195 195 135 135 135 135 135 135 135 135 197 197 
197 197 197 197 197 11 11 11 11 29 29 29 29 29 202 202 195 195 195 135 135 135 135 135 135 138 229 229 229 
197 197 197 197 11 11 11 11 83 29 29 29 29 29 202 202 202 195 195 195 135 135 135 138 138 138 229 229 229 
229 229 197 197 11 11 11 83 83 29 29 29 29 29 202 202 202 195 195 195 135 138 138 138 138 138 229 229 229 
229 229 229 137 119 136 136 136 136 83 29 29 29 29 202 202 202 195 195 126 126 126 138 138 138 138 229 229 229 
229 229 137 137 119 136 136 136 136 83 29 29 29 29 202 202 202 195 126 126 126 126 126 138 138 138 229 229 229 
229 137 137 137 119 119 136 136 136 136 136 136 182 182 182 202 64 218 126 126 126 126 126 126 138 138 229 229 229 
166 137 137 137 119 119 119 136 136 136 136 182 182 182 182 182 64 218 218 218 126 126 126 8 8 8 8 229 229 
166 137 137 137 119 119 119 119 134 134 134 182 182 182 182 182 214 218 218 218 218 126 8 8 8 8 8 8 166 
166 137 137 137 119 119 119 134 134 134 134 182 182 182 182 182 214 214 218 218 218 104 8 8 8 8 8 8 166 
161 137 137 137 119 119 119 134 134 134 134 182 182 182 182 182 214 214 104 104 104 104 8 8 8 8 8 8 161 
161 161 163 26 26 119 134 134 134 134 134 182 182 182 182 182 214 214 104 104 104 104 104 8 8 8 8 161 161 
161 163 163 163 26 26 26 134 16 16 196 196 196 182 182 71 71 214 214 104 104 104 104 8 8 8 161 161 161 
163 163 163 163 163 163 16 16 16 16 196 196 196 87 71 71 71 71 71 104 104 104 104 8 8 161 161 161 163 
163 161 161 161 161 161 16 16 16 16 196 196 196 87 71 71 71 71 71 71 104 41 41 129 129 163 163 163 163 
163 161 161 161 161 161 16 16 16 16 196 196 9 9 9 71 71 71 71 41 41 41 41 129 129 163 163 163 163 
161 161 161 161 161 161 16 16 16 16 196 9 9 9 9 9 71 41 41 41 41 41 41 129 129 129 3 163 163 
161 161 161 161 32 32 190 190 190 190 9 9 9 9 9 9 9 41 41 41 41 41 129 129 129 129 3 3 3 
3 3 161 78 78 78 192 190 190 190 215 215 9 9 9 9 9 41 41 41 41 41 129 129 129 3 3 3 3 
3 3 161 78 78 192 192 192 215 215 215 215 215 215 9 9 41 41 41 41 41 41 114 114 114 114 3 3 3 
193 193 193 93 93 192 192 192 192 215 215 215 215 215 215 18 18 18 41 41 41 114 114 114 114 114 114 114 10 
193 193 193 193 93 192 192 192 192 215 215 215 215 215 18 18 18 18 18 18 114 114 114 114 114 114 114 114 193 
193 193 193 110 110 110 192 192 192 215 215 215 215 215 18 18 18 18 18 18 114 114 114 114 114 114 114 114 193 
193 193 110 110 110 110 192 63 63 63 63 234 215 215 18 18 18 18 18 18 18 114 114 114 114 114 114 193 193 
193 193 110 110 110 110 110 63 63 63 63 63 234 234 18 18 18 18 18 18 18 114 114 114 114 114 114 193 193 
193 110 110 110 110 110 56 63 63 63 63 63 234 234 18 82 82 82 82 18 18 18 114 114 114 114 114 193 193 
110 110 110 110 110 110 56 56 56 63 63 63 63 63 82 82 82 82 82 82 82 135 135 81 81 81 81 193 193 
197 110 110 110 110 56 56 56 56 56 63 63 63 63 82 82 82 82 82 82 135 135 135 81 81 81 81 197 197 
197 197 197 110 110 56 56 56 56 56 56 29 29 29 82 82 82 82 82 135 135 135 135 135 135 135 135 197 197 
197 197 197 197 197 11 11 11 56 56 29 29 29 29 202 195 195 195 195 195 135 135 135 135 135 135 37 197 197 
197 197 197 197 197 11 11 11 11 29 29 29 29 29 202 195 195 195 195 195 135 135 135 135 135 138 37 37 197 
197 197 197 197 11 11 11 11 11 29 29 29 29 29 202 195 195 195 195 195 135 135 138 138 138 138 229 229 229 
229 197 197 197 11 11 11 11 11 29 29 29 29 29 202 195 195 195 195 195 135 138 138 138 138 138 229 229 229 
229 229 229 197 119 136 136 136 136 29 29 29 29 29 202 195 195 195 195 126 126 138 138 138 138 138 229 229 229 
229 229 137 119 119 136 136 136 136 136 29 29 29 29 202 195 195 195 195 126 126 126 138 138 138 138 229 229 229 
37 37 137 119 119 119 119 136 136 7 7 7 29 182 182 64 64 64 126 126 126 126 126 138 138 138 229 229 229 
37 137 137 119 119 119 119 119 7 7 7 7 182 182 182 64 64 64 218 218 126 126 8 8 8 8 8 229 229 
37 137 137 119 119 119 119 119 7 7 7 182 182 182 182 182 64 64 218 218 218 8 8 8 8 8 8 8 229 
34 137 137 119 119 119 119 119 7 7 7 182 182 182 182 182 64 64 218 218 218 8 8 8 8 8 8 8 34 
34 34 137 119 119 119 119 119 134 134 134 182 182 182 182 182 214 214 104 104 104 104 8 8 8 8 8 34 34 
161 161 161 161 119 119 119 119 134 134 196 196 182 182 182 182 214 214 104 104 104 104 8 8 8 8 8 34 34 
161 161 161 161 161 161 119 16 16 196 196 196 196 87 71 71 71 71 71 104 104 104 8 8 8 8 161 161 161 
161 161 161 161 161 161 16 16 16 196 196 196 196 87 71 71 71 71 71 104 104 158 151 151 129 161 161 161 161 
161 161 161 161 161 161 16 16 16 196 196 196 196 87 71 71 71 71 71 71 151 151 151 129 129 161 161 161 161 
161 161 161 161 161 161 190 190 190 190 196 196 196 87 71 71 71 71 71 41 41 41 129 129 129 129 161 161 161 
161 161 161 161 161 161 190 190 190 190 190 196 9 9 9 71 71 41 41 41 41 41 129 129 129 129 10 161 161 
161 161 161 161 161 190 190 190 190 190 190 9 9 9 9 9 9 41 41 41 41 41 129 129 129 129 3 3 3 
3 3 161 161 78 192 192 190 190 190 190 190 9 9 9 9 41 41 41 41 41 41 129 129 129 3 3 3 3 
3 3 161 161 74 192 192 192 192 215 215 215 215 215 9 9 41 41 41 41 41 41 114 114 114 114 3 3 3 
193 193 193 193 74 192 192 192 192 192 215 215 215 215 215 18 18 18 41 41 41 114 114 114 114 114 10 10 10 
193 193 193 193 193 192 192 192 192 192 215 215 215 215 18 18 18 18 18 18 114 114 114 114 114 114 114 114 193 
193 193 193 193 110 192 192 192 192 192 215 215 215 215 18 18 18 18 18 18 114 114 114 114 114 114 114 193 193 
193 193 193 110 110 110 192 192 63 63 63 63 215 18 18 18 18 18 18 18 18 114 114 114 114 114 114 193 193 
193 193 110 110 110 110 110 63 63 63 63 63 63 18 18 18 18 18 18 18 18 18 114 114 114 114 114 193 193 
193 193 110 110 110 110 56 63 63 63 63 63 63 140 140 18 82 82 82 18 18 18 81 114 81 81 216 193 193 
193 110 110 110 110 110 56 56 56 63 63 63 63 140 140 82 82 82 82 82 82 81 81 81 81 81 81 193 193 
197 197 110 110 110 56 56 56 56 56 63 63 63 140 140 82 82 82 82 82 82 81 81 81 81 81 81 197 197 
197 197 197 197 110 56 56 56 56 56 56 29 29 29 140 82 82 82 82 82 135 135 135 81 81 81 81 197 197 
197 197 197 197 197 11 11 11 11 29 29 29 29 29 29 195 195 195 195 195 135 135 52 52 52 52 37 197 197 
197 197 197 197 197 11 11 11 11 29 29 29 29 29 29 195 195 195 195 195 135 52 52 52 52 52 37 37 197 
197 197 197 197 11 11 11 11 11 29 29 29 29 29 29 195 195 195 195 195 195 52 52 138 138 37 37 37 37 
37 197 197 197 11 11 11 11 11 29 29 29 29 29 29 195 195 195 195 195 146 138 138 138 138 37 37 37 37 
37 37 37 37 122 11 11 11 11 29 29 29 29 29 29 195 195 195 195 146 126 138 138 138 138 37 37 37 37 
37 37 37 119 122 122 136 136 136 7 29 29 29 29 29 195 195 195 64 126 126 138 138 138 138 37 37 37 37 
37 37 37 119 119 119 119 85 7 7 7 7 7 7 182 64 64 64 64 64 126 126 138 138 138 37 37 37 37 
37 37 137 119 119 119 119 85 7 7 7 7 7 182 182 64 64 64 64 64 126 126 8 8 8 8 37 37 37 
34 34 137 119 119 119 119 85 7 7 7 7 7 182 182 64 64 64 64 64 64 8 8 8 8 8 8 37 37 
34 34 34 119 119 119 119 85 7 7 7 7 1 1 1 64 64 64 64 64 64 8 8 8 8 8 8 8 34 
34 34 34 34 119 119 119 85 7 7 7 1 1 1 1 1 64 64 64 64 104 8 8 8 8 8 8 34 34 
34 34 34 34 34 119 119 85 7 7 196 196 1 1 1 1 64 64 64 104 104 158 8 8 8 8 34 34 34 
161 161 161 161 161 161 119 190 190 196 196 196 196 87 71 71 71 71 71 104 158 158 158 158 8 8 161 161 161 
161 161 161 161 161 161 190 190 190 196 196 196 196 87 71 71 71 71 71 158 158 158 151 151 129 161 161 161 161 
161 161 161 161 161 161 190 190 190 190 196 196 196 87 71 71 71 71 71 151 151 151 151 129 129 129 161 161 161 
161 161 161 161 161 161 190 190 190 190 190 196 196 87 71 71 71 71 71 41 151 129 129 129 129 129 10 161 161 
161 161 161 161 161 161 190 190 190 190 190 190 196 9 71 71 71 41 41 41 41 129 129 129 129 129 10 10 161 
161 161 161 161 161 192 190 190 190 190 190 190 9 9 9 9 71 41 41 41 41 129 129 129 129 129 10 10 10 
10 10 161 161 74 192 192 190 190 190 190 190 190 9 9 9 41 41 41 41 41 129 129 129 129 129 10 10 10 
10 10 161 155 74 192 192 192 192 190 190 190 215 215 9 41 41 41 41 41 41 129 129 129 129 129 10 10 10 
193 193 193 74 74 74 192 192 192 192 192 215 215 215 18 18 18 18 41 41 41 129 129 129 129 114 10 10 10 
193 193 193 193 74 74 192 192 192 192 192 215 215 215 18 18 18 18 18 18 114 114 114 114 114 114 114 193 193 
193 193 193 193 155 155 192 192 192 192 192 215 215 215 18 18 18 18 18 18 114 114 114 114 114 114 114 193 193 
193 193 193 193 110 155 192 192 192 63 63 63 215 140 140 18 18 18 18 18 18 114 114 114 114 114 193 193 193 
193 193 193 110 110 110 110 63 63 63 63 63 63 140 140 140 18 18 18 18 18 18 114 114 114 114 216 193 193 
193 193 193 110 110 110 56 63 63 63 63 63 63 140 140 140 140 82 82 18 18 81 81 81 81 81 216 193 193 
193 193 110 110 110 110 56 56 56 63 63 63 63 140 140 140 140 82 82 82 81 81 81 81 81 81 81 216 193 
197 197 197 110 110 56 56 56 56 56 63 63 63 140 140 140 140 82 82 82 81 81 81 81 81 81 81 197 197 
197 197 197 197 197 56 56 56 56 56 56 29 29 29 140 159 159 159 159 159 81 81 81 81 81 81 81 197 197 
197 178 197 197 197 11 11 11 11 11 29 29 29 29 159 159 159 159 159 159 52 52 52 52 52 52 52 197 197 
197 197 197 197 197 11 11 11 11 11 29 29 29 29 29 159 159 159 159 159 52 52 52 52 52 52 37 37 197 
197 197 197 197 11 11 11 11 11 29 29 29 29 29 29 195 195 195 195 146 146 52 52 52 52 37 37 37 37 
37 197 197 197 11 11 11 11 11 29 29 29 29 29 29 195 195 195 195 146 146 146 52 52 52 37 37 37 37 
37 37 37 122 122 122 122 11 11 29 29 29 29 29 29 195 195 195 146 146 146 146 146 138 138 37 37 37 37 
37 37 37 122 122 122 122 122 7 7 7 7 29 189 189 64 64 64 64 146 146 146 146 138 138 37 37 37 37 
37 37 122 122 122 122 122 85 7 7 7 7 7 7 64 64 64 64 64 146 146 203 146 138 138 37 37 37 37 
37 37 122 119 119 119 85 85 7 7 7 7 7 7 64 64 64 64 64 64 203 203 8 8 8 8 37 37 37 
34 34 34 119 119 119 85 85 7 7 7 7 7 1 1 64 64 64 64 64 64 203 8 8 8 8 37 37 37 
34 34 34 119 119 119 85 85 7 7 7 7 1 1 1 64 64 64 64 64 64 8 8 8 8 8 8 34 34 
34 34 34 34 119 119 85 85 7 7 7 1 1 1 1 1 198 198 198 198 158 158 8 8 8 8 34 34 34 
34 34 34 34 34 119 85 85 7 7 7 1 1 1 1 198 198 198 198 198 158 158 158 158 8 28 34 34 34 
34 34 34 34 34 34 34 190 190 196 196 196 196 87 71 71 71 198 198 158 158 158 158 158 158 34 34 34 34 
34 34 34 34 34 34 190 190 190 190 196 196 196 87 71 71 71 112 112 158 158 158 151 151 151 34 34 34 34 
161 161 161 161 161 161 190 190 190 190 190 196 196 87 71 71 71 112 112 151 151 151 151 151 129 129 161 161 161 
161 161 161 161 161 161 190 190 190 190 190 190 196 87 71 71 71 112 112 151 151 151 151 129 129 129 10 161 161 
161 161 161 161 161 190 190 190 190 190 190 190 190 190 71 71 71 112 41 41 41 129 129 129 129 129 10 10 10 
10 161 161 161 161 190 190 190 190 190 190 190 190 9 9 71 71 41 41 41 41 129 129 129 129 129 10 10 10 
10 10 161 155 74 74 192 190 190 190 190 190 190 9 9 71 41 41 41 41 41 129 129 14 129 129 10 10 10 
10 10 155 155 74 74 192 192 192 190 190 190 190 215 9 41 41 41 41 41 41 129 129 129 129 129 10 10 10 
193 193 193 155 155 74 74 192 192 192 192 192 215 206 206 206 184 184 184 184 129 129 129 129 129 129 10 10 10 
193 193 193 155 155 74 74 192 192 192 192 192 215 206 206 18 184 184 184 184 184 129 129 129 114 114 114 10 193 
193 193 193 155 155 155 155 192 192 192 192 192 215 207 207 18 184 184 184 184 114 114 114 114 114 114 149 193 193 
193 193 193 193 155 155 155 192 192 192 63 63 140 140 140 140 18 18 18 18 18 114 114 114 114 216 216 216 193 
193 193 193 193 110 155 155 63 63 63 63 63 140 140 140 140 140 18 18 18 94 94 81 81 81 216 216 216 193 
193 193 193 110 110 110 56 63 63 63 63 63 172 140 140 140 140 140 140 18 94 81 81 81 81 81 216 216 193 
197 193 193 110 110 110 56 56 56 63 172 172 172 140 140 140 140 140 140 81 81 81 81 81 81 81 216 216 216 
197 197 197 197 197 56 56 56 56 56 172 172 172 140 140 140 140 159 159 159 81 81 81 81 81 81 81 216 197 
197 197 197 197 197 56 56 56 56 56 172 172 172 172 140 159 159 159 159 159 81 81 81 81 81 81 81 197 197 
197 197 197 197 197 11 11 11 11 11 172 172 172 159 159 159 159 159 159 159 52 52 52 52 52 52 52 197 197 
197 197 197 197 197 11 11 11 11 11 29 29 29 29 159 159 159 159 159 159 52 52 52 52 52 52 52 37 197 
197 197 197 197 11 11 11 11 11 11 29 29 29 29 159 159 159 159 159 146 146 52 52 52 52 52 37 37 37 
37 197 197 197 122 11 11 11 11 106 29 29 29 29 29 159 159 159 146 146 146 146 52 52 52 37 37 37 37 
37 37 37 122 122 122 122 122 106 106 245 245 245 189 189 154 159 146 146 146 146 146 146 52 52 37 37 37 37 
37 37 37 122 122 122 122 122 122 245 245 245 245 189 189 154 64 64 146 146 146 146 146 146 37 37 37 37 37 
37 37 122 122 122 122 122 122 7 7 7 245 245 189 189 64 64 64 64 146 203 203 203 203 37 37 37 37 37 
37 37 122 122 176 176 176 85 7 7 7 7 7 189 189 64 64 64 64 64 203 203 203 203 8 37 37 37 37 
121 34 34 176 176 176 176 85 7 7 7 7 7 1 1 64 64 64 64 64 203 203 203 203 8 121 121 121 121 
34 34 34 176 176 176 176 85 7 7 7 7 1 1 1 198 198 198 198 198 198 203 203 8 8 28 121 121 34 
34 34 34 34 176 176 176 85 7 7 7 1 1 1 1 198 198 198 198 198 158 158 158 158 28 28 28 34 34 
34 34 34 34 34 34 176 85 7 7 7 1 1 1 1 198 198 198 198 198 158 158 158 158 158 28 28 34 34 
34 34 34 34 34 34 34 190 190 190 196 196 1 1 1 198 198 198 198 158 158 158 158 158 158 28 34 34 34 
34 34 34 34 34 34 190 190 190 190 190 196 196 87 71 112 112 112 112 158 158 158 158 158 158 158 34 34 34 
34 34 34 34 34 34 190 190 190 190 190 190 190 87 71 112 112 112 112 151 151 151 151 151 151 151 34 34 34 
34 34 34 34 34 34 190 190 190 190 190 190 190 87 71 112 112 112 112 151 151 151 151 151 129 129 10 10 34 
34 34 34 34 34 190 190 190 190 190 190 190 190 190 167 71 112 112 112 151 151 151 129 129 129 129 10 10 10 
10 10 10 34 155 155 190 190 190 190 190 190 190 167 167 167 167 112 41 41 151 129 129 129 129 129 10 10 10 
10 10 155 155 155 155 74 190 190 190 190 190 190 190 144 144 144 41 41 41 41 129 129 129 129 129 10 10 10 
10 10 155 155 155 74 74 192 192 190 190 190 190 190 144 144 41 41 41 41 41 129 129 129 129 129 10 10 10 
193 193 155 155 155 155 155 155 192 192 192 192 206 206 206 206 184 184 184 184 184 129 129 129 129 129 149 10 10 
193 193 193 155 155 74 155 155 192 192 192 192 206 206 206 206 184 184 184 184 184 157 157 157 157 157 149 149 193 
193 193 193 155 155 155 155 155 192 192 192 192 223 207 207 207 184 184 184 184 184 157 157 157 157 149 149 149 193 
193 193 193 193 155 155 155 155 192 192 192 172 223 223 207 207 207 207 207 207 94 94 94 157 216 216 216 216 216 
193 193 193 193 27 155 155 155 192 63 63 172 223 223 140 140 140 140 140 94 94 94 94 81 81 216 216 216 216 
216 193 193 193 27 27 27 27 160 160 172 172 172 140 140 140 140 140 140 94 94 94 81 81 81 216 216 216 216 
216 193 193 27 27 27 27 27 160 160 172 172 172 140 140 140 140 140 140 81 81 81 81 81 81 81 216 216 216 
197 197 197 27 27 27 27 27 160 160 172 172 172 223 223 223 223 159 159 159 81 81 81 81 81 81 216 216 216 
197 197 197 197 27 27 27 27 160 172 172 172 172 172 223 159 159 159 159 159 81 81 81 81 81 81 81 216 197 
197 197 197 197 27 27 27 27 160 172 172 172 172 172 159 159 159 159 159 159 52 52 52 52 52 52 52 197 197 
197 197 197 197 27 27 27 106 106 106 172 172 172 159 159 159 159 159 159 159 52 52 52 52 52 52 52 37 197 
197 197 197 197 11 11 106 106 106 106 106 106 29 29 159 159 159 159 159 146 146 52 52 52 52 52 52 37 37 
37 197 197 197 122 122 106 106 106 106 106 245 245 189 189 154 159 92 92 146 146 146 52 52 52 52 37 37 37 
37 37 37 122 122 122 122 106 106 106 245 245 245 189 189 154 154 92 92 146 146 146 146 52 52 37 37 37 37 
37 37 122 122 122 122 122 122 106 245 245 245 245 189 189 154 154 92 92 146 146 146 146 146 52 37 37 37 37 
37 37 122 122 122 122 122 122 7 245 245 245 245 189 189 154 154 154 92 203 203 203 203 203 203 37 37 37 37 
121 121 122 122 176 176 122 122 7 7 245 245 245 189 189 154 64 64 64 4 203 203 203 203 203 121 121 121 121 
121 121 34 176 176 176 176 176 7 7 7 245 245 189 189 154 198 198 198 4 203 203 203 203 121 121 121 121 121 
34 34 34 176 176 176 176 176 7 7 7 7 1 1 1 198 198 198 198 198 198 203 203 203 28 28 121 121 121 
34 34 34 34 176 176 176 176 7 7 7 1 1 1 1 198 198 198 198 198 158 158 158 158 28 28 28 121 34 
34 34 34 34 34 34 176 176 7 7 7 1 1 1 1 198 198 198 198 198 158 158 158 158 28 28 28 34 34 
34 34 34 34 34 34 34 190 190 190 196 196 1 1 198 198 198 198 198 158 158 158 158 158 28 28 28 34 34 
34 34 34 34 34 34 34 190 190 190 190 190 196 1 112 112 112 112 112 158 158 158 158 158 158 28 34 34 34 
34 34 34 34 34 34 190 190 190 190 190 190 190 167 167 112 112 112 112 151 151 151 151 151 151 151 34 34 34 
34 34 34 34 34 34 190 190 190 190 190 190 190 167 167 167 112 112 112 151 151 151 151 151 151 129 10 34 34 
34 34 34 34 34 155 190 190 190 190 190 190 190 167 167 167 167 112 112 151 151 151 151 129 129 129 10 10 10 
10 10 34 155 155 155 190 190 190 190 190 190 190 167 167 167 167 167 112 151 151 129 129 129 129 129 10 10 10 
10 10 155 155 155 155 155 190 190 190 190 190 190 167 144 144 144 184 184 41 129 129 129 129 129 129 10 10 10 
10 10 155 155 155 155 155 155 155 190 190 190 190 144 144 144 144 184 184 184 129 129 129 129 129 129 10 10 10 
193 193 155 155 155 155 155 155 155 155 155 206 206 206 206 206 206 184 184 184 157 157 157 157 157 157 149 149 149 
193 193 193 155 74 74 155 155 155 155 155 206 206 206 206 206 206 184 184 184 157 157 157 157 157 157 149 149 149 
193 193 193 155 74 74 155 155 155 192 192 172 223 207 207 207 207 184 184 184 94 157 157 157 157 149 149 149 149 
216 193 193 193 74 74 155 155 155 192 172 172 223 207 207 207 207 207 207 94 94 94 94 157 216 216 149 149 149 
216 216 193 27 27 27 27 27 160 160 172 172 223 223 223 223 223 223 223 94 94 94 94 94 216 216 216 216 216 
216 216 216 27 27 27 27 27 160 160 172 172 172 223 223 223 223 223 223 94 94 94 94 81 81 216 216 216 216 
216 216 27 27 27 27 27 27 160 160 172 172 172 223 223 223 223 223 223 94 94 94 81 81 81 216 216 216 216 
216 216 27 27 27 27 27 27 160 160 172 172 100 100 223 223 223 223 159 159 81 81 81 81 81 81 216 216 216 
216 197 27 27 27 27 27 27 160 160 172 172 172 100 223 223 159 159 159 159 185 185 185 81 81 81 216 216 216 
197 197 197 27 27 27 27 27 160 160 172 172 172 172 223 159 159 159 159 159 185 185 185 185 52 52 52 52 216 
197 197 197 27 27 27 27 106 106 106 172 172 172 172 159 159 159 159 159 159 185 185 52 52 52 52 52 52 197 
197 197 197 197 27 106 106 106 106 106 106 172 172 189 159 159 159 159 92 92 146 52 52 52 52 52 52 37 37 
37 197 197 122 122 106 106 106 106 106 106 245 245 189 189 154 159 92 92 92 146 146 52 52 52 52 52 37 37 
37 37 122 122 122 122 106 106 106 106 245 245 245 189 189 154 154 92 92 92 146 146 146 52 52 52 37 37 37 
37 37 122 122 122 122 122 106 106 245 245 245 245 189 189 154 154 92 92 92 146 146 146 146 52 52 37 37 37 
121 121 122 122 122 122 122 122 245 245 245 245 245 189 189 154 154 154 92 92 203 203 203 146 146 121 121 121 121 
121 121 122 122 122 122 122 122 122 245 245 245 245 189 189 154 154 154 4 4 4 203 203 203 121 121 121 121 121 
121 121 34 176 176 176 176 91 91 245 245 245 245 189 189 154 198 198 4 4 4 203 203 203 28 121 121 121 121 
121 34 34 91 91 91 91 91 91 245 245 245 245 189 189 198 198 198 198 4 4 4 158 28 28 28 121 121 121 
34 34 34 34 91 91 91 91 91 7 7 245 1 1 1 198 198 198 198 198 158 158 158 28 28 28 28 121 34 
34 34 34 34 34 34 91 91 91 7 7 245 1 1 198 198 198 198 198 198 158 158 158 28 28 28 28 34 34 
34 34 34 34 34 34 124 124 124 124 124 212 1 1 198 198 198 198 198 158 158 158 158 158 28 28 28 34 34 
34 34 34 34 34 34 124 124 124 124 190 212 69 167 167 112 112 112 112 158 158 158 158 158 158 28 28 34 34 
34 34 34 34 34 34 124 124 190 190 190 190 167 167 167 167 112 112 112 151 151 151 151 151 151 151 34 34 34 
34 34 34 34 34 34 124 190 190 190 190 190 167 167 167 167 167 112 112 151 151 151 151 151 151 151 34 34 34 
34 34 34 34 34 124 124 190 190 190 190 190 167 167 167 167 167 167 112 151 151 151 151 151 129 129 10 10 34 
34 34 34 34 155 155 155 190 190 190 190 190 167 167 167 167 167 167 167 151 151 151 151 129 129 129 10 10 10 
10 10 155 155 155 155 155 155 190 190 190 190 167 167 144 144 144 144 144 144 129 129 129 129 129 129 10 10 10 
10 155 155 155 155 155 155 155 155 190 190 190 144 144 144 144 144 144 144 144 129 129 129 129 129 129 10 10 10 
230 230 230 155 155 155 155 155 155 155 155 206 206 206 206 206 206 206 184 184 157 157 157 157 157 157 149 149 149 
230 230 230 74 74 74 74 155 155 155 155 206 206 206 206 206 206 206 206 206 157 157 157 157 157 157 149 149 149 
149 149 193 74 74 74 74 74 74 74 74 172 223 207 207 207 207 207 207 94 94 157 157 157 157 149 149 149 149 
216 216 216 74 74 74 74 74 74 160 160 172 223 207 207 207 207 207 207 94 94 94 94 157 157 216 149 149 149 
216 216 216 27 27 27 27 27 160 160 160 172 223 223 223 223 223 223 223 94 94 94 94 94 216 216 216 216 216 
216 216 27 27 27 27 27 27 160 160 160 172 172 223 223 223 223 223 223 94 94 94 94 94 216 216 216 216 216 
216 216 27 27 27 27 27 27 160 160 160 172 172 223 223 223 223 223 223 94 94 94 94 81 81 216 216 216 216 
216 216 27 27 27 27 27 27 160 160 100 100 100 100 223 223 223 223 223 223 185 185 185 81 81 216 216 216 216 
216 216 27 27 27 27 27 27 160 160 172 172 100 100 223 223 223 159 159 159 185 185 185 185 81 81 216 216 216 
216 197 27 27 27 27 27 27 160 160 172 172 172 172 223 159 159 159 159 159 185 185 185 185 52 52 52 216 216 
216 197 120 27 27 27 27 106 106 106 172 172 172 172 159 159 159 159 159 159 185 185 185 52 52 52 52 52 52 
120 120 120 120 27 106 106 106 106 106 106 172 172 189 189 159 159 159 92 92 92 52 52 52 52 52 52 52 37 
120 120 120 120 120 106 106 106 106 106 106 245 245 189 189 154 154 92 92 92 92 146 52 52 52 52 52 37 37 
120 120 120 120 122 122 106 106 106 106 245 245 245 189 189 154 154 92 92 92 92 146 146 52 52 52 52 37 37 
70 70 70 122 122 122 122 106 106 245 245 245 245 189 189 154 154 92 92 92 92 146 146 146 52 52 121 121 121 
121 121 70 122 122 122 122 122 245 245 245 245 245 168 189 154 154 154 92 92 92 203 146 146 121 121 121 121 121 
121 121 70 91 91 91 91 91 245 245 245 245 245 189 168 154 154 154 4 4 4 4 4 28 28 121 121 121 121 
121 121 121 91 91 91 91 91 91 245 245 245 245 189 168 154 154 4 4 4 4 4 4 28 28 121 121 121 121 
121 34 34 91 91 91 91 91 91 245 245 245 245 189 168 198 198 198 4 4 4 4 4 28 28 28 121 121 121 
34 34 34 34 91 91 91 91 91 245 245 245 245 189 198 198 198 198 198 4 4 4 158 28 28 28 28 121 121 
34 34 34 34 34 91 91 91 124 124 124 245 245 1 198 198 198 198 198 198 158 158 158 28 28 28 28 28 34 
34 34 34 34 34 34 124 124 124 124 124 212 69 69 248 198 198 198 198 158 158 158 158 113 113 28 28 34 34 
34 34 34 34 34 124 124 124 124 124 212 212 69 69 248 112 112 112 112 158 151 158 158 113 113 113 28 34 34 
34 34 34 34 34 124 124 124 124 124 212 212 115 167 167 167 167 112 112 151 151 151 151 151 113 113 113 34 34 
34 34 34 34 34 124 124 124 124 124 190 212 115 167 167 167 167 167 112 151 151 151 151 151 151 113 113 34 34 
34 34 34 34 124 124 124 124 124 190 190 190 167 167 167 167 167 167 167 151 151 151 151 151 129 129 10 10 34 
34 34 34 34 155 124 124 124 124 190 190 190 167 167 167 167 167 167 167 95 95 95 95 95 129 129 10 10 10 
34 34 155 155 155 155 155 155 190 190 190 190 167 167 144 144 144 144 144 95 95 95 95 129 129 129 10 10 10 
10 155 155 155 155 155 155 155 155 190 190 144 144 144 144 144 144 144 144 95 95 95 157 157 157 157 10 10 10 
230 230 230 230 155 155 155 155 155 155 206 206 206 206 206 206 206 206 206 95 95 95 157 157 157 157 149 149 149 
230 230 230 230 74 74 74 155 155 155 206 206 206 206 206 206 206 206 206 206 157 157 157 157 157 157 149 149 149 
33 33 33 33 74 74 74 74 74 74 160 207 207 207 207 207 207 207 207 207 94 94 157 157 157 149 149 149 149 
216 33 33 33 74 74 74 74 160 160 160 172 223 207 207 207 207 207 207 94 94 94 94 157 157 216 149 149 149 
216 33 33 33 27 27 27 27 160 160 160 172 223 223 223 223 223 223 223 94 94 94 94 94 216 216 216 216 216 
216 216 27 27 27 27 27 27 160 160 160 172 172 223 223 223 223 223 223 94 94 94 94 94 216 216 216 216 216 
216 216 27 27 27 27 27 27 160 160 160 172 172 223 223 223 223 223 223 94 94 94 94 94 216 216 216 216 216 
216 216 27 27 27 27 27 27 160 160 100 172 172 172 223 223 223 223 223 223 185 185 185 185 216 216 216 216 216 
216 216 27 27 27 27 27 27 160 160 172 172 172 172 223 223 223 223 223 185 185 185 185 185 185 216 216 216 216 
216 216 27 27 27 27 27 27 160 160 172 172 172 172 223 223 223 223 159 185 185 185 185 185 185 52 216 216 216 
120 120 120 27 27 27 27 106 106 106 172 172 172 172 223 159 159 159 159 92 185 185 185 185 52 52 52 52 216 
120 120 120 120 120 27 106 106 106 106 106 172 172 189 189 154 159 92 92 92 92 92 52 52 52 52 52 52 37 
120 120 120 120 120 106 106 106 106 106 106 245 245 189 189 154 154 92 92 92 92 92 52 52 52 52 52 52 37 
120 120 120 120 120 106 106 106 106 106 245 245 245 189 189 154 154 92 92 92 92 92 52 52 52 52 52 37 37 
70 70 70 70 70 122 106 106 106 245 245 245 245 189 189 154 154 92 92 92 92 92 92 52 52 121 121 121 121 
70 70 70 70 91 91 91 91 245 245 245 245 245 189 189 154 154 154 92 92 92 92 146 146 121 121 121 121 121 
121 70 70 91 91 91 91 91 91 245 245 245 245 189 168 154 154 154 4 4 4 4 4 28 28 121 121 121 121 
121 121 70 91 91 91 91 91 91 245 245 245 245 189 168 154 154 4 4 4 4 4 4 28 28 121 121 121 121 
121 34 34 91 91 91 91 91 91 245 2 2 2 2 168 154 154 4 4 4 4 4 113 28 28 28 121 121 121 
34 34 24 24 24 91 91 91 91 245 2 2 2 2 198 198 198 198 4 4 4 113 113 28 28 28 28 121 121 
34 34 24 24 24 24 24 124 124 124 124 2 2 69 248 198 198 198 4 4 158 113 113 113 28 28 28 28 34 
34 34 24 24 24 124 124 124 124 124 124 212 69 69 248 248 248 198 198 158 158 113 113 113 113 113 113 34 34 
34 34 34 34 34 124 124 124 124 124 212 212 69 69 248 248 248 248 112 158 151 113 113 113 113 113 113 34 34 
34 34 34 34 124 124 124 124 124 124 212 212 115 115 248 248 248 248 112 151 151 113 113 113 113 113 113 34 34 
34 34 34 34 124 124 124 124 124 124 212 212 115 69 167 167 167 167 167 151 151 113 113 113 113 113 113 34 34 
34 34 34 124 124 124 124 124 124 124 124 212 115 167 167 167 167 167 167 95 95 95 95 95 113 113 113 10 34 
34 34 34 124 124 124 124 124 124 124 124 212 167 167 167 167 167 167 167 95 95 95 95 95 95 95 10 10 10 
34 34 155 155 155 155 155 124 124 124 124 212 167 167 144 144 144 144 144 95 95 95 95 95 95 95 10 10 10 
10 155 155 155 155 155 155 155 155 124 124 144 144 144 144 144 144 144 144 95 95 95 95 157 157 157 157 10 10 
attribute "dep" string "positions"
#
# A field is created with three components: "positions", "connections",
# and "data"
object "regular positions regular connections" class field
component  "positions"    value 1
component  "connections"  value 2
component  "data"         value 3
#
end
