# object 1 are the regular positions. The grid is 29 29 29. The origin is
# at [0 0 0], and the deltas are 1 in the first and third dimensions, and
# 2 in the second dimension
#
object 1 class gridpositions counts 29 29 29
origin 0 0 0
delta  1 0 0
delta  0 1 0
delta  0 0 1
#
# object 2 are the regular connections
#
object 2 class gridconnections counts 29 29 29
#
# object 3 are the data, which are in a one-to-one correspondence with
# the positions ("dep" on positions). The positions increment in the order
# "last index varies fastest", i.e. (x0, y0, z0), (x0, y0, z1), (x0, y0, z2),
# (x0, y1, z0), etc.
#
object 3 class array type int rank 0 items 24389 data follows
233 233 233 194 194 226 226 152 152 23 23 23 23 146 146 146 146 22 22 22 22 219 219 219 219 219 219 233 233 
233 233 194 194 194 194 152 152 152 152 23 23 23 146 146 22 22 22 22 22 22 149 219 139 139 139 139 233 233 
194 194 194 194 194 194 152 152 152 152 152 222 177 22 22 22 22 22 22 22 149 149 149 139 139 139 139 139 139 
194 194 194 194 194 194 194 152 152 43 43 222 222 222 184 225 225 225 225 173 149 149 149 149 129 129 129 129 129 
194 194 194 194 194 194 194 152 43 43 43 222 222 222 184 225 225 225 225 173 149 149 149 149 129 129 129 129 129 
209 194 194 194 194 194 251 251 251 43 222 222 222 222 184 225 225 225 225 173 173 149 149 149 129 129 129 212 212 
209 209 194 194 194 71 251 251 216 216 222 222 222 222 184 184 232 232 225 173 173 173 149 149 212 212 212 212 212 
111 111 111 136 136 86 251 251 251 216 222 222 222 184 184 184 232 232 232 173 173 173 173 212 212 212 212 212 212 
111 111 111 136 136 86 86 251 251 216 222 222 222 222 184 184 184 184 232 173 173 173 191 212 212 212 212 212 212 
111 111 111 136 136 86 86 86 251 216 222 222 222 222 222 184 184 184 185 185 185 191 191 191 212 212 212 212 111 
111 111 111 86 86 86 86 107 107 107 222 222 222 222 222 222 184 185 185 185 185 191 191 191 191 195 195 195 111 
93 93 93 93 86 86 107 107 107 107 107 222 222 222 222 130 130 185 185 185 185 191 191 191 191 195 195 195 93 
93 93 93 93 107 107 107 107 107 107 107 107 130 130 130 130 130 130 130 185 185 191 191 191 195 195 195 195 93 
93 93 93 93 107 107 107 107 107 107 107 107 130 130 130 130 130 130 130 130 185 191 134 134 134 195 195 195 93 
93 93 93 93 107 107 107 107 107 107 107 107 130 130 130 130 130 130 130 130 174 134 134 134 134 134 134 195 93 
93 93 93 93 72 107 107 107 107 107 107 107 130 130 130 130 130 130 130 130 174 174 84 134 134 134 134 93 93 
93 93 93 72 72 72 72 107 107 107 107 54 54 130 130 130 130 130 130 77 174 174 174 84 84 134 134 93 93 
206 206 206 72 72 72 72 72 72 72 54 54 54 54 54 54 130 130 3 3 174 174 174 174 174 134 206 206 206 
206 206 206 206 72 72 72 72 72 72 54 54 54 54 54 54 54 3 3 3 3 174 174 174 174 174 204 206 206 
206 206 206 206 140 72 72 72 72 90 90 54 54 54 54 54 54 3 3 3 3 3 3 3 204 204 204 204 206 
206 206 206 140 140 140 140 140 90 90 90 90 54 54 54 54 54 3 3 3 3 3 3 3 204 204 204 204 206 
206 140 140 140 140 140 140 140 90 90 90 90 90 90 54 54 24 3 3 3 3 240 240 240 204 204 204 204 204 
140 140 140 140 140 140 140 140 90 90 90 90 90 90 90 90 24 24 3 3 240 240 240 240 204 204 204 204 204 
140 140 140 140 140 140 140 88 90 90 90 90 90 90 90 90 24 24 74 74 74 74 74 74 204 204 204 204 204 
233 140 140 140 140 226 226 88 88 90 90 192 192 146 146 146 146 146 74 74 74 74 74 74 74 204 204 204 204 
233 233 233 140 226 226 88 88 88 88 90 192 146 146 146 146 146 146 74 74 74 74 74 219 219 219 204 204 204 
233 233 233 233 226 88 88 88 88 88 88 23 146 146 146 146 146 146 146 74 74 74 219 219 219 219 219 219 233 
233 233 233 233 226 88 88 88 88 88 88 23 146 146 146 146 146 146 146 74 74 219 219 219 219 219 219 219 233 
233 233 233 233 226 88 88 88 88 88 88 23 146 146 146 146 146 146 146 146 219 219 219 219 219 219 219 219 233 
233 233 233 233 226 226 226 152 152 23 23 23 23 23 22 22 22 22 22 22 22 172 219 219 219 219 219 233 233 
233 233 233 194 194 152 152 152 152 152 23 23 23 22 22 22 22 22 22 22 22 172 172 172 172 172 172 233 233 
179 179 194 194 194 152 152 152 152 152 152 177 177 22 22 22 22 22 22 22 22 149 149 172 129 129 129 129 179 
179 194 194 194 194 152 152 152 152 43 43 43 177 177 22 22 225 225 225 22 149 149 149 129 129 129 129 129 179 
179 194 194 194 194 152 152 152 43 43 43 43 43 184 184 225 225 225 225 225 149 149 149 129 129 129 129 129 129 
209 209 194 194 194 71 251 251 43 43 43 43 222 184 184 225 225 225 225 225 149 149 149 129 129 129 129 129 129 
209 209 209 71 71 71 251 251 251 43 43 222 222 184 184 184 232 232 225 225 225 149 149 129 129 129 129 212 212 
111 111 111 71 71 71 251 251 251 251 43 222 222 184 184 184 232 232 232 232 173 173 149 129 212 212 212 212 111 
111 111 111 86 86 86 86 251 251 251 222 222 222 184 184 184 184 232 232 232 185 191 133 212 212 212 212 212 111 
111 111 111 86 86 86 86 86 251 251 222 222 222 222 184 184 184 184 185 185 185 191 191 191 191 191 212 111 111 
111 111 111 86 86 86 86 107 107 107 222 222 222 222 184 184 184 185 185 185 185 191 191 191 191 191 191 111 111 
93 93 93 93 86 86 107 107 107 107 107 60 60 222 32 32 185 185 185 185 185 191 191 191 191 191 195 195 93 
93 93 93 93 107 107 107 107 107 107 107 107 60 32 32 32 32 185 185 185 185 191 191 191 191 195 195 195 93 
93 93 93 93 107 107 107 107 107 107 107 107 107 32 32 32 130 130 185 185 185 191 134 134 134 134 195 93 93 
93 93 93 93 107 107 107 107 107 107 107 107 130 130 130 130 130 130 130 185 174 134 134 134 134 134 134 93 93 
93 93 93 93 72 72 107 107 107 107 107 107 130 130 130 130 130 130 130 77 174 174 134 134 134 134 134 93 93 
93 93 93 72 72 72 72 72 107 107 107 33 54 130 130 130 130 130 77 77 174 174 174 134 134 134 134 93 93 
206 206 206 72 72 72 72 72 72 72 33 54 54 54 54 130 130 77 77 77 174 174 174 174 174 134 134 206 206 
206 206 206 38 72 72 72 72 72 72 54 54 54 54 54 54 54 3 3 3 174 174 174 174 174 174 41 206 206 
206 206 206 206 38 72 72 72 72 90 90 54 54 54 54 54 24 3 3 3 3 3 3 3 3 204 204 206 206 
206 206 206 206 38 38 72 72 72 90 90 90 54 13 24 24 24 24 3 3 3 240 240 240 204 204 204 204 206 
206 206 206 140 140 140 140 140 90 90 90 90 90 13 24 24 24 24 3 3 240 240 240 240 204 204 204 204 206 
206 140 140 140 140 140 140 140 90 90 90 90 90 13 24 24 24 24 3 3 240 240 240 240 204 204 204 204 204 
206 140 140 140 140 226 226 226 226 90 90 90 90 13 24 24 24 24 74 74 74 74 74 74 74 204 204 204 204 
233 233 140 140 226 226 226 226 226 90 90 192 192 146 146 146 146 74 74 74 74 74 74 74 74 74 204 204 204 
233 233 233 233 226 226 226 226 226 23 23 23 146 146 146 146 146 74 74 74 74 74 74 219 219 219 204 204 233 
233 233 233 233 226 226 226 226 88 23 23 23 23 146 146 146 146 146 74 74 74 74 219 219 219 219 219 233 233 
233 233 233 233 226 226 226 226 88 23 23 23 23 146 146 146 146 146 22 74 74 219 219 219 219 219 219 233 233 
233 233 233 233 226 226 226 88 88 23 23 23 23 146 146 146 22 22 22 22 74 219 219 219 219 219 219 233 233 
233 233 233 233 226 226 226 152 152 23 23 23 23 23 22 22 22 22 22 22 22 172 172 172 172 172 172 233 233 
233 233 233 233 226 152 152 152 152 152 23 23 23 177 22 22 22 22 22 22 22 172 172 172 172 172 172 233 233 
179 179 179 179 152 152 152 152 152 152 152 177 177 177 22 22 22 22 22 22 22 172 172 172 172 172 172 172 179 
179 179 179 194 194 152 152 152 152 43 43 43 177 177 22 22 22 22 22 22 22 149 149 129 129 129 129 179 179 
179 179 179 194 194 152 152 152 43 43 43 43 43 177 184 225 225 225 225 225 149 149 149 129 129 129 129 129 179 
209 209 209 71 71 71 152 152 43 43 43 43 43 184 184 184 225 225 225 225 225 149 149 129 129 129 129 129 209 
209 209 209 71 71 71 71 251 43 43 43 43 184 184 184 184 232 232 225 225 225 133 133 133 133 129 129 212 209 
111 111 111 71 71 71 71 251 251 43 43 43 184 184 184 184 232 232 232 232 133 133 133 133 133 133 133 111 111 
111 111 111 111 71 71 71 251 251 43 43 222 184 184 184 184 184 232 232 185 185 191 133 133 133 133 133 111 111 
111 111 111 111 86 86 86 86 251 251 60 222 222 184 184 184 184 185 185 185 185 191 191 191 191 191 191 111 111 
111 111 111 111 86 86 86 107 107 107 60 60 60 60 184 184 184 185 185 185 185 191 191 191 191 191 191 111 111 
111 111 111 111 86 107 107 107 107 107 107 60 60 60 32 32 32 185 185 185 185 191 191 191 191 191 191 111 111 
93 93 93 93 107 107 107 107 107 107 107 60 60 32 32 32 32 185 185 185 185 191 191 191 191 191 191 93 93 
93 93 93 93 107 107 107 107 107 107 107 60 60 32 32 32 32 32 185 185 185 191 134 134 134 134 134 93 93 
93 93 93 93 107 107 107 107 107 107 107 107 60 32 32 32 32 32 32 185 185 134 134 134 134 134 134 93 93 
93 93 93 93 72 107 107 107 107 107 107 33 33 32 32 32 32 32 77 77 77 174 134 134 134 134 134 93 93 
93 93 93 72 72 72 72 72 107 107 33 33 33 33 33 32 32 77 77 77 77 174 174 134 134 134 41 41 93 
206 206 38 38 72 72 72 72 72 33 33 33 33 33 54 252 252 77 77 77 77 174 174 174 174 41 41 206 206 
206 206 38 38 38 72 72 72 72 33 33 33 33 54 54 252 252 77 77 77 77 77 174 174 41 41 41 206 206 
206 206 206 38 38 38 72 72 72 33 33 33 13 13 24 24 24 24 77 77 77 77 77 77 41 41 41 206 206 
206 206 206 38 38 38 38 38 38 13 13 13 13 13 24 24 24 24 3 3 3 240 240 240 240 164 164 164 206 
206 206 206 38 38 38 38 38 230 13 13 13 13 13 24 24 24 24 24 3 240 240 240 240 240 164 164 164 206 
206 206 206 38 38 226 226 226 226 13 13 13 13 13 24 24 24 24 24 74 74 240 74 74 74 164 164 164 164 
206 206 206 226 226 226 226 226 226 226 176 176 13 13 24 24 24 24 74 74 74 74 74 74 74 74 164 164 164 
233 233 233 233 226 226 226 226 226 23 23 176 176 13 24 24 24 74 74 74 74 74 74 74 74 74 74 164 233 
233 233 233 233 226 226 226 226 226 23 23 23 23 23 146 146 146 74 74 74 74 74 74 74 74 74 74 233 233 
233 233 233 233 226 226 226 226 226 23 23 23 23 23 23 146 146 74 74 74 74 74 74 219 219 219 219 233 233 
233 233 233 233 226 226 226 226 226 23 23 23 23 23 23 146 146 22 74 74 74 74 219 219 219 219 219 233 233 
233 233 233 233 226 226 226 226 181 23 23 23 23 23 23 22 22 22 22 22 74 74 219 219 219 219 219 233 233 
233 233 233 233 226 226 226 226 181 152 23 23 23 23 22 22 22 22 22 22 22 172 172 172 172 172 172 233 233 
233 233 233 233 226 152 152 152 152 152 152 23 177 177 22 22 22 22 22 22 22 172 172 172 172 172 172 233 233 
179 179 179 179 152 152 152 152 152 152 152 177 177 177 22 22 22 22 22 22 22 172 172 172 172 172 172 179 179 
179 179 179 179 179 152 152 152 152 43 43 43 177 177 177 22 22 22 22 22 22 172 172 172 172 172 172 179 179 
179 179 179 179 179 152 152 152 43 43 43 43 177 177 177 225 225 225 225 225 225 149 172 129 129 129 129 179 179 
209 209 209 71 71 71 152 152 43 43 43 43 177 177 184 184 225 225 225 225 225 149 133 133 129 129 129 76 209 
209 209 209 71 71 71 71 71 43 43 43 43 43 184 184 184 184 232 225 225 225 133 133 133 133 133 133 76 209 
209 209 209 71 71 71 71 71 43 43 43 43 184 184 184 184 184 232 232 225 133 133 133 133 133 133 133 209 209 
111 111 111 111 71 71 71 71 71 43 43 60 60 184 184 184 184 232 185 185 185 133 133 133 133 133 133 111 111 
111 111 111 111 71 71 71 71 71 60 60 60 60 60 184 184 184 185 185 185 185 185 191 191 191 191 111 111 111 
111 111 111 111 86 86 86 107 107 60 60 60 60 60 60 32 32 185 185 185 185 185 191 191 191 191 111 111 111 
111 111 111 111 86 107 107 107 107 60 60 60 60 60 32 32 32 185 185 185 185 185 191 191 191 191 191 111 111 
93 93 93 93 107 107 107 107 107 107 60 60 60 60 32 32 32 185 185 185 185 185 191 191 191 191 191 93 93 
93 93 93 93 107 107 107 107 107 107 60 60 60 32 32 32 32 32 185 185 185 185 134 134 134 134 134 93 93 
93 93 93 93 107 107 107 107 107 107 107 60 60 32 32 32 32 32 32 185 185 185 134 134 134 134 134 93 93 
93 93 93 93 72 107 107 107 107 107 33 33 33 32 32 32 32 32 77 77 77 77 77 134 134 41 41 41 93 
108 108 108 108 72 72 72 72 107 33 33 33 33 33 33 32 32 77 77 77 77 77 77 134 41 41 41 41 108 
108 108 38 38 38 72 72 91 91 33 33 33 33 33 252 252 252 77 77 77 77 77 77 41 41 41 41 41 108 
108 108 38 38 38 72 91 91 91 33 33 33 33 33 252 252 252 252 77 77 77 77 77 41 41 41 41 41 206 
206 206 38 38 38 38 91 91 91 33 33 33 13 13 24 24 24 24 77 77 77 77 77 77 41 41 41 164 206 
206 206 38 38 38 38 91 91 91 230 13 13 13 13 24 24 24 24 49 49 49 49 77 77 41 164 164 164 164 
96 96 38 38 38 38 91 91 230 230 13 13 13 13 24 24 24 24 49 49 49 49 240 110 110 164 164 164 164 
96 96 96 96 38 226 226 226 188 230 13 13 13 13 24 24 24 24 49 49 74 74 74 110 110 164 164 164 164 
96 96 96 226 226 226 226 226 226 188 176 176 176 176 176 24 24 24 74 74 74 74 74 74 74 74 164 164 164 
233 233 233 233 226 226 226 226 226 23 23 176 176 176 176 176 176 24 74 74 74 74 74 74 74 74 164 164 233 
233 233 233 233 226 226 226 226 181 23 23 23 23 176 176 176 69 74 74 74 74 74 74 74 74 74 233 233 233 
233 233 233 233 226 226 226 226 181 23 23 23 23 23 69 69 69 69 74 74 74 74 74 74 74 74 233 233 233 
233 233 233 233 226 226 226 181 181 23 23 23 23 23 69 69 69 69 74 74 74 74 74 74 219 219 233 233 233 
233 233 233 233 226 226 226 226 181 23 23 23 23 23 69 22 22 22 22 22 74 74 74 219 219 219 233 233 233 
233 233 233 233 226 226 226 181 181 181 23 23 23 23 22 22 22 22 22 22 22 172 172 172 172 172 172 144 233 
179 179 179 179 226 152 152 152 152 152 23 177 177 177 22 22 22 22 22 22 22 172 172 172 172 172 172 144 179 
179 179 179 179 179 152 152 152 152 152 152 177 177 177 177 34 22 22 22 22 22 172 172 172 172 172 172 179 179 
179 179 179 179 179 152 152 152 152 152 43 177 177 177 177 34 34 22 22 22 22 172 172 172 172 172 172 179 179 
179 179 179 179 179 152 152 152 152 43 43 177 177 177 177 34 34 34 22 22 22 172 172 172 172 172 172 179 179 
209 209 209 209 71 71 152 152 43 43 43 43 177 177 177 34 34 225 225 225 225 239 133 133 129 129 76 76 209 
209 209 209 209 71 71 71 71 43 43 43 43 43 177 177 34 184 232 225 225 239 239 133 133 133 133 76 76 209 
209 209 209 209 71 71 71 71 43 43 43 43 43 184 184 184 184 232 232 239 239 133 133 133 133 133 76 209 209 
209 111 209 209 71 71 71 71 71 43 43 60 60 60 184 184 184 232 185 239 239 239 133 133 133 133 76 209 209 
111 111 111 111 71 71 71 71 71 60 60 60 60 60 60 184 184 185 185 185 185 185 133 133 133 133 76 111 111 
111 111 111 111 111 71 71 71 60 60 60 60 60 60 60 60 185 185 185 185 185 185 191 191 191 191 111 111 111 
111 111 111 111 111 107 107 107 60 60 60 60 60 60 60 32 32 185 185 185 185 185 191 191 191 128 128 111 111 
111 111 111 111 111 107 107 107 107 60 60 60 60 60 32 32 32 185 185 185 185 185 191 191 191 128 128 128 111 
93 93 93 93 107 107 107 107 107 60 60 60 60 60 32 32 32 32 185 185 185 185 134 134 134 128 128 93 93 
93 93 93 93 107 107 107 107 107 107 60 60 60 60 32 32 32 32 185 185 185 77 77 134 134 169 169 169 93 
108 108 108 108 108 107 107 107 107 33 33 33 33 33 32 32 32 32 77 77 77 77 77 41 41 41 41 41 108 
108 108 108 108 108 72 72 91 91 33 33 33 33 33 33 32 252 77 77 77 77 77 77 41 41 41 41 41 108 
108 108 108 38 38 91 91 91 91 33 33 33 33 33 252 252 252 252 77 77 77 77 77 41 41 41 41 41 108 
108 108 38 38 38 91 91 91 91 33 33 33 33 33 252 252 252 252 77 77 77 77 77 41 41 41 41 41 108 
96 96 38 38 38 91 91 91 91 33 33 33 33 252 252 252 252 252 49 77 77 77 77 41 41 41 41 164 164 
96 96 38 38 38 38 91 91 91 230 33 13 13 13 24 24 24 24 49 49 49 49 49 110 41 164 164 164 164 
96 96 96 38 38 38 91 91 230 230 230 13 13 13 24 24 24 24 49 49 49 49 110 110 110 164 164 164 164 
96 96 96 96 96 226 188 188 188 230 176 176 176 176 176 24 24 24 49 49 49 74 110 110 110 164 164 164 164 
96 96 96 96 226 226 226 226 226 188 176 176 176 176 176 176 24 24 49 74 74 74 110 110 110 110 164 164 164 
233 233 233 226 226 226 226 226 193 193 176 176 176 176 176 176 176 74 74 74 74 74 74 110 110 110 164 164 164 
233 233 233 233 226 226 226 226 181 181 23 23 176 176 176 69 69 69 74 74 74 74 74 74 74 74 8 233 233 
233 233 233 233 226 226 226 181 181 181 23 23 23 23 69 69 69 69 74 74 74 74 74 74 74 74 8 233 233 
233 233 233 233 226 226 226 181 181 181 23 23 23 23 69 69 69 69 74 74 74 74 74 74 74 74 233 233 233 
233 233 233 233 226 226 226 181 181 181 23 23 23 23 69 69 69 22 22 22 74 74 74 74 219 219 233 233 233 
233 233 233 233 226 226 226 181 181 181 181 23 23 177 69 69 22 22 22 22 22 172 172 172 172 172 144 144 144 
179 179 179 179 226 160 160 160 160 160 160 177 177 177 177 22 22 22 22 22 22 172 172 172 172 172 144 144 179 
179 179 179 179 179 160 160 160 160 160 160 177 177 177 177 34 34 22 22 22 22 172 172 172 172 172 172 179 179 
179 179 179 179 179 160 160 160 160 160 160 177 177 177 177 34 34 34 22 22 22 172 172 172 172 172 179 179 179 
179 179 179 179 58 58 160 160 160 43 43 177 177 177 177 34 34 34 34 22 239 239 172 172 172 26 76 179 179 
209 209 209 209 58 58 160 160 43 43 43 43 177 177 177 34 34 34 34 239 239 239 239 239 26 76 76 76 209 
209 209 209 209 58 58 71 71 43 43 43 43 177 177 177 34 34 34 239 239 239 239 239 239 133 76 76 76 209 
209 209 209 209 71 71 71 71 43 43 43 43 60 102 102 102 34 232 239 239 239 239 239 239 76 76 76 76 209 
209 209 209 209 71 71 71 71 48 43 60 60 60 60 102 102 184 239 239 239 239 239 239 239 133 76 76 76 209 
209 209 209 209 71 71 71 71 60 60 60 60 60 60 60 60 184 185 185 185 185 239 239 239 133 76 76 76 209 
111 111 111 111 111 71 71 60 60 60 60 60 60 60 60 60 185 185 185 185 185 185 185 128 128 128 128 111 111 
111 111 111 111 111 107 107 60 60 60 60 60 60 60 60 32 32 185 185 185 185 185 128 128 128 128 128 128 111 
111 111 111 111 178 107 107 107 60 60 60 60 60 60 52 32 32 185 185 185 185 185 128 128 128 128 128 128 111 
111 111 178 178 178 107 107 107 60 60 60 60 60 52 52 32 32 32 185 185 185 185 128 128 128 128 128 128 93 
108 108 108 178 178 107 107 107 107 246 246 246 246 52 52 32 32 32 185 185 185 185 128 128 169 169 169 169 169 
108 108 108 108 108 107 107 107 246 246 246 246 246 246 52 32 32 32 77 77 77 77 12 169 169 169 169 169 169 
108 108 108 108 108 91 91 91 91 33 33 33 33 33 33 18 18 18 77 77 77 77 12 41 41 41 41 41 108 
108 108 108 108 38 91 91 91 91 33 33 33 33 33 252 252 252 252 77 77 77 77 12 41 41 41 41 41 108 
108 108 108 38 38 91 91 91 91 33 33 33 33 33 252 252 252 252 77 77 77 77 12 41 41 41 41 41 108 
96 96 38 38 38 91 91 91 91 33 33 33 33 252 252 252 252 252 49 49 49 77 77 41 41 41 41 164 164 
96 96 96 38 38 38 91 91 230 230 230 230 176 252 252 252 252 49 49 49 49 49 49 110 41 164 164 164 164 
96 96 96 96 38 38 188 188 230 230 230 176 176 176 176 252 252 49 49 49 49 49 110 110 110 164 164 164 164 
96 96 96 96 96 188 188 188 188 230 230 176 176 176 176 176 24 49 49 49 49 49 110 110 110 164 164 164 164 
96 96 96 96 226 226 188 188 188 188 176 176 176 176 176 176 176 49 49 202 202 202 110 110 110 110 164 164 164 
233 233 233 226 226 226 226 193 193 193 193 176 176 176 176 176 176 176 202 202 202 74 110 110 110 110 8 8 8 
233 233 233 226 226 226 226 193 193 193 193 176 176 176 176 69 69 69 202 202 74 74 74 74 110 8 8 8 8 
233 233 233 233 226 226 226 181 181 181 181 23 23 69 69 69 69 69 74 74 74 74 74 74 74 8 8 8 233 
233 233 233 233 226 226 226 181 181 181 181 23 23 69 69 69 69 69 74 74 74 74 74 74 74 8 144 144 233 
233 233 233 233 226 226 226 181 181 181 181 23 23 69 69 69 69 69 22 22 74 74 74 74 74 144 144 144 233 
144 144 233 233 226 226 226 181 181 181 181 177 177 101 69 69 69 22 22 22 22 201 201 201 172 144 144 144 144 
144 179 179 179 160 160 160 160 160 160 160 177 177 177 177 34 22 22 22 22 22 172 172 172 172 172 144 144 144 
179 179 179 179 160 160 160 160 160 160 160 177 177 177 177 34 34 22 22 22 22 172 172 172 26 26 89 89 179 
179 179 179 179 58 160 160 160 160 160 160 177 177 177 177 34 34 34 34 22 61 172 172 26 26 26 89 89 179 
179 179 179 179 58 58 160 160 160 160 160 177 177 177 177 34 34 34 34 239 239 239 26 26 26 26 26 89 179 
209 209 209 58 58 58 58 160 160 160 160 177 177 177 177 34 34 34 239 239 239 239 239 239 26 26 76 76 76 
209 209 209 209 58 58 58 160 160 160 48 48 177 177 177 34 34 61 239 239 239 239 239 239 26 76 76 76 76 
209 209 209 209 58 58 58 48 48 48 48 48 102 102 102 102 102 239 239 239 239 239 239 239 76 76 76 76 76 
209 209 209 209 209 209 48 48 48 48 48 60 60 102 102 102 102 66 239 239 239 239 239 239 76 76 76 76 76 
209 209 209 209 209 209 48 48 48 60 60 60 60 60 102 102 102 66 185 239 239 239 239 239 239 76 76 76 209 
209 209 209 209 209 209 60 60 60 60 60 60 60 60 60 60 60 185 185 185 239 239 128 128 128 128 128 76 209 
209 209 209 178 178 178 229 60 60 60 60 60 60 60 52 52 52 185 185 185 185 128 128 128 128 128 128 128 128 
178 178 178 178 178 178 178 60 60 60 60 60 60 52 52 52 52 185 185 185 185 128 128 128 128 128 128 128 128 
178 178 178 178 178 178 178 60 60 60 60 246 52 52 52 52 52 52 185 185 185 128 128 128 128 128 128 128 128 
108 108 178 178 178 178 178 246 246 246 246 246 246 52 52 52 52 52 185 185 47 47 128 128 169 169 169 169 169 
108 108 108 108 131 131 187 246 246 246 246 246 246 246 52 52 18 18 156 77 47 12 12 169 169 169 169 169 169 
108 108 108 108 108 187 187 187 246 246 246 246 246 246 18 18 18 18 18 77 77 12 12 12 169 169 169 169 108 
108 108 108 108 108 187 91 91 91 33 33 33 33 33 18 18 18 18 18 77 77 12 12 12 41 41 41 41 108 
108 108 108 108 187 187 91 91 91 33 33 33 33 33 18 18 18 18 18 77 77 12 12 12 41 41 41 41 108 
96 96 96 96 187 187 187 187 230 230 33 33 33 18 252 18 18 18 49 49 49 49 12 12 41 41 41 164 164 
96 96 96 96 96 187 187 230 230 230 230 230 176 252 252 252 252 49 49 49 49 49 49 12 41 164 164 164 164 
96 96 96 96 96 188 188 188 230 230 230 230 176 176 176 252 252 49 49 49 49 49 110 110 110 164 164 164 164 
96 96 96 96 96 188 188 188 188 230 230 176 176 176 176 176 176 49 49 49 49 202 110 110 110 164 164 164 164 
96 96 96 96 226 188 188 188 188 188 230 176 176 176 176 176 176 176 202 202 202 202 110 110 110 110 164 164 164 
8 233 233 226 226 193 193 193 193 193 193 176 176 176 176 176 176 202 202 202 202 202 110 110 110 8 8 8 8 
8 233 233 226 226 226 193 193 193 193 193 176 176 176 176 69 69 69 202 202 202 202 202 110 110 8 8 8 8 
233 233 233 226 226 226 193 193 193 193 193 193 176 69 69 69 69 69 202 202 202 74 74 74 110 8 8 8 8 
233 233 233 226 226 226 226 181 181 181 181 181 23 69 69 69 69 69 69 202 201 201 201 201 201 8 144 144 144 
144 233 233 226 226 226 226 181 181 181 181 181 69 69 69 69 69 69 69 201 201 201 201 201 201 144 144 144 144 
144 144 144 106 226 226 160 160 160 160 160 101 101 101 101 101 101 101 101 201 201 201 201 201 201 144 144 144 144 
144 144 179 106 106 160 160 160 160 160 160 160 101 101 101 101 101 101 101 201 201 201 201 26 26 89 144 144 144 
179 179 179 106 106 160 160 160 160 160 160 160 177 177 101 101 101 101 101 61 61 201 26 26 26 26 89 89 89 
179 179 179 106 106 160 160 160 160 160 160 177 177 177 177 101 101 34 61 61 61 61 26 26 26 26 89 89 89 
179 179 179 58 58 58 160 160 160 160 160 177 177 177 177 177 34 61 61 61 61 61 26 26 26 26 26 89 89 
76 209 209 58 58 58 58 160 160 160 160 177 177 177 177 34 34 61 61 239 239 239 239 26 26 26 26 76 76 
76 209 209 58 58 58 58 160 48 48 48 48 102 102 102 102 102 61 61 239 239 239 239 239 26 76 76 76 76 
76 209 209 209 58 58 58 48 48 48 48 48 102 102 102 102 102 66 61 239 239 239 239 239 76 76 76 76 76 
209 209 209 209 209 58 48 48 48 48 48 60 102 102 102 102 102 66 239 239 239 239 239 239 76 76 76 76 76 
209 209 209 209 209 58 48 48 48 48 60 60 102 102 102 102 102 66 66 239 239 239 239 239 76 76 76 76 76 
209 209 209 178 178 178 229 48 137 60 60 60 60 102 102 102 102 66 66 185 239 128 128 128 128 128 128 39 39 
178 178 178 178 178 178 229 137 137 137 60 60 60 52 52 52 52 66 66 185 47 128 128 128 128 128 128 128 128 
178 178 178 178 178 178 178 229 137 60 60 52 52 52 52 52 52 66 185 47 47 128 128 128 128 128 128 128 128 
178 178 178 178 178 178 178 229 137 246 246 246 52 52 52 52 52 52 52 47 47 47 128 128 128 128 128 128 128 
178 178 178 178 178 178 178 229 246 246 246 246 246 52 52 52 52 156 156 47 47 47 128 128 128 128 128 128 128 
108 108 108 131 131 131 187 187 246 246 246 246 246 246 52 52 52 156 156 156 47 47 12 12 169 169 169 169 169 
108 108 108 131 131 187 187 187 246 246 246 246 246 246 18 18 18 18 18 156 12 12 12 12 169 169 169 169 169 
108 108 108 108 187 187 187 187 187 246 246 246 246 246 18 18 18 18 18 156 12 12 12 12 12 169 169 169 108 
108 108 108 108 187 187 187 187 187 33 33 33 180 18 18 18 18 18 18 18 12 12 12 12 12 41 41 41 108 
96 96 96 187 187 187 187 187 230 230 230 180 180 18 18 18 18 18 18 49 49 12 12 12 12 41 41 164 164 
96 96 96 96 187 187 187 187 230 230 230 230 180 18 18 18 18 18 49 49 49 49 82 82 82 82 164 164 164 
96 96 96 96 187 187 188 188 230 230 230 230 176 176 176 151 151 49 49 49 49 49 82 82 82 82 164 164 164 
96 96 96 96 188 188 188 188 188 230 230 230 176 176 176 151 151 151 49 49 202 202 82 82 82 164 164 164 164 
96 96 96 96 193 188 188 188 188 188 230 176 176 176 176 151 151 151 202 202 202 202 202 110 110 110 25 25 8 
8 8 233 193 193 193 193 193 193 193 193 176 176 176 176 151 151 151 202 202 202 202 202 110 110 8 8 8 8 
8 233 233 226 226 193 193 193 193 193 193 193 176 176 176 151 151 202 202 202 202 202 202 110 110 8 8 8 8 
8 233 233 226 226 193 193 193 193 193 193 193 176 69 69 69 69 69 202 202 201 201 201 201 201 8 8 8 8 
144 144 233 226 226 226 193 193 193 193 193 193 23 69 69 69 69 69 201 201 201 201 201 201 201 8 144 144 144 
144 144 233 226 226 226 226 181 181 181 181 181 101 101 101 101 101 101 201 201 201 201 201 201 201 144 144 144 144 
144 144 144 106 106 106 203 203 160 160 160 101 101 101 101 101 101 101 101 201 201 201 201 201 201 89 144 144 144 
144 144 106 106 106 106 160 160 160 160 160 101 101 101 101 101 101 101 101 201 201 201 201 26 26 89 89 89 144 
89 89 106 106 106 106 160 160 160 160 160 160 101 101 101 101 101 101 61 61 61 61 26 26 26 26 89 89 89 
89 89 106 106 106 106 160 160 160 160 160 160 177 101 101 101 101 61 61 61 61 61 26 26 26 26 89 89 89 
89 89 106 106 106 106 160 160 160 160 160 160 177 177 101 101 61 61 61 61 61 61 26 26 26 26 89 89 89 
76 209 209 106 58 58 58 160 160 160 160 244 244 177 102 102 61 61 61 61 61 239 26 26 26 26 26 89 89 
76 209 209 58 58 58 58 48 48 48 48 48 102 102 102 102 61 61 61 239 239 239 239 26 26 26 76 76 76 
76 209 209 209 58 58 58 48 48 48 48 102 102 102 102 102 66 66 61 239 239 239 239 239 26 76 76 76 76 
76 209 209 209 58 58 48 48 48 48 48 102 102 102 102 102 66 66 66 239 239 239 239 239 76 76 76 76 76 
39 209 209 209 58 229 48 48 48 48 48 102 102 102 102 102 66 66 66 239 239 239 239 239 76 76 39 39 39 
39 178 178 178 178 229 229 137 137 137 137 60 102 102 102 102 66 66 66 243 239 239 128 128 128 128 39 39 39 
178 178 178 178 178 229 229 137 137 137 137 137 52 52 52 66 66 66 66 47 47 47 128 128 128 128 128 39 39 
178 178 178 178 178 178 229 229 137 137 137 52 52 52 52 52 66 66 186 47 47 47 128 128 128 128 128 128 128 
178 178 178 178 178 178 229 229 137 137 246 246 52 52 52 52 52 186 186 47 47 47 47 128 128 128 128 128 128 
178 178 178 178 178 178 229 229 246 246 246 246 246 52 52 52 156 156 156 47 47 47 47 128 128 128 128 128 128 
108 178 131 131 131 131 63 187 246 246 246 246 246 246 52 156 156 156 156 156 47 47 47 12 128 169 169 169 169 
108 108 131 131 131 63 63 187 187 246 246 246 246 246 18 18 156 156 156 156 156 12 12 12 12 169 169 169 169 
108 108 131 131 63 63 187 187 187 246 180 180 180 180 18 18 18 156 156 156 12 12 12 12 12 12 169 169 68 
108 108 131 187 187 187 187 187 187 118 180 180 180 180 18 18 18 18 18 18 12 12 12 12 12 12 12 12 68 
96 96 187 187 187 187 187 187 187 230 180 180 180 180 18 18 18 18 18 49 49 12 12 82 82 82 20 20 164 
96 96 96 187 187 187 187 187 230 230 230 180 180 180 18 18 18 18 49 49 49 82 82 82 82 82 82 164 164 
96 96 96 187 187 187 187 188 230 230 230 230 230 151 151 151 151 151 49 49 49 82 82 82 82 82 25 25 25 
25 25 96 96 187 188 188 188 188 230 230 230 230 151 151 151 151 151 151 49 202 82 82 82 82 25 25 25 25 
25 25 96 193 193 188 188 188 188 188 230 230 176 151 151 151 151 151 202 202 202 202 82 82 82 25 25 25 25 
8 8 8 193 193 193 193 193 193 193 193 193 176 151 151 151 151 151 202 202 202 202 202 202 82 8 8 8 8 
8 8 8 193 193 193 193 193 193 193 193 193 176 151 151 151 151 151 202 202 202 201 201 201 201 8 8 8 8 
8 8 8 226 193 193 193 193 193 193 193 193 193 151 151 151 151 201 201 201 201 201 201 201 201 8 8 8 8 
144 144 144 226 226 193 193 193 193 193 193 193 101 101 101 101 101 101 201 201 201 201 201 201 201 201 144 144 144 
144 144 144 226 226 193 193 193 193 193 193 101 101 101 101 101 101 101 201 201 201 201 201 201 201 201 144 144 144 
144 144 144 106 106 203 203 203 203 203 203 101 101 101 101 101 101 101 101 201 201 201 201 201 201 89 144 144 144 
89 89 106 106 106 106 203 203 203 203 203 30 101 101 101 101 101 101 101 201 201 201 201 201 26 89 89 89 89 
89 89 106 106 106 106 106 160 160 160 160 160 101 101 101 101 101 101 61 61 61 61 26 26 26 26 89 89 89 
89 89 106 106 106 106 106 160 160 160 160 160 101 101 101 101 101 61 61 61 61 61 26 26 26 26 89 89 89 
89 89 106 106 106 106 106 160 160 160 160 244 244 244 101 101 61 61 61 61 61 61 26 26 26 26 89 89 89 
89 89 106 106 106 106 106 160 160 160 244 244 244 244 244 61 61 61 61 61 61 61 26 26 26 26 26 89 89 
76 76 28 106 58 58 58 48 48 48 244 244 244 244 102 102 61 61 61 61 61 239 239 26 26 26 76 76 76 
76 76 209 209 58 58 58 48 48 48 244 244 244 102 102 102 66 66 61 61 239 239 239 239 26 76 76 76 76 
39 39 209 209 58 58 48 48 48 48 48 102 102 102 102 102 66 66 66 243 243 239 239 239 76 76 39 39 39 
39 39 209 178 178 229 229 48 137 137 137 102 102 102 102 102 66 66 66 243 243 243 239 239 128 39 39 39 39 
39 39 178 178 178 229 229 137 137 137 137 137 102 102 102 66 66 66 66 243 243 243 128 128 128 39 39 39 39 
178 178 178 178 178 229 229 137 137 137 137 137 52 102 102 66 66 66 66 47 47 47 128 128 128 128 39 39 39 
178 178 178 178 178 229 229 229 137 137 137 137 52 52 52 52 66 186 186 47 47 47 47 128 128 128 128 128 39 
178 178 178 178 178 229 229 229 137 137 137 246 52 52 52 52 186 186 186 47 47 47 47 128 128 128 128 128 128 
178 178 178 178 178 229 229 229 229 246 246 246 246 52 52 156 156 156 156 156 47 47 47 128 128 128 128 128 128 
80 178 131 131 131 131 63 229 246 246 246 246 246 246 52 156 156 156 156 156 47 47 47 47 128 128 128 169 68 
68 68 131 131 131 63 63 187 187 246 246 246 246 246 246 156 156 156 156 156 156 12 12 12 12 12 169 68 68 
68 68 68 131 63 63 63 187 187 118 180 180 180 180 180 156 156 156 156 156 156 12 12 12 12 20 20 68 68 
68 68 68 187 187 187 187 187 187 118 180 180 180 180 180 18 18 156 156 156 156 12 12 12 20 20 20 20 68 
68 68 68 187 187 187 187 187 187 118 118 180 180 180 180 18 18 161 161 161 82 82 82 82 20 20 20 20 20 
68 68 187 187 187 187 187 187 118 118 118 180 180 180 180 18 18 161 161 161 82 82 82 82 82 20 20 20 25 
25 25 187 187 187 187 187 187 230 230 230 118 118 151 151 151 151 151 151 151 82 82 82 82 82 82 25 25 25 
25 25 25 187 187 187 188 188 188 230 230 230 151 151 151 151 151 151 151 151 82 82 82 82 82 25 25 25 25 
25 25 25 103 188 188 188 188 188 188 230 230 151 151 151 151 151 151 151 202 202 99 99 99 99 25 25 25 25 
25 25 25 193 193 193 193 193 193 193 193 193 151 151 151 151 151 151 151 201 201 201 99 99 99 25 25 25 25 
8 8 8 193 193 193 193 193 193 193 193 193 151 151 151 151 151 151 201 201 201 201 201 201 99 8 8 8 8 
8 8 8 226 193 193 193 193 193 193 193 193 151 151 151 151 151 151 201 201 201 201 201 201 201 8 8 8 8 
144 144 144 226 226 193 193 193 193 193 193 125 101 101 101 101 101 101 201 201 201 201 201 201 201 201 144 144 144 
144 144 144 226 226 148 203 203 203 203 203 203 101 101 101 101 101 101 201 201 201 201 201 201 201 201 144 144 144 
144 144 106 106 106 203 203 203 203 203 203 30 101 101 101 101 101 101 101 201 201 201 201 201 201 89 117 117 117 
89 89 106 106 106 203 203 203 203 203 30 30 30 101 101 101 101 101 101 201 201 201 201 201 26 89 89 89 89 
89 89 106 106 106 106 203 203 203 203 203 30 30 101 101 101 101 101 61 61 61 61 26 26 26 89 89 89 89 
89 89 106 106 106 106 106 106 160 160 160 30 30 101 101 101 101 61 61 61 61 61 26 26 26 26 89 89 89 
89 28 28 106 106 106 106 106 160 160 244 244 244 244 244 101 61 61 61 61 61 61 26 26 26 26 89 89 89 
89 28 28 28 106 106 106 106 160 160 244 244 244 244 236 236 61 61 61 61 61 61 61 26 26 26 89 89 89 
28 28 28 28 28 106 106 106 48 48 244 244 244 244 236 236 61 61 61 61 61 61 61 26 26 26 26 26 89 
76 28 28 28 28 106 106 48 48 48 244 244 244 227 227 66 66 61 61 61 61 61 61 61 26 26 39 39 39 
39 39 28 28 28 67 67 48 48 48 126 227 227 227 102 66 66 66 243 243 243 243 243 239 39 39 39 39 39 
39 39 39 178 229 229 67 67 137 137 126 126 102 102 102 66 66 66 243 243 243 243 243 254 39 39 39 39 39 
39 178 178 178 229 229 229 229 137 137 137 126 102 102 102 66 66 66 243 243 243 243 243 128 128 39 39 39 39 
178 178 178 178 229 229 229 229 137 137 137 137 137 102 102 66 66 66 243 243 243 47 47 128 128 128 39 39 39 
178 178 178 178 229 229 229 229 137 137 137 137 137 52 52 66 186 186 186 47 47 47 47 128 128 128 128 39 39 
178 178 178 178 229 229 229 229 229 137 137 137 52 52 52 186 186 186 186 47 47 47 47 47 128 128 128 128 128 
80 178 178 178 229 229 229 229 229 229 246 246 246 52 52 156 156 156 156 156 47 47 47 47 128 128 128 128 68 
80 80 80 131 131 229 229 229 229 246 246 246 246 246 190 156 156 156 156 156 156 47 47 47 128 128 73 68 68 
68 68 68 131 131 63 63 187 187 187 180 180 180 180 190 156 156 156 156 156 156 156 47 12 12 73 73 68 68 
68 68 68 131 63 63 187 187 187 118 180 180 180 180 190 156 156 156 156 156 156 156 12 20 20 20 20 20 68 
68 68 68 187 187 187 187 187 118 118 118 180 180 180 180 180 161 161 161 156 156 156 12 20 20 20 20 20 68 
68 68 68 187 187 187 187 187 118 118 118 180 180 180 180 161 161 161 161 161 163 82 82 20 20 20 20 20 20 
68 68 68 187 187 187 187 187 118 118 118 118 180 180 180 151 161 161 161 161 163 82 82 82 20 20 20 20 20 
25 25 68 187 187 187 187 187 118 118 118 118 118 151 151 151 151 161 161 163 163 82 82 82 82 20 20 25 25 
25 25 25 103 187 187 187 187 118 118 118 118 151 151 151 151 151 151 248 248 163 99 99 99 99 99 25 25 25 
25 25 103 103 103 188 188 188 188 188 135 135 135 151 151 151 151 151 248 248 99 99 99 99 99 99 25 25 25 
220 220 103 103 103 193 193 193 193 193 135 135 135 151 151 151 151 151 248 248 201 99 99 99 99 220 220 25 220 
220 220 103 103 103 193 193 193 193 193 135 135 135 151 151 151 151 151 248 201 201 201 201 99 99 220 220 220 220 
220 220 103 103 103 148 148 148 148 148 125 125 125 135 151 151 151 201 201 201 201 201 201 201 201 220 220 220 220 
220 220 103 103 148 148 148 148 148 148 125 125 125 101 101 101 101 101 201 201 201 201 201 201 201 117 117 117 117 
144 144 144 148 148 148 148 148 203 203 203 125 125 101 101 101 101 101 201 201 201 201 201 201 201 117 117 117 117 
117 117 117 106 106 203 203 203 203 203 30 30 30 101 101 101 101 112 112 201 157 157 201 201 201 207 117 117 117 
89 89 28 106 106 203 203 203 203 203 30 30 30 30 101 101 112 112 112 112 50 50 50 50 26 89 89 89 89 
89 89 28 106 106 203 203 203 203 203 30 30 30 30 143 143 143 112 61 61 61 50 50 26 26 89 89 89 89 
89 28 28 28 106 106 203 203 203 203 30 30 30 30 143 143 143 61 61 61 61 61 61 26 26 26 89 89 89 
28 28 28 28 106 106 106 106 106 30 30 244 244 244 143 143 143 61 61 61 61 61 61 26 26 26 89 89 89 
28 28 28 28 28 106 106 106 106 244 244 244 244 236 236 236 61 61 61 61 61 61 61 198 198 26 89 89 89 
28 28 28 28 28 106 106 106 67 244 244 244 244 236 236 236 61 61 61 61 61 61 61 198 198 198 198 89 89 
28 28 28 28 28 28 67 67 67 126 126 244 227 227 236 236 66 61 61 61 61 61 61 198 198 198 39 39 39 
39 28 28 28 28 67 67 67 67 126 126 126 227 227 227 66 66 66 243 243 243 243 243 254 198 198 39 39 39 
39 39 28 28 229 67 67 67 67 126 126 126 126 227 227 66 66 66 243 243 243 243 254 254 254 19 39 39 39 
39 178 178 229 229 229 229 67 67 126 126 126 126 126 102 66 66 66 243 243 243 243 254 254 254 19 19 19 19 
178 178 178 229 229 229 229 229 229 137 126 126 126 126 102 66 66 66 243 243 243 254 254 254 254 19 19 19 19 
178 178 178 229 229 229 229 229 229 137 137 126 126 126 186 186 186 186 186 186 47 47 254 254 254 19 19 19 19 
178 178 178 229 229 229 229 229 229 137 137 137 126 190 186 186 186 186 186 186 47 47 47 47 254 19 19 19 19 
80 80 80 229 229 229 229 229 229 229 246 246 190 190 190 156 186 186 186 156 47 47 47 47 254 19 19 19 68 
80 80 80 229 229 229 229 229 229 229 246 190 190 190 190 156 156 156 156 156 156 47 47 73 73 73 73 73 68 
68 68 68 68 229 229 187 187 187 118 180 190 190 190 190 156 156 156 156 156 156 156 47 73 73 73 73 73 68 
68 68 68 68 187 187 187 187 118 118 180 180 190 190 190 190 156 156 156 156 156 156 73 73 73 73 73 73 68 
68 68 68 68 187 187 187 187 118 118 118 180 180 190 190 190 161 161 161 156 163 163 20 20 20 20 20 20 68 
68 68 68 187 187 187 187 187 118 118 118 118 180 180 190 161 161 161 161 161 163 163 82 20 20 20 20 20 20 
68 68 68 187 187 187 187 187 118 118 118 118 180 180 190 161 161 161 161 163 163 163 82 20 20 20 20 20 20 
25 68 68 187 187 187 187 187 118 118 118 118 118 151 151 151 248 248 163 163 163 163 99 99 99 20 20 20 25 
25 25 103 103 187 187 187 187 118 118 118 135 135 151 151 151 248 248 248 163 163 99 99 99 99 99 25 25 25 
220 220 103 103 103 103 103 187 118 135 135 135 135 135 151 151 248 248 248 248 163 99 99 99 99 99 220 220 220 
220 220 103 103 103 103 193 193 193 135 135 135 135 135 151 151 248 248 248 248 248 99 99 99 99 220 220 220 220 
220 220 103 103 103 103 148 148 148 148 135 135 135 135 135 151 248 248 248 248 157 157 99 99 99 220 220 220 220 
220 220 103 103 103 148 148 148 148 148 125 125 125 135 135 151 248 248 248 201 157 157 157 157 207 220 220 220 220 
117 117 103 103 103 148 148 148 148 148 125 125 125 125 101 101 101 101 201 157 157 55 157 157 207 117 117 117 117 
117 117 117 103 148 148 148 148 148 203 125 125 125 125 101 101 101 101 201 157 157 157 157 201 201 117 117 117 117 
117 117 37 37 37 148 203 203 203 203 30 30 30 30 30 112 112 112 112 50 50 50 50 50 207 207 117 117 117 
117 28 28 28 106 203 203 203 203 203 30 30 30 30 143 112 112 112 112 112 50 50 50 50 50 207 117 117 117 
89 28 28 28 28 203 203 203 203 30 30 30 30 30 143 143 143 112 112 61 50 50 50 50 198 89 89 89 89 
28 28 28 28 28 203 203 203 203 30 30 30 30 143 143 143 143 143 61 61 61 61 198 198 198 198 198 89 89 
28 28 28 28 28 28 203 203 203 30 30 30 30 143 143 143 143 61 61 61 61 61 198 198 198 198 198 89 28 
28 28 28 28 28 28 28 203 203 126 126 244 236 236 236 143 61 61 61 61 61 61 198 198 198 198 198 198 28 
28 28 28 28 28 28 28 67 67 126 126 236 236 236 236 236 61 61 61 61 61 61 198 198 198 198 198 198 28 
28 28 28 28 28 28 67 67 67 126 126 126 236 236 236 236 61 61 61 61 61 61 198 198 198 198 198 198 28 
28 28 28 28 28 67 67 67 67 126 126 126 126 236 236 236 66 243 243 243 243 243 254 198 198 198 19 39 19 
46 28 28 28 67 67 67 67 67 126 126 126 126 126 236 236 66 243 243 243 243 243 254 254 254 19 19 19 19 
46 46 46 46 229 229 67 67 67 126 126 126 126 126 126 66 66 243 243 243 243 254 254 254 254 19 19 19 19 
46 46 46 229 229 229 229 229 229 126 126 126 126 126 126 186 186 186 243 243 243 254 254 254 254 19 19 19 19 
46 46 229 229 229 229 229 229 229 126 126 126 126 126 186 186 186 186 186 186 186 254 254 254 254 19 19 19 19 
46 178 229 229 229 229 229 229 229 229 126 126 126 190 186 186 186 186 186 186 186 254 254 254 254 254 19 19 19 
80 80 229 229 229 229 229 229 229 229 190 190 190 190 190 186 186 186 186 156 156 47 254 254 254 254 19 19 19 
80 80 80 229 229 229 229 229 229 229 190 190 190 190 190 190 156 156 156 156 156 47 21 73 73 73 73 73 4 
68 68 68 68 229 229 229 229 229 118 190 190 190 190 190 190 156 156 156 156 156 156 21 73 73 73 73 73 68 
68 68 68 68 187 187 187 187 118 118 190 190 190 190 190 190 190 156 156 156 156 138 73 73 73 73 73 73 68 
68 68 68 68 187 187 187 187 118 118 118 190 190 190 190 190 161 161 161 163 138 138 138 20 20 73 73 73 68 
68 68 68 68 187 187 187 187 118 118 118 118 190 190 190 190 161 161 161 163 163 163 163 20 20 20 20 20 20 
68 68 68 68 187 187 187 187 118 118 118 118 190 190 190 190 161 161 163 163 163 163 163 20 20 20 20 20 20 
68 68 68 187 187 187 187 187 118 118 118 118 135 190 248 248 248 248 163 163 163 163 99 99 99 20 20 20 220 
220 220 103 103 103 187 187 187 118 118 135 135 135 135 248 248 248 248 248 163 163 163 99 99 99 99 220 220 220 
220 220 103 103 103 103 56 56 56 135 135 135 135 135 248 248 248 248 248 248 163 99 99 99 99 99 220 220 220 
220 220 103 103 103 103 103 56 56 135 135 135 135 135 135 248 248 248 248 248 248 99 99 99 99 220 220 220 220 
220 220 103 103 103 103 148 148 148 56 135 135 135 135 135 248 248 248 248 248 157 157 99 99 99 220 220 220 220 
220 220 103 103 103 148 148 148 148 125 125 125 125 135 135 248 248 248 248 248 157 157 157 157 207 207 220 220 220 
117 117 103 103 103 148 148 148 148 148 125 125 125 125 135 135 248 248 248 157 157 157 157 157 207 207 117 117 117 
117 117 117 37 37 148 148 148 148 203 125 125 125 125 125 112 112 112 112 157 157 157 157 157 207 207 117 117 117 
117 122 37 37 37 37 203 203 203 30 30 30 30 30 30 112 112 112 112 50 50 50 50 50 207 207 207 117 117 
117 28 28 37 37 203 203 203 203 30 30 30 30 30 143 112 112 112 112 112 50 50 50 50 50 207 207 117 117 
28 28 28 28 28 203 203 203 203 30 30 30 30 30 143 143 143 112 112 112 50 50 50 50 198 198 198 89 117 
28 28 28 28 28 203 203 203 203 30 30 30 30 143 143 143 143 143 61 61 61 50 198 198 198 198 198 89 28 
28 28 28 28 28 28 17 17 17 30 30 30 30 143 143 143 143 61 61 61 61 61 198 198 198 198 198 198 28 
28 28 28 28 28 28 17 17 17 17 126 244 236 236 236 143 143 61 61 61 61 61 198 198 198 198 198 198 28 
28 28 28 28 28 28 28 17 67 126 126 126 236 236 236 236 61 61 61 61 61 61 198 198 198 198 198 198 28 
28 28 28 28 28 28 67 67 67 126 126 126 126 236 236 236 61 61 61 61 61 61 198 198 198 198 198 198 28 
28 28 28 28 28 67 67 67 67 126 126 126 126 126 236 236 236 243 243 243 243 243 254 198 198 198 198 19 19 
46 46 46 46 67 67 67 67 67 126 126 126 126 126 126 126 66 243 243 243 243 254 254 254 254 19 19 19 19 
46 46 46 46 46 67 67 67 67 126 126 126 126 126 126 126 66 243 243 243 254 254 254 254 254 19 19 19 19 
46 46 46 46 229 229 229 67 197 197 126 126 126 126 126 15 15 15 243 243 254 254 254 254 254 19 19 19 19 
46 46 46 229 229 229 229 229 197 197 197 126 126 126 126 15 15 15 15 15 254 254 254 254 254 254 19 19 19 
46 46 229 229 229 229 229 229 229 197 197 126 126 190 190 15 15 15 15 15 254 254 254 254 254 167 167 19 19 
4 4 229 229 229 229 229 229 229 229 197 190 190 190 190 190 186 186 15 15 15 21 21 21 167 167 167 167 4 
4 4 4 229 229 229 229 229 229 92 190 190 190 190 190 190 190 156 156 156 156 21 21 21 73 73 73 73 4 
4 4 4 4 229 229 229 229 92 92 190 190 190 190 190 190 190 156 156 156 156 21 21 73 73 73 73 73 4 
4 4 4 4 4 229 187 187 92 118 190 190 190 190 190 190 190 190 156 156 138 138 138 73 73 73 73 73 4 
4 4 4 4 4 187 187 187 118 118 190 190 190 190 190 190 190 161 161 163 138 138 138 73 73 73 73 73 4 
4 4 4 4 4 187 187 187 118 118 118 190 190 190 190 190 190 161 163 163 163 138 138 138 20 20 73 44 44 
4 4 4 4 4 187 187 187 118 118 118 190 190 190 190 190 248 163 163 163 163 163 138 138 20 20 20 44 44 
4 4 4 4 187 187 187 168 168 118 118 150 190 190 248 248 248 248 163 163 163 163 163 99 99 20 20 44 44 
220 220 103 103 103 103 56 168 168 118 135 135 135 135 248 248 248 248 248 163 163 163 99 99 99 99 220 220 220 
220 220 103 103 103 103 56 56 56 56 135 135 135 135 248 248 248 248 248 248 163 163 99 99 99 220 220 220 220 
220 220 103 103 103 103 56 56 56 135 135 135 135 135 135 248 248 248 248 248 248 99 99 99 99 220 220 220 220 
220 220 103 103 103 103 56 56 56 56 135 135 135 135 135 248 248 248 248 248 248 157 99 99 207 220 220 220 220 
220 122 122 103 103 148 148 148 56 125 125 125 135 135 135 248 248 248 248 248 157 157 157 207 207 207 207 117 220 
117 122 122 37 37 148 148 148 148 125 125 125 125 125 135 135 248 248 248 157 157 157 157 207 207 207 207 117 117 
117 122 122 37 37 37 148 148 148 125 125 125 125 125 125 112 112 112 112 112 50 50 50 207 207 207 207 117 117 
122 122 122 37 37 37 37 203 203 30 30 30 30 30 30 112 112 112 112 112 50 50 50 50 207 207 207 117 117 
122 122 28 37 37 37 203 203 203 30 30 30 30 30 143 143 112 112 112 112 50 50 50 50 50 207 207 117 117 
28 28 28 28 28 203 203 203 203 30 30 30 30 30 143 143 143 112 112 112 50 50 50 198 198 198 198 198 28 
28 28 28 28 28 17 17 17 17 30 30 30 30 143 143 143 143 143 112 61 50 50 198 198 198 198 198 198 28 
28 28 28 28 28 17 17 17 17 17 30 30 30 143 143 143 143 143 61 61 61 198 198 198 198 198 198 198 28 
28 28 28 28 28 28 17 17 17 17 126 126 236 236 143 143 143 61 61 61 61 198 198 198 198 198 198 198 28 
28 28 28 28 28 28 17 17 17 126 126 126 126 236 236 236 61 61 61 61 215 215 198 198 198 198 198 198 28 
28 28 28 28 28 28 67 67 67 126 126 126 126 236 236 236 116 61 61 215 215 215 198 198 198 198 198 198 28 
28 28 28 28 28 67 67 67 67 126 126 126 126 126 236 236 116 243 61 215 215 215 215 198 198 198 198 19 46 
46 46 46 46 46 67 67 67 67 126 126 126 126 126 126 126 116 243 243 215 215 215 254 254 254 19 19 19 46 
46 46 46 46 46 67 67 67 197 197 126 126 126 126 126 126 15 243 243 243 215 254 254 254 254 19 19 19 19 
46 46 46 46 229 229 67 197 197 197 197 126 126 126 126 15 15 15 15 15 254 254 254 254 254 19 19 19 46 
46 46 46 46 229 229 229 197 197 197 197 197 126 126 15 15 15 15 15 15 15 254 254 254 254 167 167 19 46 
46 46 46 229 229 229 229 229 197 197 197 197 126 190 15 15 15 15 15 15 15 254 254 254 167 167 167 167 46 
4 4 4 229 229 229 229 229 92 197 197 190 190 190 190 15 15 15 15 15 15 21 21 21 167 167 167 167 167 
4 4 4 4 229 229 229 92 92 92 190 190 190 190 190 190 15 15 15 15 214 21 21 21 21 167 167 167 4 
4 4 4 4 4 229 92 92 92 92 190 190 190 190 190 190 190 190 190 138 138 21 21 21 73 73 73 73 4 
4 4 4 4 4 92 92 92 92 92 190 190 190 190 190 190 190 190 138 138 138 138 138 73 73 73 73 73 4 
4 4 4 4 4 92 92 92 92 92 190 190 190 190 190 190 190 190 163 138 138 138 138 138 73 73 73 44 44 
4 4 4 4 4 92 92 92 92 92 190 190 190 190 190 190 190 147 163 163 138 138 138 138 73 73 44 44 44 
44 4 4 4 16 16 168 168 168 168 150 150 150 150 190 190 147 147 163 163 163 138 138 138 138 44 44 44 44 
44 4 4 16 16 16 168 168 168 168 150 150 150 150 248 248 147 147 163 163 163 163 138 138 57 20 44 44 44 
220 16 16 16 16 56 168 168 168 168 150 150 150 150 248 248 248 248 248 163 163 163 57 57 57 57 44 220 44 
220 235 235 235 235 56 56 56 56 56 135 135 135 135 248 248 248 248 248 248 163 57 57 57 57 57 220 220 220 
220 235 235 235 235 56 56 56 56 56 135 135 135 135 135 248 248 248 248 248 248 57 57 57 57 57 220 220 220 
122 122 235 235 235 56 56 56 56 56 135 135 135 135 135 248 248 248 248 248 248 57 57 57 207 207 220 220 220 
122 122 122 235 235 56 56 56 56 56 125 125 135 135 135 248 248 248 248 248 157 157 157 207 207 207 207 117 117 
122 122 122 37 37 37 200 200 200 125 125 125 125 135 135 135 248 248 248 248 157 157 157 207 207 207 207 117 117 
122 122 122 37 37 37 37 200 200 125 125 125 125 125 125 112 112 112 112 112 50 50 50 207 207 207 207 117 117 
122 122 122 37 37 37 37 45 45 45 45 30 30 30 30 112 112 112 112 112 50 50 50 50 154 207 207 117 117 
122 122 122 37 37 37 37 45 45 45 45 30 30 30 143 143 112 112 112 112 50 50 50 50 50 207 105 117 117 
28 28 28 28 37 17 17 17 45 45 30 30 30 30 143 143 143 112 112 112 50 50 50 198 198 198 198 198 153 
28 28 28 28 28 17 17 17 17 17 30 30 30 143 143 143 143 9 9 9 50 50 198 198 198 198 198 153 153 
28 28 28 28 28 17 17 17 17 17 30 30 30 143 143 143 143 9 9 9 215 198 198 198 198 198 198 153 153 
28 28 28 28 28 17 17 17 17 17 126 126 62 62 143 143 116 116 116 215 215 215 198 198 198 198 198 153 153 
28 28 28 28 28 28 17 17 17 17 126 126 62 62 62 62 116 116 116 215 215 215 215 198 198 198 198 153 153 
28 28 28 28 28 28 17 67 67 126 126 126 62 62 62 62 116 116 116 215 215 215 215 198 198 198 198 153 189 
189 189 28 28 28 67 67 67 67 126 126 126 126 62 62 62 116 116 116 215 215 215 215 215 198 198 198 153 189 
46 46 46 46 46 67 67 67 67 197 126 126 126 126 62 62 116 116 116 215 215 215 215 215 254 19 19 19 46 
46 46 46 46 46 67 67 197 197 197 197 126 126 126 126 62 15 15 214 214 215 215 254 254 254 19 19 19 46 
46 46 46 46 46 46 67 197 197 197 197 197 126 126 126 15 15 15 214 214 214 254 254 254 254 167 19 19 46 
46 46 46 46 46 229 229 197 197 197 197 197 126 126 15 15 15 15 15 214 214 214 254 254 167 167 167 167 46 
46 46 46 46 229 229 229 197 197 197 197 197 141 141 15 15 15 15 15 214 214 214 21 167 167 167 167 167 46 
4 4 4 4 229 229 92 92 92 92 197 141 141 190 237 15 15 15 15 214 214 21 21 21 167 167 167 167 167 
4 4 4 4 4 92 92 92 92 92 92 190 190 190 237 237 15 15 214 214 214 21 21 21 21 167 167 167 4 
4 4 4 4 4 92 92 92 92 92 92 190 190 190 237 237 237 237 214 214 214 21 21 21 21 21 73 4 4 
4 4 4 4 4 92 92 92 92 92 92 190 190 190 237 237 237 237 138 138 138 138 138 21 36 73 73 44 4 
4 4 4 4 4 92 92 92 92 92 92 190 190 190 237 237 237 147 147 138 138 138 138 138 36 36 44 44 44 
4 4 4 4 4 92 92 92 92 92 92 150 150 190 190 190 147 147 147 138 138 138 138 138 36 44 44 44 44 
44 4 16 16 16 16 168 168 168 168 150 150 150 150 150 147 147 147 147 163 138 138 138 138 36 44 44 44 44 
44 16 16 16 16 16 168 168 168 168 150 150 150 150 155 147 147 147 147 163 163 138 138 57 57 44 44 44 44 
44 16 16 16 16 16 168 168 168 168 150 150 150 155 155 248 147 147 147 163 163 57 57 57 57 57 57 44 44 
220 235 235 235 235 56 56 56 56 168 135 150 155 155 155 248 248 248 248 248 163 57 57 57 57 57 57 220 31 
122 235 235 235 235 56 56 56 56 56 135 135 135 155 155 248 248 248 248 248 248 57 57 57 57 57 57 220 220 
122 122 235 235 235 56 56 56 56 56 135 135 135 135 135 248 248 248 248 248 248 57 57 57 57 207 220 220 220 
122 122 235 235 235 56 56 56 56 56 125 135 135 135 135 135 248 248 248 248 248 57 154 57 207 207 207 117 122 
122 122 122 37 37 37 200 200 200 56 125 125 125 135 135 114 114 112 248 248 157 154 154 207 207 207 207 207 122 
122 122 122 37 37 37 200 200 200 45 45 125 125 125 125 114 112 112 112 112 50 50 50 207 207 207 207 117 122 
122 122 122 37 37 37 37 45 45 45 45 45 45 30 114 114 112 112 112 154 154 154 154 154 154 154 105 105 105 
122 122 122 37 37 37 37 45 45 45 45 45 65 65 65 9 9 9 9 112 154 154 154 154 154 105 105 105 105 
153 28 28 37 37 17 17 17 45 45 45 45 65 65 65 9 9 9 9 9 154 154 154 154 105 105 105 105 153 
153 28 28 28 28 17 17 17 17 17 45 30 65 65 65 9 9 9 9 9 9 215 198 198 198 198 153 153 153 
153 28 28 28 28 17 17 17 17 17 199 199 65 65 65 9 9 9 9 9 215 215 198 198 198 198 153 153 153 
153 28 28 28 28 17 17 17 17 17 17 62 62 62 62 62 116 116 116 215 215 215 215 198 198 198 153 153 153 
189 189 28 28 28 28 17 17 17 17 126 62 62 62 62 62 116 116 116 215 215 215 215 215 198 198 153 153 153 
189 189 189 189 28 121 17 17 121 126 126 62 62 62 62 62 116 116 116 215 215 215 215 215 215 198 153 153 189 
189 189 189 189 189 121 67 67 67 126 126 126 62 62 62 62 116 116 116 215 215 215 215 215 215 215 153 153 189 
46 189 46 46 46 67 67 197 197 197 197 126 62 62 62 62 116 116 116 215 215 215 215 215 215 215 19 46 46 
46 46 46 46 46 14 67 197 197 197 197 197 182 182 182 182 116 214 214 214 215 215 215 215 254 19 19 19 46 
46 46 46 46 46 14 14 197 197 197 197 197 141 182 182 15 15 214 214 214 214 214 214 167 167 167 167 167 46 
46 46 46 46 14 14 14 197 197 197 197 197 141 141 15 15 15 15 214 214 214 214 214 167 167 167 167 167 46 
46 46 46 46 14 14 14 14 197 197 141 141 141 141 15 15 15 15 214 214 214 214 21 167 167 167 167 167 46 
4 4 4 14 14 14 92 92 92 92 141 141 141 141 237 15 15 15 214 214 214 214 21 21 167 167 167 167 167 
4 4 4 4 14 92 92 92 92 92 92 238 238 238 237 237 15 214 214 214 214 21 21 21 21 167 167 167 4 
4 4 4 4 4 92 92 92 92 92 92 238 238 238 237 237 237 214 214 214 214 21 21 21 36 36 36 4 4 
4 4 4 4 4 92 92 92 92 92 92 238 238 238 237 237 237 237 214 138 138 138 138 36 36 36 36 44 4 
4 4 4 4 4 92 92 92 92 92 92 238 238 238 237 237 237 237 138 138 138 138 138 36 36 36 44 44 44 
4 4 4 16 16 92 92 92 92 92 92 150 150 238 238 237 237 147 147 138 138 138 138 138 36 36 44 44 44 
4 16 16 16 16 16 168 168 168 168 150 150 150 150 150 150 147 147 147 138 138 138 138 138 36 44 44 44 44 
16 16 16 16 16 16 168 168 168 168 150 150 150 150 155 155 147 147 147 147 138 138 138 57 57 44 44 44 44 
31 16 16 16 16 16 168 168 168 168 150 150 150 155 155 155 147 147 147 147 138 57 57 57 57 57 31 31 31 
31 16 16 16 16 56 168 168 168 168 168 155 155 155 155 155 248 248 248 248 163 57 57 57 57 57 31 31 31 
31 235 235 235 235 56 56 56 56 56 56 155 155 155 155 155 248 248 248 248 248 57 57 57 57 57 31 31 31 
122 235 235 235 235 56 56 56 56 56 135 135 155 155 155 155 248 248 248 248 248 57 57 57 57 57 31 31 31 
122 122 235 235 235 56 56 56 56 56 56 135 135 135 135 114 114 114 248 248 154 154 154 154 154 207 207 122 122 
122 122 122 37 37 37 200 200 200 45 45 45 135 135 114 114 114 114 114 154 154 154 154 154 154 207 207 122 122 
122 122 122 37 37 37 200 200 45 45 45 45 45 114 114 114 114 114 114 154 154 154 154 154 154 207 207 122 122 
122 122 122 37 37 37 37 45 45 45 45 45 45 65 114 114 114 114 114 154 154 154 154 154 154 105 105 105 105 
122 122 122 37 37 37 37 45 45 45 45 45 65 65 65 65 9 9 9 9 154 154 154 154 105 105 105 105 105 
153 153 28 37 37 17 17 132 45 45 45 199 65 65 65 65 9 9 9 9 154 154 154 154 105 105 105 105 153 
153 153 28 28 17 17 17 132 132 199 199 199 65 65 65 9 9 9 9 9 9 154 154 154 105 105 105 153 153 
153 153 28 28 17 17 17 121 121 228 199 199 65 65 65 65 9 9 9 9 215 215 215 215 198 153 153 153 153 
153 189 189 28 28 121 121 121 121 228 228 199 62 62 62 62 116 116 116 215 215 215 215 215 215 153 153 153 153 
189 189 189 189 189 121 121 121 121 228 228 62 62 62 62 62 116 116 116 215 215 215 215 215 215 153 153 153 153 
189 189 189 189 189 121 121 121 121 121 62 62 62 62 62 62 116 116 116 215 215 215 215 215 215 153 153 153 189 
189 189 189 189 189 121 121 121 121 121 126 62 62 62 62 62 116 116 116 215 215 215 215 215 215 215 153 153 189 
189 189 189 189 189 14 121 197 197 197 197 182 182 182 62 62 116 116 116 215 215 215 215 215 215 83 83 189 189 
46 46 46 46 14 14 14 197 197 197 197 123 182 182 182 182 182 214 214 214 215 215 215 83 83 83 83 83 46 
46 46 46 46 14 14 14 14 197 197 197 123 141 182 182 182 214 214 214 214 214 214 214 83 83 83 83 83 46 
46 46 46 14 14 14 14 14 1 1 141 141 141 141 141 15 214 214 214 214 214 214 214 83 83 83 83 83 46 
46 46 14 14 14 14 14 14 1 1 141 141 141 141 141 15 15 214 214 214 214 214 214 167 167 167 167 167 46 
4 4 14 14 14 14 14 14 1 1 141 141 141 141 141 15 15 214 214 214 214 214 214 21 167 167 167 167 4 
4 4 4 14 14 14 92 92 92 92 141 141 238 238 238 237 224 224 214 214 214 214 21 21 21 36 36 36 4 
4 4 4 4 4 92 92 92 92 92 92 238 238 238 238 237 237 224 224 214 214 214 21 36 36 36 36 36 4 
4 4 4 4 4 92 92 92 92 92 92 238 238 221 238 237 237 224 224 214 138 138 119 36 36 36 36 36 4 
4 4 4 4 16 92 92 92 92 92 92 238 238 238 238 237 237 237 224 138 138 138 119 36 36 36 36 44 4 
4 4 16 16 16 92 92 92 92 92 92 150 150 238 238 238 238 147 147 138 138 138 119 119 36 36 36 44 44 
4 16 16 16 16 16 168 168 168 168 150 150 150 150 150 150 147 147 147 138 138 138 119 119 119 36 36 44 44 
31 16 16 16 16 16 168 168 168 168 150 150 150 150 155 155 147 147 147 147 138 138 119 119 119 31 31 31 31 
31 16 16 16 16 16 168 168 168 168 150 150 155 155 155 155 147 147 147 147 6 6 57 57 57 31 31 31 31 
31 31 16 16 16 16 168 168 168 168 35 155 155 155 155 155 155 155 248 248 6 57 57 57 57 31 31 31 31 
31 31 235 235 235 56 56 56 168 162 35 155 155 155 155 155 155 248 248 248 248 57 57 57 57 31 31 31 31 
31 235 235 235 235 56 56 56 56 56 35 155 155 155 155 155 155 248 248 248 154 154 57 57 57 31 31 31 31 
122 122 235 235 235 56 56 56 56 56 56 155 155 155 114 114 114 114 114 154 154 154 154 154 154 31 31 31 31 
122 122 122 37 37 37 200 200 45 45 45 45 45 114 114 114 114 114 114 154 154 154 154 154 154 154 105 31 122 
122 122 122 37 37 37 200 200 45 45 45 45 45 114 114 114 114 114 114 154 154 154 154 154 154 154 105 105 122 
183 183 183 37 37 37 37 45 45 45 45 45 65 65 114 114 114 114 114 154 154 154 154 154 105 105 105 105 105 
153 183 183 37 37 132 132 132 45 45 199 199 65 65 65 114 114 9 9 154 154 154 154 154 105 105 105 105 105 
153 153 85 37 132 132 132 132 132 199 199 199 65 65 65 65 9 9 9 9 154 154 154 105 105 105 105 105 105 
153 153 85 85 132 132 132 132 132 199 199 199 65 65 65 65 9 9 9 9 9 154 154 105 105 105 105 153 153 
153 153 85 85 85 121 121 132 132 228 199 199 65 65 65 65 9 9 9 9 215 215 215 215 105 153 153 153 153 
153 189 85 85 85 121 121 121 121 228 228 199 65 65 62 62 116 9 9 215 215 215 215 215 166 153 153 153 153 
189 189 189 189 85 121 121 121 121 228 228 62 62 62 62 62 116 116 116 215 215 215 215 215 166 166 153 153 153 
189 189 189 189 189 121 121 121 121 228 228 62 62 62 62 62 116 116 116 215 215 215 215 215 166 166 120 120 120 
189 189 189 189 189 121 121 121 121 228 123 182 182 62 62 62 116 116 116 215 215 215 215 215 166 166 120 120 189 
189 189 189 189 189 14 121 121 1 1 123 182 182 182 182 182 116 116 116 215 215 215 215 215 83 83 83 120 189 
189 189 189 189 14 14 14 14 1 1 123 123 182 182 182 182 182 75 75 75 75 75 215 83 83 83 83 83 189 
46 46 14 14 14 14 14 14 1 1 123 123 123 182 182 182 214 214 75 75 75 75 83 83 83 83 83 83 83 
241 241 14 14 14 14 14 14 1 1 141 141 141 141 141 141 214 214 214 214 214 214 214 83 83 83 83 83 83 
241 241 241 14 14 14 14 14 1 1 141 141 141 141 141 141 214 214 214 214 214 214 214 83 83 83 83 83 241 
241 241 241 14 14 14 14 14 1 1 141 141 141 141 141 224 224 224 214 214 214 214 214 83 83 83 83 83 241 
4 4 4 14 14 14 14 92 92 1 141 141 141 238 238 224 224 224 224 214 214 214 214 21 83 36 36 36 4 
4 4 4 4 14 92 92 92 92 92 92 238 238 238 238 238 224 224 224 224 214 214 21 36 36 36 36 36 4 
4 4 4 4 14 92 92 92 92 92 92 238 238 238 238 238 224 224 224 224 214 119 119 119 36 36 36 36 4 
4 4 4 16 16 92 92 92 92 92 92 238 238 238 238 238 238 224 224 224 138 119 119 119 119 36 36 36 4 
4 16 16 16 16 16 92 92 92 92 92 150 150 238 238 238 238 147 224 6 138 119 119 119 119 119 36 36 44 
171 16 16 16 16 16 218 168 168 168 150 150 150 150 150 238 238 147 147 6 6 119 119 119 119 119 31 31 31 
31 16 16 16 16 16 168 168 168 168 150 150 150 155 155 155 155 147 147 6 6 6 119 119 119 31 31 31 31 
31 16 16 16 16 16 168 168 168 162 35 35 155 155 155 155 155 147 147 6 6 6 6 6 31 31 31 31 31 
31 31 16 16 16 16 168 168 162 162 35 35 155 155 155 155 155 155 208 208 6 6 6 57 31 31 31 31 31 
31 31 31 16 16 53 168 162 162 162 35 35 155 155 155 155 155 155 208 208 208 6 6 57 31 31 31 31 31 
31 31 183 183 183 183 56 162 162 162 35 35 155 155 155 155 114 114 208 208 154 154 154 154 31 31 31 31 31 
31 183 183 183 183 183 183 56 162 162 35 35 155 114 114 114 114 114 114 154 154 154 154 154 154 31 31 31 31 
122 183 183 183 183 183 183 200 45 45 45 45 114 114 114 114 114 114 114 154 154 154 154 154 154 105 105 31 31 
122 183 183 183 183 183 200 200 45 45 45 45 114 114 114 114 114 114 114 114 154 154 154 154 154 105 105 105 105 
183 183 183 183 183 183 132 132 45 45 45 199 65 65 114 114 114 114 170 170 154 154 154 154 105 105 105 105 105 
183 183 183 183 183 132 132 132 132 199 199 199 65 65 65 65 114 114 170 170 154 154 154 154 105 79 105 105 105 
153 85 85 183 132 132 132 132 132 199 199 199 65 65 65 65 65 9 170 170 170 154 154 105 105 105 105 105 105 
153 85 85 85 85 132 132 132 132 199 199 199 65 65 65 65 65 9 9 9 170 154 142 105 105 105 105 105 105 
153 85 85 85 85 121 132 132 132 228 199 199 65 65 65 65 65 9 9 9 215 215 142 142 142 105 153 153 153 
153 85 85 85 85 121 121 121 228 228 228 199 65 65 65 65 65 9 9 215 215 215 215 166 166 166 153 153 153 
189 189 189 85 85 121 121 121 121 228 228 62 62 62 62 62 116 116 116 215 215 215 166 166 166 166 120 120 120 
189 189 189 85 85 121 121 121 121 228 228 62 62 62 62 62 116 116 116 215 215 215 166 166 166 166 120 120 120 
189 189 189 189 85 121 121 121 121 228 123 182 182 182 182 182 116 116 116 215 215 215 215 166 166 166 120 120 120 
189 189 189 189 14 14 121 121 1 1 123 182 182 182 182 182 182 116 75 75 75 215 215 166 83 83 83 83 120 
189 189 189 14 14 14 14 14 1 1 123 123 182 182 182 182 182 75 75 75 75 75 83 83 83 83 83 83 83 
241 46 14 14 14 14 14 14 1 1 123 123 123 182 182 182 75 75 75 75 75 75 83 83 83 83 83 83 83 
241 241 241 14 14 14 14 14 1 1 1 141 141 141 141 141 214 75 75 75 75 214 83 83 83 83 83 83 83 
241 241 241 14 14 14 14 14 1 1 141 141 141 141 141 224 224 224 214 214 214 214 214 83 83 83 83 83 241 
241 241 241 14 14 14 14 14 1 1 141 141 141 141 141 224 224 224 224 214 214 214 214 83 83 83 83 83 241 
241 241 14 14 14 14 14 14 1 1 141 141 141 141 141 224 224 224 224 224 214 214 214 119 83 83 83 83 127 
4 4 14 14 14 14 14 92 92 92 141 141 238 238 238 224 224 224 224 224 214 119 119 119 119 36 127 127 127 
171 171 171 171 218 218 218 218 92 92 92 238 238 238 238 238 224 224 224 224 119 119 119 119 119 119 127 127 127 
171 171 171 171 218 218 218 218 218 218 218 238 238 238 238 238 224 224 224 224 6 119 119 119 119 119 127 127 127 
171 171 171 16 16 218 218 218 218 218 218 150 150 238 238 238 196 196 6 6 6 119 119 119 119 119 119 127 171 
171 171 16 16 16 218 218 218 218 218 218 150 150 150 238 196 196 196 6 6 6 6 119 119 119 119 31 31 31 
104 104 16 16 16 16 218 218 218 162 162 35 35 155 155 155 155 6 6 6 6 6 6 119 119 31 31 31 31 
31 104 16 16 16 16 218 162 162 162 35 35 35 35 155 155 155 208 208 6 6 6 6 6 31 31 31 31 31 
31 31 16 16 16 53 53 162 162 162 35 35 35 35 155 155 155 208 208 208 6 6 6 6 31 31 31 31 31 
31 31 31 53 53 53 53 162 162 162 35 35 35 35 155 155 155 208 208 208 208 6 6 6 31 31 31 31 31 
31 31 183 183 183 53 53 53 162 162 162 35 35 155 155 114 114 114 208 208 208 6 154 154 31 31 31 31 31 
31 183 183 183 183 183 53 53 162 162 162 35 35 155 114 114 114 114 114 208 154 154 154 154 154 31 31 31 31 
183 183 183 183 183 183 183 183 45 45 45 35 114 114 114 114 114 114 114 170 154 154 154 154 154 105 105 31 31 
183 183 183 183 183 183 183 183 45 45 45 45 114 114 114 114 114 114 114 170 154 154 154 154 154 105 105 105 105 
183 183 183 183 183 183 183 78 51 51 51 199 65 65 114 114 114 114 170 170 253 223 223 154 105 105 105 105 105 
183 183 183 183 183 78 78 78 78 78 199 199 65 65 65 65 114 170 170 170 170 154 154 105 105 105 105 105 105 
85 85 85 183 78 78 78 78 78 78 199 199 65 65 65 65 65 109 170 170 170 170 154 105 105 105 105 105 105 
85 85 85 85 85 78 78 78 78 78 199 199 65 65 65 65 65 109 109 170 170 170 142 142 142 105 105 105 105 
85 85 85 85 85 85 78 78 78 228 199 199 65 65 65 65 109 109 109 109 215 142 142 142 142 142 142 153 153 
85 85 85 85 85 85 121 121 228 228 228 199 65 65 65 65 109 109 109 215 215 142 142 142 142 142 142 153 153 
189 85 85 85 85 85 121 121 121 228 228 228 65 65 65 65 116 116 116 215 215 215 166 166 166 166 166 120 120 
189 189 85 85 85 85 121 121 121 228 228 182 182 182 182 182 182 116 116 215 215 166 166 166 166 166 120 120 120 
189 189 189 85 85 85 121 121 121 228 182 182 182 182 182 182 182 116 116 215 215 215 166 166 166 166 166 120 120 
189 189 189 231 85 14 100 100 100 182 182 182 182 182 182 182 182 75 75 75 75 215 166 166 166 166 166 120 120 
189 231 231 231 14 14 14 14 1 1 123 123 182 182 182 182 182 75 75 75 75 75 83 83 83 83 83 83 83 
241 231 231 14 14 14 14 14 1 1 123 123 123 182 182 182 145 75 75 75 75 75 83 83 83 83 83 83 83 
241 241 241 14 14 14 14 14 1 1 141 141 141 141 141 141 145 75 75 75 75 75 83 83 83 83 83 83 83 
241 241 241 14 14 14 14 14 1 1 141 141 141 141 141 224 224 224 75 75 75 75 83 83 83 83 83 83 241 
241 241 241 14 14 14 14 14 1 1 141 141 141 141 141 224 224 224 224 224 224 214 214 83 83 83 83 83 241 
241 241 14 14 14 14 14 14 1 1 141 141 141 141 141 224 224 224 224 224 224 214 119 119 83 83 127 127 127 
171 171 171 14 14 14 218 218 218 218 141 141 141 141 238 224 224 224 224 224 224 119 119 119 119 119 127 127 127 
171 171 171 171 218 218 218 218 218 218 218 218 238 238 238 224 224 224 224 224 224 119 119 119 119 119 127 127 127 
171 171 171 171 218 218 218 218 218 218 218 218 238 196 196 196 196 224 250 250 6 119 119 119 119 119 127 127 127 
171 171 171 171 218 218 218 218 218 218 218 218 150 196 196 196 196 196 6 6 6 6 119 119 119 119 127 127 171 
171 171 171 171 218 218 218 218 218 218 218 218 196 196 196 196 196 196 6 6 6 6 6 119 119 119 31 31 171 
104 104 104 104 16 218 218 218 218 218 162 35 35 196 196 196 196 6 6 6 6 6 6 6 119 31 31 31 31 
104 104 104 104 16 218 218 218 162 162 35 35 35 35 196 196 196 208 208 208 6 6 6 6 31 31 31 31 31 
31 104 104 104 53 53 53 162 162 162 35 35 35 35 35 155 208 208 208 208 208 6 6 6 31 31 31 31 31 
31 31 31 53 53 53 53 53 162 162 35 35 35 35 35 155 208 208 208 208 208 6 6 6 31 31 31 31 31 
31 183 183 183 53 53 53 53 162 162 35 35 35 35 35 114 114 217 208 208 208 6 6 97 97 31 31 31 31 
183 183 183 183 183 53 53 53 53 162 35 35 35 35 114 114 114 213 213 208 223 223 154 154 154 31 31 31 31 
183 183 183 183 183 183 183 183 183 162 35 35 114 114 114 114 114 114 213 170 223 223 223 223 223 105 105 31 31 
183 183 183 183 183 183 183 183 45 45 45 45 114 114 114 114 114 114 170 170 223 223 223 223 105 105 105 105 105 
183 183 183 183 183 183 78 78 51 51 51 51 65 65 114 114 114 170 170 170 253 223 223 223 105 105 105 105 105 
183 183 183 183 183 78 78 78 78 51 51 51 65 65 65 65 114 170 170 170 170 170 223 223 105 105 105 105 105 
183 183 183 183 78 78 78 78 78 78 199 199 65 65 65 65 109 109 253 170 170 170 170 105 105 105 105 105 105 
85 85 85 85 85 78 78 78 78 78 199 199 65 65 65 109 109 109 109 170 170 170 142 142 142 142 105 105 81 
85 85 85 85 85 78 78 78 78 78 199 65 65 65 65 109 109 109 109 109 109 142 142 142 142 142 142 81 81 
85 85 85 85 85 85 78 78 78 78 78 65 65 65 65 65 109 109 109 109 215 142 142 142 142 142 142 81 81 
159 85 85 85 85 85 85 121 121 78 228 65 65 65 65 65 109 109 109 215 215 142 142 142 166 166 166 166 120 
159 85 85 85 85 85 85 121 100 100 228 182 182 182 182 182 182 109 7 215 215 166 166 166 166 166 166 166 120 
159 189 85 85 85 85 100 100 100 100 182 182 182 182 182 182 182 7 7 7 7 166 166 166 166 166 166 166 120 
159 231 231 231 231 231 100 100 100 100 182 182 182 182 182 182 182 7 7 7 7 7 166 166 166 166 166 166 120 
231 231 231 231 231 231 100 100 100 100 123 182 182 182 182 182 145 7 7 7 7 7 7 83 83 124 124 124 124 
231 231 231 231 231 14 14 14 1 1 123 123 141 182 182 145 145 7 7 7 7 7 7 83 83 83 83 83 83 
241 231 231 231 14 14 14 14 1 1 141 141 141 141 141 145 145 7 7 7 7 7 7 83 83 83 83 83 83 
241 241 231 14 14 14 14 14 1 1 141 141 141 141 141 145 145 7 7 7 7 7 7 83 83 83 83 83 83 
241 241 231 14 14 14 14 14 1 1 141 141 141 141 141 224 224 224 224 7 7 7 7 83 83 83 83 127 127 
241 241 14 14 14 14 14 14 1 1 141 141 141 141 141 224 224 224 224 224 224 7 7 59 83 83 127 127 127 
171 171 171 14 14 218 218 218 218 218 141 141 141 141 250 250 250 250 250 250 250 250 119 119 119 127 127 127 127 
171 171 171 171 218 218 218 218 218 218 218 218 196 196 250 250 250 250 250 250 250 119 119 119 119 127 127 127 127 
171 171 171 171 218 218 218 218 218 218 218 218 196 196 196 196 250 250 250 250 250 119 119 119 119 119 127 127 127 
171 171 171 171 218 218 218 165 218 218 218 218 196 196 196 196 196 250 250 6 6 6 6 119 119 119 127 127 171 
104 104 171 171 218 218 218 218 218 218 218 218 196 196 196 196 196 196 6 6 6 6 6 119 119 119 31 31 104 
104 104 104 104 218 218 218 218 218 218 218 35 35 196 196 196 196 196 6 6 6 6 6 6 119 31 31 31 104 
104 104 104 104 218 218 218 218 218 162 35 35 35 35 196 196 196 208 208 208 6 6 6 6 97 31 31 31 31 
104 104 104 104 53 53 53 53 162 162 35 35 35 35 35 196 208 208 208 208 208 6 6 97 97 97 31 31 31 
31 31 104 53 53 53 53 53 234 234 35 35 35 35 35 196 217 217 208 208 208 6 6 97 97 97 31 31 31 
31 183 183 183 53 53 53 53 234 234 234 35 35 35 5 5 217 217 217 208 208 208 97 97 97 97 31 31 31 
183 183 183 183 183 53 53 53 234 234 234 234 35 5 5 5 5 213 213 208 208 223 223 97 97 97 31 31 31 
183 183 183 183 183 183 53 53 234 234 234 234 249 5 5 5 5 213 213 213 223 223 223 223 223 105 105 31 31 
183 183 183 183 183 183 183 51 51 51 51 51 249 5 5 5 5 213 170 170 223 223 223 223 105 105 105 105 105 
183 183 183 183 183 183 78 51 51 51 51 51 51 247 5 5 5 170 170 170 170 223 223 223 105 105 105 2 2 
183 183 183 183 183 78 78 78 51 51 51 51 247 247 247 247 109 170 170 170 170 170 223 245 105 105 105 2 2 
183 183 183 183 78 78 78 78 78 51 51 51 247 247 247 109 109 109 109 170 170 170 170 142 105 105 105 2 2 
81 85 85 85 78 78 78 78 78 78 51 51 247 247 247 109 109 109 109 109 109 142 142 142 142 142 81 81 81 
81 85 85 85 85 78 78 78 78 78 78 65 247 247 247 109 109 109 109 109 109 142 142 142 142 142 142 81 81 
159 159 85 85 85 115 78 78 78 78 78 65 247 247 247 247 109 109 109 109 109 142 142 142 142 142 81 81 81 
159 159 159 85 85 115 115 115 78 78 78 65 247 247 247 247 109 109 109 109 142 142 142 142 142 166 166 81 81 
159 159 159 85 85 115 100 100 100 100 100 222 182 182 182 113 113 113 7 7 7 166 166 166 166 166 166 81 159 
159 159 159 85 85 100 100 100 100 100 100 182 182 182 182 182 113 7 7 7 7 7 166 166 166 166 166 159 159 
159 159 231 231 231 100 100 100 100 100 100 182 182 182 182 182 145 7 7 7 7 7 166 124 124 124 124 124 159 
231 231 231 231 231 231 100 100 100 100 100 40 182 182 145 145 145 7 7 7 7 7 7 124 124 124 124 124 124 
231 231 231 231 231 231 100 100 100 40 40 40 40 40 145 145 145 7 7 7 7 7 7 124 124 124 124 124 124 
231 231 231 231 231 231 14 14 100 40 40 40 40 40 145 145 145 7 7 7 7 7 7 124 124 124 124 124 124 
231 231 231 231 231 14 14 14 1 40 40 40 40 40 145 145 145 7 7 7 7 7 7 124 124 124 124 124 124 
231 231 231 231 14 14 14 14 1 40 40 40 40 40 145 145 145 250 7 7 7 7 7 124 124 124 124 127 127 
171 231 14 14 14 14 14 14 1 40 40 40 40 40 40 250 250 250 250 250 250 250 59 59 59 59 127 127 127 
171 171 171 175 175 218 218 218 218 218 40 40 40 40 250 250 250 250 250 250 250 250 59 59 59 98 127 127 127 
171 171 171 171 175 218 218 218 218 218 218 218 211 196 250 250 250 250 250 250 250 250 119 59 98 98 127 127 127 
171 171 171 171 218 218 218 218 218 218 218 218 196 196 196 196 250 250 250 250 250 250 119 119 119 98 127 127 127 
171 171 171 171 218 218 218 218 218 218 218 218 196 196 196 196 196 250 250 250 6 6 6 6 119 119 127 127 171 
104 104 171 171 218 218 218 218 218 218 218 218 196 196 196 196 196 196 250 6 6 6 6 6 6 119 97 104 104 
104 104 104 104 218 218 218 218 218 218 218 218 196 196 196 196 196 196 6 6 6 6 6 6 97 97 97 31 104 
104 104 104 104 218 218 218 218 218 218 218 35 35 196 196 196 196 208 208 208 6 6 6 97 97 97 97 31 104 
104 104 104 104 53 53 53 234 234 234 234 234 35 196 196 196 196 208 208 208 208 6 97 97 97 97 97 31 31 
104 104 104 53 53 53 53 234 234 234 234 234 234 11 11 11 217 217 208 208 208 6 97 97 97 97 97 31 31 
31 183 183 183 53 53 53 234 234 234 234 234 234 11 5 5 217 217 217 208 208 6 97 97 97 97 97 31 31 
183 183 183 183 183 53 53 234 234 234 234 234 234 5 5 5 5 213 213 213 208 223 97 97 97 97 97 31 31 
183 183 183 183 183 183 53 234 234 234 234 234 249 5 5 5 5 213 213 213 223 223 223 223 97 97 97 31 31 
183 183 183 183 183 183 183 51 51 51 51 51 249 5 5 5 5 213 213 170 223 223 223 223 223 105 245 245 2 
2 183 183 183 183 183 51 51 51 51 51 51 51 247 5 5 213 213 170 170 170 170 223 245 245 245 245 2 2 
2 183 183 183 183 78 78 51 51 51 51 51 247 247 247 247 109 109 170 170 170 170 245 245 245 245 245 2 2 
2 183 183 183 78 78 78 78 51 51 51 51 247 247 247 109 109 109 109 109 109 109 245 245 245 245 245 2 2 
81 81 85 115 115 78 78 78 78 51 51 51 247 247 247 109 109 109 109 109 109 109 142 142 142 245 81 81 81 
81 81 85 115 115 115 78 78 78 78 78 247 247 247 247 247 109 109 109 109 109 142 142 142 142 81 81 81 81 
159 159 159 115 115 115 115 78 78 78 222 222 247 247 247 247 109 109 109 109 109 142 142 142 142 81 81 81 81 
159 159 159 115 115 115 115 115 78 78 222 222 222 247 113 113 113 113 109 109 173 142 142 142 142 81 81 81 81 
159 159 159 159 115 115 115 100 100 100 222 222 222 222 113 113 113 113 64 64 64 142 158 166 166 166 81 81 159 
159 159 159 159 159 100 100 100 100 100 222 222 222 222 113 113 113 7 7 64 7 7 158 158 158 124 124 81 159 
159 159 231 231 231 100 100 100 100 100 222 222 222 222 182 113 113 7 7 7 7 7 158 158 124 124 124 124 124 
231 231 231 231 231 231 100 100 100 100 40 40 222 145 145 145 145 7 7 7 7 7 7 124 124 124 124 124 124 
231 231 231 231 231 231 100 100 100 40 40 40 40 145 145 145 145 7 7 7 7 7 7 124 124 124 124 124 124 
231 231 231 231 231 231 231 100 100 40 40 40 40 40 145 145 145 145 7 7 7 7 7 124 124 124 124 124 124 
231 231 231 231 231 231 231 231 40 40 40 40 40 40 145 145 145 145 7 7 7 7 7 124 124 124 124 124 124 
231 231 231 231 231 175 14 14 40 40 40 40 40 40 145 145 145 250 7 7 7 7 59 59 59 59 59 98 98 
98 231 175 175 175 175 175 175 210 40 40 40 40 40 250 250 250 250 250 250 250 250 59 59 59 59 98 98 98 
98 171 175 175 175 175 175 210 210 211 211 211 211 211 250 250 250 250 250 250 250 250 59 59 59 98 98 98 98 
171 171 171 175 175 175 210 210 210 218 211 211 211 211 250 250 250 250 250 250 250 250 59 59 98 98 98 98 98 
171 171 171 175 175 175 210 210 218 218 211 211 211 196 196 250 250 250 250 250 250 250 250 98 98 98 98 98 98 
171 171 171 171 175 218 218 218 218 218 218 211 196 196 196 196 250 250 250 250 250 6 6 6 98 98 98 98 171 
104 171 171 29 218 218 218 218 218 218 218 218 196 196 196 196 196 250 250 6 6 6 6 6 97 97 97 98 171 
104 104 104 29 29 218 218 218 218 218 218 218 196 196 196 196 196 196 95 6 6 6 6 97 97 97 97 97 104 
104 104 94 29 29 218 70 70 70 218 234 234 196 196 196 11 11 11 95 95 6 6 97 97 97 97 97 97 104 
94 94 94 94 29 53 70 70 70 234 234 234 234 11 11 11 11 11 95 95 95 97 97 97 97 97 97 97 97 
87 87 87 87 53 53 70 234 234 234 234 234 234 11 11 11 217 217 217 27 95 97 97 97 97 97 97 97 87 
87 87 87 183 53 53 53 234 234 234 234 234 249 11 11 5 217 217 217 27 27 27 97 97 97 97 97 97 87 
87 87 183 183 183 53 53 234 234 234 234 249 249 5 5 5 5 213 213 27 27 27 97 97 97 97 97 97 87 
87 183 183 183 183 183 53 234 234 234 249 249 249 5 5 5 213 213 213 213 213 223 223 97 97 245 245 245 87 
183 183 183 183 183 183 183 234 51 51 249 249 249 5 5 5 213 213 213 213 213 223 223 245 245 245 245 245 2 
2 2 42 42 42 42 51 51 51 51 51 249 249 249 5 5 213 213 213 170 170 170 245 245 245 245 245 2 2 
2 2 42 42 42 42 51 51 51 51 51 51 247 247 247 109 109 109 109 109 170 170 139 245 245 245 245 2 2 
2 2 42 115 115 78 78 51 51 51 51 51 247 247 247 109 109 109 109 109 109 109 139 245 245 245 245 2 2 
81 81 81 115 115 115 115 78 51 51 51 51 247 247 247 247 109 109 109 109 109 109 139 139 245 245 245 81 81 
81 81 159 115 115 115 115 78 78 51 51 222 247 247 247 247 109 109 109 109 173 173 142 139 245 81 81 81 81 
81 159 159 115 115 115 115 115 115 222 222 222 222 247 247 113 113 109 173 173 173 173 173 142 142 81 81 81 81 
159 159 159 115 115 115 115 115 115 222 222 222 222 222 113 113 113 113 173 173 173 173 142 142 142 81 81 81 81 
159 159 159 115 10 10 10 100 100 222 222 222 222 222 113 113 113 113 64 64 64 64 158 158 158 212 81 81 81 
159 159 159 159 10 10 100 100 100 222 222 222 222 222 113 113 113 64 64 64 64 64 158 158 158 158 158 81 242 
242 159 231 231 231 100 100 100 100 100 222 222 222 222 222 113 113 7 64 64 64 7 158 158 158 124 124 124 242 
242 231 231 231 231 231 100 100 100 100 222 222 222 222 145 145 145 7 7 7 7 7 158 158 124 124 124 124 242 
231 231 231 231 231 231 231 100 100 40 40 40 40 145 145 145 145 145 7 7 7 7 7 124 124 124 124 124 242 
231 231 231 231 231 231 231 100 100 40 40 40 40 145 145 145 145 145 7 7 7 7 7 124 124 124 124 124 124 
231 231 231 231 231 231 231 231 40 40 40 40 40 40 145 145 145 145 7 7 7 7 7 59 124 124 124 124 124 
231 231 231 231 175 175 175 175 40 40 40 40 40 40 145 145 145 145 7 7 7 7 59 59 59 59 59 98 98 
98 98 175 175 175 175 175 175 210 40 40 40 40 40 250 250 250 250 250 250 250 84 59 59 59 59 98 98 98 
98 98 175 175 175 175 175 210 210 211 211 211 211 211 250 250 250 250 250 250 250 250 59 59 59 59 98 98 98 
98 98 175 175 175 175 210 210 210 211 211 211 211 211 250 250 250 250 250 250 250 250 59 59 98 98 98 98 98 
98 171 171 175 175 175 210 210 210 211 211 211 211 54 250 250 250 250 250 250 250 250 98 98 98 98 98 98 98 
171 29 29 29 175 175 210 210 210 218 211 211 54 54 196 196 250 250 250 250 250 6 6 98 98 98 98 98 98 
104 29 29 29 29 218 218 218 218 218 218 54 54 196 196 196 196 250 250 250 6 6 6 97 97 204 98 98 98 
94 94 29 29 29 29 70 70 70 70 218 90 54 196 196 11 11 11 95 95 95 95 97 97 97 97 97 204 94 
94 94 94 29 29 70 70 70 70 70 70 192 90 11 11 11 11 11 95 95 95 95 97 97 97 97 97 97 94 
94 94 94 94 29 70 70 70 70 70 234 234 11 11 11 11 11 11 95 95 95 95 97 97 97 97 97 97 94 
87 87 87 87 87 70 70 70 70 234 234 234 234 11 11 11 11 217 27 27 95 95 97 97 97 97 97 97 87 
87 87 87 87 42 70 70 234 234 234 234 234 249 11 11 11 217 217 27 27 27 27 97 97 97 97 97 97 87 
87 87 87 42 42 42 42 234 234 234 249 249 249 249 5 5 5 213 27 27 27 27 97 97 97 97 97 87 87 
87 87 42 42 42 42 42 234 234 249 249 249 249 249 5 5 213 213 213 27 27 27 97 97 245 245 245 2 87 
87 42 42 42 42 42 42 88 51 249 249 249 249 249 5 5 213 213 213 213 27 27 245 245 245 245 245 2 2 
2 2 42 42 42 42 88 88 51 51 249 249 249 249 249 5 109 213 109 109 170 245 245 245 245 245 245 2 2 
2 2 42 42 42 42 88 51 51 51 51 51 249 247 247 109 109 109 109 109 109 139 139 245 245 245 245 2 2 
2 2 2 194 115 42 78 51 51 51 51 51 247 247 247 109 109 109 109 109 109 139 139 139 245 245 245 2 2 
81 81 194 194 115 115 115 78 51 51 51 222 247 247 247 247 109 109 109 109 173 139 139 139 139 245 245 81 81 
81 81 115 115 115 115 115 115 222 222 222 222 222 247 247 247 109 109 173 173 173 173 139 139 139 81 81 81 81 
81 81 159 115 115 115 115 115 222 222 222 222 222 222 113 113 113 173 173 173 173 173 173 212 212 81 81 81 81 
81 81 159 115 115 10 10 10 10 222 222 222 222 222 113 113 113 113 173 173 173 173 173 212 212 212 81 81 81 
81 81 159 10 10 10 10 10 100 222 222 222 222 222 113 113 113 113 64 64 173 173 158 158 212 212 212 81 81 
242 242 159 10 10 10 10 100 100 222 222 222 222 222 113 113 113 64 64 64 64 64 158 158 158 212 212 212 242 
242 242 231 231 136 10 100 100 100 222 222 222 222 222 222 113 113 64 64 64 64 64 158 158 158 158 124 242 242 
242 242 231 231 231 231 100 100 100 222 222 222 222 222 222 145 145 7 64 64 64 7 158 158 158 124 124 242 242 
242 231 231 231 231 231 231 100 100 40 40 40 222 145 145 145 145 145 7 7 7 7 158 158 124 124 124 124 242 
242 231 231 231 231 231 231 100 40 40 40 40 40 145 145 145 145 145 7 7 7 7 7 124 124 124 124 124 124 
231 231 231 231 231 231 175 175 40 40 40 40 40 145 145 145 145 145 7 7 7 7 84 59 59 59 124 124 124 
98 231 231 231 175 175 175 175 40 40 40 40 40 40 145 145 145 145 7 7 7 84 84 59 59 59 59 98 98 
98 98 175 175 175 175 175 175 175 40 211 211 211 40 130 130 130 250 250 250 84 84 84 59 59 59 98 98 98 
98 98 175 175 175 175 175 175 210 211 211 211 211 211 54 250 250 250 250 250 250 84 84 59 59 59 98 98 98 
98 98 175 175 175 175 175 210 210 211 211 211 211 211 54 250 250 250 250 250 250 84 84 59 59 98 98 98 98 
98 205 205 175 175 175 210 210 210 211 211 211 211 54 54 54 250 250 250 250 3 3 84 59 98 98 98 98 98 
205 205 29 29 175 175 210 210 210 211 211 211 54 54 54 54 250 250 250 250 3 3 3 59 98 98 98 98 98 
205 29 29 29 29 140 210 210 210 218 211 54 54 54 54 54 54 250 95 95 95 95 6 97 204 204 204 204 204 
94 94 29 29 29 29 70 70 70 70 90 90 54 54 11 11 11 11 95 95 95 95 97 97 204 204 204 204 204 
94 94 94 29 29 70 70 70 70 70 192 192 90 11 11 11 11 11 95 95 95 95 97 97 97 204 204 204 94 
94 94 94 94 29 70 70 70 70 70 192 192 192 11 11 11 11 11 95 95 95 95 97 97 97 97 204 204 94 
87 87 87 87 87 70 70 70 70 70 234 192 192 11 11 11 11 11 27 27 27 95 97 97 97 97 97 204 87 
87 87 87 87 42 70 70 70 234 234 249 249 249 11 11 11 11 27 27 27 27 27 97 97 97 97 97 204 87 
87 87 87 42 42 42 88 88 234 249 249 249 249 249 146 146 146 27 27 27 27 27 27 97 97 97 97 87 87 
87 87 42 42 42 42 88 88 88 249 249 249 249 249 146 146 213 213 27 27 27 27 27 245 245 245 245 2 87 
87 42 42 42 42 42 88 88 88 249 249 249 249 249 146 146 213 213 213 27 27 27 245 245 245 245 245 2 2 
2 2 42 42 42 42 88 88 88 88 249 249 249 249 146 146 146 146 109 173 139 139 139 245 245 245 245 2 2 
2 2 42 42 42 42 88 88 88 88 249 249 249 247 247 146 109 109 109 173 139 139 139 139 245 245 245 2 2 
2 2 194 194 194 194 88 51 51 51 51 51 247 247 247 109 109 109 109 173 173 139 139 139 139 245 245 2 2 
81 81 194 194 194 194 194 78 51 51 222 222 247 247 247 247 109 109 173 173 173 139 139 139 139 245 245 81 81 
81 81 194 194 194 115 115 115 216 222 222 222 222 222 247 247 109 173 173 173 173 173 139 139 139 81 81 81 81 
81 81 115 115 115 115 115 115 216 222 222 222 222 222 222 113 113 173 173 173 173 173 173 212 212 212 81 81 81 
81 81 115 115 10 10 10 10 216 222 222 222 222 222 113 113 113 173 173 173 173 173 173 212 212 212 212 81 81 
81 81 136 136 10 10 10 10 216 222 222 222 222 222 113 113 113 113 173 173 173 173 158 212 212 212 212 212 81 
242 242 136 136 136 10 10 10 222 222 222 222 222 222 222 113 113 64 64 64 64 64 158 158 212 212 212 212 242 
242 242 242 136 136 136 136 136 222 222 222 222 222 222 222 222 113 64 64 64 64 64 158 158 158 212 212 242 242 
242 242 231 136 136 136 136 136 100 222 222 222 222 222 222 222 145 64 64 64 64 64 158 158 158 158 158 242 242 
242 242 231 231 231 136 136 136 100 222 222 222 222 222 145 145 145 145 7 64 7 7 158 158 158 158 124 242 242 
242 231 231 231 231 136 107 107 107 40 40 40 222 145 145 145 145 145 7 7 7 7 158 158 158 124 124 242 242 
242 231 231 231 231 175 107 107 107 40 40 40 40 130 130 130 130 130 7 7 7 84 84 84 84 59 124 98 98 
93 93 231 231 175 175 175 107 107 40 40 40 40 130 130 130 130 130 130 7 84 84 84 84 84 59 98 98 98 
98 98 175 175 175 175 175 175 175 211 211 211 211 130 130 130 130 130 130 130 84 84 84 84 84 59 98 98 98 
98 98 175 175 175 175 175 175 175 211 211 211 211 211 54 130 130 130 250 250 84 84 84 84 84 98 98 98 98 
98 98 205 175 175 175 175 175 175 211 211 211 211 54 54 54 54 250 250 3 3 84 84 84 84 98 98 98 98 
205 205 205 175 175 175 175 175 175 211 211 211 54 54 54 54 54 54 3 3 3 3 84 84 98 98 98 98 98 
205 205 205 140 140 175 175 175 175 211 54 54 54 54 54 54 54 54 3 3 3 3 3 3 204 204 98 98 205 
205 140 140 140 140 140 140 140 70 90 90 54 54 54 54 54 54 11 3 3 3 3 3 204 204 204 204 204 204 
140 140 140 140 140 140 70 70 70 70 90 90 90 54 54 11 11 11 95 95 95 95 204 204 204 204 204 204 204 
94 94 140 140 140 140 70 70 70 70 192 192 90 90 11 11 11 11 95 95 95 95 95 204 204 204 204 204 204 
94 94 94 140 140 70 70 70 70 70 192 192 192 11 11 11 11 11 95 95 95 95 95 204 204 204 204 204 94 
87 87 87 87 140 70 70 70 70 70 192 192 192 11 11 11 11 11 95 27 27 27 27 204 204 204 204 204 87 
87 87 87 87 42 70 70 70 70 70 249 249 249 146 146 146 11 27 27 27 27 27 27 97 204 204 204 204 87 
87 87 87 42 42 88 88 88 88 249 249 249 249 146 146 146 146 146 27 27 27 27 27 97 204 204 204 87 87 
87 87 42 42 42 88 88 88 88 88 249 249 249 146 146 146 146 146 27 27 27 27 27 245 245 245 245 2 87 
87 42 42 42 42 42 88 88 88 88 249 249 249 249 146 146 146 146 27 27 27 27 245 245 245 245 245 2 2 
2 2 42 42 42 88 88 88 88 88 88 249 249 146 146 146 146 146 146 173 173 139 139 139 139 245 245 2 2 
2 2 42 194 194 194 88 88 88 88 88 249 249 146 146 146 146 146 173 173 173 139 139 139 139 245 245 2 2 
2 194 194 194 194 194 194 88 88 88 51 222 222 247 146 109 109 109 173 173 173 139 139 139 139 139 245 2 2 
81 194 194 194 194 194 194 194 216 216 222 222 222 222 222 225 109 173 173 173 173 139 139 139 139 139 245 81 81 
81 194 194 194 194 194 194 216 216 216 222 222 222 222 222 225 225 173 173 173 173 173 139 139 139 212 81 81 81 
81 81 194 194 194 194 194 216 216 216 222 222 222 222 222 113 225 173 173 173 173 173 173 212 212 212 212 81 81 
81 81 194 194 10 10 10 216 216 216 222 222 222 222 222 113 113 173 173 173 173 173 173 212 212 212 212 212 81 
242 242 136 136 136 136 136 216 216 216 222 222 222 222 222 113 113 173 173 173 173 173 173 212 212 212 212 212 212 
242 242 136 136 136 136 136 216 216 216 222 222 222 222 222 222 113 64 64 173 173 173 158 212 212 212 212 212 242 
242 242 136 136 136 136 136 136 216 222 222 222 222 222 222 222 113 64 64 64 64 64 158 158 212 212 212 242 242 
242 242 136 136 136 136 136 136 222 222 222 222 222 222 222 222 222 64 64 64 64 64 158 158 158 195 195 242 242 
242 93 231 136 136 136 136 107 107 222 222 222 222 222 222 222 145 145 64 64 64 64 158 158 195 195 195 195 242 
93 93 93 231 136 107 107 107 107 107 107 222 222 130 130 130 130 130 130 7 7 84 191 195 195 195 195 195 195 
93 93 93 93 93 107 107 107 107 107 107 40 130 130 130 130 130 130 130 130 84 84 84 84 84 195 195 195 93 
93 93 93 93 175 175 107 107 107 107 107 40 130 130 130 130 130 130 130 130 84 84 84 84 84 84 98 98 93 
93 93 93 175 175 175 175 175 107 107 211 211 211 130 130 130 130 130 130 130 84 84 84 84 84 84 98 98 98 
98 98 206 175 175 175 175 175 175 211 211 211 211 54 130 130 130 130 130 3 3 84 84 84 84 84 98 98 98 
98 206 206 175 175 175 175 175 175 211 211 211 54 54 54 54 54 130 3 3 3 3 84 84 84 98 98 98 98 
205 205 205 140 175 175 175 175 175 211 211 54 54 54 54 54 54 54 3 3 3 3 3 84 84 98 98 98 205 
205 205 205 140 140 140 175 175 175 54 54 54 54 54 54 54 54 54 3 3 3 3 3 3 204 204 204 204 205 
205 205 140 140 140 140 140 140 70 90 90 90 54 54 54 54 54 54 3 3 3 3 3 204 204 204 204 204 204 
140 140 140 140 140 140 140 70 70 90 90 90 90 90 54 54 11 11 3 3 3 3 204 204 204 204 204 204 204 
140 140 140 140 140 140 70 70 70 90 90 90 90 90 11 11 11 11 95 95 95 95 204 204 204 204 204 204 204 
94 94 140 140 140 140 70 70 70 192 192 192 192 90 11 11 11 11 95 95 95 95 204 204 204 204 204 204 204 
87 87 87 140 140 140 70 70 70 70 192 192 192 146 146 11 11 11 95 27 27 27 27 204 204 204 204 204 204 
87 87 87 87 42 88 88 88 88 88 192 192 146 146 146 146 146 146 27 27 27 27 27 219 204 204 204 204 87 
87 87 87 42 42 88 88 88 88 88 249 249 146 146 146 146 146 146 27 27 27 27 27 219 219 219 204 204 87 
87 87 42 42 42 88 88 88 88 88 249 249 249 146 146 146 146 146 146 27 27 27 219 219 219 219 245 2 87 
87 42 42 42 42 88 88 88 88 88 249 249 249 146 146 146 146 146 146 27 27 219 219 245 245 245 245 2 2 
2 2 42 42 42 88 88 88 88 88 88 249 249 146 146 146 146 146 146 173 173 139 139 139 139 139 245 2 2 
2 2 194 194 194 194 88 88 88 88 88 249 249 146 146 146 146 146 173 173 173 139 139 139 139 139 139 2 2 
2 194 194 194 194 194 194 194 88 88 222 222 222 222 146 146 146 109 173 173 173 149 139 139 139 139 139 2 2 
194 194 194 194 194 194 194 194 216 216 222 222 222 222 222 225 225 225 173 173 173 149 149 139 139 139 139 81 81 
81 194 194 194 194 194 194 216 216 216 222 222 222 222 222 225 225 225 173 173 173 149 149 149 129 129 129 81 81 
81 194 194 194 194 194 194 216 216 216 222 222 222 222 222 225 225 225 173 173 173 149 149 149 212 212 212 212 212 
81 194 194 194 194 194 216 216 216 216 222 222 222 222 222 184 232 225 173 173 173 173 149 212 212 212 212 212 212 
242 136 136 136 136 136 136 216 216 216 222 222 222 222 222 184 184 232 173 173 173 173 173 212 212 212 212 212 212 
242 242 136 136 136 136 136 216 216 216 222 222 222 222 222 184 184 184 173 173 173 173 158 212 212 212 212 212 212 
242 242 136 136 136 136 136 136 136 222 222 222 222 222 222 222 222 184 64 173 173 173 158 212 212 212 212 212 212 
242 93 136 136 136 136 136 136 136 222 222 222 222 222 222 222 222 64 64 64 64 191 191 191 191 195 195 195 242 
93 93 93 136 136 136 107 107 107 107 222 222 222 222 222 130 130 130 64 64 64 191 191 191 195 195 195 195 195 
93 93 93 93 136 107 107 107 107 107 107 222 222 130 130 130 130 130 130 130 7 191 191 195 195 195 195 195 93 
93 93 93 93 93 107 107 107 107 107 107 107 130 130 130 130 130 130 130 130 84 84 84 84 195 195 195 195 93 
93 93 93 93 107 107 107 107 107 107 107 107 130 130 130 130 130 130 130 130 84 84 84 84 84 84 84 195 93 
93 93 93 93 72 107 107 107 107 107 107 54 54 130 130 130 130 130 130 130 84 84 84 84 84 84 84 98 93 
206 93 206 72 72 72 72 107 107 107 211 54 54 54 130 130 130 130 130 3 3 84 84 84 84 84 84 98 98 
206 206 206 206 72 72 72 72 72 211 211 54 54 54 54 54 54 130 3 3 3 174 174 84 84 84 98 98 98 
206 206 206 140 72 72 72 72 72 54 54 54 54 54 54 54 54 54 3 3 3 3 3 3 84 84 98 98 206 
205 205 205 140 140 140 140 140 54 54 54 54 54 54 54 54 54 54 3 3 3 3 3 3 204 204 204 204 205 
205 205 140 140 140 140 140 140 90 90 90 90 54 54 54 54 54 54 3 3 3 3 3 204 204 204 204 204 204 
140 140 140 140 140 140 140 140 90 90 90 90 90 90 54 54 54 3 3 3 3 3 3 204 204 204 204 204 204 
140 140 140 140 140 140 140 140 70 90 90 90 90 90 90 90 11 11 3 3 3 3 204 204 204 204 204 204 204 
140 140 140 140 140 140 140 70 70 192 192 192 90 90 90 11 11 11 95 95 95 95 204 204 204 204 204 204 204 
87 140 140 140 140 140 70 70 70 192 192 192 192 146 146 146 146 11 95 27 27 27 219 204 204 204 204 204 204 
87 87 140 140 140 88 88 88 88 88 192 192 146 146 146 146 146 146 27 27 27 27 219 219 204 204 204 204 87 
87 87 87 42 42 88 88 88 88 88 88 192 146 146 146 146 146 146 146 27 27 27 219 219 219 219 204 204 87 
87 87 42 42 42 88 88 88 88 88 88 249 146 146 146 146 146 146 146 27 27 219 219 219 219 219 219 2 87 
87 42 42 42 42 88 88 88 88 88 88 249 146 146 146 146 146 146 146 146 219 219 219 219 219 219 219 2 2 
attribute "dep" string "positions"
#
# A field is created with three components: "positions", "connections",
# and "data"
object "regular positions regular connections" class field
component  "positions"    value 1
component  "connections"  value 2
component  "data"         value 3
#
end
