# object 1 are the regular positions. The grid is 29 29 29. The origin is
# at [0 0 0], and the deltas are 1 in the first and third dimensions, and
# 2 in the second dimension
#
object 1 class gridpositions counts 29 29 29
origin 0 0 0
delta  1 0 0
delta  0 1 0
delta  0 0 1
#
# object 2 are the regular connections
#
object 2 class gridconnections counts 29 29 29
#
# object 3 are the data, which are in a one-to-one correspondence with
# the positions ("dep" on positions). The positions increment in the order
# "last index varies fastest", i.e. (x0, y0, z0), (x0, y0, z1), (x0, y0, z2),
# (x0, y1, z0), etc.
#
object 3 class array type int rank 0 items 24389 data follows
84 84 84 84 84 138 102 102 102 102 102 102 102 102 207 207 207 207 207 207 207 68 28 28 175 189 189 189 189 
84 84 5 5 138 138 138 102 102 102 102 102 102 102 102 207 207 207 207 207 68 68 28 28 28 189 189 189 189 
5 5 5 5 138 138 138 102 102 102 102 102 102 102 121 121 121 207 68 68 68 68 28 28 28 189 189 189 189 
5 5 5 5 186 186 186 102 102 102 102 102 102 102 121 121 121 121 68 68 68 68 28 28 227 189 189 189 189 
5 5 5 186 186 186 186 186 102 102 102 102 102 121 121 121 121 121 177 88 88 227 227 227 227 227 111 111 111 
60 232 232 186 186 186 186 186 196 196 102 102 244 244 121 121 177 177 177 88 88 227 227 227 227 227 111 111 111 
60 232 232 186 186 186 186 196 196 196 196 244 244 244 244 177 177 177 177 177 88 227 227 227 227 227 111 111 111 
60 232 232 232 186 186 196 196 196 196 196 244 244 244 244 244 177 177 177 177 227 227 227 227 227 227 111 111 111 
60 232 232 232 232 196 196 196 196 196 196 244 244 244 244 244 177 177 177 177 227 227 227 227 227 227 227 60 60 
60 232 232 232 232 196 196 196 196 196 244 244 244 244 244 244 244 177 177 30 30 227 227 227 227 227 227 60 60 
60 232 232 232 232 196 196 196 196 196 244 244 244 244 244 244 244 30 30 30 30 30 227 227 227 227 227 60 60 
77 77 77 77 77 77 239 239 239 239 244 244 244 244 244 244 153 30 30 30 30 30 30 227 169 169 169 169 169 
77 77 77 77 77 77 239 239 239 239 239 244 244 244 244 153 153 30 30 30 30 30 30 169 169 169 169 169 94 
77 77 77 77 77 77 77 239 239 239 58 23 244 244 153 153 153 153 30 30 30 30 30 18 18 18 18 18 94 
77 77 77 77 77 77 77 239 239 58 58 23 23 23 153 153 153 153 153 30 30 30 30 18 18 18 18 18 18 
129 77 77 77 77 77 77 77 58 23 23 23 23 23 153 153 153 153 153 153 30 30 18 18 18 18 18 18 18 
129 129 77 77 77 77 77 77 58 23 23 23 23 23 23 153 153 153 153 153 153 30 18 18 18 18 18 18 129 
129 129 129 77 77 77 77 77 23 23 23 23 23 23 23 113 113 113 113 113 113 18 18 18 18 18 18 18 129 
129 129 129 129 77 77 251 251 251 23 23 23 23 23 23 113 113 113 113 113 113 18 18 228 228 228 228 228 129 
129 129 129 129 77 251 251 251 251 23 23 23 23 23 250 250 43 43 43 43 43 228 228 228 228 228 228 228 228 
233 233 233 233 251 251 251 251 251 204 204 204 253 253 250 250 250 43 43 43 43 228 228 228 228 228 228 228 228 
233 233 233 49 49 251 251 251 251 204 204 204 253 253 250 250 250 250 250 250 203 203 37 37 37 37 37 37 37 
105 105 105 49 49 251 251 251 251 204 204 204 204 253 250 250 250 250 250 205 205 202 202 75 75 75 75 75 75 
105 105 105 49 49 49 251 251 204 204 204 204 204 15 15 15 250 250 205 205 205 202 202 75 75 75 75 75 75 
105 105 105 105 105 49 24 24 204 204 204 204 204 15 15 15 15 205 205 205 205 202 202 202 75 75 75 75 105 
105 105 105 105 105 46 24 24 24 204 204 204 204 15 15 15 207 207 207 207 207 202 202 202 202 75 75 75 105 
84 84 84 84 84 46 24 24 24 204 204 204 204 15 15 207 207 207 207 207 207 202 202 202 202 175 175 175 84 
84 84 84 84 84 46 46 24 102 102 102 204 204 15 207 207 207 207 207 207 207 202 202 202 175 175 175 175 84 
84 84 84 84 84 46 102 102 102 102 102 102 102 102 207 207 207 207 207 207 207 207 202 202 175 175 189 189 84 
84 84 84 84 5 5 102 102 102 102 102 102 102 102 3 3 3 3 3 3 68 68 68 68 175 189 189 189 189 
84 5 5 5 5 5 102 102 102 102 102 102 102 102 102 3 3 3 3 68 68 68 68 68 68 189 189 189 189 
5 5 5 5 5 5 5 102 102 102 102 102 102 102 102 121 3 3 68 68 68 68 68 68 68 189 189 189 189 
5 5 5 5 5 186 186 102 102 102 102 102 102 102 121 121 121 82 68 68 68 68 68 68 68 189 189 189 189 
5 5 5 5 186 186 186 186 186 102 102 102 102 82 121 121 121 121 88 88 88 88 88 227 227 227 60 60 60 
60 232 232 186 186 186 186 186 186 186 102 102 244 244 244 121 177 177 88 88 88 88 227 227 227 227 60 60 60 
60 232 232 232 186 186 186 186 186 196 196 244 244 244 244 244 177 177 177 88 88 227 227 227 227 227 60 60 60 
60 232 232 232 232 186 186 186 196 196 244 244 244 244 244 244 177 177 177 227 227 227 227 227 227 227 60 60 60 
60 232 232 232 232 232 232 196 196 196 244 244 244 244 244 244 244 177 177 227 227 227 227 227 227 227 60 60 60 
60 232 232 232 232 232 232 196 196 196 244 244 244 244 244 244 244 177 177 30 227 227 227 227 227 227 60 60 60 
60 232 232 232 232 232 239 239 239 239 244 244 244 244 244 244 244 30 30 30 30 30 227 227 227 227 169 60 60 
12 77 77 232 77 239 239 239 239 239 239 244 244 244 244 244 244 30 30 30 30 30 225 225 169 169 169 169 169 
77 77 77 77 77 239 239 239 239 239 239 244 244 244 244 153 153 30 30 30 30 30 50 169 169 169 169 169 94 
77 77 77 77 77 77 239 239 239 239 58 58 244 244 153 153 153 153 30 30 30 30 50 169 169 169 169 169 94 
77 77 77 77 77 77 239 239 239 58 58 58 23 23 153 153 153 153 153 30 30 30 50 169 169 169 169 169 94 
129 77 77 77 77 77 77 239 58 58 23 23 23 23 153 153 153 153 153 153 30 30 18 18 18 18 18 18 18 
129 129 77 77 77 77 77 58 58 58 23 23 23 23 23 153 153 153 153 153 153 190 18 18 18 18 18 18 129 
129 129 129 77 77 77 77 58 58 23 23 23 23 23 23 113 113 113 113 113 113 190 18 18 18 18 18 18 129 
129 129 129 129 77 77 251 251 251 23 23 23 23 23 23 113 113 113 113 113 113 179 179 228 228 228 228 228 129 
233 233 233 233 233 251 251 251 251 251 23 23 23 23 23 113 113 113 113 113 113 179 179 228 228 228 228 228 233 
233 233 233 233 233 251 251 251 251 251 204 83 83 15 15 250 113 113 113 113 203 203 203 228 228 228 228 228 233 
233 233 233 233 251 251 251 251 251 204 204 204 15 15 15 15 15 250 250 205 203 203 203 203 75 228 228 228 233 
233 233 233 49 49 251 251 251 251 204 204 204 15 15 15 15 15 250 205 205 205 203 203 75 75 75 75 75 75 
105 105 105 105 46 46 251 251 204 204 204 204 15 15 15 15 15 205 205 205 205 202 202 75 75 75 75 75 75 
105 105 105 105 46 46 46 204 204 204 204 204 204 15 15 15 15 205 205 205 205 202 202 202 75 75 75 75 105 
105 105 105 105 46 46 46 212 204 204 204 204 204 15 15 15 3 205 205 205 205 202 202 202 202 75 75 75 105 
84 105 105 105 46 46 46 212 204 204 204 204 204 15 15 3 3 3 205 205 205 202 202 202 202 202 75 84 84 
84 84 84 84 46 46 46 102 102 102 102 204 204 15 15 3 3 3 3 205 205 202 202 202 202 175 175 84 84 
84 84 84 84 84 46 102 102 102 102 102 102 102 130 130 3 3 3 3 3 205 202 202 202 175 175 189 189 84 
84 84 5 5 5 5 102 102 102 102 102 102 102 102 3 3 3 3 3 3 68 68 68 68 68 189 189 189 189 
5 5 5 5 5 5 5 102 102 102 102 102 102 102 82 3 3 3 3 68 68 68 68 68 68 189 189 189 189 
5 5 5 5 5 5 5 102 102 102 102 102 102 102 82 82 82 82 68 68 68 68 68 68 68 68 98 98 98 
5 5 5 5 5 5 5 102 102 102 102 102 102 82 82 82 82 82 68 68 68 68 68 68 68 68 98 98 98 
5 5 5 5 5 186 186 186 102 102 102 102 102 82 82 82 82 82 88 88 88 88 88 88 227 227 60 60 60 
60 232 232 232 186 186 186 186 186 102 102 102 197 82 82 82 82 88 88 88 88 88 88 227 227 227 60 60 60 
60 232 232 232 232 186 186 186 186 186 244 244 244 244 244 244 177 177 88 88 88 88 227 227 227 227 60 60 60 
60 232 232 232 232 232 186 186 186 186 244 244 244 244 244 244 244 167 167 88 88 227 227 227 227 227 60 60 60 
60 232 232 232 232 232 232 232 232 196 244 244 244 244 244 244 244 167 167 227 227 227 227 227 227 227 60 60 60 
60 232 232 232 232 232 232 232 196 239 244 244 244 244 244 244 244 167 167 167 227 227 227 227 227 227 60 60 60 
60 232 232 232 232 232 239 239 239 239 244 244 244 244 244 244 244 167 167 30 30 225 225 225 225 169 169 60 60 
12 12 168 168 168 239 239 239 239 239 239 244 244 244 244 244 244 153 30 30 30 225 225 225 225 169 169 169 169 
12 168 168 168 168 239 239 239 239 239 239 61 244 244 244 244 153 153 30 30 30 50 50 50 169 169 169 94 94 
94 168 168 168 168 239 239 239 239 239 58 58 58 215 153 153 153 40 40 30 30 50 50 50 169 169 169 94 94 
94 77 77 77 77 77 239 239 239 58 58 58 58 215 153 153 153 40 40 40 30 50 50 50 169 169 169 94 94 
129 77 77 77 77 77 239 239 58 58 58 23 23 23 153 153 153 153 153 40 190 190 50 50 169 169 169 169 94 
129 129 77 77 77 77 77 58 58 58 23 23 23 23 23 153 153 153 153 153 190 190 190 18 18 18 18 18 129 
129 129 129 77 77 77 77 58 58 23 23 23 23 23 23 113 113 113 113 113 190 190 190 179 18 228 228 228 129 
233 233 233 233 77 77 251 251 58 23 23 23 23 23 23 113 113 113 113 113 113 179 179 179 228 228 228 228 233 
233 233 233 233 233 251 251 251 251 83 83 83 83 83 83 113 113 113 113 113 113 179 179 179 228 228 228 228 233 
233 233 233 233 233 251 251 251 251 83 83 83 83 15 15 15 113 113 113 113 203 203 203 179 228 228 228 228 233 
233 233 233 233 233 251 251 251 251 204 204 204 15 15 15 15 15 15 205 205 203 203 203 203 203 228 228 228 233 
233 233 233 233 46 251 251 251 251 204 204 204 15 15 15 15 15 15 205 205 205 203 203 203 75 75 75 75 75 
105 105 105 105 46 46 100 100 100 204 204 204 15 15 15 15 15 205 205 205 205 205 203 75 75 75 75 75 75 
105 105 105 105 46 46 46 212 204 204 204 204 15 15 15 15 15 205 205 205 205 205 202 202 75 75 75 75 105 
105 105 105 105 46 46 46 212 212 204 204 204 15 15 15 15 3 205 205 205 205 202 202 202 202 75 75 75 105 
105 105 105 46 46 46 46 212 212 204 204 204 15 130 15 3 3 3 205 205 205 202 202 202 202 202 75 105 105 
84 84 84 46 46 46 46 212 212 102 102 204 130 130 130 3 3 3 3 205 205 205 202 202 202 202 75 84 84 
84 84 84 84 46 46 46 102 102 102 102 102 130 130 130 3 3 3 3 3 205 68 68 202 202 175 189 189 84 
98 5 5 5 5 5 5 102 102 102 102 102 102 102 3 3 3 3 3 3 68 68 68 68 68 98 98 98 98 
98 5 5 5 5 5 5 102 102 102 102 102 102 82 82 82 82 3 3 68 68 68 68 68 68 98 98 98 98 
5 5 5 5 5 5 5 102 102 102 102 102 102 82 82 82 82 82 82 68 68 68 68 68 68 98 98 98 98 
5 5 5 5 5 5 5 102 102 102 102 102 102 82 82 82 82 82 82 68 68 68 68 68 68 98 98 98 98 
5 5 5 5 5 5 186 186 102 102 102 197 197 82 82 82 82 82 88 88 88 88 88 88 227 69 69 69 69 
60 5 232 232 232 186 186 186 186 102 197 197 197 82 82 82 82 82 88 88 88 88 88 88 227 60 60 60 60 
60 232 232 232 232 232 186 186 186 186 197 197 197 82 82 82 167 167 88 88 88 88 88 227 227 60 60 60 60 
60 232 232 232 232 232 232 186 186 186 244 244 244 244 244 151 167 167 167 88 88 88 227 227 227 60 60 60 60 
60 232 232 232 232 232 232 232 232 232 244 244 244 244 244 151 167 167 167 167 227 227 227 227 227 60 60 60 60 
60 232 232 232 232 232 232 119 119 239 244 244 244 244 244 151 167 167 167 167 227 227 227 227 227 60 60 60 60 
12 232 232 232 232 232 239 239 239 239 61 61 244 244 244 151 167 167 167 167 167 225 225 225 225 169 169 60 12 
12 12 168 168 168 239 239 239 239 239 61 61 244 244 244 151 167 167 167 30 30 225 225 225 225 169 169 12 12 
12 168 168 168 168 239 239 239 239 239 61 61 61 244 244 151 40 153 30 30 30 50 50 50 169 169 169 94 94 
94 168 168 168 168 239 239 239 239 239 61 61 61 215 215 40 40 40 40 40 190 50 50 50 169 169 169 94 94 
94 168 168 168 168 239 239 239 239 58 58 58 215 215 215 40 40 40 40 40 190 190 50 50 169 169 169 94 94 
129 77 168 168 168 77 239 239 58 58 58 58 23 215 215 40 40 40 40 40 190 190 190 50 169 169 169 169 94 
129 129 77 77 77 77 77 58 58 58 58 23 23 23 215 40 40 40 40 40 190 190 190 190 169 169 169 169 94 
233 233 233 77 77 77 154 58 58 58 23 23 23 23 40 40 113 113 40 40 190 190 190 179 179 228 228 233 233 
233 233 233 233 233 233 154 251 58 83 83 83 83 83 83 113 113 113 113 113 190 179 179 179 179 228 228 233 233 
233 233 233 233 233 233 251 251 83 83 83 83 83 83 83 15 113 113 113 113 179 179 179 179 179 228 228 233 233 
233 233 233 233 233 251 251 251 251 83 83 83 83 15 15 15 15 113 113 205 203 203 203 179 203 228 228 233 233 
233 233 233 233 233 251 251 251 251 204 204 15 15 15 15 15 15 15 205 205 205 203 203 203 203 203 228 233 233 
233 233 233 233 46 46 100 100 100 204 204 15 15 15 15 15 15 205 205 205 205 203 203 203 203 75 75 75 233 
105 105 105 46 46 46 100 100 100 204 204 15 15 15 15 15 15 205 205 205 205 205 203 203 75 75 75 75 75 
105 105 105 46 46 46 46 212 212 204 204 15 15 15 15 15 15 205 205 205 205 205 202 202 75 75 75 75 105 
105 105 105 46 46 46 46 212 212 212 204 15 15 15 15 15 3 205 205 205 205 205 202 202 202 75 75 105 105 
105 105 105 46 46 46 46 212 212 212 204 15 130 130 130 3 3 3 3 205 205 205 202 202 202 202 75 105 105 
105 105 105 46 46 46 46 212 212 212 11 15 130 130 130 3 3 3 3 205 205 205 202 202 202 234 98 98 105 
105 105 84 46 46 46 46 102 102 102 102 102 130 130 130 3 3 3 3 3 205 205 205 202 160 234 98 98 98 
98 98 5 5 5 5 5 102 102 102 102 102 11 11 3 3 3 3 3 3 68 68 68 68 98 98 98 98 98 
98 5 5 5 5 5 5 102 102 102 102 102 147 147 82 82 82 82 82 68 68 68 68 68 98 98 98 98 98 
98 5 5 5 5 5 5 5 102 102 102 102 147 82 82 82 82 82 82 68 68 68 68 68 98 98 98 98 98 
5 5 5 5 5 5 5 5 102 102 197 197 197 82 82 82 82 82 82 88 88 68 68 68 68 98 98 98 98 
5 5 5 5 5 5 5 5 102 197 197 197 197 82 82 82 82 82 82 88 88 88 88 88 88 69 69 69 69 
69 5 232 232 232 232 232 186 186 197 197 197 197 82 82 82 82 82 88 88 88 88 88 88 88 69 69 69 69 
60 232 232 232 232 232 232 232 197 197 197 197 197 82 82 82 167 167 167 88 88 88 88 88 227 60 60 60 60 
60 232 232 232 232 232 232 232 232 197 197 197 197 151 151 151 167 167 167 88 88 88 88 227 227 60 60 60 60 
60 232 232 232 232 119 119 119 119 197 197 197 244 151 151 151 167 167 167 167 167 227 227 227 227 60 60 60 60 
60 232 232 232 119 119 119 119 119 119 61 244 244 151 151 151 167 167 167 167 167 227 227 225 225 60 60 60 60 
12 232 232 232 119 119 119 119 146 61 61 61 74 151 151 151 167 167 167 167 167 225 225 225 225 169 12 12 12 
12 12 168 168 168 239 239 239 239 61 61 61 61 74 151 151 167 167 167 167 225 225 225 225 225 169 12 12 12 
12 12 168 168 168 239 239 239 239 61 61 61 61 74 74 151 167 167 167 190 243 243 50 50 169 169 169 12 12 
12 168 168 168 168 239 239 239 239 61 61 61 215 215 215 40 40 40 40 190 190 243 50 50 169 169 169 94 94 
12 168 168 168 168 239 239 239 239 61 61 61 215 215 215 40 40 40 40 190 190 190 190 50 169 169 169 94 94 
168 168 168 168 168 168 239 239 58 58 58 58 215 215 215 40 40 40 40 190 190 190 190 190 169 169 169 169 94 
233 233 77 77 77 154 154 58 58 58 58 58 215 215 215 40 40 40 40 190 190 190 190 190 169 169 169 169 233 
233 233 233 233 154 154 154 154 58 58 58 83 83 215 215 40 40 40 40 243 243 243 190 190 179 169 169 233 233 
233 233 233 233 154 154 154 154 58 83 83 83 83 39 39 40 40 40 40 243 243 243 179 179 179 179 228 233 233 
233 233 233 233 233 154 154 154 83 83 83 83 83 83 83 39 39 40 40 243 243 179 179 179 179 179 228 233 233 
233 233 233 233 233 154 251 251 251 83 83 83 83 15 15 15 15 15 192 192 192 203 203 203 203 203 228 233 233 
233 233 233 233 233 251 251 251 251 204 15 15 15 15 15 15 15 15 192 192 192 203 203 203 203 203 203 233 233 
233 233 233 233 46 46 100 100 100 204 15 15 15 15 15 15 15 205 205 205 205 203 203 203 203 203 75 75 233 
105 233 199 46 46 46 100 100 100 204 15 15 15 15 15 15 15 205 205 205 205 205 203 203 203 75 75 75 233 
105 105 105 46 46 46 46 212 212 204 15 15 15 15 15 15 15 205 205 205 205 205 205 205 75 75 75 75 105 
105 105 105 46 46 46 46 212 212 212 11 15 15 15 15 15 3 3 205 205 205 205 205 205 205 75 75 105 105 
105 105 105 46 46 46 46 212 212 212 11 11 130 130 130 3 3 3 3 205 205 205 205 202 234 234 234 234 105 
105 105 142 46 46 46 46 212 212 11 11 11 130 130 130 3 3 3 3 205 205 205 205 160 234 234 234 98 98 
98 98 142 142 46 46 46 212 102 11 11 11 130 130 130 3 3 3 3 3 205 205 160 160 160 234 98 98 98 
98 98 5 142 142 142 90 90 11 11 11 11 11 11 52 3 3 3 3 3 68 68 68 160 98 98 98 98 98 
98 98 5 5 5 5 90 90 90 147 147 147 147 147 52 82 82 82 87 87 68 68 68 68 98 98 98 98 98 
98 5 5 5 5 5 90 90 90 147 147 147 147 82 82 82 82 82 87 87 68 68 68 68 98 98 98 98 98 
98 5 5 5 5 5 90 90 90 90 197 197 197 82 82 82 82 82 87 87 88 88 88 68 98 98 98 98 98 
69 5 5 5 5 5 90 90 90 197 197 197 197 82 82 82 82 82 87 88 88 88 88 88 69 69 69 69 69 
69 5 5 232 232 232 232 90 197 197 197 197 197 197 82 82 82 82 88 88 88 88 88 88 88 69 69 69 69 
69 232 232 232 232 232 232 232 197 197 197 197 197 197 197 82 82 167 167 88 88 88 88 88 69 69 69 69 69 
60 232 232 232 232 232 232 232 197 197 197 197 197 197 151 151 167 167 167 240 88 88 88 227 227 60 60 60 60 
60 232 232 232 119 119 119 119 146 197 197 197 151 151 151 151 167 167 167 240 240 240 227 227 60 60 60 60 60 
60 232 232 232 119 119 119 119 146 146 61 74 74 151 151 151 167 167 167 240 240 240 227 225 225 60 60 60 60 
12 232 232 232 119 119 119 146 146 146 61 74 74 151 151 151 167 167 167 240 240 240 225 225 225 78 78 12 12 
12 12 12 168 146 146 146 146 61 61 61 61 74 74 151 151 167 167 167 240 240 225 225 225 169 78 78 12 12 
12 12 168 168 168 146 146 239 61 61 61 61 74 74 74 151 167 167 167 240 243 243 243 169 169 169 12 12 12 
12 168 168 168 168 239 239 239 61 61 61 61 215 215 215 215 40 40 190 190 190 243 243 169 169 169 169 12 12 
12 168 168 168 168 239 239 239 61 61 61 61 215 215 215 215 40 40 190 190 190 243 243 190 169 169 169 12 12 
12 168 168 168 168 154 154 239 61 61 61 215 215 215 215 215 40 40 190 190 190 190 190 190 169 169 169 169 12 
233 233 154 154 154 154 154 154 58 58 58 215 215 215 215 215 40 40 40 190 243 243 190 190 190 169 169 169 233 
233 233 233 154 154 154 154 154 58 58 58 39 39 215 39 39 40 40 40 243 243 243 190 190 190 118 118 118 233 
233 233 233 154 154 154 154 154 154 83 83 39 39 39 39 39 39 40 40 243 243 243 243 179 179 118 118 118 233 
233 233 233 233 154 154 154 154 154 83 83 83 39 39 39 39 39 39 192 192 243 243 179 179 179 118 118 118 118 
233 233 233 233 154 154 154 154 246 246 83 83 39 39 39 39 39 192 192 192 192 192 203 203 203 118 118 118 233 
233 233 233 233 233 154 154 246 246 246 246 15 15 15 15 15 15 192 192 192 192 192 203 203 203 203 118 118 233 
233 233 233 199 199 46 100 100 246 246 246 15 15 15 15 15 15 192 192 192 192 192 192 203 203 203 118 118 233 
213 213 199 199 199 46 46 100 246 246 246 15 15 15 15 15 15 192 192 192 192 192 192 203 203 75 75 213 213 
213 213 199 199 199 46 46 217 246 246 246 15 15 15 15 15 15 192 192 192 192 205 205 160 160 234 234 213 213 
213 213 199 199 199 46 46 217 212 246 11 11 15 15 15 15 3 3 205 205 205 205 205 160 160 234 234 234 213 
213 213 199 199 199 46 46 217 212 11 11 11 11 11 11 3 3 3 3 205 205 205 160 160 234 234 234 234 213 
213 142 142 142 142 142 46 217 11 11 11 11 11 11 11 3 3 3 3 3 205 205 160 160 234 234 234 98 98 
98 142 142 142 142 142 46 217 11 11 11 11 11 11 11 3 3 3 3 3 205 160 160 160 160 234 98 98 98 
98 98 142 142 142 142 90 90 11 11 147 147 147 11 52 52 52 52 87 87 160 160 160 160 160 98 98 98 98 
98 98 5 5 5 90 90 90 90 147 147 147 147 147 52 52 52 52 87 87 87 160 160 160 98 98 98 98 98 
98 5 5 5 5 90 90 90 90 147 147 147 147 52 52 52 52 87 87 87 87 87 160 7 98 98 98 98 98 
98 5 5 5 5 90 90 90 90 90 197 197 197 82 82 82 52 87 87 87 87 88 88 7 7 98 98 98 98 
69 5 5 5 5 90 90 90 90 197 197 197 197 197 82 52 52 87 87 87 88 88 88 7 7 69 69 69 69 
69 69 5 232 232 90 90 90 197 197 197 197 197 197 52 52 52 87 87 88 88 88 88 88 7 69 69 69 69 
69 232 232 232 232 232 183 90 197 197 197 197 197 197 197 52 52 167 240 240 88 88 88 88 69 69 69 69 69 
69 232 232 232 232 232 119 146 197 197 197 197 197 197 151 151 167 167 240 240 240 240 240 72 72 60 60 69 69 
60 232 232 232 119 119 119 146 146 197 197 197 197 74 151 151 167 167 240 240 240 240 240 72 72 60 60 60 60 
12 232 232 119 119 119 119 146 146 146 74 74 74 74 151 151 167 167 240 240 240 240 240 72 78 78 78 78 78 
12 12 123 123 119 119 146 146 146 146 74 74 74 74 151 151 167 167 240 240 240 240 240 86 78 78 78 78 78 
12 12 123 123 146 146 146 146 146 61 61 74 74 74 74 74 167 167 240 240 240 240 86 86 78 78 78 78 12 
12 12 168 123 146 146 146 146 61 61 61 61 74 74 74 74 74 167 240 190 190 243 86 86 86 78 78 78 12 
12 12 168 168 146 146 146 146 61 61 61 61 74 74 74 74 136 136 136 190 190 243 243 86 86 78 78 12 12 
12 168 168 168 154 146 146 61 61 61 61 61 215 215 215 215 136 136 190 190 190 190 190 190 86 169 169 12 12 
12 168 154 154 154 154 154 154 61 61 61 215 215 215 215 215 40 40 190 190 190 190 190 190 190 169 169 12 12 
233 154 154 154 154 154 154 154 154 154 61 215 215 215 215 215 40 40 40 190 190 190 190 190 190 169 193 193 118 
233 233 154 154 154 154 154 154 154 154 39 39 39 39 39 39 39 40 243 243 243 243 190 190 190 118 118 118 118 
118 233 154 154 154 154 154 154 154 154 39 39 39 39 39 39 39 39 243 243 243 243 243 190 118 118 118 118 118 
118 233 233 154 154 154 154 154 154 39 39 39 39 39 39 39 39 39 192 192 192 243 135 179 135 118 118 118 118 
118 233 233 154 154 154 154 154 246 246 39 39 39 39 39 39 39 192 192 192 192 135 135 203 135 118 118 118 118 
118 233 233 233 154 154 154 246 246 246 246 39 39 39 39 39 39 192 192 192 192 192 192 203 135 118 118 118 118 
157 157 157 199 199 199 246 246 246 246 246 246 15 15 15 15 192 192 192 192 192 192 192 135 135 135 118 118 118 
213 213 199 199 199 199 217 246 246 246 246 246 15 15 15 15 192 192 192 192 192 192 192 192 135 135 118 213 213 
213 213 199 199 199 199 217 217 246 246 246 246 15 15 15 15 230 192 192 192 192 192 192 160 160 234 234 213 213 
213 213 199 199 199 199 217 217 217 246 11 11 11 11 15 230 230 230 192 192 192 192 160 160 160 234 234 234 213 
213 213 199 199 199 199 217 217 217 11 11 11 11 11 11 230 230 230 230 192 192 160 160 160 234 234 234 234 213 
213 142 142 142 142 142 217 217 11 11 11 11 11 11 11 230 230 230 230 192 205 160 160 160 234 234 234 234 98 
98 142 142 142 142 142 142 217 11 11 11 11 11 11 11 3 230 230 3 3 160 160 160 160 160 234 234 98 98 
98 142 142 142 142 142 90 90 90 11 147 147 147 11 52 52 52 52 87 87 160 160 160 160 160 234 98 98 98 
98 98 142 142 142 90 90 90 90 147 147 147 147 147 52 52 52 52 87 87 87 160 160 160 98 98 98 98 98 
98 5 5 5 5 90 90 90 90 147 147 147 147 52 52 52 52 87 87 87 87 87 7 7 7 98 98 98 98 
98 5 5 5 5 90 90 90 90 90 197 197 197 52 52 52 52 87 87 87 87 87 7 7 7 7 98 98 98 
69 5 5 5 183 183 90 90 90 197 197 197 197 197 52 52 52 87 87 87 87 87 7 7 7 7 69 69 69 
69 69 5 183 183 183 183 90 197 197 197 197 197 197 52 52 52 87 87 87 87 88 7 7 7 7 69 69 69 
69 232 232 232 183 183 183 183 197 197 197 197 197 197 197 52 52 87 240 240 240 240 240 7 7 7 69 69 69 
69 232 232 232 232 183 183 146 197 197 197 197 197 197 197 151 167 240 240 240 240 240 240 72 72 72 69 69 69 
60 232 232 232 119 119 146 146 146 197 197 197 74 74 74 151 167 240 240 240 240 240 72 72 72 72 60 60 78 
12 123 123 123 123 146 146 146 146 146 74 74 74 74 74 151 167 240 240 240 240 240 240 72 72 78 78 78 78 
12 123 123 123 123 146 146 146 146 146 74 74 74 74 74 74 167 240 240 240 240 240 86 86 86 78 78 78 78 
78 123 123 123 146 146 146 146 146 146 74 74 74 74 74 74 167 240 240 240 240 240 86 86 86 78 78 78 78 
78 123 123 123 146 146 146 146 146 146 61 74 74 74 74 74 136 136 136 240 190 86 86 86 86 78 78 78 78 
12 123 123 146 146 146 146 146 146 61 61 74 74 74 74 74 136 136 136 190 190 190 86 86 86 86 78 78 78 
12 123 123 154 154 146 146 146 61 61 61 74 74 74 74 74 136 136 136 190 190 190 86 86 86 86 86 86 78 
201 154 154 154 154 154 154 154 61 61 61 215 215 215 215 215 136 136 190 190 190 190 190 86 86 86 86 193 193 
193 154 154 154 154 154 154 154 154 154 61 39 39 39 39 39 39 136 190 190 190 190 190 190 86 193 193 193 193 
193 154 154 154 154 154 154 154 154 154 39 39 39 39 39 39 39 39 108 190 190 190 190 190 190 118 118 118 118 
118 118 173 173 154 154 154 154 154 154 39 39 39 39 39 39 39 39 108 108 190 190 190 135 135 118 118 118 118 
118 118 173 173 173 154 154 154 154 39 39 39 39 39 39 39 39 39 192 192 192 135 135 135 135 118 118 118 118 
118 118 173 173 173 173 154 154 246 246 39 39 39 39 39 39 39 192 192 192 192 135 135 135 135 118 118 118 118 
157 157 157 173 173 173 154 246 246 246 246 39 39 39 39 39 39 192 192 192 192 192 135 135 135 135 118 118 118 
157 157 157 157 199 199 217 246 246 246 246 246 39 39 39 230 230 192 192 192 192 192 135 135 135 135 135 118 118 
213 213 199 199 199 199 217 246 246 246 246 246 15 15 15 230 230 192 192 192 192 192 135 135 135 135 135 157 157 
213 213 199 199 199 199 217 217 246 246 246 246 11 15 14 230 230 230 192 192 192 192 192 135 135 234 234 213 213 
213 213 199 199 199 199 217 217 217 246 11 11 11 11 14 230 230 230 230 192 192 192 160 160 160 234 234 234 213 
213 213 199 199 199 199 217 217 217 11 11 11 11 11 11 230 230 230 230 230 192 160 160 160 160 234 234 234 213 
213 142 142 142 142 142 217 217 11 11 11 11 11 11 11 230 230 230 230 230 230 160 160 160 234 234 234 234 234 
213 142 142 142 142 142 142 217 11 11 11 11 11 11 11 230 230 230 230 230 160 160 160 160 234 234 234 98 98 
98 142 142 142 142 142 90 90 97 11 147 147 147 11 11 52 52 230 230 87 160 160 160 160 234 234 234 234 98 
98 98 142 142 142 90 90 90 90 147 147 147 147 147 52 52 52 52 87 87 87 160 160 160 234 234 234 98 98 
98 98 142 183 183 90 90 90 90 147 147 147 147 52 52 52 52 87 87 87 87 185 7 7 7 7 7 98 98 
98 5 5 183 183 183 90 90 90 90 197 197 197 52 52 52 52 87 87 87 87 185 7 7 7 7 7 7 98 
69 183 183 183 183 183 183 90 90 197 197 197 197 197 52 52 52 87 87 87 185 185 7 7 7 7 7 7 69 
69 183 183 183 183 183 183 89 89 197 197 197 197 197 52 52 52 87 87 87 185 185 7 7 7 7 7 7 69 
69 183 183 183 183 183 183 89 89 197 197 197 197 197 47 47 47 47 240 240 240 240 72 72 7 7 7 69 69 
69 232 232 183 183 183 183 89 89 197 197 197 197 197 47 47 47 240 240 240 240 240 72 72 72 72 72 72 69 
123 123 123 123 183 146 146 146 146 146 197 74 74 74 47 47 47 240 240 240 240 240 72 72 72 72 72 72 78 
123 123 123 123 123 146 146 146 146 146 74 74 74 74 74 74 110 240 240 240 240 240 72 72 72 72 78 78 78 
123 123 123 123 123 146 146 146 146 146 74 74 74 74 74 74 110 240 240 240 240 240 86 86 72 78 78 78 78 
123 123 123 123 123 146 146 146 146 146 74 74 74 74 74 74 110 136 240 240 240 86 86 86 86 86 78 78 78 
123 123 123 123 123 146 146 146 146 146 74 74 74 74 74 74 136 136 136 136 240 86 86 86 86 86 78 78 78 
123 123 123 123 146 146 146 146 146 146 74 74 74 74 74 74 136 136 136 136 190 86 86 86 86 86 86 78 78 
201 123 123 123 146 146 146 146 146 146 74 74 74 74 74 74 136 136 136 136 190 86 86 86 86 86 86 86 78 
201 201 154 154 154 154 154 154 154 61 208 74 74 74 74 74 136 136 136 108 190 190 86 86 86 86 193 193 193 
193 201 154 154 154 154 154 154 154 154 208 39 39 39 39 39 136 136 108 108 108 190 190 86 86 193 193 193 193 
193 193 173 173 173 154 154 154 154 154 39 39 39 39 39 39 39 108 108 108 108 190 190 86 86 193 193 193 193 
118 118 173 173 173 173 154 154 154 154 39 39 39 39 39 39 39 108 108 108 108 108 135 135 135 118 118 118 118 
118 118 173 173 173 173 173 154 154 116 39 39 39 39 39 39 39 39 108 108 108 135 135 135 135 118 118 118 118 
118 118 173 173 173 173 173 173 246 65 65 39 39 39 39 39 39 192 192 192 192 135 135 135 135 135 118 118 118 
157 157 157 157 173 173 173 246 246 246 246 65 39 39 39 39 39 192 192 192 192 135 135 135 135 135 118 118 118 
157 157 157 157 157 245 245 246 246 246 246 246 65 39 39 230 230 192 192 192 192 135 135 135 135 135 135 118 157 
157 157 157 199 199 199 217 246 246 246 246 246 65 39 230 230 230 230 192 192 192 192 135 135 135 135 135 157 157 
213 213 199 199 199 199 217 217 246 246 246 246 11 14 14 14 230 230 230 192 192 192 135 135 135 135 234 213 213 
213 213 199 199 199 199 217 217 217 246 11 11 11 11 14 14 230 230 230 230 192 192 160 160 160 234 234 234 213 
213 213 199 199 199 199 217 217 217 11 11 11 11 11 14 14 230 230 230 230 230 160 160 160 160 234 234 234 213 
213 142 142 142 142 142 217 217 11 11 11 11 11 11 230 230 230 230 230 230 230 160 160 160 234 234 234 234 234 
213 142 142 142 142 142 142 217 11 11 11 11 11 11 11 230 230 230 230 230 230 160 160 160 234 234 234 234 234 
98 142 142 142 142 142 97 97 97 97 11 11 11 11 11 52 230 230 230 230 56 56 56 56 56 234 234 234 98 
98 98 142 142 142 90 90 90 97 147 147 147 147 147 52 52 8 8 8 8 56 56 56 56 56 56 234 98 98 
98 187 187 183 183 90 90 90 90 147 147 147 147 52 52 52 8 8 8 8 185 185 56 56 7 7 7 7 98 
98 183 183 183 183 183 183 90 90 90 197 197 197 52 52 52 8 8 8 8 185 185 185 7 7 7 7 7 7 
69 183 183 183 183 183 183 89 89 89 197 197 197 197 52 52 8 8 8 8 185 185 185 7 7 7 7 7 7 
69 183 183 183 183 183 183 89 89 89 197 197 197 197 133 133 133 8 8 8 185 185 185 7 7 7 7 7 7 
69 183 183 183 183 183 183 89 89 89 197 197 197 47 47 47 47 47 47 240 240 185 72 72 7 7 7 7 69 
69 183 183 183 183 183 183 89 89 89 197 197 197 47 47 47 47 47 240 240 240 72 72 72 72 72 72 72 72 
123 123 123 123 183 183 146 146 146 89 197 197 74 47 47 47 47 47 240 240 240 72 72 72 72 72 72 72 72 
123 123 123 123 123 146 146 146 146 146 74 74 74 74 74 110 110 110 240 240 240 72 72 72 72 72 72 72 78 
123 123 123 123 123 146 146 146 146 146 74 74 74 74 74 110 110 110 231 231 231 231 72 72 72 72 72 78 78 
123 123 123 123 123 146 146 146 146 146 74 74 74 74 74 110 110 110 231 231 231 86 86 86 86 86 78 78 78 
123 123 123 123 123 146 146 146 146 146 208 74 74 74 74 110 136 136 136 231 231 86 86 86 86 86 86 78 78 
123 123 123 123 146 146 146 146 146 208 208 208 74 74 74 110 136 136 136 136 86 86 86 86 86 86 86 86 78 
201 201 210 210 210 146 146 146 146 208 208 208 208 74 74 136 136 136 136 136 86 86 86 86 86 86 86 86 193 
201 201 210 210 210 154 154 154 154 208 208 208 208 208 74 136 136 136 136 108 108 86 86 86 86 86 193 193 193 
193 201 210 210 154 154 154 154 154 208 208 208 208 39 137 137 136 108 108 108 108 108 86 86 86 193 193 193 193 
193 201 173 173 173 173 154 154 154 116 116 116 39 39 39 137 137 108 108 108 108 108 108 86 135 193 193 193 193 
193 193 173 173 173 173 173 154 154 116 116 116 39 39 39 39 39 108 108 108 108 108 135 135 135 193 193 193 193 
193 173 173 173 173 173 173 173 173 116 116 116 39 39 39 39 39 108 108 108 108 135 135 135 135 135 118 118 118 
118 157 173 173 173 173 173 173 65 65 65 65 65 39 39 39 39 127 127 127 135 135 135 135 135 135 135 118 118 
157 157 157 157 173 173 245 65 65 65 65 65 65 65 39 39 230 230 192 192 135 135 135 135 135 135 135 118 157 
157 157 157 157 245 245 245 246 246 246 65 65 65 65 65 230 230 230 192 192 192 135 135 135 135 135 135 135 157 
157 157 157 157 245 245 245 246 246 246 246 65 65 65 14 230 230 230 230 192 192 135 135 135 135 135 135 157 157 
157 157 157 199 199 245 245 217 246 246 246 246 65 14 14 14 230 230 230 230 192 192 135 135 135 135 135 157 157 
209 209 209 199 199 199 217 217 97 97 11 11 11 14 14 14 230 158 230 230 230 192 160 160 160 234 234 209 209 
209 209 209 199 199 199 217 97 97 97 11 11 11 11 14 14 230 230 230 230 230 160 160 160 160 234 234 234 209 
209 209 142 142 142 142 97 97 97 97 11 11 11 11 230 230 230 230 230 230 230 160 160 160 234 234 234 234 209 
209 209 142 142 142 142 97 97 97 97 11 11 11 11 11 230 230 230 230 230 230 160 160 160 234 234 234 234 234 
98 142 142 187 142 97 97 97 97 97 97 97 97 97 32 32 32 230 8 8 56 56 56 56 56 56 56 56 98 
98 187 187 187 187 183 89 97 97 97 97 97 147 147 52 8 8 8 8 8 56 56 56 56 56 56 56 56 56 
238 187 187 187 187 183 89 89 89 89 147 147 147 133 52 8 8 8 8 8 185 185 56 56 56 56 56 56 56 
187 187 187 183 183 183 89 89 89 89 89 197 197 133 133 8 8 8 8 8 185 185 185 7 7 7 7 7 7 
187 187 187 183 183 183 89 89 89 89 89 197 197 133 133 133 8 8 8 8 185 185 185 185 7 7 7 7 7 
183 183 183 183 183 183 89 89 89 89 89 197 197 133 133 133 133 133 8 8 185 185 185 185 7 7 7 7 7 
42 183 183 183 183 183 89 89 89 89 89 197 47 47 47 47 47 47 47 47 185 185 72 72 72 72 72 72 72 
42 183 183 183 183 183 89 89 89 89 89 197 47 47 47 47 47 47 47 47 72 72 72 72 72 72 72 72 72 
123 123 123 149 183 183 89 89 89 89 229 229 47 47 47 47 47 47 47 47 72 72 72 72 72 72 72 72 72 
123 123 123 123 123 146 146 146 146 146 229 229 74 110 110 110 110 110 231 231 231 72 72 72 72 72 72 72 72 
123 123 123 123 123 123 146 146 146 146 229 229 229 74 110 110 110 110 231 231 231 231 72 72 72 72 72 72 72 
123 123 123 123 123 123 146 146 146 35 229 229 74 74 110 110 110 110 231 231 231 231 86 86 86 86 86 78 78 
123 123 123 123 123 146 146 146 146 208 208 208 208 74 110 110 110 136 231 231 231 86 86 86 86 86 86 86 86 
201 123 123 123 123 146 146 146 146 208 208 208 208 74 110 110 136 136 136 231 231 86 86 86 86 86 86 86 201 
201 201 210 210 210 210 146 146 146 208 208 208 208 208 110 110 136 136 136 136 231 86 86 86 86 86 86 20 201 
201 201 210 210 210 210 154 146 62 208 208 208 208 208 208 137 136 108 108 108 108 108 86 86 86 86 20 20 20 
201 201 210 210 210 154 154 154 62 208 208 208 208 208 137 137 137 108 108 108 108 108 108 86 86 20 20 20 20 
20 201 210 173 173 173 173 173 62 116 116 116 116 116 137 137 137 108 108 108 108 108 108 108 20 20 20 20 20 
20 20 173 173 173 173 173 173 116 116 116 116 116 116 137 137 137 108 108 108 108 108 135 135 135 20 20 20 20 
20 173 173 173 173 173 173 173 116 116 116 116 116 116 39 39 137 108 108 108 108 135 135 135 135 135 20 20 20 
157 157 173 173 173 173 173 173 65 65 65 65 65 65 65 65 181 127 127 127 127 135 135 135 135 135 195 195 195 
157 157 157 245 245 245 245 245 65 65 65 65 65 65 65 65 181 127 127 127 127 135 135 135 135 135 195 195 195 
157 157 157 245 245 245 245 245 65 65 65 65 65 65 65 230 230 230 127 127 127 135 135 135 135 135 135 195 157 
157 157 157 157 245 245 245 245 65 65 65 65 65 65 230 230 230 230 230 230 230 135 135 135 135 135 135 157 157 
209 209 209 209 245 245 245 245 245 65 65 65 65 14 14 14 230 230 230 230 230 230 135 135 135 135 209 209 209 
209 209 209 209 209 245 245 97 97 97 97 97 11 14 14 14 230 230 230 230 230 230 63 135 63 63 209 209 209 
209 209 209 209 209 245 97 97 97 97 97 97 11 14 14 14 230 230 230 230 230 230 160 63 160 234 234 209 209 
209 209 209 209 209 142 97 97 97 97 97 97 11 11 230 230 230 230 230 230 230 230 63 63 63 234 234 209 209 
209 209 209 209 142 142 97 97 97 97 97 97 11 11 230 230 230 230 230 230 230 63 160 63 234 234 234 234 209 
238 238 187 187 187 48 48 97 97 97 97 97 97 32 32 32 32 32 8 8 56 56 56 56 56 56 56 56 238 
238 187 187 187 187 187 89 97 97 97 97 97 97 133 32 8 8 8 8 8 148 56 56 56 56 56 56 56 238 
238 187 187 187 187 187 89 89 89 89 89 97 133 133 133 8 8 8 8 8 148 185 56 56 56 56 56 36 238 
187 187 187 187 187 89 89 89 89 89 89 89 133 133 133 133 8 8 8 8 185 185 185 185 56 36 36 36 36 
187 187 187 187 89 89 89 89 89 89 89 89 133 133 133 133 133 8 8 8 185 185 185 185 36 36 36 36 36 
42 187 187 187 183 89 89 89 89 89 89 89 197 133 133 133 133 133 8 8 185 185 185 185 36 36 36 36 36 
42 42 187 183 183 89 89 89 89 89 89 89 47 47 47 47 47 47 47 47 185 185 185 72 72 72 36 36 36 
42 42 149 149 183 89 89 89 89 89 89 47 47 47 47 47 47 47 47 51 51 51 72 72 72 72 72 72 72 
42 42 149 149 149 149 149 89 89 89 35 229 47 47 47 47 47 47 47 51 51 72 72 72 72 72 72 72 72 
123 123 123 149 149 149 149 149 35 35 229 229 229 110 110 110 110 110 231 231 231 72 72 72 72 72 72 72 72 
123 123 123 123 149 149 149 35 35 35 229 229 229 110 110 110 110 110 231 231 231 231 72 72 72 72 72 72 72 
123 123 123 123 123 123 146 35 35 35 229 229 229 110 110 110 110 110 231 231 231 231 72 72 72 72 72 72 72 
123 123 123 123 123 146 146 35 35 35 208 208 208 110 110 110 110 110 231 231 231 231 86 86 86 86 86 86 201 
201 201 210 210 210 146 146 62 35 208 208 208 208 208 110 110 110 110 231 231 231 231 86 86 86 86 86 86 201 
201 201 210 210 210 210 62 62 62 208 208 208 208 208 110 110 110 110 108 108 108 86 86 86 86 86 20 20 201 
201 201 210 210 210 210 62 62 62 208 208 208 208 208 137 137 137 108 108 108 108 108 86 86 86 20 20 20 20 
201 201 210 210 210 210 62 62 62 62 208 208 208 137 137 137 137 108 108 108 108 108 108 29 20 20 20 20 20 
20 201 210 210 210 173 173 62 62 116 116 116 116 137 137 137 137 108 108 108 108 108 108 29 20 20 20 20 20 
20 20 173 173 173 173 173 173 116 116 116 116 116 116 137 137 137 108 108 108 108 108 108 29 135 20 20 20 20 
20 20 173 173 173 173 173 173 116 116 116 116 116 116 116 181 181 108 108 108 108 108 135 135 135 195 195 20 20 
20 20 173 173 218 218 218 218 65 65 65 65 65 65 65 181 181 127 127 127 127 127 135 135 135 195 195 195 195 
157 157 157 218 218 218 218 218 65 65 65 65 65 65 65 181 181 127 127 127 127 127 135 135 135 195 195 195 195 
157 157 209 245 245 245 245 245 65 65 65 65 65 65 65 230 230 127 127 127 127 127 143 143 143 195 195 195 195 
209 209 209 245 245 245 245 245 65 65 65 65 65 65 65 230 230 230 230 127 127 127 143 143 143 143 195 209 209 
209 209 209 209 245 245 245 245 65 65 65 65 65 65 14 230 230 230 230 230 230 230 143 143 143 143 209 209 209 
209 209 209 209 245 245 245 97 97 97 97 97 97 32 14 230 230 230 230 230 230 63 63 63 63 63 209 209 209 
209 209 209 209 209 209 97 97 97 97 97 97 97 32 32 32 230 230 230 230 230 63 63 63 63 63 63 209 209 
209 209 209 209 209 48 97 97 97 97 97 97 97 32 32 32 32 230 230 230 230 63 63 63 63 63 63 209 209 
209 209 209 209 209 48 97 97 97 97 97 97 97 32 32 32 32 230 230 230 63 63 63 63 63 63 63 209 209 
238 238 238 238 187 48 48 48 97 97 97 97 97 32 32 32 32 32 32 8 148 56 56 56 56 56 56 238 238 
238 187 187 187 187 187 191 191 191 97 97 97 97 32 32 8 8 8 8 8 148 148 56 56 56 56 56 238 238 
238 187 187 187 187 187 191 191 191 191 191 97 133 133 133 8 8 8 8 8 148 148 148 56 56 56 56 36 238 
187 187 187 187 187 89 191 191 191 89 89 89 133 133 133 133 8 8 8 8 148 148 148 185 36 36 36 36 36 
187 187 187 187 187 89 89 89 89 89 89 89 133 133 133 133 133 8 8 8 148 185 185 185 36 36 36 36 36 
42 187 187 187 187 89 89 89 89 89 89 89 47 133 133 133 133 133 8 8 185 185 185 185 36 36 36 36 36 
42 42 187 187 89 89 89 89 89 89 89 89 47 47 47 47 47 47 47 51 51 51 51 72 72 36 36 36 36 
42 42 42 149 149 149 89 89 89 89 89 47 47 47 47 47 47 47 47 51 51 51 51 72 72 72 72 36 42 
42 42 42 149 149 149 149 149 89 35 35 35 47 47 47 47 47 47 47 51 51 51 72 72 72 72 72 72 42 
170 42 149 149 149 149 149 149 35 35 35 35 162 110 110 110 110 110 231 231 231 72 72 72 72 72 72 72 72 
170 170 123 149 149 149 149 35 35 35 35 229 162 162 110 110 110 110 231 231 231 231 72 72 72 72 72 72 170 
170 123 123 149 172 172 172 35 35 35 35 229 229 110 110 110 110 110 231 231 231 231 72 72 72 72 72 72 170 
170 123 123 123 172 172 172 35 35 35 35 208 208 110 110 110 110 110 231 231 231 231 231 72 72 72 99 99 170 
201 201 210 210 210 172 62 62 35 35 208 208 208 208 110 110 110 110 231 231 231 231 86 86 86 99 99 99 201 
201 201 210 210 210 62 62 62 62 208 208 208 208 208 110 110 110 110 216 216 216 21 86 86 86 99 99 99 201 
201 201 210 210 210 62 62 62 62 62 208 208 208 208 208 137 19 216 216 216 216 216 29 29 29 99 20 20 20 
201 201 210 210 210 62 62 62 62 62 62 208 208 208 137 137 19 19 216 216 216 216 29 29 29 20 20 20 20 
20 201 210 210 210 62 62 62 62 116 116 116 116 116 137 137 19 19 216 216 216 216 29 29 29 20 20 20 20 
20 20 210 210 210 173 62 62 62 116 116 116 116 116 137 137 137 19 216 108 108 216 29 29 29 20 20 20 20 
20 20 218 218 218 218 218 218 116 116 116 116 116 116 181 181 181 181 216 216 216 216 29 29 29 195 195 195 20 
20 209 218 218 218 218 218 218 65 65 65 65 65 65 181 181 181 181 127 127 127 127 143 143 143 195 195 195 195 
209 209 209 218 218 218 218 218 65 65 65 65 65 65 65 181 181 181 127 127 127 127 143 143 143 195 195 195 195 
209 209 209 218 218 218 218 218 65 65 65 65 65 65 65 65 181 127 127 127 127 143 143 143 143 143 195 195 195 
209 209 209 245 245 245 245 245 65 65 65 65 65 65 65 152 152 152 152 127 127 143 143 143 143 143 143 195 209 
209 209 209 209 245 245 245 245 245 65 65 65 65 65 14 152 152 152 152 152 152 143 143 143 143 143 143 209 209 
209 209 209 209 245 245 245 48 97 97 97 97 97 32 32 32 152 152 152 152 152 63 63 63 63 63 63 209 209 
209 209 209 209 209 48 48 48 97 97 97 97 97 32 32 32 32 152 152 152 152 63 63 63 63 63 63 209 209 
209 209 209 209 209 48 48 48 97 97 97 97 97 32 32 32 32 32 152 152 63 63 63 63 63 63 63 209 209 
209 209 209 209 48 48 48 48 97 97 97 97 97 32 32 32 32 32 32 32 63 63 63 63 63 63 63 209 209 
238 238 238 238 238 48 48 48 48 97 97 97 32 32 32 32 32 32 32 148 148 63 63 63 63 63 63 238 238 
238 238 238 187 187 187 191 191 191 191 97 97 32 32 32 32 8 8 8 148 148 148 148 56 56 56 56 238 238 
238 238 187 187 187 187 191 191 191 191 191 191 13 133 133 8 8 8 8 148 148 148 148 148 56 56 36 36 238 
238 187 187 187 187 187 191 191 191 191 191 191 133 133 133 133 8 8 8 148 148 148 148 148 36 36 36 36 36 
187 187 187 187 187 236 236 236 236 236 236 236 133 133 133 133 8 8 8 148 148 148 148 148 36 36 36 36 36 
42 42 187 187 187 236 236 236 236 236 236 236 47 133 133 133 67 67 67 67 148 51 185 185 36 36 36 36 36 
42 42 42 200 187 236 236 236 236 236 236 236 47 47 47 47 47 67 67 51 51 51 51 51 36 36 36 36 36 
42 42 42 200 149 149 149 236 236 236 236 47 47 47 47 47 47 47 47 51 51 51 51 51 72 72 36 36 42 
42 42 42 149 149 149 149 149 35 35 35 35 162 47 47 47 47 47 47 51 51 51 51 72 72 72 72 72 42 
170 42 149 149 149 149 149 149 35 35 35 35 162 162 162 110 110 110 231 231 51 51 72 9 72 72 72 72 170 
170 170 170 149 149 149 149 35 35 35 35 35 162 162 162 110 110 110 231 231 231 231 72 72 72 72 72 170 170 
170 170 170 149 172 172 172 35 35 35 35 35 162 162 162 110 110 110 231 231 231 231 21 72 72 72 99 170 170 
170 170 170 170 172 172 172 35 35 35 35 35 162 162 110 110 110 110 231 231 231 21 21 21 72 99 99 99 170 
170 170 170 140 140 172 62 62 35 35 35 208 208 208 110 110 110 110 231 231 21 21 21 21 99 99 99 99 99 
201 201 140 140 140 62 62 62 62 62 208 208 208 208 110 110 110 216 216 216 21 21 21 99 99 99 99 99 99 
201 201 140 140 140 62 62 62 62 62 208 208 208 208 208 19 19 216 216 216 216 216 29 29 99 99 99 99 20 
20 201 140 140 210 62 62 62 62 62 62 208 208 208 137 19 19 19 216 216 216 216 29 29 29 242 242 20 20 
20 201 140 140 210 62 62 62 62 62 116 116 116 116 137 19 19 19 216 216 216 216 29 29 29 242 20 20 20 
20 20 140 140 218 62 62 174 174 174 116 116 116 116 181 181 19 19 216 216 216 216 29 29 29 242 242 20 20 
20 20 218 218 218 218 218 218 174 174 116 116 116 116 181 181 181 181 216 216 216 216 29 29 29 195 195 195 20 
20 211 218 218 218 218 218 218 174 65 65 65 65 65 181 181 181 181 181 216 216 216 143 143 143 195 195 195 195 
211 211 218 218 218 218 218 218 174 65 65 65 65 65 65 181 181 181 181 127 127 143 143 143 143 195 195 195 195 
211 209 209 218 218 218 218 218 65 65 65 65 65 65 65 181 181 181 181 127 127 143 143 143 143 143 195 195 195 
209 209 209 209 218 218 218 218 65 65 65 65 65 65 65 152 152 152 152 127 127 184 143 143 143 143 143 195 209 
209 209 209 209 245 245 245 245 48 65 65 65 65 65 32 152 152 152 152 152 152 184 184 184 184 184 184 209 209 
209 209 209 209 245 70 48 48 48 97 97 97 32 32 32 32 152 152 152 152 152 63 63 63 63 63 63 209 209 
209 209 209 209 209 48 48 48 48 97 97 97 32 32 32 32 32 152 152 152 63 63 63 63 63 63 63 209 209 
209 209 209 209 48 48 48 48 48 97 97 97 32 32 32 32 32 32 152 152 63 63 63 63 63 63 63 63 209 
209 209 209 209 48 48 48 48 48 97 97 97 32 32 32 32 32 32 32 32 63 63 63 63 63 63 63 63 209 
238 238 238 238 238 48 48 48 48 48 97 97 32 32 32 32 32 32 32 55 148 63 63 63 63 63 63 238 238 
238 238 238 238 187 187 191 191 191 191 97 97 13 32 32 32 32 32 55 148 148 148 148 148 63 63 238 238 238 
238 238 238 187 187 187 191 191 191 191 191 13 13 13 13 55 8 8 8 148 148 148 148 148 148 36 36 238 238 
238 238 187 187 187 187 191 191 191 191 191 13 13 13 133 67 67 67 67 148 148 148 148 148 36 36 36 36 238 
238 187 187 187 187 236 236 236 236 236 236 13 13 13 133 67 67 67 67 67 148 148 148 148 36 36 36 36 36 
42 42 187 187 187 236 236 236 236 236 236 236 13 13 133 67 67 67 67 67 148 51 51 51 36 36 36 36 36 
42 42 42 200 200 236 236 236 236 236 236 236 47 47 47 67 67 67 67 67 51 51 51 51 36 36 36 36 42 
42 42 42 200 200 149 149 236 236 236 35 162 162 47 47 47 67 67 67 51 51 51 51 9 9 9 36 36 42 
42 42 42 200 149 149 149 149 35 35 35 162 162 162 47 47 47 47 67 51 51 51 9 9 9 9 9 42 42 
170 170 42 149 149 149 149 149 35 35 35 162 162 162 162 110 110 110 231 51 51 51 9 9 9 9 9 170 170 
170 170 170 149 149 149 149 35 35 35 35 162 162 162 162 110 110 110 231 231 51 9 9 9 9 9 9 170 170 
170 170 170 170 172 172 172 35 35 35 35 35 162 162 162 110 110 110 231 231 21 21 21 9 9 9 9 170 170 
170 170 170 170 172 172 172 35 35 35 35 35 162 162 162 110 110 110 231 21 21 21 21 21 21 99 99 99 170 
170 170 170 140 140 172 62 62 35 35 35 35 35 162 162 110 110 110 231 21 21 21 21 21 99 99 99 99 99 
170 140 140 140 140 62 62 62 62 62 35 35 208 208 208 110 219 219 216 21 21 21 21 99 99 99 99 99 99 
201 140 140 140 140 62 62 62 62 62 62 208 208 208 161 19 19 216 216 216 216 21 21 99 99 99 99 99 99 
20 140 140 140 140 62 62 62 62 62 62 208 161 161 161 19 19 19 216 216 216 216 29 29 242 242 242 242 242 
20 140 140 140 140 62 62 62 62 174 174 174 116 161 161 19 19 19 216 216 216 216 29 29 242 242 242 242 242 
20 20 140 140 140 117 62 174 174 174 174 174 174 116 181 181 19 19 216 216 216 216 29 29 242 242 242 242 242 
20 211 117 117 117 117 117 174 174 174 174 174 174 116 181 181 181 181 216 216 216 216 29 242 242 242 242 242 242 
211 211 117 117 117 117 117 117 174 174 174 65 65 65 181 181 181 181 181 216 216 216 143 143 143 143 195 195 195 
211 211 211 117 117 117 117 117 174 174 65 65 65 65 65 181 181 181 181 181 216 143 143 143 143 143 195 195 195 
211 211 211 117 117 117 117 117 117 65 65 65 65 65 65 181 181 181 181 127 127 184 184 184 184 143 195 195 211 
211 211 211 211 117 117 117 117 117 65 65 65 65 65 65 152 152 152 152 152 184 184 184 184 184 184 184 211 211 
211 211 211 211 70 70 70 70 48 65 194 65 95 164 32 152 152 152 152 152 152 184 184 184 184 184 184 211 211 
209 209 209 70 70 70 70 48 48 48 97 95 95 32 32 32 152 152 152 152 152 184 184 184 184 184 184 237 209 
209 209 209 70 70 70 48 48 48 48 48 97 32 32 32 32 32 152 152 152 152 63 63 63 63 63 63 237 209 
209 209 209 6 70 48 48 48 48 48 48 97 32 32 32 32 32 32 152 152 63 63 63 63 63 63 63 237 237 
238 238 238 238 48 48 48 48 48 48 48 97 32 32 32 32 32 32 32 32 63 63 63 63 63 63 63 237 238 
238 238 238 238 238 64 64 64 64 64 64 13 13 13 32 32 55 55 55 55 55 63 63 63 63 63 237 238 238 
238 238 238 238 238 64 64 64 64 64 64 13 13 13 13 55 55 55 55 55 55 148 63 63 63 63 238 238 238 
238 238 238 238 93 64 64 64 64 64 64 13 13 13 13 55 55 55 55 55 34 34 34 34 34 36 36 238 238 
238 238 238 93 93 93 191 191 191 191 191 13 13 13 13 53 67 67 67 55 34 34 34 34 36 36 36 238 238 
238 187 187 187 187 236 236 236 236 236 236 13 13 13 13 67 67 67 67 67 159 34 159 159 36 36 36 36 238 
42 42 42 200 200 236 236 236 236 236 236 13 13 13 122 67 67 67 67 67 159 159 159 159 159 36 36 36 42 
42 42 42 200 200 200 236 236 236 236 236 236 122 122 122 122 67 67 67 67 159 159 159 159 9 36 36 36 42 
42 42 42 198 200 200 236 236 236 236 236 162 122 122 122 122 122 67 67 67 51 51 51 9 9 9 57 57 42 
42 42 42 200 200 149 149 149 35 35 35 162 162 2 122 122 2 2 2 51 51 9 9 9 9 9 9 57 42 
170 170 42 200 149 149 149 149 35 35 35 162 162 162 2 2 2 2 2 51 51 9 9 9 9 9 9 57 170 
170 170 170 170 149 149 149 35 35 35 35 162 162 162 2 2 2 2 2 2 21 9 9 9 9 9 9 57 170 
170 131 170 170 149 149 149 35 35 35 35 35 162 162 162 2 2 2 2 21 21 21 21 9 9 9 9 170 170 
170 170 170 170 170 149 172 35 35 35 35 35 162 162 162 2 2 219 21 21 21 21 21 21 21 99 99 99 170 
170 170 170 140 140 140 62 62 35 35 35 35 162 162 162 219 219 219 219 21 21 21 21 21 99 99 99 99 99 
170 140 140 140 140 140 62 62 62 223 223 223 223 161 161 219 219 219 219 21 21 21 21 21 99 99 99 99 99 
140 140 140 96 140 140 62 62 62 223 223 223 161 161 161 219 219 219 219 216 21 21 21 99 99 99 99 99 99 
140 140 140 140 140 140 62 62 62 223 223 223 161 161 161 219 219 219 216 216 216 216 242 242 242 242 242 242 242 
140 140 140 140 140 140 62 62 174 174 174 174 161 161 161 161 219 216 216 216 216 216 242 242 242 242 242 242 242 
20 140 140 140 140 117 117 174 174 174 174 174 161 161 161 161 19 216 216 216 216 216 242 242 242 242 242 242 242 
211 211 140 117 117 117 117 174 174 174 174 174 161 161 161 181 181 181 216 216 216 216 165 242 242 242 242 242 242 
211 211 211 117 117 117 117 117 174 174 174 174 174 161 181 181 181 181 181 216 216 165 165 165 165 165 242 242 242 
211 211 211 117 117 117 117 117 174 174 174 174 65 65 181 181 181 181 181 181 165 165 165 165 165 165 165 165 211 
211 211 211 117 117 117 117 117 117 174 174 65 65 65 181 181 181 181 181 165 165 165 184 184 184 184 184 211 211 
211 211 211 211 117 117 117 117 117 95 194 194 194 164 164 152 152 152 152 152 165 184 184 184 184 184 184 211 211 
211 211 211 6 70 70 70 70 70 95 194 194 95 164 164 152 152 152 152 152 184 184 184 184 184 184 184 211 211 
211 211 6 6 70 70 70 70 48 95 95 95 95 164 32 32 152 152 152 152 184 184 184 184 184 184 237 237 237 
211 6 6 6 70 70 70 48 48 48 95 95 95 32 32 32 32 152 152 152 63 63 63 63 63 63 237 237 237 
237 6 6 6 6 70 48 48 48 48 95 95 95 32 32 32 32 32 152 152 63 63 63 63 63 63 237 237 237 
238 238 238 238 238 48 48 48 48 48 48 95 32 32 32 32 32 55 55 55 63 63 63 63 63 63 237 237 238 
238 238 238 238 238 64 64 64 64 64 64 13 13 13 55 55 55 55 55 55 55 92 63 63 63 237 237 237 238 
238 238 238 238 93 64 64 64 64 64 64 13 13 13 13 55 55 55 55 55 55 55 63 63 63 237 237 238 238 
238 238 238 93 93 64 64 64 64 64 64 13 13 13 13 53 55 55 55 55 55 34 34 159 159 159 237 238 238 
238 238 93 93 93 93 64 64 64 64 13 13 13 13 13 53 53 55 55 55 34 34 159 159 159 159 36 238 238 
238 93 93 93 93 93 93 236 64 236 13 13 13 13 13 53 67 67 67 159 159 159 159 159 159 159 36 36 238 
42 42 42 93 93 93 236 236 236 236 236 13 13 13 122 122 67 67 67 159 159 159 159 159 159 159 57 57 124 
42 42 42 200 200 200 236 236 236 236 236 13 13 122 122 122 122 67 67 159 159 159 159 159 159 57 57 57 42 
42 42 42 200 200 200 200 236 236 236 236 122 122 122 122 122 122 122 67 159 159 159 159 9 9 57 57 57 42 
42 42 42 200 200 200 149 149 35 35 35 2 2 2 2 2 2 2 2 159 159 9 9 9 9 57 57 57 57 
170 170 42 200 200 149 149 149 35 35 35 162 2 2 2 2 2 2 2 2 9 9 9 9 9 9 57 57 57 
170 170 170 170 170 149 149 35 35 35 35 162 162 2 2 2 2 2 2 2 126 9 9 9 9 9 57 57 170 
170 170 170 170 170 149 80 35 35 35 35 35 162 2 2 2 2 2 2 21 21 21 21 9 9 9 57 57 170 
170 170 170 170 170 149 80 35 35 35 35 35 162 2 2 2 2 2 219 21 21 21 21 21 21 99 99 57 170 
170 170 170 140 140 140 80 223 223 223 223 223 162 2 219 219 219 219 219 21 21 21 21 21 99 99 99 99 99 
170 140 140 140 140 140 140 223 223 223 223 223 223 161 161 219 219 219 219 44 21 21 21 21 99 99 99 99 99 
16 140 140 140 140 140 140 223 223 223 223 223 161 161 161 219 219 219 219 44 44 21 21 99 99 99 99 99 99 
16 140 140 140 140 140 140 223 223 223 223 223 161 161 161 219 219 219 219 44 44 44 242 242 242 99 242 242 242 
16 140 140 140 140 140 140 223 223 223 223 161 161 161 161 161 219 219 219 216 216 216 242 242 242 242 242 242 242 
16 140 140 140 140 117 117 174 174 174 174 161 161 161 161 161 161 216 216 216 216 165 165 242 242 242 242 242 242 
211 211 117 117 117 117 117 174 174 174 174 174 161 161 161 161 181 181 216 216 165 165 165 165 165 242 242 242 242 
211 211 117 117 117 117 117 117 174 174 174 174 174 161 161 181 181 181 181 165 165 165 165 165 165 165 165 165 165 
211 211 211 117 117 117 117 117 174 174 174 174 174 161 181 181 181 181 181 165 165 165 165 165 165 165 165 165 211 
211 211 211 117 117 117 117 117 117 174 174 194 194 164 164 181 181 181 165 165 165 165 165 165 165 165 165 165 211 
211 211 211 6 6 117 117 117 95 95 95 194 194 164 164 164 152 152 152 165 165 165 165 165 165 165 165 165 211 
211 211 6 6 6 70 70 70 95 95 95 194 95 164 164 164 152 152 152 152 165 184 184 184 184 184 184 237 211 
211 6 6 6 6 70 70 70 70 95 95 95 95 164 164 164 164 152 152 247 247 184 184 184 184 184 237 237 237 
237 6 6 6 6 70 70 70 48 95 95 95 95 164 164 164 32 152 152 247 247 63 184 63 184 237 237 237 237 
237 6 6 6 6 70 70 48 48 95 95 95 95 164 164 32 32 55 55 55 92 63 63 63 63 237 237 237 237 
238 238 238 238 6 64 64 64 64 64 95 95 95 32 32 55 55 55 55 55 55 63 63 63 63 237 237 237 237 
238 238 238 238 93 64 64 64 64 64 64 13 13 13 55 55 55 55 55 55 92 92 92 92 91 91 237 237 237 
238 238 238 93 93 64 64 64 64 64 64 13 13 13 13 55 55 55 55 55 55 92 92 92 91 91 237 238 238 
156 156 93 93 93 64 64 64 64 64 64 13 13 13 13 53 55 55 55 55 55 55 159 159 159 91 237 156 156 
156 93 93 93 93 93 64 64 64 64 13 13 13 13 13 53 53 55 55 55 159 159 159 159 159 159 103 156 156 
124 93 93 93 93 93 93 64 64 64 13 13 13 13 13 53 53 67 67 159 159 159 159 159 159 159 103 124 124 
124 124 124 93 93 93 93 236 236 236 13 13 13 13 13 122 122 67 67 159 159 159 159 159 159 159 57 57 124 
124 124 124 124 124 124 236 236 236 236 66 122 122 122 122 122 122 122 67 159 159 159 159 159 159 57 57 57 124 
124 124 124 124 124 124 124 236 236 236 66 122 122 122 122 22 122 122 122 159 159 159 159 159 57 57 57 57 57 
124 124 124 124 124 124 149 149 134 35 2 2 2 2 2 2 2 2 2 2 159 9 9 9 57 57 57 57 57 
57 124 124 124 124 80 80 80 80 35 35 2 2 2 2 2 2 2 2 2 126 139 9 9 9 57 57 57 57 
57 170 170 170 170 80 80 80 80 80 35 2 2 2 2 2 2 2 2 126 126 139 139 9 9 57 57 57 57 
170 170 170 170 170 80 80 80 80 80 80 2 2 2 2 2 2 2 2 126 126 126 126 9 9 57 57 57 57 
170 170 170 170 170 80 80 80 80 80 35 35 2 2 2 2 2 2 219 120 120 120 120 120 120 57 57 57 57 
16 16 16 140 140 80 80 80 223 223 223 223 223 2 219 219 219 219 219 120 120 120 120 120 99 99 99 99 99 
16 16 16 140 140 140 45 223 223 223 223 223 223 161 161 219 219 219 219 44 44 120 120 120 99 99 99 99 16 
16 16 16 140 140 140 45 223 223 223 223 223 161 161 161 219 219 219 219 44 44 44 44 99 99 99 99 99 16 
16 16 16 140 140 140 45 223 223 223 223 223 161 161 161 219 219 219 219 44 44 44 242 242 99 99 99 242 242 
16 16 16 140 140 140 45 223 223 223 223 161 161 161 161 161 219 219 219 44 44 166 242 242 242 242 242 242 242 
16 16 16 140 140 117 117 174 174 174 174 161 161 161 161 161 161 219 219 44 165 165 165 165 85 242 242 242 242 
16 16 117 117 117 117 117 174 174 174 174 174 161 161 161 161 161 219 219 165 165 165 165 165 165 165 165 242 242 
211 211 117 117 117 117 117 117 174 174 174 174 161 161 161 161 181 181 104 165 165 165 165 165 165 165 165 165 165 
211 211 117 117 117 117 117 117 174 174 174 249 249 161 161 181 181 181 165 165 165 165 165 165 165 165 165 165 165 
211 211 211 117 117 117 117 117 117 249 249 95 95 164 164 41 41 181 165 165 165 165 165 165 165 165 165 165 211 
211 211 6 6 6 6 117 117 95 95 95 95 95 164 164 164 164 247 247 165 165 165 165 165 165 165 165 165 211 
6 6 6 6 6 6 6 6 95 95 95 95 95 164 164 164 164 247 247 247 1 1 1 165 165 165 165 237 237 
6 6 6 6 6 6 6 6 95 95 95 95 95 164 164 164 164 247 247 247 247 1 1 1 1 1 237 237 237 
237 6 6 6 6 6 6 6 95 95 95 95 95 164 164 164 164 55 247 247 247 1 1 1 1 237 237 237 237 
237 6 6 6 6 6 6 64 64 95 95 95 95 164 164 164 55 55 55 92 92 92 92 1 237 237 237 237 237 
237 238 238 6 6 6 64 64 64 64 95 95 95 164 164 55 55 55 55 55 92 92 92 92 237 237 237 237 237 
156 156 156 156 156 64 64 64 64 64 64 64 107 107 55 55 55 55 55 55 92 92 92 91 91 91 237 237 156 
156 156 156 156 93 64 64 64 64 64 64 13 13 13 13 55 55 55 55 55 92 92 92 91 91 91 237 156 156 
156 156 156 93 93 64 64 64 64 64 64 13 13 13 13 53 55 55 55 55 55 92 159 159 91 91 156 156 156 
156 156 93 93 93 93 64 64 64 64 13 13 13 13 13 53 53 55 55 55 159 159 159 159 159 103 103 156 156 
124 124 93 93 93 93 93 64 64 64 13 13 13 13 13 53 53 55 55 159 159 159 159 159 159 103 103 124 124 
124 124 124 124 93 93 93 64 64 66 66 13 13 13 122 122 122 122 122 159 159 159 159 159 159 103 103 124 124 
124 124 124 124 124 124 134 134 66 66 66 66 13 22 122 122 122 122 122 159 159 159 159 159 57 57 57 57 124 
124 124 124 124 124 124 134 134 134 66 66 66 122 122 122 122 122 122 122 159 159 159 159 159 57 57 57 57 57 
124 124 124 124 124 124 134 134 134 134 125 125 2 2 2 122 2 2 2 159 159 159 159 159 57 57 57 57 57 
57 124 124 124 124 80 80 80 80 80 80 2 2 2 2 2 2 2 2 126 126 139 139 139 57 57 57 57 57 
57 124 124 124 124 80 80 80 80 80 80 2 2 2 2 2 2 2 2 126 126 139 139 139 57 57 57 57 57 
57 57 57 124 80 80 80 80 80 80 80 80 2 2 2 2 2 2 2 126 126 126 139 139 57 57 57 57 57 
57 57 170 170 80 80 80 80 80 80 80 80 2 2 2 2 2 2 219 126 126 126 126 126 126 57 57 57 57 
16 16 16 16 80 80 80 80 80 223 223 223 223 2 219 219 219 219 219 120 120 120 120 120 166 99 57 57 57 
16 16 16 16 16 45 45 45 223 223 223 223 223 27 161 219 219 219 219 44 166 166 166 166 166 99 99 99 16 
16 16 16 16 16 45 45 45 223 223 223 223 161 161 161 219 219 219 219 44 166 166 166 166 99 99 99 99 16 
16 16 16 16 16 45 45 45 223 223 223 223 161 161 161 219 219 219 219 44 166 166 166 166 166 99 99 242 16 
16 16 16 16 16 45 45 45 223 223 223 161 161 161 161 161 219 219 219 44 166 166 166 85 85 85 85 242 16 
16 16 16 16 16 101 45 45 223 223 223 161 161 161 161 161 161 219 219 104 165 165 165 85 85 85 85 85 16 
16 16 16 16 101 101 101 101 249 249 249 249 161 161 161 161 161 104 104 104 165 165 165 165 85 85 85 85 85 
16 211 117 117 101 101 101 101 249 249 249 249 249 161 161 161 10 104 104 104 165 165 165 165 165 165 165 165 165 
221 211 112 117 101 101 101 101 249 249 249 249 249 249 41 41 41 104 104 165 165 165 165 165 165 165 165 165 165 
221 211 112 112 101 101 101 101 249 249 249 249 106 164 41 41 41 41 247 165 165 165 165 165 165 165 165 165 165 
221 6 6 6 6 101 101 101 95 95 95 95 95 164 41 41 41 41 247 247 1 1 1 165 165 165 165 165 221 
221 6 6 6 6 6 101 101 95 95 95 95 95 164 164 164 41 247 247 247 1 1 1 1 1 1 1 237 221 
6 6 6 6 6 6 6 6 95 95 95 95 95 164 164 164 164 247 247 247 247 1 1 1 1 1 237 237 237 
237 6 6 6 6 6 6 6 95 95 95 194 95 164 164 164 164 55 247 247 247 1 1 1 1 237 237 237 237 
237 6 6 6 6 6 6 64 64 95 194 194 95 164 164 55 55 55 55 92 92 92 92 1 1 237 237 237 237 
156 156 156 156 156 6 64 64 64 64 194 194 95 164 55 55 55 55 55 92 92 92 92 91 91 237 237 237 237 
156 156 156 156 156 64 64 64 141 141 141 141 107 107 107 55 55 55 55 92 92 92 92 91 91 91 91 81 156 
156 156 156 156 156 64 64 64 141 141 141 107 107 107 107 55 55 55 55 55 92 92 92 91 91 91 91 156 156 
156 156 156 156 93 64 64 64 64 141 141 107 107 107 107 107 55 55 55 55 55 92 92 91 91 91 156 156 156 
156 156 156 93 93 93 64 64 64 141 107 107 107 107 107 107 53 55 55 55 159 159 159 159 103 103 103 156 156 
124 124 124 93 93 93 93 64 64 141 107 107 107 107 107 107 107 55 55 159 159 159 159 159 103 103 103 124 124 
124 124 124 124 93 93 134 134 66 66 66 66 107 107 107 107 122 122 159 159 159 159 159 159 103 103 103 124 124 
124 124 124 124 124 124 134 134 66 66 66 66 66 107 122 122 122 122 122 159 159 159 159 159 103 57 57 57 124 
124 124 124 124 124 124 134 134 134 66 66 66 66 122 122 122 122 122 122 159 159 159 159 159 57 57 57 57 57 
124 124 124 124 124 134 134 134 134 134 125 125 125 2 122 122 122 2 2 159 144 159 159 57 57 57 57 57 57 
57 124 124 124 124 80 134 134 80 80 80 125 2 2 2 2 2 2 2 126 126 126 139 139 57 57 57 57 57 
57 124 124 124 124 80 80 80 80 80 80 80 2 2 2 2 2 2 2 126 126 126 139 139 57 57 57 57 57 
57 57 57 124 80 80 80 80 80 80 80 80 2 2 2 2 2 2 126 126 126 126 126 126 57 57 57 57 57 
57 57 16 226 80 80 80 80 80 80 80 4 4 176 176 2 2 2 139 139 139 126 126 126 57 57 57 57 57 
16 16 16 226 226 80 80 80 80 80 223 4 4 176 176 219 219 219 219 166 166 166 166 166 166 57 57 57 57 
16 16 16 226 226 45 45 45 45 223 223 223 27 27 27 219 219 219 219 166 166 166 166 166 166 99 57 16 16 
16 16 16 226 226 45 45 45 45 223 223 223 27 27 27 219 219 219 219 166 166 166 166 166 166 99 99 16 16 
16 16 16 226 226 226 45 45 45 223 223 223 161 161 161 219 219 219 219 166 166 166 166 166 166 85 85 16 16 
16 16 16 226 226 45 45 45 45 223 223 161 161 161 161 161 219 219 219 166 166 166 166 85 85 85 85 16 16 
38 38 38 38 38 101 45 45 45 249 249 161 161 161 161 161 161 104 104 104 104 104 85 85 85 85 85 85 16 
38 38 38 38 101 101 101 101 249 249 249 249 161 161 161 10 10 104 104 104 104 104 165 85 85 85 85 85 85 
38 38 38 112 101 101 101 101 249 249 249 249 249 10 10 10 10 104 104 104 104 171 165 165 165 165 165 165 165 
221 112 112 112 101 101 101 101 249 249 249 249 106 10 41 41 41 104 104 104 171 171 165 165 165 165 165 165 165 
221 112 112 112 101 101 101 101 249 249 249 106 106 41 41 41 41 41 41 171 171 1 1 165 165 165 165 165 221 
221 221 112 112 112 101 101 101 101 106 106 106 106 41 41 41 41 41 247 247 1 1 1 1 1 165 165 165 221 
221 221 221 6 6 101 101 101 101 95 95 95 95 41 41 41 41 247 247 247 247 1 1 1 1 1 81 81 221 
221 221 221 6 6 6 6 6 95 95 95 95 95 164 41 41 41 247 247 247 247 1 1 1 1 1 81 81 81 
221 221 221 6 6 6 6 6 95 95 95 194 194 164 164 41 41 247 247 247 247 1 1 1 1 81 81 81 81 
81 156 221 6 6 6 6 64 64 95 17 17 17 164 164 55 55 55 55 92 92 92 92 91 91 91 81 81 81 
156 156 156 156 156 6 64 64 64 141 17 17 17 17 17 55 55 55 55 92 92 92 92 91 91 91 81 81 81 
156 156 156 156 156 156 64 141 141 141 141 141 107 107 107 107 55 55 55 92 92 92 91 91 91 91 91 81 156 
156 156 156 156 156 156 64 141 141 141 141 141 107 107 107 107 107 55 55 92 92 92 92 91 91 91 91 81 156 
156 156 156 156 156 156 64 141 141 141 141 107 107 107 107 107 107 107 55 55 92 92 71 91 91 91 91 156 156 
156 156 156 156 156 156 64 141 141 141 107 107 107 107 107 107 107 107 55 55 159 159 159 103 103 103 103 103 156 
124 124 124 124 93 93 93 141 141 141 107 107 107 107 107 107 107 107 55 214 159 159 159 103 103 103 103 103 124 
124 124 124 124 124 124 134 134 66 66 66 66 107 107 107 107 107 107 159 159 159 159 159 103 103 103 103 124 124 
124 124 124 124 124 124 134 134 66 66 66 66 66 107 107 107 107 122 122 214 159 159 159 103 103 103 103 57 124 
124 124 124 124 124 134 134 134 134 66 66 125 125 66 122 122 122 122 122 25 214 159 159 103 57 57 57 57 124 
124 124 124 124 124 134 134 134 134 134 125 125 125 125 122 122 122 2 224 25 144 144 144 178 57 57 57 57 57 
57 124 124 124 124 134 134 134 134 134 125 125 125 2 2 122 2 2 25 25 144 144 144 178 57 57 57 57 57 
57 124 124 124 235 235 80 80 80 80 80 125 114 2 2 2 2 2 25 126 126 126 178 178 57 57 57 57 57 
57 57 57 124 80 80 80 80 80 80 80 114 114 176 176 2 2 2 139 139 139 126 126 178 57 57 57 57 57 
57 57 226 226 80 80 80 80 80 80 4 4 4 176 176 176 2 59 59 139 139 139 126 126 57 57 57 57 57 
16 16 226 226 226 226 80 80 80 80 4 4 4 176 176 176 176 59 59 139 139 139 166 166 166 57 57 57 57 
16 16 226 226 226 226 45 45 45 45 4 4 4 27 27 27 219 219 219 166 166 166 166 166 166 166 57 16 16 
16 16 226 226 226 226 45 45 45 45 4 4 27 27 27 27 219 219 219 166 166 166 166 166 166 166 16 16 16 
16 16 226 226 226 226 45 45 45 45 4 4 27 27 27 27 219 219 219 166 166 166 166 166 166 85 85 16 16 
38 38 38 226 226 226 45 45 45 45 4 4 27 27 27 27 219 104 104 104 104 166 166 85 85 85 85 38 38 
38 38 38 38 38 101 101 45 249 249 249 249 161 27 10 10 10 104 104 104 104 104 85 85 85 85 85 38 38 
38 38 38 38 101 101 101 101 249 249 249 249 249 10 10 10 10 104 104 104 104 104 171 85 85 85 85 85 38 
38 38 38 112 101 101 101 101 249 249 249 249 10 10 10 10 10 104 104 104 104 171 171 171 85 85 150 150 38 
112 112 112 112 101 101 101 101 249 249 249 249 106 10 41 41 41 104 104 104 171 171 171 171 171 165 150 150 221 
221 112 112 112 101 101 101 101 249 249 249 106 106 41 41 41 41 41 41 171 171 171 171 1 1 165 150 150 221 
221 221 112 112 112 101 101 101 101 106 106 106 106 41 41 41 41 41 41 188 1 1 1 1 1 1 81 81 221 
221 221 221 112 112 112 101 101 106 106 106 106 106 41 41 41 41 41 247 247 1 1 1 1 1 1 81 81 221 
221 221 221 221 112 112 101 101 106 106 106 106 106 41 41 41 41 247 247 247 247 1 1 1 1 81 81 81 81 
221 221 221 221 221 6 6 109 109 17 17 17 17 17 17 41 41 247 247 247 247 1 1 1 1 81 81 81 81 
81 221 221 221 221 6 6 141 141 17 17 17 17 17 17 182 55 55 247 92 92 92 1 91 91 91 81 81 81 
81 156 156 156 156 156 64 141 141 141 17 17 17 17 17 182 55 55 55 92 92 92 91 91 91 91 81 81 81 
156 156 156 156 156 156 141 141 141 141 141 141 107 107 182 182 182 182 182 71 71 71 71 91 91 91 81 81 81 
156 156 156 156 156 156 141 141 141 141 141 141 107 107 107 182 182 182 182 71 71 71 71 91 91 91 91 81 81 
156 156 156 156 156 128 141 141 141 141 141 107 107 107 107 107 182 182 182 71 71 71 71 71 91 103 103 81 81 
156 156 156 156 156 128 141 141 141 141 141 107 107 107 107 107 107 182 182 214 214 214 214 103 103 103 103 103 156 
124 124 124 31 31 31 141 141 141 141 107 107 107 107 107 107 107 107 214 214 214 214 214 103 103 103 103 103 124 
124 124 124 124 31 31 134 141 66 66 66 66 66 107 107 107 107 107 214 214 214 214 214 103 103 103 103 103 124 
124 124 124 124 124 134 134 134 66 66 66 66 66 66 107 107 107 107 214 214 214 214 214 103 103 103 103 57 124 
124 124 124 124 124 134 134 134 134 66 66 125 125 125 125 107 224 224 224 25 214 214 214 103 103 103 57 241 124 
124 124 124 124 124 134 134 134 134 134 125 125 125 125 125 224 224 224 224 25 144 144 144 144 57 57 241 241 241 
57 124 124 124 235 235 134 134 134 134 125 125 125 125 125 224 224 224 25 25 144 144 144 178 57 241 241 241 241 
57 124 124 124 235 235 235 134 134 134 114 114 114 114 176 224 224 224 25 25 144 144 178 178 178 241 241 241 57 
57 57 124 235 235 235 235 235 134 114 114 114 114 176 176 176 224 224 59 59 126 178 178 178 178 241 241 241 57 
57 226 226 226 235 235 235 235 235 114 4 4 4 176 176 176 176 59 59 59 59 139 178 178 178 241 57 57 57 
16 226 226 226 226 226 26 26 26 4 4 4 4 176 176 176 176 59 59 59 59 59 59 178 178 241 57 57 57 
16 226 226 226 226 226 26 26 26 4 4 4 4 27 176 176 176 59 59 59 59 59 166 166 166 166 57 16 16 
16 226 226 226 226 226 26 45 45 45 4 4 27 27 27 27 27 59 59 59 59 166 166 166 166 166 222 16 16 
38 38 226 226 226 226 226 45 45 45 4 4 27 27 27 27 27 104 104 59 166 166 166 166 166 85 76 38 38 
38 38 38 226 226 226 226 45 45 163 4 4 27 27 27 27 10 104 104 104 104 104 104 85 85 85 85 38 38 
38 38 38 38 38 226 101 101 163 163 249 249 10 10 10 10 10 104 104 104 104 104 104 85 85 85 76 38 38 
38 38 38 38 101 101 101 101 249 249 249 249 10 10 10 10 10 104 104 104 104 104 171 171 85 150 150 150 38 
38 38 38 112 101 101 101 101 249 249 249 249 10 10 10 10 10 104 104 104 171 171 171 171 150 150 150 150 150 
112 112 112 112 101 101 101 101 249 249 249 106 106 10 10 10 10 104 104 104 171 171 171 171 150 150 150 150 150 
221 112 112 112 112 101 101 101 101 106 106 106 106 41 41 41 41 41 41 171 171 171 171 171 150 150 150 150 221 
221 221 112 112 112 101 101 101 101 106 106 106 106 41 41 41 41 41 188 188 171 171 1 1 1 150 150 81 221 
221 221 221 112 112 112 101 101 106 106 106 106 106 41 41 41 41 41 188 188 188 1 1 1 1 1 81 81 221 
221 221 221 221 112 112 112 109 109 106 106 106 106 41 41 41 41 41 188 188 188 1 1 1 1 81 81 81 221 
221 221 221 221 221 221 109 109 109 17 17 17 17 17 17 41 41 188 188 188 188 1 1 1 91 81 81 81 81 
81 221 221 221 221 221 109 109 109 17 17 17 17 17 17 182 182 188 188 188 188 1 91 91 91 81 81 81 81 
81 156 156 156 156 128 141 141 141 141 17 17 17 17 182 182 182 182 182 92 71 71 91 91 91 91 81 81 81 
81 81 156 156 128 128 128 141 141 141 141 141 107 182 182 182 182 182 182 71 71 71 71 91 91 91 81 81 81 
81 156 156 156 128 128 128 141 141 141 141 107 107 107 182 182 182 182 182 71 71 71 71 71 180 180 180 81 81 
156 156 156 156 128 128 128 141 141 141 141 107 107 107 107 182 182 182 182 71 71 71 71 71 180 180 180 81 81 
156 156 31 31 31 128 128 141 141 141 107 107 107 107 107 107 182 182 182 71 214 214 214 214 103 103 103 103 103 
124 124 31 31 31 31 206 206 206 206 107 107 107 107 107 107 107 107 214 214 214 214 214 214 103 103 103 103 124 
124 124 31 31 31 31 31 206 206 66 66 66 107 107 107 107 107 214 214 214 214 214 214 214 103 103 103 103 124 
124 124 124 31 31 31 134 134 66 66 66 66 66 66 107 107 107 224 214 214 214 214 214 214 103 103 103 241 241 
124 124 124 124 31 134 134 134 134 66 66 125 125 66 66 224 224 224 224 25 214 214 214 214 103 241 241 241 241 
241 124 124 124 235 134 134 134 134 66 125 125 125 125 224 224 224 224 224 25 25 144 144 178 241 241 241 241 241 
241 241 124 124 235 235 134 134 134 134 114 114 114 114 224 224 224 224 25 25 25 144 178 178 241 241 241 241 241 
241 241 124 235 235 235 235 134 134 114 114 114 114 114 114 224 224 224 25 25 25 178 178 178 178 241 241 241 241 
241 241 124 235 235 235 235 235 134 114 114 114 114 176 176 176 224 224 59 59 59 178 178 178 178 241 241 241 241 
241 226 226 226 235 235 235 235 26 114 114 114 4 176 176 176 176 59 59 59 59 59 178 178 178 241 241 241 241 
16 226 226 226 226 26 26 26 26 4 4 4 4 176 176 176 59 59 59 59 59 59 59 178 178 241 241 241 241 
16 226 226 226 226 226 26 26 26 4 4 4 4 4 176 176 176 59 59 59 59 59 59 59 222 222 222 222 222 
38 226 226 226 226 226 26 26 26 4 4 4 4 27 27 27 27 59 59 59 59 59 59 59 76 222 222 222 222 
38 38 226 226 226 226 26 26 26 145 4 4 27 27 27 27 27 252 59 59 59 59 59 76 76 76 76 222 38 
38 38 38 226 226 226 226 26 163 163 163 4 27 27 27 27 10 155 155 155 155 155 155 76 76 76 76 76 38 
38 38 38 38 38 226 101 163 163 163 163 163 10 10 10 10 10 155 155 155 155 155 155 76 76 76 76 76 38 
38 38 38 38 101 101 101 163 163 163 163 163 10 10 10 10 10 104 104 104 155 155 171 150 150 150 150 150 38 
38 38 38 112 101 101 101 163 163 163 163 163 10 10 10 10 10 10 104 155 155 171 171 150 150 150 150 150 150 
112 112 112 112 112 101 101 101 163 163 163 106 106 10 10 10 10 10 104 155 171 171 171 150 150 150 150 150 150 
221 112 112 112 112 101 101 101 101 106 106 106 106 10 41 41 41 41 41 171 171 171 171 171 150 150 150 150 150 
221 221 112 112 112 112 101 101 106 106 106 106 106 106 41 41 41 41 188 188 188 171 171 171 150 150 150 150 221 
221 221 221 112 112 112 101 109 109 106 106 106 106 106 41 41 41 41 188 188 188 188 1 1 1 150 81 81 221 
221 221 221 221 112 112 109 109 109 106 106 17 106 106 41 41 41 188 188 188 188 188 1 1 1 81 81 81 221 
221 221 221 221 221 221 109 109 109 17 17 17 17 17 41 41 41 188 188 188 188 188 1 1 81 81 81 81 81 
81 221 221 221 221 128 109 109 109 17 17 17 17 17 182 182 182 188 188 188 188 188 91 91 91 81 81 81 81 
81 81 81 221 221 128 128 109 141 141 17 17 17 182 182 182 182 182 182 71 71 71 71 91 91 91 81 81 81 
81 81 128 128 128 128 128 128 141 141 141 141 107 182 182 182 182 182 182 71 71 71 71 180 180 180 180 81 81 
81 81 128 128 128 128 128 128 141 141 141 107 107 182 182 182 182 182 182 71 71 71 71 180 180 180 180 81 81 
81 31 31 128 128 128 128 206 206 206 206 107 107 107 182 182 182 182 182 71 71 71 71 71 180 180 180 180 81 
31 31 31 31 31 128 128 206 206 206 206 107 107 107 107 182 182 182 182 71 71 214 214 214 180 180 180 180 111 
31 31 31 31 31 31 206 206 206 206 206 107 107 107 107 107 107 182 214 214 214 214 214 214 103 103 103 103 111 
124 31 31 31 31 31 31 206 206 206 66 66 107 107 107 107 107 214 214 214 214 214 214 214 103 103 103 111 111 
241 31 31 31 31 31 31 206 206 66 66 66 66 107 107 107 224 224 214 214 214 214 214 214 103 103 241 241 241 
241 31 31 31 31 31 134 134 134 66 66 66 66 66 107 224 224 224 224 25 214 214 214 214 241 241 241 241 241 
241 241 241 31 31 134 134 134 134 248 115 115 115 115 224 224 224 224 224 25 25 25 214 214 241 241 241 241 241 
241 241 241 79 79 235 235 134 134 248 115 115 114 114 114 224 224 224 224 25 25 25 178 178 241 241 241 241 241 
241 241 241 79 79 235 235 235 134 114 114 114 114 114 73 73 224 224 224 25 25 25 178 178 241 241 241 241 241 
241 241 241 79 79 235 235 235 134 114 114 114 114 114 176 73 73 224 59 59 59 59 178 178 178 241 241 241 241 
241 241 226 79 79 79 26 26 26 114 114 114 114 176 176 176 73 59 59 59 59 59 178 178 241 241 241 241 241 
222 226 226 226 79 26 26 26 26 26 114 4 4 176 176 176 59 59 59 59 59 59 59 59 241 241 222 222 241 
222 226 226 226 226 26 26 26 26 145 4 4 4 4 176 176 59 59 59 59 59 59 59 59 222 222 222 222 222 
33 226 226 226 226 26 26 26 26 145 145 4 4 27 27 27 59 59 59 59 59 59 59 59 76 222 222 222 222 
33 33 226 226 226 226 26 26 145 145 145 4 4 27 27 27 252 252 252 252 252 252 252 76 76 76 76 222 222 
33 33 38 226 226 226 26 26 145 145 145 4 4 27 27 10 10 252 252 155 155 155 76 76 76 76 76 76 33 
33 33 38 38 38 163 163 163 163 163 163 163 10 10 10 10 10 155 155 155 155 155 155 76 76 76 76 76 33 
33 33 38 38 101 101 163 163 163 163 163 163 10 10 10 10 10 155 155 155 155 155 155 76 76 76 76 76 76 
33 33 38 112 101 101 101 163 163 163 163 163 10 10 10 10 10 10 155 155 155 155 171 150 150 150 150 150 150 
221 112 112 112 112 101 101 163 163 163 163 163 10 10 10 10 10 10 155 155 155 171 171 150 150 150 150 150 150 
221 112 112 112 112 112 101 163 163 163 163 106 106 10 10 10 41 41 41 155 171 171 171 150 150 150 150 150 150 
221 221 112 112 112 112 112 109 109 106 106 106 106 106 41 41 41 41 188 188 188 171 171 150 150 150 150 150 221 
221 221 221 112 112 112 109 109 109 109 106 106 106 106 41 41 41 188 188 188 188 188 188 1 150 150 150 81 221 
221 221 221 221 112 109 109 109 109 109 109 17 106 106 41 41 41 188 188 188 188 188 188 1 1 81 81 81 221 
221 221 221 221 221 109 109 109 109 109 109 17 17 17 41 182 188 188 188 188 188 188 188 1 81 81 81 81 81 
81 221 221 221 221 128 109 109 109 109 17 17 17 182 182 182 182 188 188 188 188 188 71 91 91 81 81 81 81 
81 81 221 221 128 128 128 109 109 109 17 17 17 182 182 182 182 182 182 71 71 71 71 180 180 180 81 81 81 
81 81 128 128 128 128 128 128 206 206 206 206 107 182 182 182 182 182 182 71 71 71 71 180 180 180 180 180 81 
81 128 128 128 128 128 128 128 206 206 206 206 107 182 182 182 182 182 182 71 71 71 71 180 180 180 180 180 81 
81 31 31 128 128 128 128 206 206 206 206 206 107 182 182 182 182 182 182 71 71 71 71 180 180 180 180 180 180 
31 31 31 31 31 128 128 206 206 206 206 206 107 107 182 182 182 182 182 71 214 214 214 214 180 180 180 180 111 
31 31 31 31 31 31 206 206 206 206 206 206 107 107 107 107 182 182 214 214 214 214 214 214 214 180 111 111 111 
111 31 31 31 31 31 206 206 206 206 206 206 107 107 107 107 107 177 214 214 214 214 214 214 214 111 111 111 111 
241 31 31 31 31 31 196 196 206 206 206 115 66 107 107 107 177 177 177 214 214 214 214 214 214 111 111 111 241 
241 31 31 31 31 31 196 196 248 248 115 115 115 115 107 224 224 224 224 25 214 214 214 214 241 241 241 241 241 
241 241 241 31 31 31 196 248 248 248 115 115 115 115 115 224 224 224 224 25 25 25 214 241 241 241 241 241 241 
241 241 241 79 79 79 79 248 248 248 115 115 115 115 73 224 224 224 224 25 25 25 25 241 241 241 241 241 241 
241 241 241 79 79 79 79 248 248 248 248 115 115 114 73 73 73 224 224 25 25 25 25 178 241 241 241 241 241 
241 241 79 79 79 79 79 79 248 248 114 114 114 114 73 73 73 73 59 59 59 59 178 178 241 241 241 241 241 
241 241 79 79 79 79 79 26 26 114 114 114 114 114 73 73 73 59 59 59 59 59 59 178 241 241 241 241 241 
222 222 79 79 79 79 26 26 26 145 114 114 4 176 176 73 73 59 59 59 59 59 59 59 222 222 222 222 222 
222 222 226 226 79 26 26 26 26 145 145 145 4 4 176 176 73 59 59 59 59 59 59 59 222 222 222 222 222 
33 33 33 33 226 26 26 26 145 145 145 145 4 4 176 176 59 59 252 252 59 59 59 76 76 222 222 222 222 
33 33 33 33 33 26 26 145 145 145 145 145 4 27 27 27 252 252 252 252 252 252 252 76 76 76 222 222 222 
33 33 33 33 33 26 26 145 145 145 145 145 4 10 10 10 10 252 252 252 252 252 252 76 76 76 76 222 33 
33 33 33 33 33 33 163 163 163 163 163 163 163 10 10 10 10 155 155 252 155 155 155 76 76 76 76 76 33 
33 33 33 33 33 163 163 163 163 163 163 163 10 10 10 10 10 155 155 155 155 155 155 76 76 76 76 76 76 
33 33 33 49 49 49 163 163 163 163 163 163 10 10 10 10 10 155 155 155 155 155 155 150 150 150 150 150 150 
33 49 49 49 49 49 163 163 163 163 163 163 54 54 10 10 10 10 155 155 155 155 171 150 150 150 150 150 150 
221 49 49 49 49 49 49 163 163 163 163 54 54 54 54 10 10 10 155 155 155 171 171 150 150 150 150 150 150 
221 221 49 49 49 49 49 109 109 109 163 54 54 54 54 54 10 188 188 188 188 188 171 150 150 150 150 150 150 
221 221 221 49 49 49 109 109 109 109 109 109 54 54 54 41 41 188 188 188 188 188 188 132 150 150 150 150 221 
221 221 221 221 49 109 109 109 109 109 109 109 109 54 54 41 188 188 188 188 188 188 188 132 132 175 81 81 221 
221 221 221 221 109 109 109 109 109 109 109 109 109 182 182 182 207 188 188 188 188 188 188 132 175 81 81 81 81 
81 221 221 221 128 109 109 109 109 109 109 109 182 182 182 182 207 188 188 188 188 188 71 175 175 81 81 81 81 
81 81 221 128 128 128 128 109 109 109 109 109 182 182 182 182 182 182 182 71 71 71 71 180 180 180 81 81 81 
81 128 128 128 128 128 128 128 206 206 206 206 206 182 182 182 182 207 207 71 71 71 71 28 180 180 180 180 180 
81 128 128 128 128 128 128 128 206 206 206 206 206 182 182 182 182 182 182 71 71 71 28 28 180 180 180 180 180 
111 31 31 128 128 128 128 128 206 206 206 206 206 182 182 182 182 182 182 71 71 71 28 28 180 180 180 180 180 
111 31 31 31 128 128 128 206 206 206 206 206 206 182 182 121 182 182 182 71 214 214 214 214 180 180 180 111 111 
111 31 31 31 31 31 206 206 206 206 206 206 206 107 182 121 182 182 177 214 214 214 214 214 214 111 111 111 111 
111 31 31 31 31 31 196 206 206 206 206 206 206 107 107 107 177 177 177 214 214 214 214 214 214 111 111 111 111 
111 31 31 31 31 31 196 196 196 206 206 115 115 107 107 177 177 177 177 214 214 214 214 214 214 111 111 111 111 
241 31 31 31 31 196 196 196 196 248 115 115 115 115 115 177 177 177 177 177 214 214 214 214 111 111 111 111 111 
241 241 31 31 31 196 196 196 248 248 115 115 115 115 115 177 177 177 177 25 25 25 214 241 241 241 241 241 241 
241 241 241 79 79 79 79 248 248 248 248 115 115 115 73 73 73 224 224 25 25 25 25 241 241 241 241 241 241 
241 241 79 79 79 79 79 248 248 248 248 115 115 115 73 73 73 73 224 25 25 25 25 178 241 241 241 241 241 
241 241 79 79 79 79 79 79 248 248 115 115 115 73 73 73 73 73 59 59 59 59 59 178 241 241 241 241 241 
241 241 79 79 79 79 79 79 79 114 114 114 114 73 73 73 73 73 59 59 59 59 59 59 241 241 241 241 241 
222 222 79 79 79 79 79 26 145 145 145 114 114 73 73 73 73 59 59 59 59 59 59 59 222 222 222 222 222 
222 222 33 79 79 79 26 26 145 145 145 145 145 4 73 73 73 59 59 59 59 59 59 59 222 222 222 222 222 
222 33 33 33 33 26 26 145 145 145 145 145 145 4 73 73 252 252 252 252 252 59 59 18 18 222 222 222 222 
33 33 33 33 33 26 26 145 145 145 145 145 145 145 27 252 252 252 252 252 252 252 252 76 76 76 222 222 222 
33 33 33 33 33 33 26 145 145 145 145 145 145 10 10 10 43 252 252 252 252 252 252 76 76 76 76 222 33 
33 33 33 33 33 33 163 163 163 163 163 163 163 10 10 10 43 43 252 252 252 252 252 76 76 76 76 76 33 
33 33 33 33 49 49 163 163 163 163 163 163 253 253 10 10 43 43 155 252 252 252 76 76 76 76 76 76 76 
33 33 49 49 49 49 163 163 163 163 163 163 54 54 54 250 250 43 155 155 155 155 37 37 37 37 37 37 37 
33 49 49 49 49 49 49 163 163 163 163 54 54 54 54 250 250 250 155 155 155 155 37 37 37 37 37 37 37 
49 49 49 49 49 49 49 163 163 163 163 54 54 54 54 250 250 250 250 155 155 171 37 37 37 37 37 37 37 
49 49 49 49 49 49 49 109 109 109 163 54 54 54 54 250 250 250 188 188 188 188 132 132 37 37 37 37 37 
221 49 49 49 49 49 109 109 109 109 109 109 54 54 54 250 250 188 188 188 188 188 132 132 132 132 175 175 221 
221 221 49 49 49 109 109 109 109 109 109 109 109 54 54 207 207 207 188 188 188 188 132 132 132 175 175 175 175 
221 221 221 49 49 109 109 109 109 109 109 109 109 182 207 207 207 207 207 188 188 188 132 132 175 175 175 175 175 
81 221 128 128 128 109 109 109 109 109 109 109 109 182 182 207 207 207 207 207 188 71 132 175 175 175 175 175 175 
81 84 128 128 128 128 128 109 109 109 109 109 182 182 182 182 207 207 207 207 207 71 71 175 175 175 175 175 81 
84 84 128 128 128 128 128 128 206 206 206 206 206 182 182 182 207 207 207 207 207 28 28 28 28 175 175 175 189 
84 128 128 128 128 128 128 128 206 206 206 206 206 182 121 182 182 207 207 207 71 28 28 28 28 28 175 189 189 
111 31 31 138 138 128 128 128 206 206 206 206 206 206 121 121 121 121 207 71 71 28 28 28 28 28 180 180 189 
111 31 31 31 138 138 138 206 206 206 206 206 206 121 121 121 121 121 121 28 28 28 28 28 28 28 111 111 111 
111 31 31 31 31 31 196 206 206 206 206 206 206 121 121 121 121 121 177 177 214 214 28 28 28 111 111 111 111 
111 31 31 31 31 31 196 196 206 206 206 206 206 121 121 121 177 177 177 177 214 214 214 214 111 111 111 111 111 
111 31 31 31 31 196 196 196 196 196 196 115 115 115 177 177 177 177 177 177 177 214 214 214 227 111 111 111 111 
111 31 31 31 31 196 196 196 196 196 115 115 115 115 177 177 177 177 177 177 177 214 227 227 227 111 111 111 111 
241 241 31 31 196 196 196 196 196 248 115 115 115 115 115 177 177 177 177 177 177 177 227 227 227 111 111 111 111 
241 241 241 79 79 79 196 196 248 248 115 115 115 115 73 73 177 177 177 177 25 25 227 227 241 241 241 241 241 
241 241 79 79 79 79 79 79 248 248 115 115 115 115 73 73 73 73 73 25 25 25 25 227 241 241 241 241 241 
241 241 79 79 79 79 79 79 248 248 115 115 115 73 73 73 73 73 73 30 30 30 30 30 241 241 241 241 241 
241 79 79 79 79 79 79 79 79 248 115 115 115 73 73 73 73 73 30 30 30 30 30 30 241 241 222 241 222 
222 222 79 79 79 79 79 79 145 145 145 145 145 73 73 73 73 73 30 30 30 30 30 18 18 222 222 222 222 
222 222 77 77 79 79 79 145 145 145 145 145 145 73 73 73 73 59 59 30 30 59 59 18 18 222 222 222 222 
222 33 33 33 77 77 26 145 145 145 145 145 145 145 73 73 153 252 252 252 252 252 252 18 18 18 222 222 222 
33 33 33 33 33 33 145 145 145 145 145 145 145 145 145 43 43 252 252 252 252 252 252 18 18 18 222 222 222 
33 33 33 33 33 33 145 145 145 145 145 145 145 253 253 43 43 43 252 252 252 252 252 76 76 76 76 222 222 
33 33 33 33 33 33 163 163 163 163 163 163 253 253 253 43 43 43 43 252 252 252 252 76 76 76 76 76 33 
33 33 33 33 49 49 49 163 163 163 163 163 253 253 253 250 43 43 43 252 252 252 37 37 37 37 37 37 37 
33 33 49 49 49 49 49 163 163 163 163 253 253 253 250 250 250 43 43 43 43 43 37 37 37 37 37 37 37 
49 49 49 49 49 49 49 163 163 163 163 54 54 54 54 250 250 250 43 43 43 37 37 37 37 37 37 37 37 
49 49 49 49 49 49 49 49 163 163 163 54 54 54 54 250 250 250 250 250 250 132 132 37 37 37 37 37 37 
49 49 49 49 49 49 49 24 24 24 204 54 54 54 54 250 250 250 250 188 188 132 132 132 37 37 37 37 37 
49 49 49 49 49 49 24 24 24 109 109 54 54 54 54 250 250 207 207 188 188 132 132 132 132 132 132 175 175 
84 84 49 49 49 24 24 24 109 109 109 109 109 54 207 207 207 207 207 207 207 132 132 132 132 175 175 175 175 
84 84 84 49 49 24 24 24 109 109 109 109 109 207 207 207 207 207 207 207 207 132 132 132 175 175 175 175 175 
84 84 84 84 128 24 109 109 109 109 109 109 109 207 207 207 207 207 207 207 207 132 132 175 175 175 175 175 175 
84 84 84 128 128 128 128 109 109 109 109 109 109 182 182 207 207 207 207 207 207 207 28 175 175 175 175 175 175 
84 84 84 128 128 128 128 128 102 206 206 102 102 121 121 207 207 207 207 207 207 28 28 28 28 175 189 189 189 
84 84 138 138 138 138 138 128 206 206 206 206 206 121 121 121 121 207 207 207 28 28 28 28 28 189 189 189 189 
84 138 138 138 138 138 138 138 206 206 206 206 206 121 121 121 121 121 207 207 28 28 28 28 28 189 189 189 189 
111 31 31 138 138 138 138 206 206 206 206 206 206 121 121 121 121 121 121 121 28 28 28 28 28 189 111 111 111 
111 31 31 31 138 138 196 196 206 206 206 206 206 121 121 121 121 121 177 177 28 28 28 28 28 111 111 111 111 
111 31 31 31 31 196 196 196 196 206 206 206 206 121 121 121 177 177 177 177 177 214 227 227 227 111 111 111 111 
111 31 31 31 31 196 196 196 196 196 196 196 115 177 177 177 177 177 177 177 177 227 227 227 227 111 111 111 111 
111 111 31 31 196 196 196 196 196 196 196 115 115 115 177 177 177 177 177 177 177 227 227 227 227 111 111 111 111 
111 111 31 196 196 196 196 196 196 196 115 115 115 115 177 177 177 177 177 177 177 227 227 227 227 111 111 111 111 
111 111 79 79 79 196 196 196 196 248 115 115 115 115 73 73 177 177 177 177 177 227 227 227 227 111 111 111 111 
241 241 79 79 79 79 79 196 196 248 115 115 115 115 73 73 73 73 177 30 30 30 227 227 227 241 241 241 241 
241 241 79 79 79 79 79 79 196 248 115 115 115 73 73 73 73 73 30 30 30 30 30 30 227 241 241 241 241 
241 77 77 79 79 79 79 79 79 248 115 115 115 73 73 73 73 73 30 30 30 30 30 30 18 18 18 241 222 
222 77 77 77 79 79 79 79 145 145 145 145 115 73 73 73 73 30 30 30 30 30 30 18 18 18 18 222 222 
222 77 77 77 77 77 79 145 145 145 145 145 145 73 73 73 153 153 30 30 30 30 30 18 18 18 18 222 222 
222 33 77 77 77 77 77 145 145 145 145 145 145 145 73 153 153 153 252 30 30 30 18 18 18 18 18 222 222 
33 33 33 77 77 77 77 145 145 145 145 145 23 23 23 113 113 252 252 252 252 252 18 18 18 18 18 18 222 
33 33 33 33 33 77 77 145 145 145 145 23 23 23 250 43 43 43 43 252 252 252 252 18 18 18 18 18 222 
33 33 33 33 33 49 49 251 163 163 23 23 23 253 250 43 43 43 43 252 252 252 252 18 18 18 18 18 33 
33 33 33 49 49 49 49 251 163 163 163 253 253 253 250 250 43 43 43 43 252 252 37 37 37 37 37 37 37 
33 33 49 49 49 49 49 251 163 163 163 253 253 253 250 250 250 43 43 43 43 37 37 37 37 37 37 37 37 
49 49 49 49 49 49 49 49 163 204 204 253 253 253 250 220 250 250 43 43 43 37 37 37 37 37 37 37 37 
49 49 49 49 49 49 49 49 204 204 204 253 253 253 250 250 250 250 250 250 250 37 37 37 37 37 37 37 37 
49 49 49 49 49 49 49 24 24 204 204 204 253 253 250 250 250 250 250 250 207 132 132 132 37 37 37 37 37 
105 49 49 49 49 49 24 24 24 24 204 204 204 253 250 250 207 207 207 207 207 132 132 132 132 132 132 37 37 
84 84 84 49 49 24 24 24 24 24 204 204 204 204 207 207 207 207 207 207 207 132 132 132 132 175 175 175 175 
84 84 84 84 84 24 24 24 24 24 204 204 204 207 207 207 207 207 207 207 207 132 132 132 175 175 175 175 175 
84 84 84 84 84 24 24 24 24 109 109 109 109 207 207 207 207 207 207 207 207 132 132 175 175 175 175 175 175 
84 84 84 84 128 128 128 24 24 109 102 102 102 207 207 207 207 207 207 207 207 207 28 175 175 175 175 175 189 
84 84 84 138 138 138 138 102 102 102 102 102 102 102 207 207 207 207 207 207 207 28 28 28 175 189 189 189 189 
84 84 84 138 138 138 138 102 102 102 102 102 102 121 121 121 207 207 207 207 28 28 28 28 28 189 189 189 189 
84 84 138 138 138 138 138 138 102 102 102 102 102 121 121 121 121 121 207 207 28 28 28 28 28 189 189 189 189 
111 138 138 138 138 138 138 138 102 102 102 102 102 121 121 121 121 121 121 121 28 28 28 28 28 189 189 189 111 
111 111 186 186 186 186 186 196 196 206 206 206 206 121 121 121 121 121 177 177 28 28 28 28 227 111 111 111 111 
111 111 31 186 186 186 186 196 196 196 196 206 206 121 121 121 177 177 177 177 177 227 227 227 227 111 111 111 111 
111 111 31 186 186 196 196 196 196 196 196 196 244 244 177 177 177 177 177 177 177 227 227 227 227 227 111 111 111 
111 111 31 196 196 196 196 196 196 196 196 196 244 244 177 177 177 177 177 177 177 227 227 227 227 227 111 111 111 
111 111 31 196 196 196 196 196 196 196 196 115 244 244 244 177 177 177 177 177 177 227 227 227 227 227 111 111 111 
111 111 79 79 79 196 196 196 196 196 196 115 244 244 244 177 177 177 177 177 30 227 227 227 227 227 227 111 111 
241 241 79 79 79 196 196 196 196 196 115 115 244 244 244 244 177 177 30 30 30 30 227 227 227 227 227 111 111 
241 77 77 79 79 79 196 196 196 196 115 115 244 244 244 73 73 30 30 30 30 30 30 30 227 227 18 241 241 
77 77 77 77 79 79 79 79 196 196 115 115 244 73 73 73 73 30 30 30 30 30 30 30 18 18 18 18 18 
77 77 77 77 77 77 79 79 145 145 145 145 244 73 73 153 153 30 30 30 30 30 30 18 18 18 18 18 18 
77 77 77 77 77 77 77 145 145 145 145 145 23 23 153 153 153 153 30 30 30 30 30 18 18 18 18 18 18 
129 77 77 77 77 77 77 145 145 145 145 23 23 23 153 153 153 153 153 30 30 30 18 18 18 18 18 18 18 
129 129 77 77 77 77 77 145 145 145 23 23 23 23 23 113 113 113 153 153 30 30 18 18 18 18 18 18 18 
129 129 129 77 77 77 77 145 145 23 23 23 23 23 23 43 113 113 113 113 252 252 18 18 18 18 18 18 18 
129 129 129 129 77 77 251 251 23 23 23 23 23 23 250 43 43 43 43 43 43 252 18 18 18 18 228 228 228 
129 129 129 129 49 49 251 251 251 23 23 253 253 253 250 250 43 43 43 43 43 252 37 37 228 228 37 37 37 
129 49 49 49 49 49 251 251 251 204 204 253 253 253 250 250 250 43 43 43 43 43 37 37 37 37 37 37 37 
49 49 49 49 49 49 251 251 251 204 204 253 253 253 250 250 250 250 43 43 43 37 37 37 37 37 37 37 37 
49 49 49 49 49 49 49 251 204 204 204 204 253 253 250 250 250 250 250 250 250 132 132 37 37 37 37 37 37 
105 105 49 49 49 49 24 24 204 204 204 204 204 253 250 250 250 250 250 250 207 132 132 132 37 75 37 37 37 
105 105 105 49 49 49 24 24 24 204 204 204 204 204 250 250 207 207 207 207 207 132 132 132 132 75 75 75 75 
84 84 84 84 49 24 24 24 24 24 204 204 204 204 207 207 207 207 207 207 207 132 132 132 132 175 175 175 175 
84 84 84 84 84 24 24 24 24 24 204 204 204 204 207 207 207 207 207 207 207 132 132 132 175 175 175 175 84 
84 84 84 84 84 24 24 24 24 24 204 204 204 207 207 207 207 207 207 207 207 132 132 175 175 175 175 175 84 
84 84 84 84 84 128 24 24 102 102 102 102 102 207 207 207 207 207 207 207 207 207 132 175 175 175 189 189 189 
attribute "dep" string "positions"
#
# A field is created with three components: "positions", "connections",
# and "data"
object "regular positions regular connections" class field
component  "positions"    value 1
component  "connections"  value 2
component  "data"         value 3
#
end
