# object 1 are the regular positions. The grid is 29 29 29. The origin is
# at [0 0 0], and the deltas are 1 in the first and third dimensions, and
# 2 in the second dimension
#
object 1 class gridpositions counts 29 29 29
origin 0 0 0
delta  1 0 0
delta  0 1 0
delta  0 0 1
#
# object 2 are the regular connections
#
object 2 class gridconnections counts 29 29 29
#
# object 3 are the data, which are in a one-to-one correspondence with
# the positions ("dep" on positions). The positions increment in the order
# "last index varies fastest", i.e. (x0, y0, z0), (x0, y0, z1), (x0, y0, z2),
# (x0, y1, z0), etc.
#
object 3 class array type int rank 0 items 24389 data follows
150 78 78 78 78 78 78 118 118 118 118 111 111 111 111 22 156 2 2 2 2 2 94 94 94 162 162 162 162 
150 150 150 78 78 78 78 118 118 118 118 111 111 22 117 117 156 156 2 2 2 2 94 94 94 94 94 162 169 
150 150 150 150 121 121 121 121 146 146 146 146 117 117 117 117 156 156 2 2 2 2 94 58 58 58 58 169 169 
169 169 169 121 121 121 121 121 146 146 146 146 117 117 117 117 156 156 156 156 156 156 58 58 58 58 58 169 169 
169 169 169 121 121 121 121 121 146 146 146 146 117 117 117 117 156 156 156 156 156 156 58 58 58 58 58 169 169 
169 169 169 169 121 121 121 121 200 200 146 117 117 117 117 117 156 156 156 156 156 156 58 58 58 108 108 108 169 
169 169 169 169 121 121 121 121 121 121 146 117 117 117 117 117 156 156 156 156 156 156 58 58 58 108 108 108 169 
169 169 169 169 121 121 121 121 121 121 117 117 117 117 117 117 156 156 156 156 156 156 58 58 108 108 108 108 169 
169 169 169 169 79 79 79 79 128 128 128 117 117 117 122 122 156 85 85 85 85 85 85 104 141 141 141 141 169 
98 98 98 79 79 79 79 79 128 128 128 128 1 122 122 122 122 85 85 85 85 85 85 104 141 141 141 141 98 
98 98 98 79 79 79 79 79 128 128 128 128 1 122 122 122 122 85 85 85 32 32 32 104 104 141 141 141 98 
98 98 98 79 79 79 79 79 128 128 128 128 1 1 1 122 122 32 32 32 32 208 208 208 208 208 208 98 98 
98 98 38 79 79 79 79 79 128 128 128 128 1 1 1 1 1 32 32 32 32 208 208 208 208 208 208 98 98 
25 25 38 38 79 79 24 128 128 128 128 33 33 33 33 1 47 47 47 208 208 208 208 208 208 208 208 25 25 
25 25 25 38 24 24 24 24 24 128 128 33 33 33 33 47 47 47 47 208 208 208 208 208 208 208 192 25 25 
25 25 25 25 24 24 24 24 24 24 24 242 33 33 47 47 47 47 47 47 208 208 208 208 208 192 192 25 25 
25 25 25 25 24 24 24 24 24 24 242 242 137 137 47 47 47 47 47 47 208 208 208 208 208 192 192 25 25 
25 25 25 25 49 24 24 24 24 24 242 242 137 148 148 148 47 47 47 47 47 208 208 208 192 192 192 192 25 
25 25 135 49 49 49 77 77 103 103 242 242 129 148 148 148 148 148 47 47 47 208 194 194 194 192 192 192 192 
192 135 135 49 49 49 77 77 77 77 103 129 129 148 148 148 148 148 148 148 194 194 194 194 63 192 192 192 192 
135 135 135 49 49 49 49 77 77 77 77 77 148 148 148 148 148 148 148 67 67 63 63 63 63 63 192 192 192 
135 135 135 135 49 49 49 77 77 77 77 77 148 148 30 30 30 30 67 67 67 63 239 239 239 239 225 225 135 
135 135 135 135 49 49 49 77 77 77 77 77 30 30 30 30 30 30 67 154 154 154 239 239 239 239 225 225 135 
135 135 135 135 49 49 49 77 77 77 77 77 30 30 30 30 30 154 154 154 154 154 239 239 239 239 225 225 225 
135 135 135 135 78 78 49 77 77 213 213 213 111 90 30 30 30 154 154 154 154 154 154 239 239 225 225 225 225 
225 135 78 78 78 78 78 213 118 118 118 118 111 111 90 90 154 154 154 154 154 154 154 239 239 225 225 225 225 
225 78 78 78 78 78 78 118 118 118 118 111 111 111 111 90 154 154 154 154 154 154 154 154 239 225 225 225 225 
78 78 78 78 78 78 78 118 118 118 118 111 111 111 111 111 111 154 154 154 154 154 154 162 162 225 225 225 225 
78 78 78 78 78 78 78 118 118 118 118 111 111 111 111 111 2 2 2 2 2 2 154 162 162 225 225 225 225 
78 78 78 78 78 78 78 118 118 118 118 118 118 22 22 22 195 195 195 195 195 224 94 94 94 162 162 162 162 
78 78 78 78 78 78 78 118 118 118 118 118 22 22 22 22 156 195 195 195 195 224 94 94 94 94 94 162 162 
144 150 78 78 121 121 121 121 146 146 146 146 117 117 117 117 156 156 156 195 195 224 94 94 94 94 94 108 169 
144 144 144 121 121 121 121 121 146 146 146 146 117 117 117 117 156 156 156 156 156 224 94 94 94 108 108 108 169 
144 144 144 144 121 121 121 121 146 146 146 117 117 117 117 117 156 156 156 156 156 156 58 108 108 108 108 108 169 
144 144 144 144 121 121 121 121 200 200 146 117 117 117 117 117 156 156 156 156 156 156 108 108 108 108 108 108 108 
144 144 144 144 121 121 121 121 121 99 99 117 117 117 117 117 156 156 156 156 156 156 108 108 108 108 108 108 108 
144 144 144 169 121 121 121 121 121 99 99 117 117 117 117 117 156 156 156 156 156 156 108 108 108 108 108 108 108 
144 98 144 38 79 79 79 79 128 128 128 128 117 117 117 117 156 156 85 85 85 85 104 104 141 141 141 141 98 
98 98 98 38 79 79 79 79 128 128 128 128 1 1 1 1 153 153 85 85 32 32 104 104 141 141 141 141 98 
98 98 98 38 79 79 79 79 128 128 128 128 1 1 1 1 153 153 32 32 32 32 104 104 104 141 141 141 98 
98 98 98 38 38 79 79 128 128 128 128 128 1 1 1 1 153 153 32 32 32 32 104 104 104 104 104 98 98 
98 98 38 38 38 79 79 128 128 128 128 128 1 1 1 1 153 153 32 32 32 208 208 104 104 104 104 98 98 
98 98 38 38 38 24 24 128 128 128 128 128 1 1 1 1 153 153 32 32 208 208 208 208 208 208 192 192 25 
25 25 25 38 24 24 24 24 24 128 128 128 1 1 1 47 47 47 47 208 208 208 208 208 208 192 192 192 25 
25 25 25 25 24 24 24 24 24 24 24 242 137 137 47 47 47 47 47 47 208 208 208 208 208 192 192 192 25 
25 25 25 25 24 24 24 24 24 24 242 242 137 137 137 47 47 47 47 47 208 208 208 208 192 192 192 192 192 
192 192 192 192 49 24 24 24 24 24 242 242 137 137 148 148 148 47 47 47 47 208 194 194 192 192 192 192 192 
192 192 192 49 49 49 49 103 103 103 242 242 129 148 148 148 148 148 148 47 47 194 194 194 194 192 192 192 192 
192 192 135 49 49 49 49 49 103 103 103 129 129 148 148 148 148 148 148 148 194 194 194 194 63 192 192 192 192 
135 135 135 49 49 49 49 49 103 103 103 129 129 148 148 148 148 148 148 67 63 63 63 63 63 63 192 192 192 
135 135 135 49 49 49 49 49 49 103 103 129 148 148 148 148 148 148 148 67 154 63 63 63 63 63 63 225 135 
135 135 135 135 49 49 49 49 49 77 77 77 148 148 148 148 148 148 154 154 154 154 63 63 63 63 225 225 135 
135 135 135 135 49 49 49 49 213 213 213 213 90 90 90 90 90 154 154 154 154 154 154 63 63 225 225 225 225 
135 135 135 135 78 78 49 213 213 213 213 213 90 90 90 90 90 154 154 154 154 154 154 154 154 225 225 225 225 
135 135 78 78 78 78 78 213 213 213 118 118 118 90 90 90 90 154 154 154 154 154 154 154 162 225 225 225 225 
225 78 78 78 78 78 78 213 118 118 118 118 118 90 90 90 90 154 154 154 154 154 154 162 162 225 225 225 225 
78 78 78 78 78 78 78 118 118 118 118 118 118 111 111 111 84 154 154 154 154 154 154 162 162 162 225 225 225 
78 78 78 78 78 78 78 118 118 118 118 118 118 111 22 22 84 2 2 2 154 224 94 162 162 162 225 225 225 
78 78 78 78 78 78 78 126 118 118 118 118 22 22 22 22 195 195 195 195 224 224 94 94 94 162 162 162 162 
78 78 78 78 78 78 78 126 126 126 126 126 22 22 22 22 195 195 195 195 195 224 94 94 94 94 94 162 162 
144 144 78 78 78 78 126 126 126 126 126 126 22 22 22 22 156 156 195 195 195 224 94 94 94 94 94 108 144 
144 144 144 144 144 121 121 126 126 126 126 126 117 117 117 117 156 156 156 156 195 224 94 94 94 108 108 108 144 
144 144 144 144 144 121 121 121 126 126 126 117 117 117 117 117 156 156 156 156 156 156 94 108 108 108 108 108 144 
144 144 144 144 144 121 121 121 99 99 99 117 117 117 117 117 156 156 156 156 156 156 108 108 108 108 108 108 144 
144 144 144 144 144 121 121 147 99 99 99 117 117 117 117 117 156 156 156 156 156 156 108 108 108 108 108 108 144 
144 144 144 144 102 121 147 147 99 99 99 99 117 117 117 117 156 156 156 156 156 156 108 108 108 108 108 108 144 
144 144 144 38 38 79 79 128 128 128 128 128 117 117 117 117 156 156 156 156 156 156 104 104 141 141 141 141 98 
98 98 38 38 38 38 79 128 128 128 128 128 1 1 1 1 153 153 153 32 32 32 104 104 141 141 141 141 98 
98 98 98 38 38 38 79 128 128 128 128 128 1 1 1 1 153 153 153 32 32 32 104 104 104 141 141 141 98 
98 98 98 38 38 38 128 128 128 128 128 128 1 1 1 1 153 153 153 32 32 32 104 104 104 104 104 98 98 
98 98 38 38 38 38 128 128 128 128 128 128 1 1 1 1 153 153 153 32 32 32 104 104 104 104 104 98 98 
98 98 38 38 38 38 86 128 128 128 128 128 1 1 1 1 153 153 153 32 32 32 104 104 104 104 192 192 98 
98 98 38 38 38 86 86 86 86 128 128 128 1 1 1 1 153 153 153 32 32 208 208 104 104 192 192 192 192 
192 192 192 38 86 86 86 86 86 86 242 242 137 137 137 47 47 188 47 47 208 208 208 208 192 192 192 192 192 
192 192 192 192 86 86 86 86 86 86 242 242 137 137 137 137 188 188 188 188 208 208 208 192 192 192 192 192 192 
192 192 192 192 86 86 86 86 103 103 242 242 137 137 137 148 148 188 188 188 188 194 194 194 192 192 192 192 192 
192 192 192 49 49 49 49 103 103 103 242 242 129 137 148 148 148 148 188 188 188 194 194 194 194 192 192 192 192 
192 192 36 49 49 49 49 103 103 103 103 129 129 129 148 148 148 148 188 188 194 194 194 194 194 192 192 192 192 
36 36 36 49 49 49 49 49 103 103 103 129 129 129 148 148 148 148 148 148 63 63 63 63 63 63 192 192 192 
135 135 135 49 49 49 49 49 103 103 103 129 129 129 148 148 148 148 148 154 154 63 63 63 63 63 63 192 135 
135 135 135 135 49 49 49 49 49 103 103 129 90 90 90 90 148 148 154 154 154 154 63 63 63 63 225 225 135 
135 135 135 135 49 49 49 49 213 213 213 213 90 90 90 90 90 154 154 154 154 154 63 63 63 225 225 225 225 
135 135 135 135 78 78 213 213 213 213 213 213 90 90 90 90 90 154 154 154 154 154 154 154 63 225 225 225 225 
135 135 78 78 78 78 213 213 213 213 213 213 90 90 90 90 90 154 154 154 154 154 154 162 162 225 225 225 225 
225 78 78 78 78 78 213 213 213 213 213 213 213 90 90 90 90 154 154 154 154 154 154 162 162 162 225 225 225 
78 78 78 78 78 78 78 213 213 118 118 118 118 90 90 90 84 84 154 154 154 154 154 162 162 162 162 225 225 
78 78 78 78 78 78 78 213 118 118 118 118 22 22 22 22 84 195 195 195 224 224 94 94 162 162 162 225 225 
78 78 78 78 78 78 126 126 126 126 126 126 22 22 22 22 22 195 195 195 224 224 94 94 94 162 162 162 162 
78 78 78 78 78 78 126 126 126 126 126 126 22 22 22 22 22 195 195 195 224 224 94 94 94 94 94 162 162 
144 144 144 116 116 126 126 126 126 126 126 126 22 22 22 22 22 195 195 195 195 224 94 94 94 94 94 108 108 
144 144 144 144 116 116 126 126 126 126 126 126 22 22 22 22 156 156 156 195 195 224 94 94 94 108 108 108 108 
144 144 144 144 144 144 121 126 126 126 126 126 117 117 117 117 156 156 156 156 156 224 94 108 108 108 108 108 144 
144 144 144 144 102 102 147 147 99 99 99 117 117 117 117 117 156 156 156 156 156 156 108 108 108 108 108 108 144 
144 144 144 144 102 102 147 147 99 99 99 99 117 117 117 117 156 156 156 156 156 156 108 108 108 108 108 108 144 
144 144 144 102 102 102 147 147 99 99 99 99 117 117 117 117 156 156 156 156 156 95 108 108 108 108 108 108 108 
144 144 144 102 102 102 147 147 99 99 99 99 117 117 117 117 156 156 156 156 46 104 104 108 141 141 141 141 98 
98 98 38 38 38 38 147 128 128 128 128 128 1 1 1 153 153 153 153 153 46 104 104 104 141 141 141 141 98 
98 98 38 38 38 38 128 128 128 128 128 128 1 1 1 153 153 153 153 153 46 46 104 104 104 141 141 141 98 
98 98 98 38 38 38 128 128 128 128 128 128 1 1 1 153 153 153 153 153 46 104 104 104 104 141 141 98 98 
98 98 38 38 38 38 128 128 128 128 128 128 1 1 1 153 153 153 153 153 46 104 104 104 104 104 104 98 98 
98 98 38 38 38 38 86 128 128 128 128 128 1 1 1 1 153 153 153 153 46 104 104 104 104 104 192 192 98 
98 98 38 38 38 86 86 86 86 128 128 128 137 1 1 1 188 188 153 153 46 104 104 104 104 192 192 192 192 
192 192 192 38 86 86 86 86 86 86 242 242 137 137 137 137 188 188 188 188 188 208 104 104 192 192 192 192 192 
192 192 192 192 86 86 86 86 86 86 242 242 137 137 137 137 188 188 188 188 188 188 194 194 192 192 192 192 192 
192 192 192 82 82 86 86 86 86 103 242 242 137 137 137 137 188 188 188 188 188 194 194 194 192 192 192 192 192 
192 192 192 82 82 49 86 103 103 103 103 242 129 129 137 129 188 188 188 188 188 194 194 194 194 192 192 192 192 
192 36 36 36 49 49 49 103 103 103 103 129 129 129 129 148 148 188 188 188 194 194 194 194 194 192 192 192 192 
36 36 36 36 49 49 49 103 103 103 103 129 129 129 129 148 148 148 188 188 63 63 63 63 63 63 192 192 192 
36 36 36 36 49 49 49 49 103 103 103 129 129 129 129 148 148 148 188 154 63 63 63 63 63 63 63 192 192 
36 36 36 36 49 49 49 49 103 103 103 90 90 90 90 90 90 90 154 154 154 63 63 63 63 63 225 225 225 
135 135 135 36 36 49 49 213 213 213 213 90 90 90 90 90 90 90 154 154 154 154 63 63 63 225 225 225 225 
135 135 135 135 78 75 213 213 213 213 213 213 90 90 90 90 90 90 154 154 154 154 50 50 50 225 225 225 225 
135 135 78 78 78 78 213 213 213 213 213 213 90 90 90 90 90 90 154 154 154 154 50 50 162 162 225 225 225 
225 78 78 78 78 78 213 213 213 213 213 213 90 90 90 90 90 84 84 154 154 154 50 162 162 162 162 225 225 
78 78 78 78 78 78 213 213 213 213 213 213 213 90 90 90 84 84 84 195 154 224 50 162 162 162 162 162 225 
78 78 78 78 78 78 78 213 213 213 213 126 22 22 22 22 84 195 195 195 224 224 94 94 162 162 162 162 225 
78 78 78 78 78 126 126 126 126 126 126 126 22 22 22 22 22 195 70 70 70 224 94 94 94 162 162 162 162 
144 78 116 116 116 126 126 126 126 126 126 126 22 22 22 22 22 195 70 70 70 224 94 94 94 94 94 162 162 
144 144 116 116 116 126 126 126 126 126 126 126 22 22 22 22 22 70 70 70 70 224 94 94 94 94 94 108 196 
144 144 144 116 116 116 126 126 126 126 126 126 22 22 22 22 156 156 70 70 70 224 94 94 108 108 108 108 144 
144 144 144 144 116 116 126 126 126 126 126 126 22 22 117 156 156 156 156 156 70 224 94 108 108 108 108 108 144 
144 144 144 102 102 102 147 147 99 99 99 99 117 117 117 156 156 156 156 156 156 224 108 108 108 108 108 108 144 
144 144 144 102 102 102 147 147 99 99 99 99 99 117 117 156 156 156 156 156 156 95 108 108 108 108 108 108 144 
144 144 102 102 102 102 147 147 99 99 99 99 99 216 216 216 156 226 156 226 95 95 108 108 108 108 108 108 144 
144 144 102 102 102 102 147 147 99 99 99 99 99 216 216 216 216 226 226 226 46 95 104 104 141 141 141 141 98 
98 98 38 38 38 38 147 128 128 128 128 128 145 216 216 216 216 153 153 46 46 46 104 104 141 141 141 141 98 
98 98 38 38 38 38 203 128 128 128 128 145 145 145 216 216 153 153 153 46 46 46 104 104 104 141 141 141 98 
98 98 38 38 38 38 203 128 128 128 128 145 145 145 1 153 153 153 153 46 46 46 104 104 104 141 141 98 98 
98 98 38 38 38 38 203 128 128 128 128 145 145 145 1 153 153 153 153 46 46 46 104 104 104 104 104 98 98 
98 98 38 38 38 38 86 128 128 128 128 128 145 1 1 153 153 153 153 46 46 230 230 230 230 230 192 192 98 
98 98 38 38 38 86 86 86 86 128 128 128 137 137 137 188 188 188 188 46 46 230 230 230 230 192 192 192 192 
192 192 173 173 86 86 86 86 86 86 242 242 137 137 137 188 188 188 188 188 188 188 230 230 192 192 192 192 192 
192 192 192 192 86 86 86 86 86 86 242 242 137 137 137 188 188 188 188 188 188 188 229 229 192 192 192 192 192 
192 192 192 82 82 86 86 86 86 103 242 242 129 137 137 188 188 188 188 188 188 188 194 194 192 192 192 192 192 
192 192 192 82 82 82 214 214 103 103 103 129 129 129 129 188 188 188 188 188 188 194 194 194 194 192 192 192 192 
192 36 36 82 82 82 214 214 103 103 103 129 129 129 129 129 188 188 188 188 188 194 194 194 194 192 192 192 192 
36 36 36 36 82 82 214 214 103 103 103 129 129 129 129 129 188 188 188 188 63 63 63 63 63 63 192 192 192 
36 36 36 36 82 82 82 214 103 103 103 129 129 129 129 129 188 188 188 188 63 63 63 63 63 63 63 192 36 
36 36 36 36 36 82 82 214 213 103 103 90 90 90 90 90 90 90 90 154 63 63 63 63 63 63 225 225 36 
36 36 36 36 75 75 75 213 213 213 213 90 90 90 90 90 90 84 84 154 154 63 63 63 63 63 225 225 225 
36 75 75 75 75 75 75 213 213 213 213 90 90 90 90 90 90 84 84 84 154 50 50 50 50 225 225 225 225 
135 75 75 75 75 75 213 213 213 213 213 213 90 90 90 90 90 84 84 84 50 50 50 50 50 162 225 225 225 
225 78 78 78 75 75 213 213 213 213 213 213 90 90 90 90 84 84 84 84 50 50 50 50 162 162 162 225 225 
78 78 78 78 78 78 213 213 213 213 213 213 90 90 90 90 84 84 84 84 70 50 50 162 162 162 162 162 225 
78 78 78 78 78 78 213 213 126 126 126 126 22 22 22 22 84 84 70 70 70 70 94 94 162 162 162 162 162 
116 116 116 116 116 126 126 126 126 126 126 126 22 22 22 22 22 70 70 70 70 21 21 94 94 120 120 120 120 
116 116 116 116 116 116 126 126 126 126 126 126 22 22 22 22 22 70 70 70 70 21 21 94 94 94 120 120 196 
144 116 116 116 116 116 126 126 126 126 126 126 22 22 22 22 22 70 70 70 70 21 21 94 94 94 196 196 196 
144 144 116 116 116 116 126 126 126 126 126 126 22 22 22 22 22 70 70 70 70 21 21 94 108 108 108 196 196 
144 144 116 116 116 116 89 89 126 126 126 126 22 22 22 22 156 226 226 70 70 21 21 108 108 108 108 108 144 
144 144 102 102 102 102 147 147 99 99 99 99 99 117 117 226 226 226 226 226 95 95 108 108 108 108 108 108 108 
144 144 102 102 102 102 147 147 99 99 99 99 99 216 216 226 226 226 226 226 95 95 95 108 108 108 108 108 144 
144 144 102 102 102 102 147 147 99 99 99 99 99 216 216 216 226 226 226 226 95 95 95 108 108 108 108 108 144 
144 144 102 102 102 102 147 147 99 99 99 99 99 216 216 216 226 226 226 226 95 95 95 95 141 141 141 141 98 
98 98 38 38 38 203 203 203 99 99 128 145 145 216 216 216 216 226 46 46 46 46 104 104 141 141 141 141 98 
98 98 38 38 38 203 203 203 128 128 145 145 145 216 216 216 216 153 46 46 46 46 104 104 104 141 141 141 98 
98 98 38 38 38 203 203 203 128 128 145 145 145 145 19 19 153 153 46 46 46 46 104 104 104 141 141 98 98 
98 98 38 38 38 203 203 203 128 128 145 145 145 145 19 19 153 153 46 46 46 46 230 230 230 230 230 98 98 
98 98 38 38 38 203 203 203 128 128 128 145 145 145 19 19 153 153 46 46 46 230 230 230 230 230 230 192 98 
173 173 173 173 38 86 86 86 86 128 128 145 145 145 19 188 188 188 188 188 46 230 230 230 230 230 192 192 192 
173 173 173 173 48 86 86 86 86 86 242 242 129 137 188 188 188 188 188 188 188 229 229 229 229 229 192 238 192 
192 192 173 48 48 86 86 86 86 86 242 242 129 137 188 188 188 188 188 188 188 229 229 229 229 238 238 238 238 
238 238 48 48 48 214 214 214 214 214 129 129 129 129 129 188 188 188 188 188 188 188 229 229 229 238 238 238 238 
238 238 82 82 82 82 214 214 214 214 129 129 129 129 129 188 188 188 188 188 188 72 72 72 72 238 238 238 238 
36 36 36 82 82 82 214 214 214 103 129 129 129 129 129 188 188 188 188 188 188 72 72 72 72 72 238 238 238 
36 36 36 82 82 82 214 214 214 214 103 129 129 129 129 129 188 188 188 188 231 72 72 72 72 72 72 238 36 
36 36 36 36 82 82 214 214 214 214 103 129 129 129 129 90 188 188 188 231 231 63 63 63 63 63 63 36 36 
36 36 36 36 82 82 82 214 214 214 103 90 90 90 90 90 90 90 231 231 231 63 63 63 63 63 63 36 36 
36 36 36 75 75 75 75 213 213 213 90 90 90 90 90 90 90 84 84 231 231 63 50 50 63 63 225 225 36 
75 75 75 75 75 75 75 213 213 213 213 90 90 90 90 90 90 84 84 84 50 50 50 50 50 50 225 225 225 
75 75 75 75 75 75 75 213 213 213 213 90 90 90 90 90 84 84 84 84 50 50 50 50 50 162 162 225 225 
75 75 75 75 75 75 75 213 213 213 213 213 90 90 90 90 84 84 84 84 50 50 50 50 50 162 162 225 225 
75 75 75 75 75 75 75 213 213 213 126 126 90 90 90 90 84 84 84 84 50 50 50 50 120 120 120 120 120 
75 75 75 75 75 75 126 126 126 126 126 126 22 22 22 22 84 84 70 70 70 21 21 94 120 120 120 120 120 
196 116 116 75 116 126 126 126 126 126 126 126 22 22 22 22 22 70 70 70 21 21 21 21 120 120 120 120 120 
196 116 116 116 116 116 126 126 126 126 126 126 22 22 22 22 22 70 70 70 21 21 21 21 21 120 196 196 196 
196 116 116 116 116 116 126 126 126 126 126 126 22 22 22 22 5 70 70 70 21 21 21 21 21 196 196 196 196 
59 116 116 116 116 116 126 126 126 126 126 126 22 22 22 5 5 5 70 70 21 21 21 21 21 196 196 196 196 
59 116 116 116 116 116 89 89 89 126 126 126 22 22 22 5 5 226 226 226 21 21 21 21 108 108 196 196 196 
59 59 102 102 102 102 89 89 89 99 99 99 99 5 5 226 226 226 226 226 95 95 95 108 108 108 108 108 59 
59 59 102 102 102 102 147 147 99 99 99 99 99 216 228 226 226 226 226 226 95 95 95 95 108 108 108 108 59 
59 59 193 193 102 102 147 147 99 99 99 99 99 216 216 226 226 226 226 226 95 95 95 95 44 108 44 44 59 
59 193 193 193 193 102 147 147 99 99 99 99 99 216 216 216 226 226 226 226 95 95 95 95 44 141 44 44 44 
98 193 193 193 193 203 203 203 203 99 99 145 145 216 216 216 226 226 226 46 46 46 95 95 141 141 141 141 105 
98 125 125 125 125 203 203 203 203 203 145 145 145 216 19 19 19 46 46 46 46 46 46 104 104 141 141 105 105 
98 125 125 125 125 203 203 203 203 203 145 145 145 19 19 19 19 219 46 46 46 46 46 104 104 141 105 105 98 
98 125 125 125 125 203 203 203 203 203 145 145 145 19 19 19 19 219 46 46 46 46 230 230 230 230 105 105 105 
173 173 173 125 125 203 203 203 203 203 145 145 145 19 19 19 219 219 46 46 46 46 230 230 230 230 230 105 173 
173 173 173 173 48 203 203 203 203 203 145 145 145 19 19 188 188 188 188 188 46 229 229 229 229 229 229 238 173 
173 173 173 48 48 48 86 86 86 86 242 242 129 137 188 188 188 188 188 188 188 229 229 229 229 229 238 238 173 
173 173 173 48 48 48 214 214 214 186 242 242 129 137 188 188 188 188 188 188 188 229 229 229 229 229 238 238 238 
238 173 48 48 48 214 214 214 214 214 129 129 129 129 188 188 188 188 188 188 188 72 229 229 229 238 238 238 238 
238 238 82 82 82 214 214 214 214 214 129 129 129 129 129 188 188 188 188 188 188 72 72 72 72 72 238 238 238 
36 36 82 82 82 82 214 214 214 214 214 129 129 129 129 188 188 188 188 188 72 72 72 72 72 72 72 238 238 
36 36 82 82 82 82 214 214 214 214 214 129 129 129 129 188 188 188 188 231 231 72 72 72 72 72 72 72 238 
36 36 36 82 82 82 214 214 214 214 214 129 129 129 161 161 161 188 231 231 231 231 72 72 72 72 72 72 36 
36 36 36 75 75 75 214 214 214 214 167 167 90 90 90 90 90 84 231 231 231 231 231 63 63 72 72 36 36 
75 75 75 75 75 75 75 75 214 167 167 90 90 90 90 90 90 84 84 231 231 231 231 50 50 50 29 225 36 
75 75 75 75 75 75 75 75 213 213 167 90 90 90 90 90 84 84 84 84 231 50 50 50 50 50 29 225 225 
75 75 75 75 75 75 75 75 213 213 213 90 90 90 90 90 84 84 84 84 50 50 50 50 50 120 120 120 120 
75 75 75 75 75 75 75 75 213 213 213 90 90 90 90 90 84 84 84 84 50 50 50 50 120 120 120 120 120 
75 75 75 75 75 75 75 75 126 126 126 126 90 90 90 84 84 84 84 84 21 50 50 120 120 120 120 120 120 
75 75 75 75 75 75 75 126 126 126 126 126 22 22 22 22 84 84 70 70 21 21 21 120 120 120 120 120 120 
196 116 158 75 75 126 126 126 126 126 126 126 22 22 22 22 22 70 70 21 21 21 21 21 120 120 120 120 120 
196 116 116 116 116 116 126 126 126 126 126 126 22 22 22 22 5 5 70 21 21 21 21 21 21 196 196 196 196 
196 116 116 116 116 116 126 126 126 126 35 35 22 22 22 5 5 5 70 21 21 21 21 21 21 196 196 196 196 
59 116 116 116 116 116 89 89 35 35 35 35 22 22 5 5 5 5 5 21 21 21 21 21 21 196 196 196 196 
59 59 116 116 116 116 89 89 89 35 35 35 35 5 5 5 5 5 226 226 21 21 21 21 44 196 196 196 196 
59 59 59 116 116 89 89 89 89 89 35 35 35 5 5 5 226 226 226 226 95 95 95 44 44 44 44 196 59 
59 59 193 193 193 102 89 89 89 99 99 99 228 228 228 226 226 226 226 226 95 95 95 44 44 44 44 44 59 
59 59 193 193 193 193 147 147 99 99 99 99 228 228 228 226 226 226 226 226 95 95 95 44 44 44 44 44 59 
59 193 193 193 193 193 147 147 99 99 99 99 228 228 228 226 226 226 226 226 95 95 95 44 44 44 44 44 44 
59 193 193 193 193 203 203 203 203 203 99 145 228 228 228 19 226 226 226 226 46 95 95 44 44 44 44 44 105 
105 125 125 125 125 203 203 203 203 203 203 145 145 19 19 19 19 219 219 46 46 46 46 44 44 44 105 105 105 
105 125 125 125 125 203 203 203 203 203 145 145 145 19 19 19 19 219 219 46 46 46 46 104 105 105 105 105 105 
105 125 125 125 125 203 203 203 203 203 145 145 145 19 19 19 219 219 219 46 46 46 230 230 230 105 105 105 105 
173 173 173 125 125 203 203 203 203 203 145 145 145 19 19 219 219 219 219 219 46 229 229 229 229 229 229 105 105 
173 173 173 173 48 48 203 203 203 203 145 145 191 19 19 219 219 219 219 219 229 229 229 229 229 229 229 173 173 
173 173 173 48 48 48 48 214 214 186 186 37 191 137 188 188 188 188 188 188 229 229 229 229 229 229 238 238 173 
173 173 48 48 48 48 214 214 214 186 186 37 37 137 188 188 188 188 188 188 188 229 229 229 229 229 238 238 173 
173 173 48 48 48 214 214 214 214 214 186 186 129 161 161 188 188 188 188 188 188 72 229 229 229 229 238 238 238 
173 48 48 48 82 214 214 214 214 214 214 129 129 161 161 161 188 188 188 188 72 72 72 72 72 72 72 238 238 
36 82 82 82 82 214 214 214 214 214 214 214 129 161 161 161 161 188 188 188 72 72 72 72 72 72 72 238 238 
36 36 82 82 82 82 214 214 214 214 214 214 129 161 161 161 161 161 188 231 231 231 72 72 72 72 72 72 238 
36 36 82 82 82 82 214 214 214 214 167 167 167 161 161 161 161 161 231 231 231 231 231 72 72 72 72 72 36 
75 75 75 75 75 75 214 214 214 167 167 167 167 167 166 166 166 166 231 231 231 231 231 231 131 72 72 72 36 
75 75 75 75 75 75 75 75 214 167 167 167 167 90 90 166 166 166 231 231 231 231 231 131 131 131 29 29 29 
75 75 75 75 75 75 75 75 100 167 167 167 167 90 90 90 84 84 84 231 231 231 131 131 131 29 29 29 29 
75 75 75 75 75 75 75 75 100 100 167 167 90 90 90 90 84 84 84 84 131 131 131 131 131 120 120 120 120 
75 75 75 75 75 75 75 75 100 100 167 167 90 90 90 73 84 84 84 84 131 131 131 131 120 120 120 120 120 
75 75 75 75 75 75 75 75 126 126 126 126 22 73 73 73 73 84 84 84 21 21 131 120 120 120 120 120 120 
75 75 75 75 75 75 75 126 126 126 126 126 22 22 73 73 73 84 84 21 21 21 21 120 120 120 120 120 120 
196 158 158 158 158 158 126 126 35 35 35 35 22 71 73 73 73 73 70 21 21 21 21 21 120 120 120 120 196 
196 116 116 116 116 116 126 35 35 35 35 35 35 71 5 5 5 5 5 21 21 21 21 21 21 196 196 196 196 
196 116 116 116 116 116 35 35 35 35 35 35 35 5 5 5 5 5 5 21 21 21 21 21 196 196 196 196 196 
196 59 116 116 116 116 89 35 35 35 35 35 35 5 5 5 5 5 5 21 21 21 21 21 196 196 196 196 196 
59 59 59 116 116 116 89 89 35 35 35 35 35 5 5 5 5 5 5 5 21 21 21 21 196 196 196 196 196 
59 59 59 59 116 89 89 89 89 35 35 35 35 5 5 5 5 226 226 226 95 95 95 44 44 44 44 196 59 
59 59 59 193 193 89 89 89 89 35 35 35 228 228 228 226 226 226 226 226 95 95 95 44 44 44 44 44 59 
59 59 193 193 193 193 89 89 89 35 35 99 228 228 228 228 226 226 226 226 95 95 95 44 44 44 44 44 59 
59 59 193 193 193 193 147 89 99 99 99 110 228 228 228 228 226 226 226 226 95 95 95 44 44 44 44 44 44 
59 59 193 193 193 203 203 203 203 203 203 110 228 228 228 228 226 226 226 226 226 95 95 44 44 44 44 44 105 
105 125 125 125 125 203 203 203 203 203 203 203 228 228 19 19 219 219 219 219 219 219 95 44 44 105 105 105 105 
105 125 125 125 125 203 203 203 203 203 203 203 145 19 19 19 219 219 219 219 219 219 23 44 105 105 105 105 105 
105 105 125 125 125 203 203 203 203 203 203 145 191 19 19 219 219 219 219 219 219 229 229 229 229 105 105 105 105 
173 173 173 125 125 203 203 203 203 203 203 191 191 219 219 219 219 219 219 219 219 229 229 229 229 229 105 105 105 
173 173 173 48 48 48 203 203 203 203 191 191 191 191 219 219 219 219 219 219 229 229 229 229 229 229 229 105 173 
173 173 173 48 48 48 48 214 186 186 186 37 191 37 161 219 188 188 219 219 229 229 229 229 229 229 229 244 173 
173 173 48 48 48 48 214 214 186 186 186 37 37 37 161 161 188 188 188 188 229 229 229 229 229 229 229 238 173 
173 48 48 48 48 48 214 214 186 186 186 37 37 161 161 161 161 188 188 188 72 72 72 229 72 72 72 238 173 
173 48 48 48 48 214 214 214 214 186 186 37 37 161 161 161 161 161 188 188 72 72 72 72 72 72 72 72 238 
173 48 48 82 214 214 214 214 214 214 214 37 37 161 161 161 161 161 161 231 72 72 72 72 72 72 72 72 238 
62 62 82 82 82 214 214 214 214 214 214 37 37 161 161 161 161 161 231 231 231 231 72 72 72 72 72 72 72 
75 75 82 82 82 214 214 214 214 214 167 167 167 161 161 161 161 161 231 231 231 231 231 231 72 72 72 72 72 
75 75 75 75 75 75 214 214 100 167 167 167 167 167 166 166 166 166 231 231 231 231 231 231 131 131 29 29 223 
75 75 75 75 75 75 132 100 100 167 167 167 167 167 166 166 166 166 231 231 231 231 231 131 131 131 29 29 29 
75 75 75 75 75 132 132 100 100 100 167 167 115 167 166 166 166 166 84 231 231 131 131 131 131 29 29 29 29 
75 75 75 75 75 132 132 132 100 100 167 167 167 167 73 73 73 84 84 84 131 131 131 131 131 29 29 29 29 
75 75 75 75 75 132 132 132 100 100 167 167 167 73 73 73 73 73 84 84 131 131 131 131 131 120 120 120 120 
75 75 158 158 158 75 75 75 100 100 126 167 73 73 73 73 73 73 84 21 21 131 131 131 120 120 120 120 120 
75 158 158 158 158 75 75 75 126 126 126 126 22 73 73 73 73 73 73 21 21 21 21 120 120 120 120 120 120 
196 158 158 158 158 158 35 35 35 35 35 35 71 71 71 73 5 5 5 21 21 21 21 21 120 120 120 196 196 
196 116 116 116 116 116 35 35 35 35 35 35 71 71 71 5 5 5 5 21 21 21 21 21 21 196 196 196 196 
196 59 116 116 116 116 35 35 35 35 35 35 71 71 5 5 5 5 5 21 21 21 21 21 196 196 196 196 196 
196 59 59 116 116 116 35 35 35 35 35 35 35 5 5 5 5 5 5 21 21 21 21 21 196 196 196 196 196 
59 59 59 59 116 116 35 35 35 35 35 35 35 5 5 5 5 5 5 5 21 21 21 44 196 196 196 196 196 
59 59 59 59 59 89 89 35 35 35 35 35 35 5 5 5 5 5 5 226 95 95 44 44 44 44 44 196 59 
59 59 59 59 59 59 89 89 35 35 35 35 228 228 228 5 226 226 226 226 95 95 95 44 44 44 44 44 59 
59 59 59 59 59 59 89 89 35 35 110 110 228 228 228 228 226 226 226 226 95 95 44 44 44 44 44 44 59 
59 59 59 59 59 59 203 203 203 110 110 110 228 228 228 228 226 226 226 226 95 95 44 44 44 44 44 44 44 
59 59 61 61 61 203 203 203 203 203 110 110 228 228 228 228 219 226 226 226 226 95 44 44 44 44 44 105 105 
105 61 61 61 61 203 203 203 203 203 110 110 237 237 228 219 219 219 219 219 219 23 23 44 44 105 105 105 105 
105 61 61 61 61 203 203 203 203 203 203 191 237 237 219 219 219 219 219 219 219 23 23 23 105 105 105 105 105 
105 61 61 61 61 203 203 203 203 203 191 191 191 191 219 219 219 219 219 219 219 23 23 229 244 105 105 105 105 
66 66 61 61 61 203 203 203 203 203 191 191 191 191 219 219 219 219 219 219 219 229 229 229 244 244 244 105 105 
66 66 66 48 48 48 203 203 203 191 191 191 191 191 219 219 219 219 219 219 229 229 229 229 244 244 244 244 244 
66 66 48 48 48 48 48 186 186 186 191 191 191 37 161 219 219 219 219 219 229 229 229 229 229 244 244 244 244 
66 48 48 48 48 48 214 186 186 186 186 37 37 37 161 161 161 161 235 235 229 229 229 229 229 244 244 244 244 
66 48 48 48 48 48 214 186 186 186 186 37 37 37 161 161 161 161 161 235 127 72 72 72 72 72 244 244 244 
62 62 48 48 48 214 214 181 186 186 186 37 37 37 161 161 161 161 161 235 127 72 72 72 72 72 72 72 62 
62 62 62 62 214 214 214 181 181 181 37 37 37 161 161 161 161 161 161 127 127 127 72 72 72 72 72 72 62 
62 62 62 62 82 214 214 214 181 181 37 37 37 161 161 161 161 161 161 231 231 231 72 72 72 72 72 72 62 
62 62 62 75 82 214 214 214 100 100 167 167 167 161 161 161 161 161 231 231 231 231 231 231 72 72 72 197 62 
223 223 75 75 75 75 100 100 100 100 167 167 167 167 166 166 166 166 231 231 231 231 231 131 131 131 29 29 223 
223 223 75 75 75 132 132 100 100 100 167 115 167 167 166 166 166 166 231 231 231 231 131 131 131 29 29 29 223 
27 75 75 75 132 132 132 100 100 100 167 167 167 167 166 166 166 166 231 231 231 131 131 131 131 29 29 29 29 
27 75 75 75 132 132 132 132 100 100 167 167 167 167 73 73 73 73 84 231 131 131 131 131 131 29 29 29 29 
27 75 75 158 158 132 132 132 100 100 100 167 167 73 73 73 73 73 73 131 131 131 131 131 131 29 29 29 29 
27 158 158 158 158 132 132 132 100 100 100 71 71 73 73 73 73 73 73 21 21 131 131 131 131 120 120 120 120 
158 158 158 158 158 158 132 132 100 100 126 71 71 73 73 73 73 73 73 21 21 21 21 131 120 120 120 120 120 
196 158 158 158 158 158 35 35 35 35 35 71 71 71 71 71 5 5 114 21 21 21 21 21 120 120 196 196 196 
196 59 158 158 158 35 35 35 35 35 35 71 71 71 71 5 5 5 5 21 21 21 21 21 196 196 196 196 196 
196 59 59 116 116 35 35 35 35 35 35 170 71 71 71 5 5 5 5 5 21 21 21 21 196 196 196 196 196 
196 59 59 59 59 35 35 35 35 170 170 170 71 71 5 5 5 5 5 5 21 21 21 177 196 196 196 196 196 
59 59 59 59 59 35 35 35 35 35 170 170 170 5 5 5 5 5 5 5 21 177 177 177 196 196 196 196 196 
59 59 59 59 59 59 35 35 35 35 35 35 35 5 5 5 5 5 5 5 95 177 177 177 44 44 44 196 59 
59 59 59 59 59 59 35 35 35 35 35 35 237 228 5 5 5 5 5 226 95 95 177 44 44 44 44 44 59 
59 59 59 59 59 59 55 55 35 110 110 110 237 228 228 228 226 226 226 226 95 95 44 44 44 44 44 44 59 
59 59 59 59 61 61 55 55 110 110 110 110 110 237 237 228 228 226 226 226 42 42 42 44 44 44 44 44 44 
59 61 61 61 61 61 55 55 55 110 110 110 110 237 237 237 185 226 226 42 42 42 42 44 44 44 44 40 40 
105 61 61 61 61 61 55 55 55 55 110 110 237 237 237 185 185 219 219 219 23 23 23 23 159 105 105 40 105 
105 61 61 61 61 61 55 203 203 203 191 191 237 237 185 185 185 219 219 219 23 23 23 23 159 105 40 40 105 
105 61 61 61 61 61 203 203 203 191 191 191 191 191 185 185 219 219 219 219 23 23 23 23 244 105 40 40 40 
66 66 61 61 61 61 203 203 203 191 191 191 191 191 185 185 219 219 219 219 23 23 23 244 244 244 244 40 40 
66 66 66 66 48 48 205 205 205 191 191 191 191 191 191 185 219 219 219 219 45 64 64 64 244 244 244 244 66 
66 66 66 66 48 48 205 205 205 186 191 191 191 191 191 161 235 235 235 45 45 229 64 64 244 244 244 244 66 
66 66 66 48 48 48 205 205 186 186 37 37 37 37 161 161 235 235 235 235 45 45 64 64 244 244 244 244 66 
66 62 62 48 48 48 181 181 186 186 37 37 37 37 161 161 161 235 235 235 127 127 127 64 244 244 244 244 66 
62 62 62 62 48 214 181 181 181 181 37 37 37 37 161 161 161 235 235 235 127 127 127 72 72 72 244 244 62 
62 62 62 62 62 214 181 181 181 181 37 37 37 37 161 161 161 161 235 127 127 127 127 72 72 72 72 62 62 
62 62 62 62 62 214 181 181 181 181 37 37 37 37 161 161 161 161 8 8 127 127 127 72 72 72 197 197 62 
62 62 62 62 62 214 100 100 100 100 100 167 167 37 161 161 161 161 8 8 8 231 231 231 197 197 197 197 62 
223 223 223 223 223 132 100 100 100 100 100 167 167 167 166 166 166 166 8 8 8 231 231 131 131 131 197 142 223 
223 223 223 223 132 132 100 100 100 100 100 167 167 167 166 166 166 166 8 8 231 231 131 131 131 29 29 29 223 
27 27 223 75 132 132 132 100 100 100 100 167 167 167 166 166 166 166 166 8 131 131 131 131 131 29 29 29 27 
27 27 27 27 132 132 132 100 100 100 100 167 167 167 166 73 73 73 73 131 131 131 131 131 131 29 29 29 27 
27 27 27 158 158 132 132 132 100 100 100 100 167 73 73 73 73 73 73 190 190 131 131 131 131 29 29 29 27 
27 27 158 158 158 132 132 132 100 100 100 71 71 73 73 73 73 73 73 190 190 190 131 131 131 131 29 29 27 
27 158 158 158 158 158 132 132 100 100 100 71 71 71 73 73 73 73 73 190 190 190 190 131 131 131 29 29 27 
6 158 158 158 158 158 172 172 172 172 172 71 71 71 71 71 114 114 114 190 190 190 190 190 190 120 196 196 196 
16 16 16 16 158 180 170 170 170 170 170 71 71 71 71 71 5 5 5 190 190 190 190 190 196 196 196 196 196 
16 16 16 16 134 35 170 170 170 170 170 170 71 71 71 5 5 5 5 5 190 190 177 177 177 196 196 196 196 
16 16 16 59 134 134 170 170 170 170 170 170 71 71 5 5 5 5 5 5 177 177 177 177 177 196 196 196 196 
59 59 59 59 134 134 170 170 170 170 170 170 170 5 5 5 5 5 5 5 177 177 177 177 177 196 196 196 196 
59 59 59 59 134 134 134 170 170 170 170 170 5 5 5 5 5 5 5 243 243 177 177 177 177 44 196 196 59 
59 59 59 59 59 134 134 170 170 170 170 110 237 240 240 240 240 5 243 243 243 177 177 177 177 44 44 44 59 
59 59 59 59 59 134 55 55 55 110 110 110 237 237 240 240 240 240 243 243 243 42 177 177 44 44 44 44 59 
59 59 59 61 61 55 55 55 55 110 110 110 237 237 237 240 240 240 243 243 42 42 42 159 159 159 159 159 159 
40 61 61 61 61 55 55 55 55 110 110 110 237 237 237 237 185 240 243 42 42 42 42 159 159 159 159 40 40 
40 61 61 61 61 61 55 55 55 55 110 110 237 237 237 185 185 185 23 23 23 23 23 23 159 159 40 40 40 
40 61 61 61 61 61 55 55 55 55 191 191 191 237 185 185 185 185 23 23 23 23 23 23 159 97 40 40 40 
40 61 61 61 61 61 55 55 55 191 191 191 191 191 185 185 185 185 23 23 23 23 23 23 97 97 40 40 40 
66 66 61 61 61 61 55 55 55 191 191 191 191 191 185 185 185 185 219 23 23 23 23 64 244 244 244 40 40 
66 66 66 66 66 205 205 205 205 191 191 191 191 191 191 185 185 235 235 45 45 23 64 64 244 244 244 244 66 
66 66 66 66 66 205 205 205 205 205 191 191 191 191 191 161 235 235 235 45 45 45 64 64 244 244 244 244 66 
66 66 66 66 66 205 205 205 205 37 37 37 37 37 37 161 235 235 235 45 45 45 64 64 244 244 244 244 66 
62 62 62 62 62 205 205 181 181 37 37 37 37 37 37 161 235 235 235 235 45 127 127 64 244 244 244 244 66 
62 62 62 62 62 181 181 181 181 181 37 37 37 37 161 161 235 235 235 235 127 127 127 127 127 244 244 244 62 
62 62 62 62 62 181 181 181 181 181 37 37 37 37 161 161 161 235 235 127 127 127 127 127 197 197 197 62 62 
62 62 62 62 62 181 181 181 181 181 37 37 37 37 161 161 161 161 8 8 8 127 127 127 197 197 197 197 62 
62 62 62 62 62 100 100 100 100 100 100 100 37 37 161 161 161 8 8 8 8 127 127 197 197 197 197 197 62 
223 223 223 223 223 109 100 100 100 100 100 100 167 167 166 166 166 8 8 8 8 8 127 197 197 197 197 142 223 
223 223 223 223 223 132 100 100 100 100 100 100 167 167 166 166 166 166 8 8 8 131 131 131 131 131 142 142 142 
27 27 27 27 132 132 100 100 100 100 100 100 167 167 166 166 166 166 8 8 190 131 131 131 131 29 142 142 142 
27 27 27 27 132 132 132 100 100 100 100 100 100 100 166 73 114 114 114 190 190 190 131 131 131 29 29 142 27 
27 27 27 158 158 132 132 100 100 100 100 100 100 73 73 73 114 114 114 190 190 190 190 131 131 131 29 29 27 
27 27 158 158 158 132 132 100 100 100 100 71 71 71 73 73 114 114 114 190 190 190 190 131 131 131 29 29 27 
27 158 158 158 158 158 132 100 172 172 172 71 71 71 71 73 114 114 114 190 190 190 190 190 131 131 29 29 27 
6 6 6 6 6 180 172 172 172 172 172 71 71 71 71 71 114 114 114 190 190 190 190 190 190 190 196 196 6 
16 16 16 16 180 180 172 172 172 172 172 71 71 71 71 71 5 5 114 190 190 190 190 190 190 196 196 196 16 
16 16 16 16 134 180 180 170 170 170 170 170 71 71 71 5 5 5 5 5 190 190 190 177 177 196 196 196 16 
16 16 16 134 134 134 134 170 170 170 170 170 71 71 71 5 5 5 5 5 177 177 177 177 177 177 196 196 16 
16 16 16 134 134 134 134 170 170 170 170 170 170 5 5 5 5 5 5 243 243 177 177 177 177 177 196 196 16 
16 16 134 134 134 134 134 170 170 170 170 170 170 240 240 240 5 5 243 243 243 177 177 177 177 177 196 196 16 
59 59 134 134 134 134 134 211 170 170 170 4 4 240 240 240 240 240 243 243 243 177 177 177 177 177 159 44 59 
59 59 134 134 134 134 211 211 211 4 4 4 4 240 240 240 240 240 243 243 243 42 177 177 159 159 159 159 159 
59 59 61 61 61 55 55 55 55 4 4 4 4 237 237 240 240 240 243 243 42 42 42 159 159 159 159 159 159 
40 61 61 61 61 55 55 55 55 4 4 4 4 237 237 240 240 240 243 42 42 42 42 159 159 159 159 159 159 
40 61 61 61 61 55 55 55 55 55 4 4 4 237 237 185 185 185 23 23 23 23 23 23 159 159 159 40 40 
40 61 61 61 61 55 55 55 55 55 4 4 4 237 185 185 185 185 23 23 23 23 23 23 97 97 97 40 40 
40 61 61 61 61 55 55 55 55 55 191 191 191 191 185 185 185 185 23 23 23 23 23 23 97 97 97 40 40 
66 66 66 61 61 55 55 55 55 191 191 191 191 191 185 185 185 185 23 23 23 23 23 23 209 209 209 40 40 
66 66 66 66 66 205 205 205 205 205 191 191 191 191 191 185 185 235 45 45 45 23 64 64 244 244 244 244 66 
66 66 66 66 205 205 205 205 205 205 191 191 191 191 191 93 235 235 45 45 45 45 64 64 244 244 244 244 66 
66 66 66 66 66 205 205 205 205 205 37 37 37 37 37 235 235 235 235 45 45 45 64 64 244 244 244 244 66 
62 62 62 62 205 205 205 205 205 37 37 37 37 37 37 235 235 235 235 45 45 45 127 64 244 244 244 244 66 
62 62 62 62 62 205 181 181 181 37 37 37 37 37 37 235 235 235 235 235 127 127 127 127 244 244 244 244 62 
62 62 62 62 62 181 181 181 181 181 37 37 37 37 37 37 235 235 235 127 127 127 127 127 197 197 197 197 62 
62 62 62 62 62 181 181 181 181 181 37 37 37 37 37 37 161 8 8 8 127 127 127 197 197 197 197 197 62 
62 62 183 183 183 109 109 100 100 100 100 100 37 37 37 161 161 8 8 8 8 127 127 197 197 197 197 197 142 
223 223 223 223 109 109 109 109 100 100 100 100 100 100 166 166 166 8 8 8 8 8 127 197 197 197 197 142 142 
223 223 223 223 223 109 109 109 100 100 100 100 100 100 166 166 166 166 8 8 8 143 131 131 197 142 142 142 142 
27 27 27 27 27 109 109 109 100 100 100 100 100 100 166 166 166 201 201 201 190 190 190 131 131 142 142 142 142 
27 27 27 27 27 109 109 109 100 100 100 100 100 100 114 114 114 114 114 201 190 190 190 157 131 142 142 142 142 
27 27 27 27 27 132 109 100 100 100 100 100 100 73 73 114 114 114 114 114 190 190 190 190 157 157 142 142 27 
27 27 27 27 158 132 152 152 100 100 100 71 71 71 73 114 114 114 114 114 190 190 190 190 157 157 157 142 27 
27 27 27 158 158 152 152 152 172 172 172 71 71 71 71 114 114 114 114 190 190 190 190 190 157 157 157 142 27 
6 6 6 6 6 180 152 172 172 172 172 172 71 71 71 201 114 114 114 190 190 190 190 190 190 190 6 6 6 
6 16 6 6 180 180 180 172 172 172 172 172 71 71 71 71 201 201 201 201 190 190 190 190 190 177 177 6 6 
16 16 16 16 134 180 180 172 172 172 172 172 71 71 71 71 201 201 201 201 190 190 177 177 177 177 177 16 16 
16 16 16 134 134 134 180 170 170 170 170 170 71 71 71 71 5 5 5 243 177 177 177 177 177 177 177 196 16 
16 16 16 134 134 134 134 170 170 170 170 170 71 71 71 5 5 5 243 243 243 177 177 177 177 177 177 196 16 
16 16 134 134 134 134 134 211 170 170 170 4 4 240 240 240 240 243 243 243 243 177 177 177 177 177 177 177 16 
16 16 134 134 134 134 211 211 211 211 4 4 4 240 240 240 240 243 243 243 243 177 177 177 177 177 159 159 159 
221 221 134 134 134 134 211 211 211 4 4 4 4 240 240 240 240 240 243 243 243 42 42 177 159 159 159 159 159 
221 221 221 134 134 175 175 175 175 4 4 4 4 4 240 240 240 240 243 243 42 42 42 159 159 159 159 159 159 
221 221 61 61 55 55 55 55 55 4 4 4 4 4 240 240 240 240 243 42 42 42 42 159 159 159 159 159 159 
221 61 61 61 55 55 55 55 55 55 4 4 4 4 107 107 107 240 23 23 23 42 23 23 159 159 159 159 40 
40 61 61 61 55 55 55 55 55 55 4 4 4 4 185 185 185 185 23 23 23 23 23 23 97 97 97 40 40 
40 123 123 61 55 55 55 55 55 55 55 191 191 191 185 185 185 23 23 23 23 23 23 23 97 97 97 40 40 
66 66 123 61 55 55 55 55 55 55 191 191 191 191 185 185 185 23 23 23 23 23 23 209 209 209 209 209 40 
66 66 66 66 205 205 205 205 205 205 191 191 191 191 93 93 93 235 45 45 45 23 23 209 209 209 209 209 209 
66 66 66 66 205 205 205 205 205 205 205 191 191 191 93 93 93 235 45 45 45 45 45 244 244 244 244 244 66 
66 66 66 66 205 205 205 205 205 205 37 37 37 93 93 93 93 235 45 45 45 45 45 244 244 244 244 244 244 
62 62 66 66 205 205 205 205 205 205 37 37 37 93 93 93 93 235 235 45 45 45 45 244 244 244 244 244 244 
62 62 62 183 183 205 205 205 20 20 37 37 37 37 93 93 93 235 235 45 45 45 127 197 244 244 244 244 62 
62 183 183 183 183 181 181 181 20 20 37 37 37 37 93 93 93 235 235 127 127 127 127 197 197 197 197 197 62 
183 183 183 183 183 109 109 181 20 100 37 37 37 37 3 3 3 8 8 8 127 127 41 197 197 197 197 197 183 
183 183 183 183 183 109 109 109 100 100 100 100 37 37 3 3 3 8 8 8 8 41 41 197 197 197 197 142 142 
142 183 183 183 183 109 109 109 109 100 100 100 100 100 3 3 3 8 8 143 143 143 41 41 197 197 197 142 142 
142 223 223 223 160 109 109 109 109 100 100 100 100 100 3 3 201 201 143 143 143 143 143 41 197 142 142 142 142 
142 27 27 27 160 109 109 109 109 100 100 100 100 100 201 201 201 201 201 201 190 190 190 157 157 142 142 142 142 
27 27 27 27 27 109 109 109 109 100 100 100 100 100 201 201 114 114 201 201 190 190 157 157 157 142 142 142 142 
27 27 27 27 27 152 152 152 152 100 100 100 100 201 201 114 114 114 114 201 190 190 190 157 157 157 142 142 142 
27 27 27 27 152 152 152 152 152 152 172 71 71 71 201 114 114 114 114 201 190 190 190 157 157 157 157 142 142 
6 27 6 6 152 152 152 152 172 172 172 71 71 71 71 114 114 114 114 201 190 190 190 190 157 157 157 142 142 
6 6 6 6 6 180 152 152 172 172 172 233 233 233 201 201 201 201 201 201 190 190 190 190 190 190 6 6 6 
6 6 6 6 180 180 180 172 172 172 172 233 233 71 71 201 201 201 201 201 190 190 190 190 190 177 6 6 6 
6 16 16 180 180 180 180 180 172 172 172 233 233 71 71 201 201 201 201 201 190 190 190 177 177 177 177 6 6 
16 16 16 134 180 180 180 180 172 172 172 233 233 71 71 163 163 201 201 201 177 177 177 177 177 177 177 16 16 
16 16 134 134 134 134 180 180 180 172 172 233 233 240 163 163 163 163 243 243 133 177 177 177 177 177 177 16 16 
16 16 134 134 134 134 134 211 211 211 4 4 240 240 240 240 240 240 243 243 133 133 177 177 177 177 177 177 16 
221 16 134 134 134 134 211 211 211 211 4 4 4 240 240 240 240 240 243 243 243 133 177 177 177 177 159 159 221 
221 221 134 134 134 211 211 211 211 211 4 4 4 240 240 240 240 240 243 243 243 42 177 177 159 159 159 159 221 
221 221 221 134 175 175 175 175 175 175 4 4 4 4 240 240 240 240 243 243 42 42 42 159 159 159 159 159 221 
221 221 221 221 55 175 175 175 175 175 4 4 4 4 107 107 107 240 243 42 42 42 42 159 159 159 159 159 159 
221 221 123 61 55 55 55 175 175 55 4 4 4 107 107 107 107 107 23 23 23 23 23 159 159 159 159 159 159 
123 123 123 123 55 55 55 55 55 55 4 4 4 107 107 107 107 107 23 23 23 23 23 23 97 97 97 159 159 
123 123 123 123 55 55 55 55 55 55 55 55 4 107 107 107 107 23 23 23 23 23 23 23 97 97 97 97 40 
123 123 123 123 123 55 55 55 55 55 55 55 191 191 107 107 107 23 23 23 23 23 23 23 209 209 209 209 209 
123 123 123 123 123 205 205 205 205 205 205 191 191 93 93 93 93 93 130 45 45 23 23 23 209 209 209 209 209 
66 123 123 123 205 205 205 205 205 205 205 191 191 93 93 93 93 93 45 45 45 45 45 244 209 209 209 209 66 
66 66 66 66 205 205 205 205 205 205 205 37 37 93 93 93 93 93 45 45 45 45 45 244 244 209 244 244 244 
54 54 66 176 113 205 205 205 205 20 20 20 37 93 93 93 93 93 45 45 45 45 45 244 244 244 244 244 54 
183 183 183 183 113 205 205 20 20 20 20 20 20 93 93 93 93 93 45 45 45 45 41 41 41 197 197 197 62 
183 183 183 183 183 183 20 20 20 20 20 20 20 93 93 93 93 93 93 45 45 41 41 41 41 197 197 197 62 
183 183 183 183 183 183 109 109 20 20 20 20 20 3 3 3 3 3 3 8 127 41 41 41 197 197 197 197 183 
183 183 183 183 183 109 109 109 109 100 100 100 3 3 3 3 3 3 143 143 143 41 41 41 41 197 197 142 183 
183 183 183 183 183 109 109 109 109 100 100 100 100 3 3 3 3 3 143 143 143 143 41 41 41 197 142 142 142 
142 183 160 160 160 109 109 109 109 100 100 100 100 3 3 3 3 201 143 143 143 143 143 41 41 142 142 142 142 
142 160 160 160 160 109 109 109 109 100 100 100 100 124 201 201 201 201 201 143 143 143 157 157 157 142 142 142 142 
142 27 160 160 160 109 109 109 109 100 100 100 124 124 201 201 201 201 201 201 190 190 157 157 157 157 142 142 142 
27 27 27 27 152 152 152 152 152 152 152 100 124 124 201 201 201 201 201 201 190 190 157 157 157 157 157 142 142 
6 27 6 6 152 152 152 152 152 152 152 233 124 201 201 201 201 201 201 201 190 190 190 157 157 157 157 142 142 
6 6 6 6 152 152 152 152 152 172 172 233 233 201 201 201 201 201 201 201 190 190 190 157 157 157 157 142 142 
6 6 6 6 6 180 152 152 152 172 233 233 233 233 201 201 201 201 201 201 190 190 190 190 190 190 6 6 6 
6 6 6 6 180 180 180 180 172 172 233 233 233 233 201 201 201 201 201 201 190 190 190 190 177 177 6 6 6 
6 6 6 180 180 180 180 180 172 172 233 233 233 233 233 201 201 201 201 201 190 190 177 177 177 177 6 6 6 
6 6 16 180 180 180 180 180 180 172 233 233 233 233 163 163 163 201 198 198 198 177 177 177 177 177 177 6 6 
16 16 134 134 180 180 180 180 180 172 233 233 233 163 163 163 163 163 198 133 133 133 177 177 177 177 177 16 16 
16 16 134 134 134 180 180 211 211 211 211 4 163 163 163 163 163 163 243 133 133 133 133 177 177 177 177 177 16 
221 221 134 134 134 211 211 211 211 211 211 4 4 240 163 163 163 163 243 243 133 133 133 133 177 177 177 221 221 
221 221 221 134 134 211 211 211 211 211 4 4 4 240 240 240 240 163 243 243 133 133 133 133 159 159 159 221 221 
221 221 221 221 175 175 175 175 175 175 4 4 4 107 107 107 107 163 243 243 42 42 42 159 159 159 159 221 221 
221 221 221 221 175 175 175 175 175 175 4 4 4 107 107 107 107 107 243 42 42 42 42 159 159 159 159 159 221 
221 221 123 87 87 175 175 175 175 175 4 4 4 107 107 107 107 107 10 10 23 23 23 159 159 159 159 159 221 
221 123 123 123 87 87 55 175 175 55 4 4 4 107 107 107 107 107 10 10 23 23 23 23 159 97 159 159 221 
123 123 123 123 87 87 87 55 55 55 55 4 4 107 107 107 107 107 10 23 23 23 23 23 97 97 97 97 221 
123 123 123 123 87 87 87 87 55 55 55 55 191 107 107 107 107 130 130 130 23 23 23 23 209 209 209 209 209 
54 123 123 123 87 87 87 205 205 205 205 205 93 93 93 93 93 130 130 130 130 130 23 23 209 209 209 209 54 
54 54 54 54 87 87 205 205 205 205 205 205 93 93 93 93 93 93 130 130 130 130 130 212 212 209 209 54 54 
54 54 54 54 113 205 205 205 205 205 20 20 210 93 93 93 93 93 130 130 130 130 130 212 212 209 244 244 54 
54 54 54 176 113 113 113 205 20 20 20 20 210 93 93 93 93 93 93 130 130 130 212 212 212 212 187 187 54 
183 183 183 176 113 113 113 20 20 20 20 20 210 93 93 93 93 93 93 130 130 41 41 41 41 41 187 187 187 
183 183 183 183 183 113 20 20 20 20 20 20 20 93 93 93 93 93 93 93 41 41 41 41 41 41 197 187 187 
183 183 183 183 183 183 109 20 20 20 20 20 20 3 3 3 3 3 3 143 143 41 41 41 41 41 197 197 183 
183 183 183 183 168 168 109 109 109 20 20 20 3 3 3 3 3 3 143 143 143 41 41 41 41 41 197 142 183 
183 183 183 160 160 160 109 109 109 109 20 100 3 3 3 3 3 3 143 143 143 143 41 41 41 41 142 142 142 
183 160 160 160 160 160 109 109 109 109 100 100 124 124 3 3 3 201 143 143 143 143 143 41 41 142 142 142 142 
160 160 160 160 160 160 109 109 109 109 100 124 124 124 124 201 201 201 201 143 143 143 143 157 157 142 142 142 142 
160 160 160 160 160 160 152 152 152 152 100 124 124 124 124 201 201 201 201 201 143 190 157 157 157 157 142 142 142 
27 160 160 160 160 152 152 152 152 152 152 124 124 124 201 201 201 201 201 201 190 190 157 157 157 157 157 142 142 
6 6 6 6 152 152 152 152 152 152 152 233 124 201 201 201 201 201 201 201 190 190 190 157 157 157 157 157 142 
6 6 6 6 152 152 152 152 152 152 233 233 233 201 201 201 201 201 201 201 190 190 190 157 157 157 157 165 165 
6 6 6 6 6 180 152 152 152 233 233 233 233 233 201 201 201 201 201 201 201 201 190 190 151 151 6 6 6 
6 6 6 6 180 180 180 180 152 233 233 233 233 233 201 201 201 201 201 201 201 201 190 190 151 80 6 6 6 
6 6 6 180 180 180 180 180 180 233 233 233 233 233 155 201 201 201 198 198 198 198 198 177 177 177 6 6 6 
6 6 6 180 180 180 180 180 180 233 233 233 233 155 163 163 163 163 198 198 198 198 177 177 177 177 177 6 6 
6 6 6 180 180 180 180 180 180 180 233 233 155 163 163 163 163 163 198 198 133 133 133 133 133 177 177 178 6 
221 221 134 134 180 180 180 211 211 211 81 81 163 163 163 163 163 163 14 14 133 133 133 133 133 133 106 106 221 
221 221 221 134 180 211 211 211 211 211 211 81 26 163 163 163 163 163 163 133 133 133 133 133 133 133 106 221 221 
221 221 221 221 211 211 211 211 211 211 211 4 4 163 163 163 163 163 163 133 133 133 133 133 133 159 159 221 221 
221 221 221 221 175 175 175 175 175 175 175 4 4 107 107 107 107 163 163 243 133 133 133 133 159 159 159 221 221 
221 221 221 221 175 175 175 175 175 175 4 4 4 107 107 107 107 107 10 10 10 10 133 159 159 159 159 221 221 
221 221 221 87 87 175 175 175 175 175 175 4 4 107 107 107 107 107 10 10 10 10 23 159 159 159 159 221 221 
221 123 123 87 87 87 87 175 175 175 175 4 107 107 107 107 107 107 10 10 10 10 23 23 159 159 159 221 221 
123 123 123 123 87 87 87 87 87 87 87 4 215 107 107 107 107 10 10 10 10 23 23 23 97 97 234 234 221 
123 123 123 123 87 87 87 87 87 87 87 215 215 215 107 107 107 130 130 130 130 23 23 23 234 209 209 234 234 
54 54 123 87 87 87 87 87 87 87 87 215 215 215 215 93 93 130 130 130 130 130 130 212 234 209 234 234 54 
54 54 54 54 87 87 87 87 87 87 87 20 210 210 93 93 93 130 130 130 130 130 212 212 212 212 202 54 54 
54 54 54 54 113 113 113 87 87 20 20 20 210 210 93 93 93 93 130 130 130 130 212 212 212 212 202 202 54 
54 54 54 176 113 113 113 113 20 20 20 20 210 210 93 93 93 93 130 130 130 130 212 212 212 212 187 187 54 
54 54 176 176 113 113 113 113 20 20 20 20 210 210 93 93 93 93 93 130 130 130 212 212 212 187 187 187 187 
183 183 183 168 168 113 113 20 20 20 20 20 210 210 93 93 93 93 93 130 143 41 41 41 41 41 187 187 187 
183 183 183 168 168 168 168 199 20 20 20 20 20 3 3 3 3 3 3 143 143 41 41 41 41 41 187 187 187 
183 183 168 168 168 168 168 109 20 20 20 20 3 3 3 3 3 3 143 143 143 143 41 41 41 41 187 187 183 
183 160 160 160 160 160 160 109 109 109 20 124 124 3 3 3 3 3 143 143 143 143 41 41 41 41 41 142 183 
160 160 160 160 160 160 160 160 109 174 241 124 124 124 124 3 3 9 143 143 143 143 143 41 41 41 142 142 142 
160 160 160 160 160 160 160 160 109 174 241 124 124 124 124 124 201 201 201 143 143 143 143 157 157 142 142 142 142 
160 160 160 160 160 160 152 152 152 152 241 124 124 124 124 201 201 201 201 201 143 143 157 157 157 157 142 142 142 
160 160 160 160 160 152 152 152 152 152 152 124 124 124 124 201 201 201 201 201 201 190 157 157 157 157 165 165 165 
6 6 6 6 152 152 152 152 152 152 152 124 124 124 201 201 201 201 201 201 201 190 190 157 157 157 165 165 165 
6 6 6 6 152 152 152 152 152 152 233 233 233 201 201 201 201 201 201 201 201 190 190 157 157 157 165 165 165 
6 6 6 60 60 60 152 91 91 91 91 233 233 155 201 201 201 201 201 201 201 201 151 151 151 151 80 165 6 
6 6 60 60 60 180 180 91 91 91 91 233 233 155 155 201 201 201 201 198 198 198 198 151 151 80 80 165 6 
6 6 60 60 180 180 180 180 91 91 91 233 155 155 155 155 155 198 198 198 198 198 198 198 80 80 80 6 6 
6 6 60 180 180 180 180 180 91 91 91 155 155 155 155 163 163 198 198 198 198 198 198 133 133 204 204 178 178 
178 178 178 180 180 180 180 180 180 81 81 155 155 155 163 163 163 163 198 14 14 133 133 133 106 106 106 178 178 
178 178 221 134 180 180 180 211 211 81 81 155 155 163 163 163 163 163 14 14 14 133 133 133 106 106 106 106 178 
221 221 221 221 180 211 211 211 211 81 81 81 26 163 163 163 163 163 14 14 14 133 133 133 106 106 106 106 221 
221 221 221 221 221 211 211 211 211 81 81 81 26 26 163 163 163 163 14 14 133 133 133 133 106 106 106 221 221 
221 221 221 221 221 175 175 175 175 175 81 26 26 26 26 163 163 163 163 14 133 133 133 106 106 106 106 221 221 
221 221 221 221 175 175 175 175 175 175 175 4 26 107 107 107 107 107 10 10 10 10 133 106 106 106 106 221 221 
221 221 221 87 87 87 175 175 175 175 175 4 107 107 107 107 107 10 10 10 10 10 10 106 106 106 234 221 221 
221 221 87 87 87 87 87 175 175 175 175 215 107 107 107 107 107 10 10 10 10 10 10 234 234 234 234 234 221 
123 123 87 87 87 87 87 87 87 87 215 215 215 215 215 107 107 10 10 10 10 10 10 234 234 234 234 234 234 
123 123 87 87 87 87 87 87 87 87 87 215 215 215 215 215 130 130 130 130 130 130 212 234 234 234 234 234 234 
54 54 54 87 87 87 87 87 87 87 87 215 215 215 215 215 93 130 130 130 130 130 212 212 234 234 234 234 54 
54 54 54 54 87 87 87 87 87 87 87 215 215 210 210 93 93 130 130 130 130 130 212 212 212 212 202 202 54 
54 54 54 176 113 113 113 87 87 87 199 210 210 210 210 93 93 130 130 130 130 130 212 212 212 212 202 202 54 
54 54 54 176 113 113 113 113 199 199 199 210 210 210 210 93 93 93 130 130 130 130 212 212 212 212 202 202 202 
202 54 176 176 113 113 113 199 199 199 199 199 210 210 210 93 93 93 130 130 130 130 212 212 212 212 187 187 187 
187 168 168 168 176 113 113 199 199 199 199 199 210 210 210 93 93 93 130 130 130 41 41 41 41 187 187 187 187 
187 168 168 168 168 168 168 199 199 199 199 199 199 210 3 3 3 9 9 143 143 41 41 41 41 41 187 187 187 
160 160 168 168 168 168 168 199 199 199 199 199 199 3 3 3 3 9 9 143 143 143 41 41 41 41 187 187 187 
160 160 160 160 160 160 160 160 199 199 199 241 241 124 3 3 9 9 9 143 143 143 41 41 41 41 187 187 187 
160 160 160 160 160 160 160 160 174 174 241 241 124 124 124 9 9 9 9 143 143 143 143 41 41 41 187 92 92 
160 160 160 160 160 160 160 174 174 174 241 241 124 124 124 124 9 9 9 143 143 143 143 143 143 179 142 92 92 
160 160 160 160 160 160 160 152 174 174 241 241 124 124 124 124 201 201 201 201 143 143 151 151 151 179 179 165 165 
160 160 160 160 160 152 152 152 174 174 241 241 124 124 124 201 201 201 201 201 201 151 151 151 151 151 165 165 165 
6 6 6 236 236 152 152 152 152 241 241 241 124 124 124 201 201 201 201 201 201 151 151 151 151 151 165 165 165 
6 6 6 60 60 152 152 152 152 152 241 241 124 201 201 201 201 201 201 201 201 151 151 151 151 151 165 165 165 
6 60 60 60 60 60 60 91 91 91 91 91 91 155 201 201 201 201 201 198 198 198 151 151 151 151 80 165 165 
6 60 60 60 60 60 60 91 91 91 91 91 155 155 155 155 201 198 198 198 198 198 198 151 151 80 80 165 165 
6 60 60 60 60 60 60 91 91 91 91 155 155 155 155 155 198 198 198 198 198 198 198 80 80 80 80 80 178 
178 178 60 60 60 60 180 91 91 91 91 155 155 155 155 155 163 198 198 198 198 198 198 198 204 204 204 178 178 
178 178 178 60 60 180 180 180 91 91 91 155 155 155 155 163 163 198 198 14 14 198 198 133 106 106 106 178 178 
178 178 178 218 218 180 180 182 81 81 81 155 155 155 163 163 163 14 14 14 14 14 133 133 106 106 106 178 178 
221 221 221 221 218 218 211 211 81 81 81 81 26 26 163 163 163 163 14 14 14 14 133 106 106 106 106 106 221 
221 221 221 221 221 218 211 211 81 81 81 81 26 26 26 163 163 163 14 14 14 133 133 106 106 106 106 106 221 
221 221 221 221 221 175 175 175 175 81 81 26 26 26 26 12 12 163 14 14 14 133 133 106 106 106 106 221 221 
221 221 221 221 221 175 175 175 175 175 81 26 26 26 12 12 12 12 10 10 10 10 106 106 106 106 106 221 221 
221 221 221 87 87 87 175 175 175 175 175 26 26 12 12 12 12 10 10 10 10 10 10 106 106 106 234 221 221 
221 221 87 87 87 87 87 87 175 175 215 215 215 215 215 12 12 10 10 10 10 10 10 234 234 234 234 234 221 
221 87 87 87 87 87 87 87 87 87 215 215 215 215 215 215 215 10 10 10 10 10 10 234 234 234 234 234 234 
54 54 87 87 87 87 87 87 87 87 215 215 215 215 215 215 215 130 130 130 130 130 212 234 234 234 234 234 234 
54 54 54 87 87 87 87 87 87 87 88 215 215 215 215 215 215 130 130 130 130 130 212 212 234 234 234 234 54 
54 54 54 176 87 87 87 87 87 87 88 215 215 215 215 215 93 130 130 130 130 130 212 212 212 212 202 202 54 
54 54 54 176 176 113 113 87 87 199 199 199 210 210 210 210 93 130 130 130 130 212 212 212 212 212 202 202 202 
202 54 176 176 176 113 113 113 199 199 199 199 210 210 210 210 93 130 130 130 130 212 212 212 212 202 202 202 202 
202 176 176 176 176 113 113 199 199 199 199 199 210 210 210 210 93 93 130 130 130 212 212 212 212 202 202 202 202 
202 176 176 176 176 176 199 199 199 199 199 199 199 210 210 93 93 9 9 130 130 212 212 212 212 187 187 187 187 
92 168 168 168 168 168 199 199 199 199 199 199 199 199 3 3 9 9 9 9 143 41 41 41 41 187 187 187 187 
92 160 168 168 168 168 168 199 199 199 199 199 199 199 9 9 9 9 9 9 143 143 41 41 41 41 187 187 92 
92 160 160 160 160 160 160 199 199 199 199 241 241 241 124 9 9 9 9 9 143 143 41 41 41 41 92 92 92 
160 160 160 160 160 160 160 174 174 174 241 241 241 124 124 9 9 9 9 9 143 143 143 41 101 179 179 92 92 
160 160 160 160 160 160 160 174 174 174 241 241 241 124 124 9 9 9 9 9 143 143 143 179 179 179 179 92 92 
160 160 160 160 236 236 236 174 174 174 241 241 241 124 124 124 9 9 9 9 9 151 151 151 151 179 179 165 165 
165 160 236 236 236 236 236 174 174 174 241 241 241 124 124 124 201 201 201 201 201 151 151 151 151 151 165 165 165 
165 165 236 236 236 236 236 174 174 174 241 241 241 124 124 201 201 201 201 201 201 151 151 151 151 151 165 165 165 
165 60 60 60 60 236 236 91 91 91 91 241 241 241 201 201 201 201 201 201 201 151 151 151 151 151 165 165 165 
60 60 60 60 60 60 60 91 91 91 91 91 91 155 155 201 201 198 198 198 198 198 151 151 151 80 80 165 165 
60 60 60 60 60 60 60 91 91 91 91 91 155 155 155 155 198 198 198 198 198 198 198 80 80 80 80 80 178 
178 60 60 60 60 60 60 91 91 91 91 91 155 155 155 155 198 198 198 198 198 198 198 80 80 80 80 80 178 
178 178 60 60 60 60 91 91 91 91 91 155 155 155 155 155 198 198 198 198 198 198 198 204 204 204 204 178 178 
178 178 178 178 60 218 218 182 182 182 182 155 155 155 155 155 163 198 198 14 198 198 198 106 106 106 178 178 178 
178 178 178 218 218 218 218 182 182 182 182 155 155 155 163 163 163 14 14 14 14 14 14 106 106 106 106 178 178 
178 221 221 221 218 218 218 182 182 81 81 182 26 26 26 163 163 14 14 14 14 14 106 106 106 106 106 106 178 
221 221 221 221 218 218 218 182 182 81 81 26 26 26 26 26 163 14 14 14 14 14 106 106 106 106 106 106 221 
221 221 221 221 218 218 218 182 182 182 182 182 26 26 26 12 12 12 14 14 14 14 106 106 106 106 106 106 221 
221 221 221 221 218 218 218 182 182 182 182 182 26 26 12 12 12 12 139 139 139 139 106 106 106 106 106 221 221 
221 221 221 221 87 87 175 182 182 182 182 182 26 12 12 12 12 12 139 139 139 139 139 106 106 234 234 221 221 
221 221 87 87 87 87 87 87 182 96 96 215 215 215 215 12 12 139 139 139 139 139 139 234 234 234 234 234 221 
221 87 87 87 87 87 87 87 87 96 96 215 215 215 215 215 215 139 139 139 139 139 234 234 234 234 234 234 234 
54 54 87 87 87 87 87 87 87 88 96 215 215 215 215 215 215 130 130 139 139 139 212 234 234 234 234 234 234 
54 54 87 87 87 87 87 87 87 88 88 215 215 215 215 215 215 130 130 130 130 130 212 212 234 234 234 234 234 
54 54 176 176 87 87 87 87 87 88 88 215 215 215 245 245 245 130 130 130 130 212 212 212 212 212 202 202 202 
54 54 176 176 176 176 87 87 199 199 199 88 245 245 245 245 245 130 130 130 130 212 212 212 212 212 202 202 202 
202 176 176 176 176 176 113 199 199 199 199 199 138 210 245 245 245 130 130 130 130 212 212 212 212 202 202 202 202 
202 176 176 176 176 176 113 199 199 199 199 199 138 210 210 210 93 130 130 130 130 212 212 212 212 202 202 202 202 
202 176 176 176 176 176 199 199 199 199 199 199 138 138 138 9 9 9 9 184 184 212 212 212 212 202 202 202 202 
92 92 176 176 176 176 199 199 199 199 199 199 138 138 138 9 9 9 9 184 184 212 212 212 212 202 202 92 92 
92 92 160 168 160 160 199 199 199 199 199 199 199 199 9 9 9 9 9 9 9 101 101 101 101 101 92 92 92 
92 92 160 160 160 160 160 199 199 199 199 241 241 241 9 9 9 9 9 9 9 9 101 101 101 101 92 92 92 
92 160 160 160 160 160 160 174 174 174 241 241 241 241 9 9 9 9 9 9 9 9 101 101 101 179 179 92 92 
92 160 160 160 160 236 236 174 174 174 241 241 241 241 124 9 9 9 9 9 9 9 101 179 179 179 179 92 92 
92 160 236 236 236 236 236 174 174 174 241 241 241 241 124 9 9 9 9 9 9 151 151 151 179 179 179 165 165 
165 236 236 236 236 236 236 174 174 174 241 241 241 241 124 124 9 9 9 9 151 151 151 151 151 179 165 165 165 
165 165 236 236 236 236 236 174 174 174 241 241 241 241 124 201 201 9 9 201 151 151 151 151 151 151 165 165 165 
165 60 60 60 236 236 236 91 91 91 91 241 241 241 201 201 201 201 201 201 151 151 151 151 151 151 165 165 165 
60 60 60 60 60 60 60 91 91 91 91 91 91 155 155 155 155 198 198 198 198 198 151 80 80 80 80 80 80 
178 60 60 60 60 60 60 91 91 91 91 91 155 155 155 155 155 198 198 198 198 198 198 80 80 80 80 80 80 
178 60 60 60 60 60 60 91 91 91 91 155 155 155 155 155 198 198 198 198 198 198 198 80 80 80 80 80 178 
178 178 60 60 60 60 60 91 91 91 91 155 155 155 155 155 198 198 198 198 198 198 198 204 204 204 204 178 178 
178 178 178 178 60 218 218 182 182 182 182 155 155 155 155 155 198 198 198 198 198 198 198 204 204 204 178 178 178 
178 178 178 218 218 218 218 182 182 182 182 182 155 155 155 155 14 14 14 14 14 14 14 106 106 106 106 178 178 
178 178 221 218 218 218 218 182 182 182 182 182 26 26 26 26 14 14 14 14 14 14 14 106 106 106 106 178 178 
221 221 221 218 218 218 218 182 182 182 182 182 26 26 26 26 26 14 14 14 14 14 106 106 106 106 106 106 221 
221 221 221 218 218 218 218 182 182 182 182 182 26 26 26 12 12 12 14 14 14 14 106 106 106 106 106 106 221 
221 221 221 221 218 218 218 182 182 182 182 182 26 26 12 12 12 12 139 139 139 139 139 106 106 106 106 221 221 
221 221 221 221 218 218 218 182 182 182 182 96 96 96 12 12 12 139 139 139 139 139 139 106 106 234 234 234 221 
221 221 221 87 87 87 13 13 182 96 96 96 96 215 215 12 12 139 139 139 139 139 139 234 234 234 234 234 234 
221 87 87 87 87 87 87 87 88 96 96 96 215 215 215 215 215 139 139 139 139 139 139 234 234 234 234 234 234 
54 87 87 87 87 87 87 88 88 88 96 96 215 215 215 215 215 139 139 139 139 139 234 234 234 234 234 234 234 
54 176 176 87 87 87 87 88 88 88 88 88 215 215 215 245 245 139 130 139 139 139 212 212 234 234 234 234 234 
54 176 176 176 176 87 87 88 88 88 88 88 245 245 245 245 245 130 130 130 130 212 212 212 212 212 234 202 202 
202 176 176 176 176 176 87 88 88 88 88 88 245 245 245 245 245 245 130 130 130 212 212 212 212 212 202 202 202 
202 176 176 176 176 176 176 199 199 199 199 138 138 245 245 245 245 245 130 130 130 212 212 212 212 202 202 202 202 
202 176 176 176 176 176 176 199 199 199 199 138 138 138 245 245 245 184 130 130 17 17 212 212 212 202 202 202 202 
202 176 176 176 176 176 199 199 199 199 199 138 138 138 138 245 184 184 184 184 184 17 212 212 212 202 202 202 202 
92 92 176 176 176 176 199 199 199 199 199 138 138 138 138 184 184 184 184 184 184 17 17 17 17 17 92 92 92 
92 92 160 176 160 51 51 199 199 199 199 199 138 138 184 184 184 184 184 184 184 101 101 101 101 101 92 92 92 
92 92 160 160 160 51 51 140 140 199 199 241 241 241 9 9 9 9 9 9 9 101 101 101 101 101 92 92 92 
92 92 160 160 160 51 140 140 140 174 241 241 241 241 241 9 9 9 9 9 9 101 101 101 101 179 179 92 92 
92 92 160 236 236 236 140 140 140 174 241 241 241 241 241 9 9 9 9 9 9 101 101 101 179 179 179 179 92 
92 236 236 236 236 236 236 140 174 174 241 241 241 241 241 9 9 9 9 9 9 151 151 179 179 179 179 179 92 
165 236 236 236 236 236 236 174 174 174 241 241 241 241 241 164 164 164 164 164 151 151 151 151 179 179 179 165 165 
165 236 236 236 236 236 236 174 174 174 241 241 241 241 241 164 164 164 164 164 151 151 151 151 151 179 165 165 165 
165 60 60 60 236 236 236 91 91 91 91 241 241 241 241 201 164 164 164 201 151 151 151 151 151 80 165 165 165 
60 60 60 60 60 60 60 91 91 91 91 91 91 155 155 155 28 28 28 198 198 198 80 80 80 80 80 80 80 
178 60 60 60 60 60 60 91 91 91 91 91 155 155 155 155 28 198 198 198 198 198 80 80 80 80 80 80 80 
178 178 60 60 60 60 60 91 91 91 91 155 155 155 155 155 155 198 198 198 198 68 68 80 80 80 80 80 178 
178 178 178 60 60 60 218 182 91 91 91 155 155 155 155 155 198 198 198 198 198 68 68 204 204 204 204 178 178 
178 178 178 178 218 218 218 182 182 182 182 182 155 155 155 155 198 198 198 198 198 68 68 204 204 204 204 178 178 
178 178 178 218 218 218 218 182 182 182 182 182 155 155 155 155 14 14 14 14 14 14 14 204 204 204 178 178 178 
178 178 178 218 218 218 218 182 182 182 182 182 182 26 26 26 14 14 14 14 14 14 14 106 106 106 106 178 178 
221 221 221 218 218 218 218 182 182 182 182 182 26 26 26 26 26 14 14 14 14 14 106 106 106 106 106 106 178 
221 221 221 218 218 218 218 182 182 182 182 182 182 26 26 12 12 139 139 139 139 139 106 106 106 106 106 106 221 
221 221 221 218 218 218 218 182 182 182 182 182 182 26 12 12 12 139 139 139 139 139 139 106 106 106 106 106 221 
221 221 221 13 13 13 13 182 182 182 96 96 96 96 12 12 12 139 139 139 139 139 139 7 7 7 7 7 221 
221 221 221 13 13 13 13 13 182 96 96 96 96 96 215 12 139 139 139 139 139 139 139 7 7 7 234 234 234 
221 221 87 87 13 13 13 13 88 96 96 96 96 96 215 215 139 139 139 139 139 139 139 234 234 234 234 234 234 
53 53 87 87 87 13 88 88 88 88 96 96 96 215 215 215 139 139 139 139 139 139 139 234 234 234 234 234 53 
53 176 176 87 87 87 88 88 88 88 88 88 88 245 245 245 245 227 227 227 227 227 212 212 234 234 234 53 53 
53 176 176 176 176 88 88 88 88 88 88 88 245 245 245 245 245 227 227 227 227 227 212 212 212 53 53 53 53 
202 176 176 176 176 176 88 88 88 88 88 88 245 245 245 245 245 227 227 227 227 227 212 212 212 52 52 202 202 
202 176 176 176 176 176 88 88 88 88 138 138 245 245 245 245 245 245 227 227 227 17 212 212 212 52 52 202 202 
202 176 176 176 176 176 176 199 199 138 138 138 138 138 245 245 245 184 184 227 17 17 17 17 17 52 52 202 202 
202 176 176 176 176 176 199 199 199 199 138 138 138 138 138 245 184 184 184 184 17 17 17 17 17 17 52 202 202 
92 92 176 176 176 51 51 199 199 199 138 138 138 138 138 184 184 184 184 184 184 17 17 17 17 17 112 112 92 
92 92 34 34 51 51 51 199 199 199 199 138 138 138 138 184 184 184 184 184 184 101 101 101 101 101 112 112 92 
92 92 34 34 51 51 51 140 140 140 199 241 241 138 184 184 184 184 184 184 184 101 101 101 101 101 112 92 92 
92 92 34 34 51 51 140 140 140 140 241 241 241 241 241 9 9 9 9 9 9 101 101 101 101 179 179 92 92 
92 92 34 34 51 51 140 140 140 140 241 241 241 241 241 9 164 164 164 164 164 101 101 101 179 179 179 179 92 
92 207 207 236 236 236 140 140 140 140 241 241 241 241 241 164 164 164 164 164 164 101 101 179 179 179 179 179 179 
207 207 207 207 236 236 140 140 140 174 241 241 241 241 241 164 164 164 164 164 164 151 151 179 179 179 179 179 179 
207 207 207 207 236 236 236 140 140 174 241 241 241 241 241 164 164 164 164 164 164 151 151 151 179 179 179 165 165 
207 207 207 207 207 236 236 140 91 174 241 241 241 241 241 164 164 164 164 164 151 151 151 151 80 80 80 80 165 
207 207 207 207 207 207 207 136 136 136 136 136 136 155 189 28 28 28 28 28 68 68 74 80 80 80 80 80 80 
178 207 207 207 207 207 207 136 136 136 136 136 155 155 189 28 28 28 28 28 68 68 68 80 80 80 80 80 80 
178 178 60 60 60 60 60 91 91 136 136 136 155 155 155 155 28 28 28 68 68 68 68 80 80 80 80 80 178 
178 178 178 69 69 69 218 182 182 136 136 155 18 155 155 155 28 28 198 68 68 68 68 68 204 204 204 178 178 
178 178 178 69 69 69 218 182 182 182 182 18 18 18 18 155 198 198 198 68 68 68 68 68 204 204 204 178 178 
178 178 178 218 218 218 218 182 182 182 182 18 18 18 18 18 14 14 14 14 68 68 68 68 204 204 204 178 178 
178 178 178 218 218 218 218 182 182 182 182 182 18 18 18 18 14 14 14 14 14 68 68 106 106 204 106 178 178 
178 221 221 218 218 218 218 182 182 182 182 182 18 18 18 18 18 14 14 14 14 14 43 106 106 106 106 178 178 
221 221 221 218 218 218 218 182 182 182 182 182 182 18 26 12 12 56 56 56 56 56 43 43 106 106 106 106 221 
221 221 221 218 218 218 218 182 182 182 182 182 96 96 12 12 12 56 56 56 56 56 56 7 7 7 7 7 221 
221 221 206 13 13 13 13 13 182 182 96 96 96 96 96 12 56 56 56 56 56 56 56 7 7 7 7 7 7 
206 206 206 13 13 13 13 13 13 96 96 96 96 96 96 12 56 56 139 139 56 56 56 7 7 7 7 7 7 
206 206 206 13 13 13 13 13 88 96 96 96 96 96 96 96 139 139 139 139 56 56 56 7 7 7 7 7 7 
53 53 171 13 13 13 88 88 88 88 96 96 96 96 96 245 11 139 139 139 56 56 56 7 7 7 53 53 53 
53 53 171 171 171 88 88 88 88 88 88 88 88 245 245 245 245 227 227 227 227 227 227 212 7 53 53 53 53 
53 53 176 176 176 88 88 88 88 88 88 88 245 245 245 245 245 227 227 227 227 227 227 212 52 53 53 53 53 
53 176 176 176 176 88 88 88 88 88 88 88 245 245 245 245 245 227 227 227 227 227 227 212 52 52 52 52 53 
52 176 176 176 176 57 88 88 88 88 88 88 245 245 245 245 245 227 227 227 227 17 17 15 52 52 52 52 52 
52 176 176 176 176 222 88 88 88 138 138 138 138 245 245 245 245 184 227 227 17 17 17 15 15 52 52 52 52 
112 176 176 176 176 222 222 199 88 138 138 138 138 138 138 245 184 184 184 184 17 17 17 17 17 17 52 112 112 
112 112 119 119 222 222 222 199 199 138 138 138 138 138 138 184 184 184 184 184 17 17 17 17 17 17 112 112 112 
112 34 34 34 51 51 51 51 51 138 138 138 138 138 184 184 184 184 184 184 184 17 17 17 17 112 112 112 112 
92 34 34 34 51 51 51 140 140 140 140 138 138 138 184 184 184 184 184 184 101 101 101 101 101 112 112 112 112 
92 34 34 34 51 51 51 140 140 140 140 241 83 83 83 164 164 164 164 164 164 101 101 101 101 179 179 112 92 
92 34 34 34 51 51 140 140 140 140 140 241 83 83 83 164 164 164 164 164 164 101 101 101 179 179 179 179 92 
207 207 207 207 207 51 140 140 140 140 140 241 83 83 83 164 164 164 164 164 164 74 101 179 179 179 179 179 179 
207 207 207 207 207 207 140 140 140 140 140 241 83 83 83 164 164 164 164 164 164 74 74 179 179 179 179 179 179 
207 207 207 207 207 207 140 140 140 140 140 241 83 83 83 164 164 164 164 164 74 74 74 179 179 179 179 179 179 
207 207 207 207 207 207 207 140 140 136 136 241 83 83 83 164 164 164 164 164 74 74 74 179 80 80 80 80 80 
207 207 207 207 207 207 207 136 136 136 136 136 136 189 189 28 28 28 28 28 28 74 74 74 80 80 80 80 80 
207 207 207 207 207 207 207 136 136 136 136 136 189 189 189 28 28 28 28 28 68 68 68 68 80 80 80 80 80 
178 178 207 207 69 69 136 136 136 136 136 136 189 189 189 28 28 28 28 68 68 68 68 68 80 80 80 80 80 
178 178 69 69 69 69 69 182 136 136 136 18 18 18 18 28 28 28 28 68 68 68 68 68 204 204 204 204 178 
178 178 69 69 69 69 69 182 182 182 18 18 18 18 18 18 28 28 217 68 68 68 68 68 204 204 204 178 178 
178 178 69 69 69 69 218 182 182 182 18 18 18 18 18 18 217 217 217 217 68 68 68 68 204 204 204 178 178 
178 178 69 69 69 218 218 182 182 182 18 18 18 18 18 18 217 217 217 217 68 68 68 43 232 232 232 178 178 
178 221 218 218 218 218 218 182 182 182 182 18 18 18 18 18 18 217 217 217 217 217 43 43 232 232 232 232 232 
221 221 221 218 218 218 218 182 182 182 182 182 18 18 18 18 56 56 56 56 56 43 43 43 232 232 232 232 232 
206 65 65 13 13 13 13 182 182 182 182 182 96 18 18 12 56 56 56 56 56 56 43 43 232 232 232 232 232 
206 206 206 13 13 13 13 13 182 182 96 96 96 96 96 56 56 56 56 56 56 56 43 43 7 7 7 7 7 
206 206 206 13 13 13 13 13 13 96 96 96 96 96 96 56 56 56 56 56 56 56 56 7 7 7 7 7 7 
206 206 206 13 13 13 13 13 88 96 96 96 96 96 96 11 11 56 56 56 56 56 56 7 7 7 7 7 7 
53 206 171 171 13 13 88 88 88 88 88 96 96 96 96 11 11 11 56 56 56 56 56 7 7 7 53 53 53 
53 171 171 171 171 88 88 88 88 88 88 88 88 245 245 245 11 227 227 227 227 227 227 208 7 53 53 53 53 
53 171 171 171 171 88 88 88 88 88 88 88 88 245 245 245 47 227 227 227 227 227 227 52 52 53 53 53 53 
53 171 171 171 88 88 88 88 88 88 88 88 245 245 245 245 245 227 227 227 227 227 227 15 52 52 52 53 53 
52 52 176 176 222 57 57 57 88 88 88 88 245 245 245 245 245 227 227 227 227 17 17 15 52 52 52 52 52 
52 52 176 222 222 222 57 57 57 88 138 138 138 245 245 245 245 184 227 227 17 17 17 15 17 52 52 52 52 
52 119 119 119 222 222 222 57 57 138 138 138 138 138 138 245 184 184 184 31 17 17 17 15 17 17 52 112 112 
112 119 119 119 222 222 222 222 222 138 138 138 138 138 138 184 184 184 184 184 17 17 17 15 17 17 112 112 112 
112 119 34 34 51 51 51 51 51 76 76 76 76 76 76 184 184 184 184 184 67 17 15 15 17 112 112 112 112 
112 34 34 34 51 51 51 51 140 140 76 76 76 83 83 184 184 184 164 164 67 101 101 101 101 112 112 112 112 
112 34 34 34 51 51 51 140 140 140 140 83 83 83 83 83 164 164 164 164 164 101 101 101 179 179 112 112 112 
34 34 34 34 51 51 51 140 140 140 140 83 83 83 83 164 164 164 164 164 164 101 101 101 179 179 179 179 179 
207 207 207 207 207 51 140 140 140 140 140 83 83 83 83 164 164 164 164 164 74 74 74 179 179 179 179 179 179 
207 207 207 207 207 207 140 140 140 140 140 83 83 83 83 164 164 164 164 164 74 74 74 74 179 179 179 179 179 
207 207 207 207 207 207 207 140 140 140 136 83 83 83 83 164 164 164 164 74 74 74 74 74 179 179 179 179 179 
207 207 207 207 207 207 207 140 136 136 136 136 83 83 83 164 164 28 28 74 74 74 74 74 74 80 80 80 80 
150 207 207 207 207 207 136 136 136 136 136 136 189 189 189 28 28 28 28 28 74 74 74 74 74 80 80 80 80 
150 207 207 207 207 207 136 136 136 136 136 136 189 189 189 28 28 28 28 28 68 68 68 68 80 80 80 80 80 
150 150 150 69 69 121 121 136 136 136 136 136 189 189 189 189 28 28 28 28 68 68 68 68 68 80 80 80 80 
169 169 69 69 69 69 121 121 136 136 136 18 18 18 18 28 28 28 28 217 68 68 68 68 68 204 204 204 169 
169 169 69 69 69 69 121 121 136 18 18 18 18 18 18 18 28 217 217 217 68 68 68 68 68 204 204 169 178 
169 169 69 69 69 69 121 121 182 18 18 18 18 18 18 18 217 217 217 217 217 68 68 68 58 58 58 169 169 
169 169 69 69 69 69 121 121 182 182 18 18 18 18 18 18 217 217 217 217 217 217 217 43 232 232 232 232 169 
169 169 69 69 69 69 121 182 182 182 18 18 18 18 18 18 217 217 217 217 217 217 43 43 232 232 232 232 232 
220 65 65 65 69 218 218 182 182 182 182 18 18 18 18 18 56 56 217 217 217 43 43 43 232 232 232 232 232 
206 65 65 65 13 13 13 182 182 182 182 18 18 18 18 122 56 56 56 56 56 43 43 43 232 232 232 232 232 
206 206 206 206 13 13 13 13 13 182 96 96 96 96 122 122 56 56 56 56 56 56 43 43 232 232 232 232 206 
206 206 206 13 13 13 13 13 13 96 96 96 96 96 96 56 56 56 56 56 56 56 43 43 7 7 7 7 206 
206 206 206 206 13 13 13 13 88 88 96 96 96 96 33 11 11 11 56 56 56 56 208 7 7 7 7 7 206 
206 206 171 171 13 13 88 88 88 88 88 88 88 88 33 11 11 11 11 56 56 208 208 208 7 7 7 53 53 
53 171 171 171 171 88 88 88 88 88 88 88 88 245 245 47 11 11 227 227 227 208 208 208 208 53 53 53 53 
53 171 171 171 171 88 88 88 88 88 88 88 88 245 245 47 47 47 227 227 227 227 208 208 52 52 53 53 53 
53 171 171 171 171 57 57 57 88 88 88 88 88 245 245 47 47 47 227 227 227 227 227 17 52 52 52 53 53 
52 52 171 171 222 57 57 57 57 88 88 88 88 245 245 47 47 47 227 227 31 31 17 17 52 52 52 52 52 
52 119 119 222 222 222 57 57 57 57 88 88 88 245 245 47 47 47 227 31 31 31 17 17 17 52 52 52 52 
119 119 119 119 222 222 222 57 57 57 76 76 76 76 76 30 30 47 31 31 31 17 17 17 17 17 52 112 112 
112 119 119 119 222 222 222 222 222 76 76 76 76 76 76 30 30 184 184 31 31 17 15 15 17 17 112 112 112 
112 119 119 119 119 51 51 77 77 76 76 76 76 76 76 30 184 184 184 67 67 67 15 15 17 112 112 112 112 
112 119 34 34 51 51 51 51 140 76 76 76 76 83 83 83 30 184 164 67 67 67 67 239 17 112 112 112 112 
112 34 34 34 51 51 51 51 140 140 76 83 83 83 83 83 164 164 164 164 67 67 239 239 239 112 112 112 112 
34 34 34 34 51 51 51 51 140 140 83 83 83 83 83 83 164 164 164 164 164 239 101 239 179 179 112 112 112 
207 207 207 207 51 51 51 140 140 140 83 83 83 83 83 83 164 164 164 164 74 74 74 74 179 179 179 179 179 
207 207 207 207 207 207 140 140 140 140 83 83 83 83 83 83 164 164 164 74 74 74 74 74 74 179 179 179 179 
207 207 207 207 207 207 207 140 140 111 83 83 83 83 83 83 164 164 164 74 74 74 74 74 74 74 179 179 179 
207 207 207 207 207 207 207 136 136 136 136 136 83 83 83 83 28 28 28 74 74 74 74 74 74 74 80 80 80 
150 150 207 207 207 207 136 136 136 136 136 136 189 189 189 189 28 28 28 2 74 74 74 74 74 74 80 150 150 
150 150 150 207 207 121 136 136 136 136 136 136 189 189 189 189 28 28 28 2 2 2 68 74 58 58 58 150 150 
150 150 150 69 69 121 121 136 136 136 136 136 189 189 189 189 28 28 28 2 2 68 68 58 58 58 58 169 169 
169 169 69 69 69 121 121 121 146 146 136 136 18 189 189 189 28 28 217 217 217 68 68 58 58 58 58 169 169 
169 169 69 69 69 121 121 121 146 146 18 18 18 18 18 18 217 217 217 217 217 217 68 58 58 58 58 169 169 
169 169 69 69 69 121 121 121 200 146 18 18 18 18 18 18 217 217 217 217 217 217 68 58 58 58 58 169 169 
169 169 169 69 69 121 121 121 200 182 18 18 18 18 18 18 217 217 217 217 217 217 217 58 58 232 232 169 169 
169 169 169 121 121 121 121 121 121 182 18 18 18 18 18 18 217 217 217 217 217 217 43 43 232 232 232 232 169 
220 220 169 121 121 121 121 121 182 182 18 18 18 18 18 122 122 217 217 217 217 43 43 43 232 232 232 232 232 
206 65 65 65 13 121 39 39 39 39 149 149 18 18 122 122 122 56 56 56 56 43 43 43 232 232 232 232 232 
206 65 206 206 13 13 39 39 39 39 149 149 149 149 122 122 122 56 56 56 56 43 43 43 232 232 232 232 206 
206 65 206 206 13 13 13 39 39 149 149 149 149 149 122 122 11 11 56 56 56 208 43 43 232 232 232 232 206 
206 65 206 206 13 13 13 39 39 39 149 149 149 33 33 11 11 11 11 56 208 208 208 208 7 7 7 7 206 
65 171 171 171 171 13 88 88 88 88 88 149 33 33 33 11 11 11 11 208 208 208 208 208 208 7 7 53 53 
171 171 171 171 171 171 88 88 88 88 88 88 33 33 33 47 11 11 11 208 208 208 208 208 208 53 53 53 53 
171 171 171 171 171 57 57 88 88 88 88 88 88 33 47 47 47 47 47 47 208 208 208 208 208 52 53 53 53 
171 171 171 171 171 57 57 57 57 88 88 88 88 88 47 47 47 47 47 47 227 227 208 208 52 52 52 53 53 
171 171 171 171 222 57 57 57 57 57 88 88 88 245 47 47 47 47 47 47 31 31 17 17 52 52 52 52 52 
119 119 119 119 222 222 57 57 57 57 88 88 76 245 47 47 47 47 47 31 31 31 17 17 17 52 52 52 52 
119 119 119 119 222 222 222 57 57 57 76 76 76 76 30 30 30 47 47 31 31 31 17 17 17 17 52 52 52 
119 119 119 119 222 222 222 77 77 76 76 76 76 76 30 30 30 30 31 31 31 67 17 17 17 17 112 112 112 
119 119 119 119 119 222 77 77 77 76 76 76 76 76 30 30 30 30 67 67 67 67 239 239 239 239 112 112 112 
119 119 119 119 119 51 77 77 77 76 76 76 76 76 30 30 30 30 67 67 67 67 239 239 239 239 112 112 112 
119 119 119 34 51 51 51 51 77 77 76 76 83 83 83 83 164 164 164 67 67 239 239 239 239 239 112 112 112 
34 34 34 34 51 51 51 51 51 140 83 83 83 83 83 83 164 164 164 164 164 239 239 239 239 239 239 112 112 
225 207 207 207 51 51 51 51 140 140 83 83 83 83 83 83 164 164 164 74 74 74 74 239 239 239 239 225 225 
207 207 207 207 207 207 51 140 140 111 111 83 83 83 83 83 164 164 164 74 74 74 74 74 74 239 225 225 225 
207 207 207 207 207 207 207 140 136 111 111 111 83 83 83 83 164 164 74 74 74 74 74 74 74 74 74 225 225 
150 207 207 207 207 207 207 136 136 136 111 111 111 83 83 83 28 28 28 74 74 74 74 74 74 74 74 225 225 
150 150 150 150 207 207 121 136 136 136 136 111 189 189 189 189 28 28 2 2 2 74 74 74 74 58 150 150 150 
150 150 150 150 150 121 121 136 136 136 136 136 189 189 189 189 28 28 2 2 2 2 2 58 58 58 58 150 150 
150 150 150 150 121 121 121 121 146 146 146 136 189 189 189 189 28 28 2 2 2 2 58 58 58 58 58 58 150 
169 169 169 69 121 121 121 121 146 146 146 146 18 189 189 189 28 28 2 2 2 2 58 58 58 58 58 169 169 
169 169 169 69 121 121 121 200 146 146 146 18 18 18 18 18 156 217 217 217 217 217 58 58 58 58 58 169 169 
169 169 169 69 121 121 121 200 200 146 18 18 18 18 18 18 156 217 217 217 217 217 58 58 58 58 58 169 169 
169 169 169 121 121 121 121 200 200 200 18 18 18 18 18 18 156 217 217 217 217 217 58 58 58 58 232 169 169 
220 169 169 121 121 121 121 121 121 121 18 18 18 18 18 122 156 217 217 217 217 217 43 43 232 232 232 232 220 
220 220 169 121 121 121 121 121 121 121 18 18 18 122 122 122 122 85 85 85 85 43 43 43 232 232 232 232 220 
220 220 206 206 121 39 39 39 39 39 149 149 149 122 122 122 122 85 85 85 85 43 43 43 232 232 232 232 220 
206 206 206 206 206 39 39 39 39 39 149 149 149 122 122 122 122 85 85 85 208 43 43 43 232 232 232 232 206 
206 206 206 206 206 39 39 39 39 39 149 149 149 149 122 122 122 11 208 208 208 208 208 43 232 232 232 232 206 
206 206 206 206 206 39 39 39 39 39 149 149 149 33 33 33 11 11 11 208 208 208 208 208 208 208 232 232 206 
65 171 171 171 171 39 39 39 39 39 149 149 33 33 33 33 11 11 11 208 208 208 208 208 208 208 208 53 206 
171 171 171 171 171 171 88 88 88 88 88 33 33 33 33 47 47 47 47 208 208 208 208 208 208 208 53 53 53 
171 171 171 171 171 57 57 57 88 88 88 88 33 33 47 47 47 47 47 47 208 208 208 208 208 208 53 53 53 
171 171 171 171 171 57 57 57 57 88 88 88 88 33 47 47 47 47 47 47 47 208 208 208 208 52 52 53 53 
171 171 171 171 222 57 57 57 57 57 88 88 88 47 47 47 47 47 47 47 31 31 31 208 52 52 52 52 52 
119 119 119 119 222 222 57 57 57 57 88 76 76 30 47 47 47 47 47 31 31 31 31 17 17 52 52 52 52 
119 119 119 119 222 222 222 77 77 77 76 76 76 30 30 30 30 47 47 31 31 31 31 17 17 17 52 52 52 
119 119 119 119 119 222 77 77 77 77 76 76 76 30 30 30 30 30 67 67 67 67 67 239 17 17 112 112 112 
119 119 119 119 119 77 77 77 77 77 76 76 76 30 30 30 30 30 67 67 67 67 239 239 239 239 239 112 112 
119 119 119 119 119 77 77 77 77 77 76 76 76 30 30 30 30 30 67 67 67 67 239 239 239 239 239 112 112 
119 119 119 119 119 51 77 77 77 77 76 83 83 83 83 30 30 30 67 67 67 239 239 239 239 239 239 225 225 
119 119 119 119 51 51 51 77 77 77 83 83 83 83 83 83 164 164 164 67 67 239 239 239 239 239 239 225 225 
225 225 207 207 51 51 51 51 111 111 111 83 83 83 83 83 164 164 164 74 74 74 239 239 239 239 225 225 225 
225 207 207 207 207 207 51 140 111 111 111 111 83 83 83 83 164 164 74 74 74 74 74 74 74 239 225 225 225 
150 207 207 207 207 78 78 111 111 111 111 111 111 83 83 83 164 164 74 74 74 74 74 74 74 74 225 225 225 
150 150 150 207 207 207 207 136 136 111 111 111 111 111 83 83 2 2 2 74 74 74 74 74 74 74 225 225 225 
150 150 150 150 150 150 121 136 136 111 111 111 111 111 111 111 28 2 2 2 2 2 74 74 58 58 58 150 150 
150 150 150 150 150 121 121 121 146 146 146 146 189 189 189 189 28 2 2 2 2 2 58 58 58 58 58 150 150 
150 150 150 150 121 121 121 121 146 146 146 146 189 189 189 189 28 2 2 2 2 2 58 58 58 58 58 58 150 
169 169 169 121 121 121 121 121 146 146 146 146 146 189 117 117 156 2 2 2 2 2 58 58 58 58 58 169 169 
169 169 169 121 121 121 121 200 146 146 146 146 146 18 117 117 156 156 156 156 217 2 58 58 58 58 58 169 169 
169 169 169 121 121 121 121 200 200 146 146 146 18 117 117 117 156 156 156 217 217 217 58 58 58 58 58 169 169 
169 169 169 121 121 121 121 200 200 200 200 18 18 18 117 117 156 156 156 217 217 217 58 58 58 58 169 169 169 
220 220 169 121 121 121 121 121 200 200 200 18 18 18 117 117 156 156 156 217 217 217 43 43 232 232 232 220 220 
220 220 220 121 121 121 121 121 121 39 39 18 122 122 122 122 122 85 85 85 85 43 43 43 232 232 232 220 220 
220 220 220 121 79 79 39 39 39 39 39 149 122 122 122 122 122 85 85 85 85 43 43 43 232 232 232 220 220 
220 206 206 206 79 79 39 39 39 39 149 149 149 122 122 122 122 85 85 85 85 208 43 43 232 232 232 232 220 
206 206 206 206 79 39 39 39 39 39 149 149 149 122 122 122 122 85 85 208 208 208 208 208 208 232 232 232 206 
206 206 206 206 79 39 39 39 39 39 149 149 33 33 33 33 47 47 208 208 208 208 208 208 208 208 232 232 206 
171 171 171 171 171 39 39 39 39 39 149 33 33 33 33 33 47 47 47 208 208 208 208 208 208 208 208 208 206 
171 171 171 171 171 171 39 39 39 39 149 33 33 33 33 47 47 47 47 208 208 208 208 208 208 208 208 25 25 
25 171 171 171 171 171 57 57 57 88 88 33 33 33 47 47 47 47 47 47 208 208 208 208 208 208 25 25 25 
25 171 171 171 171 57 57 57 57 57 88 88 33 33 47 47 47 47 47 47 208 208 208 208 208 208 52 25 25 
25 171 171 171 222 57 57 57 57 57 57 88 33 47 47 47 47 47 47 47 47 31 208 208 208 52 52 52 25 
119 119 119 119 222 222 57 57 57 57 57 76 76 30 47 47 47 47 47 47 31 31 31 31 17 52 52 52 25 
119 119 119 119 119 222 77 77 77 77 77 76 76 30 30 30 30 47 47 31 31 31 31 239 239 17 52 52 52 
119 119 119 119 119 77 77 77 77 77 77 76 76 30 30 30 30 30 67 67 67 67 239 239 239 239 239 112 112 
119 119 119 119 119 77 77 77 77 77 76 76 76 30 30 30 30 30 67 67 67 67 239 239 239 239 239 225 225 
119 119 119 119 119 77 77 77 77 77 77 76 76 30 30 30 30 30 67 67 67 239 239 239 239 239 239 225 225 
119 119 119 119 119 77 77 77 77 77 77 83 83 83 30 30 30 30 67 67 67 239 239 239 239 239 239 225 225 
135 119 119 119 119 77 77 77 77 77 83 83 83 83 83 83 83 30 67 67 67 239 239 239 239 239 225 225 225 
225 225 78 78 78 78 78 77 111 111 111 111 83 83 83 83 83 164 67 74 74 239 239 239 239 239 225 225 225 
225 78 78 78 78 78 78 118 118 111 111 111 111 83 83 83 83 164 74 74 74 74 74 239 239 225 225 225 225 
225 78 78 78 78 78 78 78 118 111 111 111 111 111 83 83 83 2 74 74 74 74 74 74 74 225 225 225 225 
150 150 78 78 78 78 78 118 118 111 111 111 111 111 83 83 2 2 2 2 74 74 74 74 74 225 225 225 225 
150 150 150 78 78 78 78 136 136 111 111 111 111 111 111 2 2 2 2 2 2 2 2 58 58 58 150 150 150 
150 150 150 150 150 121 121 121 146 146 146 146 111 189 189 2 2 2 2 2 2 2 2 58 58 58 58 150 150 
150 150 150 150 121 121 121 121 146 146 146 146 146 189 117 117 156 2 2 2 2 2 58 58 58 58 58 58 150 
169 169 169 121 121 121 121 121 146 146 146 146 146 117 117 117 156 156 156 2 2 2 58 58 58 58 58 169 169 
169 169 169 121 121 121 121 200 146 146 146 146 117 117 117 117 156 156 156 156 156 58 58 58 58 58 58 169 169 
169 169 169 169 121 121 121 200 200 146 146 117 117 117 117 117 156 156 156 156 156 58 58 58 58 58 58 169 169 
169 169 169 169 121 121 121 200 200 200 200 117 117 117 117 117 156 156 156 156 156 58 58 58 58 58 169 169 169 
169 169 169 121 121 121 121 121 200 200 200 18 117 117 117 117 156 156 156 85 85 85 43 58 58 232 232 169 169 
220 220 169 121 121 121 121 121 121 39 39 149 122 122 122 122 122 85 85 85 85 85 43 43 232 232 232 220 220 
220 220 220 79 79 79 79 79 39 39 39 149 122 122 122 122 122 85 85 85 85 85 85 43 232 232 232 220 220 
220 220 206 79 79 79 79 39 39 39 149 149 122 122 122 122 122 85 85 85 85 208 208 208 232 232 232 232 220 
220 206 206 79 79 79 79 39 39 39 149 149 149 122 122 122 122 85 85 208 208 208 208 208 208 208 232 232 220 
206 206 206 79 79 79 39 39 39 39 149 33 33 33 33 122 47 47 208 208 208 208 208 208 208 208 232 232 220 
25 171 171 171 79 39 39 39 39 39 149 33 33 33 33 33 47 47 47 208 208 208 208 208 208 208 208 25 25 
25 25 171 171 171 171 39 39 39 39 33 33 33 33 33 47 47 47 47 208 208 208 208 208 208 208 25 25 25 
25 25 171 171 171 171 57 57 57 88 33 33 33 33 47 47 47 47 47 47 208 208 208 208 208 208 25 25 25 
25 25 171 171 171 57 57 57 57 57 88 33 33 33 47 47 47 47 47 47 208 208 208 208 208 208 25 25 25 
25 25 171 171 222 57 57 57 57 57 57 33 33 47 47 47 47 47 47 47 47 208 208 208 208 208 52 25 25 
25 119 119 119 222 222 57 57 57 77 77 76 148 148 148 148 47 47 47 47 47 31 31 208 208 52 52 25 25 
119 119 119 119 119 77 77 77 77 77 77 76 76 30 30 30 30 47 47 47 31 31 31 239 239 239 239 52 25 
119 119 119 119 119 77 77 77 77 77 77 76 76 30 30 30 30 30 67 67 67 67 67 239 239 239 239 225 225 
135 119 119 119 49 77 77 77 77 77 77 77 76 30 30 30 30 30 67 67 67 67 239 239 239 239 239 225 225 
135 135 135 119 49 77 77 77 77 77 77 77 76 30 30 30 30 30 67 67 67 239 239 239 239 239 225 225 225 
135 135 135 135 49 49 77 77 77 77 77 83 83 83 30 30 30 30 67 67 154 239 239 239 239 239 225 225 225 
135 135 135 135 78 49 77 77 77 77 111 83 83 83 83 83 30 30 67 154 154 154 239 239 239 239 225 225 225 
225 135 78 78 78 78 78 77 118 111 111 111 111 83 83 83 83 164 154 154 154 154 239 239 239 225 225 225 225 
225 78 78 78 78 78 78 118 118 118 111 111 111 111 83 83 83 164 154 154 74 74 239 239 239 225 225 225 225 
225 78 78 78 78 78 78 78 118 118 111 111 111 111 83 83 83 2 2 74 74 74 74 74 225 225 225 225 225 
150 78 78 78 78 78 78 118 118 118 111 111 111 111 111 83 2 2 2 2 2 74 74 74 74 225 225 225 225 
attribute "dep" string "positions"
#
# A field is created with three components: "positions", "connections",
# and "data"
object "regular positions regular connections" class field
component  "positions"    value 1
component  "connections"  value 2
component  "data"         value 3
#
end
