# object 1 are the regular positions. The grid is 29 29 29. The origin is
# at [0 0 0], and the deltas are 1 in the first and third dimensions, and
# 2 in the second dimension
#
object 1 class gridpositions counts 29 29 29
origin 0 0 0
delta  1 0 0
delta  0 1 0
delta  0 0 1
#
# object 2 are the regular connections
#
object 2 class gridconnections counts 29 29 29
#
# object 3 are the data, which are in a one-to-one correspondence with
# the positions ("dep" on positions). The positions increment in the order
# "last index varies fastest", i.e. (x0, y0, z0), (x0, y0, z1), (x0, y0, z2),
# (x0, y1, z0), etc.
#
object 3 class array type int rank 0 items 24389 data follows
193 93 93 93 240 240 87 87 87 87 87 38 38 38 38 38 38 38 38 224 224 224 224 72 72 72 72 72 72 
93 93 93 93 240 240 87 87 87 87 87 38 38 38 38 38 38 38 38 224 224 224 224 72 72 72 72 72 72 
93 93 93 93 93 87 87 87 87 87 87 38 38 38 38 38 38 38 38 224 224 224 224 72 72 72 72 72 93 
93 93 93 93 93 93 87 87 102 102 102 102 38 38 38 38 38 38 38 224 224 224 72 72 72 72 72 72 93 
93 93 93 93 93 93 102 102 102 102 102 102 38 38 38 38 38 38 38 224 224 224 72 72 72 72 72 72 93 
93 93 93 93 29 29 102 102 102 102 102 102 37 37 91 91 91 91 91 212 212 212 237 237 237 72 72 72 93 
93 93 93 29 29 29 29 102 102 37 37 37 37 37 63 63 63 63 63 212 212 212 237 237 237 237 237 237 93 
4 4 4 4 29 29 29 29 37 37 37 37 37 37 63 63 63 63 63 105 105 105 237 237 237 237 237 119 4 
4 4 4 4 29 29 29 17 210 37 37 37 37 37 63 63 63 13 13 105 105 105 105 237 237 237 119 119 4 
4 4 4 4 4 29 29 210 210 210 37 37 37 37 37 13 13 13 13 105 105 105 105 105 105 119 119 119 4 
4 4 4 4 4 4 182 210 210 210 210 37 37 37 13 13 13 13 13 105 105 105 105 105 105 119 119 119 119 
119 4 4 4 19 19 19 142 142 142 142 142 37 37 13 13 13 13 13 13 105 105 163 163 119 119 119 119 119 
119 119 4 19 19 19 19 142 142 142 142 142 142 142 13 13 13 13 13 13 163 163 163 163 163 119 119 119 119 
119 119 19 19 19 19 19 142 142 142 142 142 142 142 241 13 13 13 13 163 163 163 163 163 163 119 187 187 187 
119 119 19 19 19 19 19 142 142 142 142 142 142 241 241 241 13 13 13 163 163 163 163 163 163 187 187 187 187 
158 158 239 239 19 19 19 142 142 142 142 142 142 241 241 241 241 241 13 163 163 163 163 163 163 187 187 158 158 
158 158 158 239 239 19 239 239 142 142 142 58 58 58 241 241 241 241 194 194 26 163 149 149 149 158 158 158 158 
52 52 52 52 239 82 82 82 116 116 116 116 116 58 241 241 241 194 194 194 147 147 149 149 149 149 158 52 52 
52 52 52 66 66 82 82 82 116 116 116 116 116 58 58 241 78 78 194 147 147 147 149 149 149 149 52 52 52 
52 52 66 66 66 82 82 82 116 116 116 116 116 138 138 78 78 78 78 147 147 149 149 149 149 84 52 52 52 
156 156 156 66 66 66 82 82 82 116 116 116 138 138 138 138 78 78 78 147 147 84 84 84 84 84 84 52 52 
156 156 156 156 66 66 82 82 82 116 116 138 138 138 138 138 78 78 2 2 2 84 84 84 84 84 84 84 52 
156 156 156 156 66 66 66 82 82 116 138 138 138 138 138 138 138 2 2 2 2 84 84 84 84 84 84 84 124 
162 162 156 156 66 66 66 20 20 20 138 138 138 138 138 138 138 2 2 2 2 2 84 84 84 84 84 162 162 
162 162 162 162 162 240 20 20 20 20 20 138 138 138 138 138 136 2 2 2 2 2 84 84 84 84 84 162 162 
162 162 162 162 162 240 20 20 20 20 20 20 138 138 138 136 136 136 2 2 2 133 133 84 84 193 193 193 162 
162 162 162 162 240 240 240 20 20 20 20 100 100 100 100 100 136 136 2 133 133 133 133 133 193 193 193 193 162 
162 162 162 240 240 240 240 20 20 20 20 100 100 100 100 100 100 100 133 133 133 133 133 133 72 193 193 193 193 
162 162 162 240 240 240 240 87 87 87 87 100 100 100 100 38 38 38 133 133 133 133 133 72 72 72 72 193 193 
193 193 93 240 240 240 87 87 87 87 87 38 38 38 38 38 38 38 38 133 133 133 133 72 72 72 72 72 193 
93 93 93 93 240 240 87 87 87 87 87 38 38 38 38 38 38 38 205 205 205 205 72 72 72 72 72 72 72 
93 93 93 93 93 87 87 87 87 87 87 38 38 38 38 38 38 38 38 205 205 205 72 72 72 72 72 72 93 
93 93 93 93 93 87 87 87 102 102 102 102 38 38 38 38 38 38 38 205 205 204 72 72 72 72 72 72 93 
93 93 93 93 93 93 102 102 102 102 102 102 102 38 38 38 38 38 38 75 204 204 204 72 72 72 72 72 93 
93 93 93 93 93 17 17 102 102 102 102 102 37 37 63 63 63 63 63 212 212 212 212 212 72 72 72 72 93 
93 93 93 93 29 17 17 17 17 37 37 37 37 37 63 63 63 63 63 212 212 212 212 212 237 237 72 72 93 
4 4 4 4 29 17 17 17 17 37 37 37 37 37 63 63 63 63 63 212 212 212 212 212 212 212 119 119 4 
4 4 4 4 4 17 17 17 17 37 37 37 37 37 63 63 63 13 13 212 212 212 212 212 237 237 119 119 4 
4 4 4 4 4 182 17 17 17 37 37 37 37 37 63 63 13 13 13 13 105 105 105 105 105 119 119 119 4 
4 4 4 4 4 182 182 142 210 37 37 37 37 37 13 13 13 13 13 13 105 105 105 105 119 119 119 119 119 
119 4 4 4 4 182 142 142 142 142 142 142 142 142 13 13 13 13 13 13 105 105 163 135 119 119 119 119 119 
119 119 4 19 19 19 19 142 142 142 142 142 142 142 13 13 13 13 13 13 163 163 163 163 135 119 119 119 119 
119 119 19 19 239 239 239 142 142 142 142 142 142 241 241 241 13 13 13 13 163 163 163 163 135 119 119 119 119 
119 239 239 239 239 239 239 142 142 142 142 142 142 241 241 241 241 13 13 13 26 26 26 163 135 135 119 119 119 
158 239 239 239 239 239 239 239 142 142 142 58 58 241 241 241 241 241 26 26 26 26 26 26 135 135 119 158 158 
158 158 239 239 239 239 239 239 239 58 58 58 58 58 241 241 241 241 194 194 26 26 26 26 26 158 158 158 158 
52 52 52 70 239 239 82 82 116 116 58 58 58 58 241 241 241 194 194 194 147 147 147 147 147 147 52 52 52 
52 52 52 70 82 82 82 82 116 116 116 116 58 58 58 241 78 78 194 147 147 147 147 147 84 84 52 52 52 
52 52 156 156 66 82 82 82 116 116 116 116 116 58 138 78 78 78 78 147 147 147 147 84 84 84 124 52 52 
156 156 156 156 66 82 82 82 116 116 116 116 138 138 138 78 78 78 78 147 147 147 84 84 84 84 124 124 124 
156 156 156 156 156 82 82 82 116 116 116 138 138 138 138 78 78 78 78 2 2 84 84 84 84 84 124 124 124 
156 156 156 156 156 156 82 82 116 116 138 138 138 138 138 138 78 78 2 2 2 84 84 84 84 84 124 124 124 
162 162 156 156 156 156 156 20 20 20 138 138 138 138 138 138 138 2 2 2 2 2 84 84 84 84 124 124 162 
162 162 162 162 162 240 240 20 20 20 20 138 138 138 138 138 138 2 2 2 2 2 84 84 84 84 193 193 162 
162 162 162 162 162 240 240 20 20 20 20 20 138 138 138 138 137 137 2 2 2 133 133 133 84 193 193 193 162 
162 162 162 162 240 240 240 20 20 20 20 20 100 100 100 100 137 137 137 133 133 133 133 133 193 193 193 193 162 
162 162 162 240 240 240 240 20 20 20 20 20 100 100 100 38 38 137 137 133 133 133 133 133 72 193 193 193 193 
193 162 162 240 240 240 240 87 87 87 87 38 38 38 38 38 38 38 133 133 133 133 133 72 72 72 72 193 193 
193 193 184 184 240 240 87 87 87 87 87 38 38 38 38 38 38 38 205 205 205 205 205 72 72 72 72 193 193 
93 93 93 93 240 240 87 87 87 87 87 38 38 38 38 38 38 38 205 205 205 205 205 72 72 72 72 72 193 
93 93 93 93 93 176 87 87 87 87 87 38 38 38 38 38 38 38 205 205 205 205 205 72 72 72 72 72 93 
93 93 93 93 93 176 176 87 102 102 102 102 38 38 38 38 38 38 38 205 205 204 204 72 72 72 72 72 93 
93 93 93 93 93 176 176 102 102 102 102 102 102 38 38 38 38 38 75 75 204 204 204 204 72 72 72 72 93 
93 93 93 93 93 17 17 17 102 102 102 102 37 37 37 63 63 63 212 212 212 212 212 212 72 72 72 72 93 
93 93 93 93 17 17 17 17 17 37 37 37 37 37 63 63 63 63 212 212 212 212 212 212 212 212 72 72 93 
4 4 4 4 17 17 17 17 17 37 37 37 37 37 63 63 63 63 212 212 212 212 212 212 212 212 119 119 4 
4 4 4 4 4 17 17 17 17 37 37 37 37 37 63 63 63 13 13 212 212 212 212 212 212 212 119 119 4 
4 4 4 4 4 182 17 17 17 37 37 37 37 37 37 63 13 13 13 212 212 212 212 212 212 119 119 119 4 
4 4 4 4 182 182 182 182 17 37 37 37 37 37 13 13 13 13 13 13 13 212 212 135 119 119 119 119 119 
119 4 4 4 182 182 182 142 142 142 142 142 37 37 13 13 13 13 13 13 13 135 135 135 135 119 119 119 119 
119 119 4 239 239 182 182 142 142 142 142 142 142 241 241 13 13 13 13 13 13 135 135 135 135 119 119 119 119 
119 119 239 239 239 239 239 142 142 142 142 142 142 241 241 241 13 13 13 13 26 26 135 135 135 135 119 119 119 
119 239 239 239 239 239 239 142 142 142 142 142 142 241 241 241 241 13 13 26 26 26 26 135 135 135 119 119 119 
52 70 239 239 239 239 239 239 142 142 58 58 58 241 241 241 241 241 26 26 26 26 26 26 135 135 135 119 119 
52 70 70 239 239 239 239 239 239 58 58 58 58 58 241 241 241 241 194 194 26 26 26 26 26 26 52 52 52 
52 52 70 70 239 239 239 82 116 58 58 58 58 58 241 241 241 194 194 194 194 147 147 147 147 147 52 52 52 
52 52 70 70 239 82 82 82 116 116 116 58 58 58 58 241 241 194 194 194 147 147 147 147 147 147 124 52 52 
52 52 156 161 161 82 82 82 116 116 116 116 58 58 78 78 78 78 78 147 147 147 147 147 84 124 124 124 52 
124 156 156 156 156 82 82 82 116 116 116 116 138 138 78 78 78 78 78 147 147 147 147 84 84 84 124 124 124 
156 156 156 156 156 82 82 82 116 116 116 138 138 138 138 78 78 78 78 2 147 147 84 84 84 84 124 124 124 
156 156 156 156 156 156 82 82 116 116 138 138 138 138 138 138 78 78 2 2 2 84 84 84 84 84 124 124 124 
162 162 156 156 156 111 111 20 20 20 138 138 138 138 138 138 137 137 2 2 2 2 84 84 84 84 124 124 124 
162 162 162 162 162 240 20 20 20 20 20 138 138 138 138 138 137 137 137 2 2 2 84 84 84 193 193 193 162 
162 162 162 162 162 240 20 20 20 20 20 20 138 138 138 138 137 137 137 2 2 133 133 84 193 193 193 193 162 
162 162 162 162 240 240 240 20 20 20 20 20 138 138 138 138 137 137 137 137 133 133 133 133 193 193 193 193 193 
193 162 162 162 240 240 240 20 20 20 20 20 38 38 38 38 137 137 137 133 133 133 133 133 193 193 193 193 193 
193 193 193 240 240 240 240 87 87 87 87 38 38 38 38 38 38 38 137 133 133 133 133 72 72 72 193 193 193 
193 184 184 184 184 240 87 87 87 87 87 38 38 38 38 38 38 38 205 205 205 205 205 72 72 72 193 193 193 
184 184 184 184 176 176 176 87 87 87 87 38 38 38 38 38 38 38 205 205 205 205 205 205 72 72 72 193 193 
184 184 184 184 176 176 176 87 87 87 87 38 38 38 38 38 38 38 205 205 205 205 205 205 72 72 72 72 72 
93 93 93 93 176 176 176 87 87 102 102 102 38 38 38 38 38 38 75 205 204 204 204 204 72 72 72 72 93 
93 93 93 93 176 176 176 176 102 102 102 102 38 38 38 38 38 75 75 75 204 204 204 204 204 72 72 72 93 
93 93 93 113 176 176 17 17 17 102 102 37 37 37 37 63 63 75 75 75 204 204 204 204 204 204 72 72 93 
93 93 113 113 113 17 17 17 17 17 37 37 37 37 37 63 63 63 75 212 212 212 212 212 212 212 212 72 93 
4 4 4 113 113 17 17 17 17 17 37 37 37 37 63 63 63 63 212 212 212 212 212 212 212 212 212 119 4 
4 4 4 4 113 17 17 17 17 17 37 37 37 37 37 63 12 12 12 212 212 212 212 212 212 212 119 119 4 
4 4 4 4 182 182 182 17 17 17 37 37 37 37 37 12 12 12 12 212 212 212 212 212 212 119 119 119 4 
4 4 4 4 182 182 182 182 182 142 37 37 37 37 12 12 12 12 12 12 12 212 135 135 135 119 119 119 119 
4 4 4 182 182 182 182 182 142 142 142 142 37 12 12 12 12 12 12 12 12 135 135 135 135 135 119 119 119 
119 4 4 239 182 182 182 182 142 142 142 142 142 12 12 12 12 12 12 12 135 135 135 135 135 135 119 119 119 
119 4 239 239 239 239 239 142 142 142 142 142 142 241 241 241 12 12 12 26 26 26 135 135 135 135 135 119 119 
167 70 239 239 239 239 239 239 142 142 142 142 58 241 241 241 241 12 26 26 26 26 26 135 135 135 135 167 167 
70 70 70 239 239 239 239 239 67 67 58 58 58 241 241 241 241 241 26 26 26 26 26 26 135 135 135 167 167 
70 70 70 70 239 239 239 239 67 58 58 58 58 58 241 241 241 241 194 194 26 26 26 26 26 26 26 167 167 
52 70 70 70 70 239 239 239 67 58 58 36 58 58 241 241 241 194 194 194 194 26 147 147 147 124 124 52 52 
52 70 70 70 70 82 82 82 116 116 58 58 58 58 58 241 241 194 194 194 147 147 147 147 147 124 124 124 124 
52 161 161 161 161 82 82 82 116 116 116 58 58 58 78 78 78 78 147 147 147 147 147 147 147 124 124 124 124 
124 156 161 161 161 111 111 82 116 116 116 116 138 138 78 78 78 78 78 147 147 147 147 147 84 124 124 124 124 
124 156 161 161 161 111 111 90 90 116 116 138 138 138 138 78 78 78 78 169 147 147 147 84 84 124 124 124 124 
124 156 161 161 161 111 111 90 90 90 138 138 138 138 138 78 78 78 169 169 169 147 84 84 84 124 124 124 124 
162 162 161 161 161 111 111 90 90 20 138 138 138 138 138 138 137 137 2 2 2 2 84 84 84 84 124 124 124 
162 162 162 162 161 111 20 20 20 20 20 138 138 138 138 137 137 137 137 2 2 185 185 84 84 193 193 193 193 
162 162 162 162 162 240 20 20 20 20 20 138 138 138 138 137 137 137 137 137 185 185 185 185 193 193 193 193 193 
193 162 162 162 240 240 240 20 20 20 20 20 138 138 138 137 137 137 137 137 185 185 185 185 193 193 193 193 193 
193 193 162 162 240 240 240 20 20 20 20 20 38 38 38 38 137 137 137 137 133 133 133 133 193 193 193 193 193 
193 193 193 240 240 240 240 87 87 87 87 38 38 38 38 38 38 137 137 137 133 133 133 72 193 193 193 193 193 
184 184 184 184 184 176 176 87 87 87 87 38 38 38 38 38 38 38 205 205 205 205 205 97 97 193 193 193 193 
184 184 184 184 176 176 176 176 87 87 87 38 38 38 38 38 38 38 205 205 205 205 205 205 72 72 193 193 184 
184 184 184 184 176 176 176 176 87 87 87 38 38 38 38 38 38 38 205 205 205 205 205 205 72 72 193 193 184 
184 184 184 176 176 176 176 176 176 87 102 38 38 117 38 38 38 75 75 75 204 204 204 204 204 72 72 72 184 
184 184 184 176 176 176 176 176 176 102 102 102 38 117 117 117 117 75 75 75 204 204 204 204 204 204 72 72 184 
113 113 113 113 176 176 17 17 17 17 102 37 37 117 117 117 75 75 75 75 204 204 204 204 204 204 204 204 184 
113 113 113 113 113 17 17 17 17 17 37 37 37 37 37 63 75 75 75 75 212 204 204 204 204 204 204 204 199 
199 113 113 113 113 17 17 17 17 17 37 37 37 37 63 63 12 12 75 212 212 212 212 212 212 212 28 199 199 
199 199 113 113 113 17 17 17 17 17 37 37 37 37 37 12 12 12 12 212 212 212 212 212 212 212 28 28 199 
199 199 199 113 182 182 182 182 17 17 37 37 37 37 45 12 12 12 12 12 212 212 212 212 135 135 28 28 28 
4 199 4 113 182 182 182 182 182 182 37 37 37 45 12 12 12 12 12 12 12 135 135 135 135 135 28 28 119 
28 4 4 182 182 182 182 182 182 182 142 142 12 12 12 12 12 12 12 12 12 135 135 135 135 135 135 28 28 
28 4 239 239 182 182 182 182 5 5 142 142 12 12 12 12 12 12 12 12 135 135 135 135 135 135 135 28 119 
167 167 239 239 239 239 239 5 67 67 67 67 67 241 241 241 12 12 12 12 26 135 135 135 135 135 135 167 167 
167 167 70 239 239 239 239 239 67 67 67 67 67 241 241 241 241 12 26 26 26 26 135 135 135 135 135 167 167 
167 70 70 239 239 239 239 239 67 67 67 58 58 58 241 241 241 241 26 26 26 26 26 135 135 135 135 167 167 
167 70 70 70 239 239 239 239 67 67 58 58 58 58 241 241 241 241 194 26 26 26 26 26 135 135 167 167 167 
70 70 70 70 70 239 239 239 67 58 58 58 58 58 241 241 241 194 194 194 26 26 26 26 26 26 167 167 167 
70 70 70 70 70 70 70 82 67 58 58 58 58 58 58 241 241 194 194 194 147 147 147 147 147 147 124 124 124 
124 161 161 161 161 111 111 90 90 116 58 58 58 58 58 78 78 78 147 147 147 147 147 147 147 124 124 124 124 
124 161 161 161 161 111 111 90 90 90 90 58 58 58 78 78 78 78 169 169 147 147 147 147 147 124 124 124 124 
124 161 161 161 161 111 111 90 90 90 90 138 138 138 138 78 78 78 169 169 169 147 147 147 84 124 124 124 124 
124 161 161 161 161 111 111 90 90 90 90 138 138 138 138 234 234 234 169 169 169 169 147 84 84 124 124 124 124 
124 161 161 161 161 111 90 90 90 90 90 138 138 138 138 234 234 234 234 169 169 185 185 84 84 124 124 124 124 
162 161 161 161 161 161 90 90 90 20 20 138 138 138 138 137 137 234 234 234 185 185 185 185 185 193 193 193 193 
193 162 162 161 161 161 20 20 20 20 20 138 138 138 138 137 137 137 137 185 185 185 185 185 193 193 193 193 193 
193 193 193 162 240 240 240 20 20 127 127 20 196 196 138 137 137 137 137 185 185 185 185 97 193 193 193 193 193 
193 193 193 162 240 240 240 127 127 127 127 127 38 196 196 137 137 137 137 185 185 185 97 97 97 193 193 193 193 
193 184 184 184 240 240 240 127 87 127 127 38 38 38 38 38 137 137 137 185 185 97 97 97 97 193 193 193 193 
184 184 184 184 184 176 176 127 127 127 127 127 196 196 196 196 196 41 41 205 205 97 97 97 97 97 193 193 184 
184 184 184 184 176 176 176 176 127 127 127 117 117 117 117 117 117 41 205 205 205 205 205 104 104 72 193 193 184 
184 184 184 184 176 176 176 176 176 87 117 117 117 117 117 117 117 117 75 75 205 205 104 104 104 104 193 184 184 
184 184 184 176 176 176 176 176 179 179 117 117 117 117 117 117 117 75 75 75 204 204 204 104 104 104 104 184 184 
184 184 113 176 176 176 176 179 179 179 108 108 117 117 117 117 117 75 75 75 75 204 204 204 188 188 188 184 184 
113 113 113 113 113 176 179 179 179 179 108 108 108 117 117 117 75 75 75 75 75 204 204 204 188 188 188 188 199 
113 113 113 113 113 113 17 17 17 17 108 108 108 117 117 117 75 75 75 75 75 204 204 204 204 204 204 199 199 
199 113 113 113 113 113 17 17 17 17 37 108 37 37 77 77 12 75 75 75 212 212 204 204 204 204 28 199 199 
199 199 113 113 113 113 17 17 17 17 37 37 37 77 77 77 12 12 12 12 212 212 212 212 212 135 28 28 199 
199 199 199 113 113 182 182 182 182 182 182 37 45 45 45 77 12 12 12 12 212 212 212 135 135 135 28 28 28 
199 199 199 113 182 182 182 182 182 182 182 197 45 45 45 12 12 12 12 12 12 135 135 135 135 135 28 28 28 
28 199 199 113 182 182 182 182 5 5 5 197 45 45 45 12 12 12 12 12 12 135 135 135 135 135 28 28 28 
28 28 199 182 182 182 182 5 5 5 5 5 197 12 12 12 12 12 12 12 135 135 135 135 135 135 28 28 28 
167 167 239 239 239 5 5 5 5 67 67 67 67 241 241 12 12 12 12 12 135 135 135 135 135 135 135 167 167 
167 167 70 239 239 239 5 5 67 67 67 67 67 241 241 241 241 12 12 26 26 26 135 135 135 135 167 167 167 
167 167 70 70 239 239 239 67 67 67 67 67 58 241 241 241 241 241 26 26 26 26 26 135 135 135 167 167 167 
167 70 70 70 70 239 239 67 67 67 67 58 58 58 241 241 241 43 26 26 26 26 26 26 135 135 167 167 167 
167 70 70 70 70 70 239 67 67 67 58 58 58 58 43 43 43 43 194 26 26 26 26 26 26 26 167 167 167 
70 70 70 70 70 70 70 90 67 58 58 58 58 58 43 43 43 43 194 147 147 147 147 147 147 147 124 124 124 
161 161 161 161 161 111 90 90 90 90 58 58 58 58 43 43 43 43 169 169 147 147 147 147 147 124 124 124 124 
161 161 161 161 161 111 111 90 90 90 90 58 58 58 217 43 43 169 169 169 169 147 147 147 147 124 124 124 124 
161 161 161 161 161 111 111 90 90 90 90 215 215 217 217 217 234 169 169 169 169 169 147 147 147 124 124 124 98 
161 161 161 161 161 111 111 90 90 90 90 215 215 217 217 217 234 234 169 169 169 169 147 147 84 124 98 98 98 
165 161 161 161 161 111 90 90 90 90 90 215 217 217 217 217 234 234 234 169 169 185 185 185 84 124 98 98 98 
165 165 161 161 161 161 90 90 90 90 127 127 217 217 217 217 234 234 234 234 185 185 185 185 185 193 193 193 193 
165 165 165 165 165 165 127 127 127 127 127 127 196 196 217 217 137 234 234 185 185 185 185 185 97 193 193 193 193 
193 165 165 165 165 240 127 127 127 127 127 127 196 196 196 196 137 137 137 185 185 185 185 97 97 193 193 193 193 
193 193 165 165 240 240 127 127 127 127 127 127 196 196 196 196 137 137 137 185 185 185 97 97 97 193 193 193 193 
184 184 184 184 184 240 127 127 127 127 127 127 196 196 196 196 196 137 137 185 185 97 97 97 97 193 193 193 193 
184 184 184 184 184 176 176 127 127 127 127 127 196 196 196 196 196 41 41 41 41 97 97 97 97 97 97 193 184 
184 184 184 184 176 176 176 176 127 127 127 117 117 117 117 117 117 41 41 41 41 104 104 104 104 104 104 184 184 
184 184 184 184 176 176 176 179 179 179 117 117 117 117 117 117 117 41 41 41 41 104 104 104 104 104 104 184 184 
184 184 184 176 176 176 176 179 179 179 117 117 117 117 117 117 117 75 48 75 204 104 104 104 104 104 104 184 184 
184 113 113 113 176 176 179 179 179 179 108 108 117 117 117 117 117 75 75 75 75 204 104 188 104 104 104 104 184 
113 113 113 113 113 113 179 179 179 179 108 108 108 117 117 117 117 75 75 75 75 204 204 188 188 188 188 188 199 
113 113 113 113 113 113 179 179 179 179 108 108 108 117 117 117 117 75 75 75 204 204 204 188 188 188 188 199 199 
199 199 113 113 113 113 113 179 179 179 108 108 108 77 77 77 77 96 96 96 204 204 204 188 188 188 28 199 199 
199 199 113 113 113 113 113 113 179 179 108 108 108 77 77 77 77 77 96 96 96 204 204 188 188 28 28 28 199 
199 199 199 113 113 113 182 182 182 182 197 197 197 45 45 77 77 12 12 12 12 135 135 135 135 28 28 28 28 
199 199 199 113 113 182 182 182 5 5 5 197 197 45 45 45 12 12 12 12 12 135 135 135 135 28 28 28 28 
28 199 199 199 182 182 182 5 5 5 5 197 197 45 45 45 12 12 12 12 12 135 135 135 135 28 28 28 28 
28 28 199 5 5 5 5 5 5 5 5 5 197 45 45 12 12 12 12 12 135 135 135 135 135 135 28 28 28 
167 167 167 5 5 5 5 5 5 5 67 67 197 197 45 12 12 12 12 12 135 135 135 135 135 135 28 167 167 
167 167 167 239 5 5 5 5 5 67 67 67 67 197 241 12 12 12 12 26 26 135 135 135 135 135 167 167 167 
167 167 70 70 70 5 5 5 67 67 67 67 67 241 241 241 12 12 26 26 26 26 135 135 135 135 167 167 167 
167 70 70 70 70 70 5 67 67 67 67 67 67 58 43 43 43 43 43 26 26 26 26 135 135 135 167 167 167 
167 70 70 70 70 70 46 46 67 67 67 58 58 58 43 43 43 43 43 26 26 26 26 26 26 238 167 167 167 
167 70 70 70 70 70 46 46 67 67 67 58 58 58 43 43 43 43 43 147 147 147 147 147 238 238 167 167 167 
98 161 161 161 161 111 111 90 90 90 215 215 58 43 43 43 43 43 169 169 169 147 147 147 238 98 98 98 98 
98 161 161 161 161 111 111 90 90 90 215 215 215 217 217 43 43 169 169 169 169 169 147 147 238 98 98 98 98 
98 161 161 161 161 111 111 90 90 90 215 215 215 217 217 217 217 169 169 169 169 169 147 147 238 98 98 98 98 
98 161 161 161 161 111 111 90 90 90 215 215 215 217 217 217 217 234 169 169 169 169 169 147 98 98 98 98 98 
165 165 161 161 161 111 90 90 90 90 215 215 217 217 217 217 217 234 234 169 169 185 185 185 97 98 98 98 98 
165 165 165 165 161 161 90 90 90 127 127 196 217 217 217 217 217 234 234 185 185 185 185 185 97 97 98 98 165 
165 165 165 165 165 165 127 127 127 127 127 196 196 196 217 217 217 234 234 185 185 185 185 97 97 97 193 193 165 
165 165 165 165 165 127 127 127 127 127 127 127 196 196 196 196 217 234 234 185 185 185 97 97 97 97 193 193 165 
165 165 165 165 165 127 127 127 127 127 127 127 196 196 196 196 196 137 137 185 185 97 97 97 97 97 193 193 193 
184 184 184 184 184 127 127 127 127 127 127 127 196 196 196 196 196 137 41 41 185 97 97 97 97 97 193 193 193 
140 140 140 140 140 176 127 127 127 127 127 218 196 196 196 196 196 41 41 41 41 97 97 97 97 97 97 140 140 
140 140 140 140 176 176 176 127 127 127 218 218 117 117 117 117 117 41 41 41 41 41 104 104 104 104 104 140 140 
140 140 140 140 176 176 179 179 179 179 117 117 117 117 117 117 117 41 41 41 41 104 104 104 104 104 104 140 140 
140 140 140 140 176 176 179 179 179 179 117 117 117 117 117 117 117 48 48 48 48 104 104 104 104 104 104 140 140 
113 113 113 113 113 179 179 179 179 179 108 108 117 117 117 117 117 48 48 48 48 104 104 104 104 104 104 104 140 
113 113 113 113 113 113 179 179 179 179 108 108 108 117 117 117 48 48 48 48 48 48 188 188 188 188 188 188 148 
113 113 113 113 113 113 179 179 179 179 108 108 108 117 117 117 96 96 96 48 48 48 188 188 188 188 188 148 148 
199 113 113 113 113 113 113 179 179 179 108 108 108 77 77 77 77 96 96 96 48 48 188 188 188 188 188 148 199 
199 199 113 113 113 113 113 113 179 179 108 108 197 77 77 77 77 96 96 96 96 96 188 188 188 28 28 28 199 
199 199 199 113 113 113 113 113 5 5 197 197 197 45 77 77 77 77 96 96 96 96 135 135 28 28 28 28 28 
199 199 199 113 113 113 5 5 5 5 197 197 197 45 45 45 45 12 12 12 12 135 135 135 135 28 28 28 28 
28 199 199 199 5 5 5 5 5 5 5 197 197 197 45 45 12 12 12 12 12 135 135 135 135 28 28 28 28 
28 28 199 5 5 5 5 5 5 5 5 197 197 197 45 45 12 12 12 12 135 135 135 135 135 28 28 28 28 
167 167 167 5 5 5 5 5 5 5 5 197 197 197 197 12 12 12 12 12 135 135 135 135 135 135 28 167 167 
167 167 167 5 5 5 5 5 5 5 5 5 197 197 197 12 12 12 211 211 211 135 135 135 135 135 167 167 167 
167 167 70 70 46 5 5 5 5 67 67 67 67 81 81 81 81 211 211 211 211 135 135 135 135 167 167 167 167 
167 167 70 70 46 46 46 5 67 67 67 67 67 43 43 43 43 43 211 211 211 26 26 135 135 238 167 167 167 
167 70 70 70 46 46 46 46 67 67 67 58 58 43 43 43 43 43 43 211 26 26 143 143 238 238 167 167 167 
167 70 70 70 46 46 46 46 46 67 67 215 215 43 43 43 43 43 43 43 147 143 143 143 238 238 238 238 167 
98 161 161 161 161 46 46 46 90 90 215 215 215 10 43 43 43 43 43 169 169 143 143 143 238 238 238 98 98 
98 161 161 161 161 111 111 90 90 90 215 215 215 10 217 43 43 43 169 169 169 143 143 143 238 238 98 98 98 
98 161 161 161 161 111 111 90 90 90 215 215 215 10 217 217 217 217 169 169 169 169 143 143 238 98 98 98 98 
98 161 161 161 161 111 111 90 90 90 215 215 215 217 217 217 217 217 169 169 169 169 169 143 238 98 98 98 98 
165 165 165 161 161 111 111 90 90 127 215 215 217 217 217 217 217 217 234 169 169 185 185 97 97 98 98 98 98 
165 165 165 165 161 111 111 127 127 127 127 215 217 217 217 217 217 217 234 185 185 185 185 97 97 97 98 98 165 
165 165 165 165 165 127 127 127 127 127 127 196 196 196 217 217 217 217 234 185 185 185 97 97 97 97 97 206 165 
165 165 165 165 165 127 127 127 127 127 127 196 196 196 196 196 217 217 234 185 185 97 97 97 97 97 97 193 165 
165 165 165 165 165 127 127 127 127 127 127 127 196 196 196 196 196 196 41 41 97 97 97 97 97 97 97 97 165 
140 140 140 140 140 127 127 127 127 127 127 127 196 196 196 196 196 196 41 41 41 97 97 97 97 97 97 193 193 
140 140 140 140 140 140 127 127 127 127 218 218 218 196 196 196 196 41 41 41 41 41 97 97 97 97 97 140 140 
140 140 140 140 140 179 179 127 127 218 218 218 218 117 117 117 117 41 41 41 41 41 104 104 104 104 104 140 140 
140 140 140 140 140 179 179 179 179 179 218 117 117 117 117 117 117 41 41 41 41 41 104 104 104 104 104 140 140 
140 140 140 140 176 179 179 179 179 179 117 117 117 117 117 117 117 48 48 48 48 104 104 104 104 104 104 140 140 
140 113 113 113 113 179 179 179 179 179 108 108 117 117 117 117 48 48 48 48 48 48 104 104 104 104 104 104 148 
148 113 113 113 113 179 179 179 179 179 108 108 108 117 117 117 48 48 48 48 48 48 188 188 188 188 188 148 148 
148 148 113 113 113 113 179 179 179 179 108 108 108 117 117 117 96 96 48 48 48 48 188 188 188 188 188 148 148 
148 148 113 113 113 113 113 179 179 179 108 108 108 77 77 77 96 96 96 96 48 48 188 188 188 188 15 148 148 
148 148 113 113 113 113 113 113 179 179 108 197 197 77 77 77 77 96 96 96 96 96 188 188 188 15 15 15 148 
199 199 199 113 113 113 113 113 5 231 197 197 197 197 77 77 77 96 96 96 96 96 134 134 28 28 28 28 28 
28 199 199 113 113 113 5 5 5 5 197 197 197 197 45 45 45 12 96 96 134 134 134 134 28 28 28 28 28 
28 199 199 199 5 5 5 5 5 5 197 197 197 197 197 45 45 12 12 12 134 134 134 134 134 28 28 28 28 
28 28 199 5 5 5 5 5 5 5 197 197 197 197 197 197 12 12 12 12 134 134 134 134 135 28 28 28 28 
167 167 167 5 5 5 5 5 5 5 5 197 197 197 197 197 12 12 211 211 134 134 134 135 135 28 28 167 167 
167 167 167 46 5 5 5 5 5 5 5 197 197 197 197 81 81 211 211 211 211 134 135 135 135 135 167 167 167 
167 167 46 46 46 46 5 5 5 5 5 197 197 81 81 81 81 211 211 211 211 211 135 135 135 195 167 167 167 
167 167 46 46 46 46 46 46 5 5 67 67 101 81 81 81 43 43 211 211 211 183 183 183 238 238 167 167 167 
167 131 46 46 46 46 46 46 46 46 67 101 101 101 43 43 43 43 43 211 211 143 143 143 238 238 238 167 167 
131 131 46 46 46 46 46 46 46 46 46 215 101 101 43 43 43 43 43 43 143 143 143 143 238 238 238 238 238 
98 131 46 46 46 46 46 46 46 46 215 215 10 10 43 43 43 43 43 43 143 143 143 143 238 238 238 238 98 
98 98 161 161 161 46 46 46 90 215 215 215 10 10 10 43 43 43 43 169 169 143 143 143 238 238 238 98 98 
98 161 161 103 103 103 103 90 90 215 215 215 10 10 10 217 217 217 217 169 169 64 64 143 238 238 98 98 98 
98 98 103 103 103 103 103 90 90 215 215 215 10 10 217 217 217 217 217 217 169 59 64 143 238 98 98 98 98 
165 165 165 103 103 103 103 90 90 127 215 215 10 217 217 217 217 217 217 217 59 59 59 97 97 206 98 98 98 
165 165 165 165 103 103 103 127 127 127 127 126 217 217 217 217 217 217 217 217 185 185 97 97 97 206 206 206 165 
165 165 165 165 165 103 127 127 127 127 127 196 196 196 217 217 217 217 217 185 185 97 97 97 97 97 206 206 165 
165 165 165 165 165 127 127 127 127 127 127 196 196 196 196 196 217 217 217 185 185 97 97 97 97 97 206 206 165 
165 165 165 165 165 127 127 127 127 127 127 218 196 196 196 196 196 196 41 41 97 97 97 97 97 97 97 206 165 
140 140 140 140 140 127 127 127 127 127 218 218 218 196 196 196 196 41 41 41 41 97 97 97 97 97 97 97 165 
140 140 140 140 140 140 127 127 127 218 218 218 218 218 196 196 220 41 41 41 41 41 235 235 235 235 235 140 140 
140 140 140 140 140 179 179 127 127 218 218 218 218 218 117 117 41 41 41 41 41 41 115 115 115 115 115 140 140 
140 140 140 140 140 179 179 179 179 218 218 218 117 117 117 117 117 41 41 41 41 41 104 104 104 104 104 140 140 
140 140 140 113 113 179 179 179 179 179 179 117 117 117 117 117 48 48 48 48 48 48 104 104 104 104 104 140 140 
228 113 113 113 113 179 179 179 179 179 108 108 117 117 117 117 48 48 48 48 48 48 48 188 104 104 104 148 148 
148 148 148 113 113 113 179 179 179 179 108 108 108 117 117 117 48 48 48 9 48 48 188 188 188 188 188 148 148 
148 148 148 113 113 113 179 179 179 179 108 108 108 117 117 96 96 96 48 48 48 48 48 188 188 188 15 15 148 
148 148 148 113 113 113 113 179 179 179 108 108 197 197 77 96 96 96 96 48 48 48 48 188 188 15 15 15 148 
148 148 148 113 113 113 113 113 179 231 231 197 197 197 77 77 96 96 96 96 48 48 48 188 15 15 15 15 148 
148 148 113 113 113 113 113 11 11 231 231 197 197 197 197 77 96 96 96 96 96 134 134 134 15 15 15 15 15 
15 199 199 113 113 11 11 11 11 231 197 197 197 197 197 197 197 96 96 96 134 134 134 134 134 15 15 15 15 
28 199 199 113 11 11 11 11 11 11 197 197 197 197 197 197 197 197 96 134 134 134 134 134 134 28 28 28 28 
28 28 199 5 5 5 5 5 5 5 197 197 197 197 197 197 197 12 12 134 134 134 134 134 134 28 28 28 28 
167 167 167 5 5 5 5 5 5 5 5 197 197 197 197 197 197 211 211 211 134 134 134 134 134 195 195 28 167 
167 167 167 46 46 5 5 5 5 5 5 197 197 197 81 81 81 81 211 211 211 134 134 134 195 195 195 167 167 
167 167 46 46 46 46 46 5 5 5 5 101 101 81 81 81 81 81 211 211 211 211 183 183 195 195 195 167 167 
131 131 46 46 46 46 46 46 46 46 86 101 101 81 81 81 81 81 211 211 211 183 183 183 195 195 195 195 167 
131 131 46 46 46 46 46 46 46 46 86 101 101 101 81 81 81 81 211 211 211 183 183 183 238 238 238 238 131 
131 131 46 46 46 46 46 46 46 46 86 101 101 101 101 81 43 43 43 211 211 143 143 143 238 238 238 238 131 
131 131 46 46 46 46 46 46 46 46 86 10 10 10 10 43 43 43 43 64 64 143 143 143 238 238 238 238 238 
98 98 46 46 46 46 46 46 46 215 215 10 10 10 10 192 192 192 192 64 64 64 64 143 238 238 238 238 98 
98 103 103 103 103 103 103 103 90 215 215 10 10 10 10 192 192 192 192 59 59 64 64 64 238 238 238 98 98 
98 103 103 103 103 103 103 103 103 215 215 10 10 10 10 217 217 217 217 59 59 59 64 64 238 238 98 98 98 
165 165 103 103 103 103 103 103 103 243 126 126 10 10 217 217 217 217 217 59 59 59 59 59 238 206 206 206 206 
165 165 165 103 103 103 103 127 127 127 126 126 126 217 217 217 217 217 217 59 59 59 59 59 97 206 206 206 206 
165 165 165 165 103 103 127 127 127 127 126 126 126 196 217 217 217 217 217 59 59 59 97 97 97 206 206 206 206 
165 165 165 165 165 103 127 127 127 127 127 218 196 196 196 220 220 220 220 41 235 235 235 235 235 97 206 206 206 
165 165 165 165 165 127 127 127 127 127 218 218 218 196 196 220 220 220 41 41 41 235 235 235 235 235 235 206 206 
165 165 140 140 140 127 127 127 127 218 218 218 218 218 196 220 220 41 41 41 41 235 235 235 235 235 235 206 206 
140 140 140 140 140 140 127 127 127 218 218 218 218 218 220 220 220 41 41 41 41 41 115 115 115 115 115 115 140 
140 140 140 140 140 61 179 218 218 218 218 218 218 218 218 220 220 41 41 41 41 41 115 115 115 115 115 115 140 
140 140 140 140 61 61 179 179 168 168 218 218 218 218 117 117 41 41 41 41 41 41 115 115 115 115 115 228 228 
228 228 228 228 61 61 179 179 179 168 168 218 117 117 117 117 48 48 48 48 48 48 48 115 115 115 115 228 228 
228 228 228 113 61 61 179 179 179 179 168 108 117 117 117 117 48 48 48 48 48 48 48 48 104 104 104 228 228 
148 148 148 113 61 61 179 179 179 179 108 108 108 117 117 232 48 48 48 48 48 48 48 48 188 188 15 228 148 
148 148 148 148 113 61 179 179 179 179 108 108 108 117 117 96 96 48 48 48 48 48 48 48 188 15 15 15 148 
148 148 148 148 113 113 113 179 179 231 231 108 197 197 197 96 96 96 96 48 48 48 48 48 15 15 15 15 148 
148 148 148 148 113 113 113 11 231 231 231 231 197 197 197 197 96 96 96 96 48 48 134 134 15 15 15 15 15 
15 148 148 113 113 11 11 11 231 231 231 197 197 197 197 197 96 96 96 96 96 134 134 134 15 15 15 15 15 
15 15 148 113 11 11 11 11 11 231 231 197 197 197 197 197 197 96 96 134 134 134 134 134 134 15 15 15 15 
39 39 39 113 11 11 11 11 11 11 197 197 197 197 197 197 197 197 134 134 134 134 134 134 134 39 39 39 39 
39 39 39 34 34 11 11 11 11 11 197 197 197 197 197 197 197 197 134 134 134 134 134 134 134 39 39 39 39 
39 39 34 34 34 11 11 11 11 11 197 197 197 197 197 197 197 81 211 211 134 134 134 134 195 195 195 195 39 
167 167 46 46 46 46 5 5 5 5 5 197 197 197 81 81 81 81 211 211 211 134 134 195 195 195 195 195 195 
131 131 46 46 46 46 46 46 5 86 86 101 101 81 81 81 81 81 211 211 211 183 183 183 195 195 195 195 195 
131 131 46 46 46 46 46 46 86 86 86 101 101 101 81 81 81 81 211 211 211 183 183 183 195 195 195 195 131 
131 131 131 46 46 46 46 46 86 86 86 101 101 101 101 81 81 81 81 211 183 183 183 183 183 238 238 131 131 
131 131 131 46 46 46 46 46 86 86 86 101 101 101 101 81 81 81 81 211 183 183 183 143 238 238 238 238 131 
131 131 131 46 46 46 46 46 86 86 86 101 101 101 192 192 192 192 192 64 64 64 64 143 238 238 238 238 131 
131 131 131 46 46 46 46 46 86 86 10 10 10 10 192 192 192 192 192 64 64 64 64 143 143 238 238 238 238 
131 103 103 103 103 103 103 103 95 221 10 10 10 10 192 192 192 192 192 59 59 64 64 64 238 238 238 238 238 
155 103 103 103 103 103 103 103 95 243 243 10 10 10 192 159 192 192 192 59 59 59 59 64 238 238 238 238 98 
155 155 103 103 103 103 103 103 95 243 126 126 126 10 159 159 192 192 59 59 59 59 59 59 59 206 206 206 206 
155 155 155 103 103 103 103 95 95 126 126 126 126 126 159 159 192 217 59 59 59 59 59 59 59 206 206 206 206 
155 155 155 155 103 103 103 95 127 126 126 126 126 126 220 220 220 220 220 59 59 59 59 97 97 206 206 206 206 
155 155 155 155 155 103 127 127 127 126 126 126 126 220 220 220 220 220 220 59 59 235 235 235 235 206 206 206 206 
155 155 155 132 132 14 127 127 127 218 218 218 218 218 220 220 220 220 220 41 41 235 235 235 235 235 206 206 206 
132 132 132 132 132 14 127 127 127 218 218 218 218 218 220 220 220 220 41 41 41 235 235 235 235 235 235 206 206 
132 132 132 132 132 61 94 14 218 218 218 218 218 218 220 220 220 41 41 41 41 115 115 115 115 115 115 115 132 
132 132 132 132 61 61 61 168 168 218 218 218 218 218 220 220 220 41 41 41 41 115 115 115 115 115 115 115 228 
228 228 228 228 61 61 61 168 168 168 168 168 218 218 220 220 41 41 41 41 41 115 115 115 115 115 115 228 228 
228 228 228 228 61 61 61 168 168 168 168 168 168 117 232 232 232 48 48 48 48 48 115 115 115 115 115 228 228 
228 228 228 228 61 61 61 168 168 168 168 168 168 80 232 232 232 48 48 48 48 48 48 115 115 115 62 228 228 
228 228 228 228 61 61 61 61 168 168 168 168 168 232 232 232 232 48 48 48 48 48 48 48 188 15 15 228 228 
228 228 228 228 61 61 61 61 61 168 168 168 152 232 232 232 232 48 48 48 48 48 48 48 15 15 15 15 228 
148 148 148 148 61 61 61 61 231 231 231 189 152 152 152 232 96 96 48 48 48 48 48 191 15 15 15 15 15 
15 148 148 148 61 61 61 11 231 231 231 189 152 152 152 152 96 96 96 96 48 48 134 191 15 15 15 15 15 
15 15 148 113 11 11 11 11 231 231 231 189 152 152 152 152 96 96 96 96 134 134 134 191 15 15 15 15 15 
15 15 15 113 11 11 11 11 11 231 231 189 152 152 197 197 197 96 96 134 134 134 134 134 191 15 15 15 15 
39 39 39 34 34 11 11 11 11 11 11 189 197 197 197 197 197 197 134 134 134 134 134 134 191 39 39 39 39 
39 39 34 34 34 11 11 11 11 11 11 197 197 197 197 197 197 197 134 134 134 134 134 134 134 39 39 39 39 
39 39 34 34 34 34 11 11 11 11 11 197 197 197 197 197 197 81 211 211 134 134 134 134 195 195 195 39 39 
131 131 131 34 34 34 34 34 86 86 86 86 197 197 81 81 81 81 211 211 211 134 134 195 195 195 195 195 195 
131 131 131 46 46 46 46 86 86 86 86 86 101 101 81 81 81 81 211 211 211 183 183 195 195 195 195 195 195 
131 131 131 107 46 46 46 86 86 86 86 101 101 101 101 81 81 81 81 211 211 183 183 183 195 195 195 195 131 
131 131 131 107 46 46 46 86 86 86 86 101 101 101 101 81 81 81 81 211 183 183 183 183 183 195 195 131 131 
131 131 131 107 46 46 46 86 86 86 86 101 101 101 101 81 81 81 81 198 198 183 183 183 183 238 238 131 131 
131 131 131 107 46 46 46 86 86 86 86 86 101 101 101 192 192 192 192 198 64 64 64 183 143 238 238 131 131 
131 131 131 107 46 46 46 86 86 86 86 10 10 192 192 192 192 192 192 64 64 64 64 64 143 238 238 238 238 
131 131 103 103 103 85 95 95 95 221 243 243 10 192 192 159 192 192 192 59 59 64 64 64 238 238 238 238 238 
155 155 155 103 103 85 95 95 95 243 243 243 243 192 192 192 192 192 192 59 59 59 59 59 59 238 238 206 206 
155 155 155 103 103 85 95 95 95 243 243 243 243 243 192 192 192 192 59 59 59 59 59 59 59 206 206 206 206 
155 155 155 155 103 85 95 95 95 126 126 126 126 126 126 192 192 192 59 59 59 59 59 59 59 206 206 206 206 
155 155 155 155 155 85 95 95 95 126 126 126 126 126 220 220 220 220 220 59 59 59 59 59 206 206 206 206 206 
155 155 155 155 155 14 14 14 14 126 126 126 126 220 220 220 220 220 220 59 59 59 235 235 235 206 206 206 206 
132 132 132 132 132 14 14 14 14 218 218 218 218 220 220 220 220 220 220 41 41 235 235 235 235 235 206 206 132 
132 132 132 132 132 14 14 14 14 218 218 218 218 220 220 220 220 220 41 41 41 235 235 235 235 235 235 206 132 
132 132 132 132 132 94 94 14 14 218 207 207 207 207 220 220 220 220 41 41 33 33 33 115 115 115 115 132 132 
132 132 132 132 61 61 94 168 168 168 168 168 207 207 220 220 220 41 41 41 33 33 115 115 115 115 115 62 62 
228 228 228 228 61 61 61 168 168 168 168 168 168 80 80 80 80 41 41 41 33 33 115 115 115 115 115 62 62 
228 228 228 228 61 61 61 168 168 168 168 168 168 80 232 232 232 232 48 48 48 33 115 115 115 115 62 228 228 
228 228 228 228 61 61 61 61 168 168 168 168 80 80 232 232 232 232 48 48 48 48 48 115 115 115 62 228 228 
228 228 228 228 61 61 61 61 168 168 168 168 80 232 232 232 232 232 48 48 48 48 48 115 115 15 228 228 228 
228 228 228 228 61 61 61 61 61 168 168 189 152 232 232 232 232 232 48 48 48 48 48 191 191 15 15 228 228 
228 228 228 228 61 61 61 61 61 189 189 189 152 152 152 232 232 96 48 48 48 48 191 191 191 15 15 15 15 
15 228 228 228 61 61 61 61 231 231 189 189 152 152 152 152 152 96 96 96 48 134 191 191 191 15 15 15 15 
15 15 15 228 11 11 11 11 231 231 189 189 152 152 152 152 152 96 88 88 134 134 191 191 191 15 15 15 15 
15 15 15 34 34 11 11 11 11 231 189 189 152 152 152 152 152 88 88 88 134 134 191 191 191 191 15 15 15 
39 39 34 34 34 11 11 11 11 11 189 189 152 152 152 152 152 88 88 88 134 134 134 191 191 191 39 39 39 
39 39 34 34 34 34 11 11 11 11 11 189 152 152 152 197 197 88 88 88 134 134 134 191 191 191 39 39 39 
39 39 34 34 34 34 34 34 11 11 11 197 197 197 197 197 197 81 88 88 134 134 134 191 129 129 129 39 39 
131 131 34 34 34 34 34 34 86 86 86 86 101 101 81 81 81 81 81 211 134 134 134 129 129 129 129 129 129 
131 131 107 107 107 34 34 86 86 86 86 86 101 101 81 81 81 81 81 211 211 183 183 129 129 129 129 129 129 
131 131 107 107 107 107 86 86 86 86 86 86 101 101 101 81 81 81 81 211 198 183 183 183 129 129 129 129 131 
131 131 107 107 107 107 86 86 86 86 86 86 101 101 101 81 81 81 81 74 198 183 183 183 183 183 129 131 131 
131 131 107 107 107 107 86 86 86 86 86 86 101 101 101 81 81 81 74 198 198 198 183 183 183 183 129 131 131 
131 131 107 107 107 107 86 86 86 86 86 86 101 101 101 159 159 159 198 198 198 198 198 183 183 183 183 131 131 
131 131 107 107 85 85 95 221 221 221 221 221 101 192 192 159 192 192 192 198 198 198 198 64 64 183 238 131 131 
73 73 73 85 85 85 95 95 95 221 243 243 243 192 192 192 192 192 192 59 198 198 64 64 64 238 238 238 73 
155 155 155 85 85 85 95 95 95 243 243 243 243 192 192 192 192 192 192 59 59 59 59 59 59 238 238 155 155 
155 155 155 85 85 85 95 95 95 243 243 243 243 243 192 192 192 192 59 59 59 59 59 59 59 206 206 155 155 
155 155 155 155 85 85 95 95 95 95 243 243 243 243 243 192 192 192 59 59 59 59 59 59 59 206 206 155 155 
155 155 155 155 155 85 95 95 95 126 126 126 126 126 220 220 220 220 220 59 59 59 59 59 59 206 206 155 155 
155 155 155 155 155 14 14 14 14 207 207 207 207 207 220 220 220 220 220 59 59 59 59 235 235 206 206 132 155 
132 132 132 132 132 14 14 14 14 207 207 207 207 207 220 220 220 220 220 41 59 33 235 235 235 235 132 132 132 
132 132 132 132 132 14 14 14 14 207 207 207 207 207 220 220 220 220 220 41 41 33 235 235 235 235 132 132 132 
132 132 132 132 132 94 94 14 14 65 207 207 207 207 220 220 220 220 41 33 33 33 33 33 33 33 33 132 132 
132 132 132 132 132 94 94 168 168 168 168 168 168 80 80 80 220 41 41 33 33 33 33 33 33 33 62 62 62 
228 228 228 228 228 61 94 168 168 168 168 168 80 80 80 80 80 80 109 33 33 33 33 33 33 33 62 62 62 
228 228 228 228 61 61 61 168 168 168 168 168 80 80 80 80 80 80 109 109 109 33 33 33 33 62 62 62 228 
228 228 228 228 61 61 61 61 168 168 168 168 80 80 232 232 232 232 109 109 109 109 33 33 166 166 62 228 228 
228 228 228 228 61 61 61 61 168 168 168 168 80 80 232 232 232 232 109 109 109 109 109 166 166 166 62 228 228 
228 228 228 228 61 61 61 61 61 61 168 168 80 80 232 232 232 232 109 109 109 109 109 191 54 15 15 228 228 
228 228 228 228 61 61 61 61 61 189 189 189 152 152 152 232 232 232 109 109 109 109 191 191 191 15 15 15 228 
228 228 228 228 228 61 61 61 231 189 189 189 152 152 152 152 152 88 88 88 109 191 191 191 191 15 15 15 15 
15 15 228 228 228 11 11 11 11 189 189 189 152 152 152 152 152 88 88 88 88 191 191 191 191 191 15 15 15 
15 15 34 34 34 11 11 11 11 189 189 189 189 152 152 152 152 88 88 88 88 191 191 191 191 191 191 15 15 
15 15 34 34 34 34 11 11 11 11 189 189 189 152 152 152 152 88 88 88 88 191 191 191 191 191 191 15 15 
39 39 34 34 34 34 34 11 11 11 189 189 189 152 152 152 152 88 88 88 88 88 191 191 191 191 191 39 39 
39 34 34 34 34 34 34 34 11 86 122 122 122 152 152 152 152 88 88 88 88 134 191 191 129 129 129 129 39 
131 107 107 34 34 34 34 34 86 86 86 86 101 101 81 81 81 81 88 88 88 129 129 129 129 129 129 129 129 
131 107 107 107 107 34 34 86 86 86 86 86 101 101 81 81 81 81 81 74 74 129 129 129 129 129 129 129 129 
131 107 107 107 107 107 86 86 86 86 86 86 101 101 101 101 81 81 74 74 74 183 129 129 129 129 129 129 131 
131 107 107 107 107 107 86 86 86 86 86 86 101 101 101 101 81 74 74 74 198 198 183 183 129 129 129 129 131 
131 107 107 107 107 107 86 86 86 86 86 86 86 101 101 101 81 74 74 198 198 198 198 183 183 183 129 131 131 
131 107 107 107 107 107 221 221 221 221 221 221 221 101 101 159 159 74 74 198 198 198 198 198 183 183 129 131 131 
73 73 73 73 107 85 221 221 221 221 221 221 221 192 192 159 192 192 198 198 198 198 198 198 198 183 129 73 73 
73 73 73 73 85 85 95 95 221 221 243 243 243 243 192 192 192 192 192 198 198 198 198 198 177 177 238 73 73 
73 73 73 85 85 85 95 95 95 243 243 243 243 243 192 192 192 192 192 59 59 59 177 177 177 177 177 73 73 
155 155 155 85 85 85 95 95 95 243 243 243 243 243 192 192 192 192 145 59 59 59 59 177 177 177 177 155 155 
155 155 155 155 85 85 95 95 95 95 243 243 243 243 243 192 192 145 145 59 59 59 59 177 177 177 155 155 155 
155 155 155 155 155 85 95 95 95 95 243 243 243 243 220 220 220 220 145 59 59 59 59 177 177 177 206 155 155 
132 132 132 132 132 14 14 14 14 207 207 207 207 207 220 220 220 220 220 59 59 59 59 177 177 132 132 132 132 
132 132 132 132 132 14 14 14 14 207 207 207 207 207 220 220 220 220 220 92 33 33 33 33 33 132 132 132 132 
132 132 132 132 132 14 14 14 14 207 207 207 207 207 220 220 220 220 220 41 33 33 33 33 33 33 132 132 132 
132 132 132 132 132 94 94 94 94 65 65 207 207 207 80 80 80 80 33 33 33 33 33 33 33 53 53 110 132 
132 132 132 132 132 94 94 94 65 65 65 65 80 80 80 80 236 236 109 33 33 33 33 33 33 53 62 62 62 
228 228 228 228 61 61 94 94 168 168 168 168 80 80 80 236 236 236 109 109 33 33 33 33 33 166 62 62 62 
228 228 228 228 61 61 61 168 168 168 168 168 80 80 80 236 236 80 109 109 109 33 33 33 166 62 62 62 62 
228 228 228 228 61 61 61 61 168 168 168 168 80 80 80 80 80 80 109 109 109 109 109 166 166 166 62 62 62 
228 228 228 228 61 61 61 61 168 168 168 80 80 80 80 232 232 109 109 109 109 109 109 166 166 166 62 62 228 
228 228 228 228 61 61 61 61 61 168 168 80 80 80 232 232 232 109 109 109 109 109 109 54 54 54 62 228 228 
228 228 228 228 61 61 61 61 61 189 189 189 152 152 152 232 232 109 109 109 109 109 109 191 54 54 15 15 228 
228 228 228 228 61 61 61 61 189 189 189 189 152 152 152 152 152 109 109 109 109 109 191 191 191 191 191 15 15 
228 228 228 228 154 154 11 11 11 189 189 189 152 152 152 152 152 88 88 88 88 88 191 191 191 191 191 15 15 
15 15 228 34 154 154 11 11 11 189 189 189 189 152 152 152 152 88 88 88 88 88 191 191 191 191 191 15 15 
15 15 34 34 34 34 34 34 11 189 189 189 189 152 152 152 88 88 88 88 88 88 191 191 191 191 191 191 191 
39 34 34 34 34 34 34 34 34 122 122 122 122 152 152 152 88 88 88 88 88 88 191 191 191 191 191 191 39 
225 225 34 34 34 34 34 34 34 122 122 122 122 122 122 152 88 88 88 88 88 88 191 191 191 129 129 129 129 
225 225 225 34 34 34 34 34 86 86 86 122 122 122 122 122 88 88 88 88 88 88 129 129 129 129 129 129 129 
225 225 225 107 34 34 34 86 86 86 86 86 86 122 81 81 74 74 74 74 74 129 129 129 129 129 129 129 129 
225 225 107 107 107 107 86 86 86 86 86 86 86 86 101 101 74 74 74 74 74 74 129 129 129 129 129 129 129 
225 107 107 107 107 107 86 86 86 86 86 86 86 86 101 101 74 74 74 74 74 198 198 129 129 129 129 129 129 
131 107 107 107 107 107 221 221 221 221 86 86 221 221 101 101 74 74 74 74 198 198 198 183 129 129 129 129 131 
73 73 73 107 107 107 221 221 221 221 221 221 221 221 101 159 106 74 74 74 198 198 198 198 198 129 129 73 73 
73 73 73 73 73 85 221 221 221 221 221 221 221 221 192 159 192 74 74 198 198 198 198 198 177 177 129 73 73 
73 73 73 73 85 85 24 24 221 221 221 243 243 243 192 192 192 192 145 145 198 198 177 177 177 177 177 73 73 
73 73 73 73 85 85 24 24 24 243 243 243 243 243 243 192 192 145 145 145 145 177 177 177 177 177 177 73 73 
155 155 155 85 85 85 95 24 24 243 243 243 243 243 243 192 192 145 145 145 145 177 177 177 177 177 177 155 155 
155 155 155 155 85 85 95 24 24 243 243 243 243 243 243 192 145 145 145 145 145 177 177 177 177 177 177 155 155 
155 155 155 155 155 85 24 24 24 24 243 243 243 243 243 220 220 145 145 145 145 177 177 177 177 177 155 155 155 
132 132 132 132 132 14 14 14 14 207 207 207 207 207 207 220 220 220 145 92 145 177 177 177 177 177 132 132 132 
132 132 132 132 132 14 14 14 14 207 207 207 207 207 207 220 220 220 92 92 92 33 33 33 33 53 132 132 132 
132 132 132 132 132 14 14 14 14 207 207 207 207 207 207 220 220 220 92 92 33 33 33 33 33 53 53 132 132 
132 132 132 132 132 94 94 94 94 65 65 65 65 80 42 42 42 42 33 33 33 33 33 33 53 53 53 110 132 
132 132 40 40 40 94 94 94 94 65 65 65 80 80 80 236 236 236 236 33 33 33 33 33 53 53 53 110 110 
62 228 40 40 40 94 94 94 94 65 65 80 80 80 80 236 236 236 236 69 33 33 33 33 166 166 62 62 62 
62 228 228 40 40 61 94 94 168 168 168 80 80 80 80 236 236 80 109 109 69 69 69 166 166 166 62 62 62 
228 228 228 228 61 61 61 61 168 168 168 80 80 80 80 80 80 109 109 109 109 69 69 166 166 166 62 62 62 
228 228 228 228 61 61 61 61 168 168 168 80 80 80 80 80 80 109 109 109 109 109 69 166 166 166 166 62 228 
228 228 228 228 61 61 61 61 61 168 168 80 80 80 80 80 80 109 109 109 109 109 109 54 54 54 54 54 228 
228 228 228 228 61 61 61 61 61 189 189 189 152 152 152 80 80 109 109 109 109 109 109 54 54 54 54 54 228 
228 228 228 228 61 61 61 61 189 189 189 189 152 152 152 152 152 79 79 79 79 88 191 191 54 54 214 214 214 
214 228 228 154 154 154 154 154 11 189 189 189 152 152 152 152 152 88 88 88 88 88 191 191 191 191 214 214 214 
214 214 154 154 154 154 154 154 154 189 189 189 152 152 152 152 88 88 88 88 88 88 191 191 191 191 191 214 214 
214 154 154 154 154 154 154 154 154 122 122 122 122 122 152 152 88 88 88 88 88 88 191 191 191 191 191 191 214 
225 225 225 154 154 154 154 154 122 122 122 122 122 122 122 122 88 88 88 88 88 88 191 191 191 191 44 44 44 
225 225 225 34 34 34 34 34 122 122 122 122 122 122 122 122 88 88 88 88 88 88 191 191 44 44 44 44 44 
225 225 225 225 34 34 34 34 86 122 122 122 122 122 122 122 88 88 88 88 88 88 129 129 129 129 129 129 129 
225 225 225 225 34 34 34 86 86 86 86 122 122 122 122 122 74 74 74 74 74 74 129 129 129 129 129 129 225 
225 225 225 107 107 107 86 86 86 86 86 86 86 86 101 74 74 74 74 74 74 74 129 129 129 129 129 129 225 
225 225 107 107 107 107 221 221 221 86 86 86 86 86 86 74 74 74 74 74 74 74 198 129 129 129 129 129 225 
225 107 107 107 107 107 221 221 221 221 221 221 221 221 106 106 74 74 74 74 74 74 198 198 129 129 129 129 73 
73 73 73 73 73 221 221 221 221 221 221 221 221 221 106 106 106 74 74 74 74 198 198 198 8 8 129 73 73 
73 73 73 73 73 24 221 221 221 221 221 221 221 221 106 106 106 106 74 74 198 198 198 8 8 8 8 73 73 
73 73 73 73 73 24 24 24 221 221 221 221 221 221 221 106 106 106 145 145 145 145 177 177 177 128 128 73 73 
73 73 73 73 85 24 24 24 24 24 243 243 243 243 243 22 145 145 145 145 145 145 177 177 177 128 128 128 73 
73 73 73 73 85 24 24 24 24 24 243 243 243 243 243 22 145 145 145 145 145 177 177 177 177 128 128 128 73 
155 155 155 155 85 24 24 24 24 24 243 243 243 243 243 22 145 145 145 145 145 177 177 177 177 128 128 128 155 
132 132 132 132 132 24 24 24 24 24 243 243 243 243 42 42 42 145 145 145 145 145 177 177 177 128 128 132 132 
132 132 132 132 132 132 14 24 24 24 207 207 207 207 42 42 42 145 145 92 145 145 177 177 177 128 132 132 132 
132 132 132 132 132 14 14 14 14 207 207 207 207 207 42 42 42 42 92 92 92 92 33 53 53 53 53 132 132 
132 132 132 132 132 94 94 94 94 94 207 207 207 207 42 42 42 42 92 92 92 33 33 53 53 53 53 132 132 
132 132 132 40 40 94 94 94 94 94 65 65 202 202 42 42 42 42 42 92 33 33 33 53 53 53 53 110 110 
110 40 40 40 40 94 94 94 94 65 65 65 80 80 80 80 80 80 80 69 69 33 33 53 53 53 53 110 110 
110 40 40 40 40 40 94 94 94 65 65 80 80 80 80 80 236 80 80 69 69 69 69 166 166 166 166 110 110 
62 40 40 40 40 40 94 94 94 94 94 80 80 80 80 80 80 80 109 69 69 69 69 166 166 166 166 62 62 
62 40 40 40 40 40 40 94 94 94 168 80 80 80 80 80 80 80 109 109 69 69 69 166 166 166 166 62 62 
228 228 40 40 40 61 61 61 61 94 80 80 80 80 80 80 80 109 109 109 109 69 69 166 166 166 166 166 62 
228 228 228 228 40 61 61 61 61 61 80 80 80 80 80 80 80 109 109 109 109 109 109 54 54 54 54 54 54 
228 228 228 228 230 61 61 61 61 189 189 189 80 80 80 80 80 109 109 109 109 109 54 54 54 54 54 54 214 
214 214 228 228 230 230 230 230 171 189 189 189 152 152 152 152 114 79 79 79 79 79 54 54 54 54 54 214 214 
214 214 76 154 154 154 154 154 154 189 189 189 152 152 152 152 79 79 79 79 79 79 79 191 54 214 214 214 214 
214 214 76 154 154 154 154 154 154 122 122 122 122 122 152 152 88 88 88 88 88 88 191 191 191 214 214 214 214 
214 214 154 154 154 154 154 154 154 122 122 122 122 122 122 122 88 88 88 88 88 88 191 191 44 44 44 214 214 
225 225 225 154 154 154 154 154 154 122 122 122 122 122 122 122 88 88 88 88 88 88 88 44 44 44 44 44 44 
225 225 225 225 154 154 154 154 118 122 122 122 122 122 122 122 88 88 88 88 88 88 146 44 44 44 44 44 44 
225 225 225 225 225 118 118 118 118 122 122 122 122 122 122 122 88 88 88 88 88 146 146 44 44 44 44 44 225 
225 225 225 225 225 118 118 118 118 122 122 122 122 122 122 122 74 74 74 74 74 74 146 44 44 44 44 44 225 
225 225 225 225 225 118 118 31 31 86 86 122 122 122 122 106 74 74 74 74 74 74 74 129 129 129 129 129 225 
225 225 225 225 107 31 31 31 221 221 221 221 221 221 106 106 74 74 74 74 74 74 74 129 129 129 129 225 225 
225 225 225 107 107 221 221 221 221 221 221 221 221 221 106 106 106 74 74 74 74 74 8 8 8 49 129 225 225 
73 73 73 73 73 221 221 221 221 221 221 221 221 221 106 106 106 106 74 74 74 74 8 8 8 8 8 73 73 
73 73 73 73 73 221 221 221 221 221 221 221 221 221 106 106 106 106 106 74 74 8 8 8 8 8 8 73 73 
73 73 73 73 73 24 24 24 221 221 221 221 221 221 22 106 106 106 145 145 145 145 8 8 8 128 128 128 73 
73 73 73 73 73 24 24 24 24 221 221 221 243 22 22 22 145 145 145 145 145 145 177 177 128 128 128 128 73 
130 130 130 130 130 24 24 24 24 24 24 243 243 243 22 22 145 145 145 145 145 145 177 177 128 128 128 128 130 
130 130 130 130 130 24 24 24 24 24 24 243 243 243 22 22 145 145 145 145 145 145 177 177 128 128 128 128 130 
130 130 130 130 130 24 24 24 24 24 24 243 243 42 42 42 42 145 145 145 145 145 177 177 128 128 128 130 130 
130 130 130 130 130 130 24 24 24 24 207 207 42 42 42 42 42 42 92 92 92 92 177 177 128 128 128 130 130 
132 132 132 132 132 14 14 24 24 94 207 207 42 42 42 42 42 42 92 92 92 92 92 53 53 53 53 132 132 
132 132 132 132 132 94 94 94 94 94 94 207 42 42 42 42 42 42 92 92 92 92 53 53 53 53 53 110 132 
110 110 40 40 40 94 94 94 94 94 94 202 202 202 42 42 42 42 42 92 92 69 181 53 53 53 53 110 110 
110 40 40 40 40 94 94 94 94 94 65 65 202 202 80 80 42 42 42 69 69 69 181 53 53 53 53 110 110 
110 40 40 40 40 40 94 94 94 94 65 80 80 80 80 80 80 80 69 69 69 69 69 166 166 166 166 110 110 
40 40 40 40 40 40 94 94 94 94 94 80 80 80 80 80 80 80 109 69 69 69 69 166 166 166 166 166 166 
40 40 40 40 40 40 40 40 94 94 80 80 80 80 80 80 80 80 109 69 69 69 69 166 166 166 166 166 166 
228 40 40 40 40 40 40 40 94 94 80 80 80 80 80 80 80 80 109 109 69 69 69 166 166 166 166 166 166 
228 228 40 230 230 230 230 230 230 230 80 80 80 80 80 114 114 114 109 109 109 69 69 54 54 54 54 54 54 
214 228 76 230 230 230 230 230 171 171 189 189 80 114 114 114 114 114 79 79 79 79 54 54 54 54 54 54 214 
214 214 76 76 230 230 230 171 171 171 189 189 57 114 114 114 114 79 79 79 79 79 139 54 54 54 54 214 214 
214 76 76 154 154 154 154 171 171 171 122 122 57 57 57 114 114 79 79 79 79 79 139 139 54 214 214 214 214 
214 76 76 154 154 154 154 154 154 122 122 122 57 57 57 57 79 79 79 79 79 79 139 139 139 214 214 214 214 
214 76 76 154 154 154 154 154 154 122 122 122 122 57 57 57 88 88 88 88 88 88 88 44 44 44 44 214 214 
225 76 76 154 154 154 154 154 154 122 122 122 122 122 57 57 88 88 88 88 88 146 146 44 44 44 44 44 44 
225 225 225 225 154 154 154 118 118 122 122 122 122 122 122 122 122 88 88 88 146 146 146 44 44 44 44 44 44 
225 225 225 225 225 118 118 118 118 122 122 122 122 122 122 122 122 74 74 88 146 146 146 44 44 44 44 44 225 
225 225 225 225 118 118 118 118 118 190 190 122 122 122 122 122 106 74 74 74 74 146 146 44 44 44 44 44 225 
225 225 225 225 118 118 118 31 31 190 190 190 122 122 122 106 106 74 74 74 74 74 74 44 49 49 49 44 225 
225 225 225 225 118 118 31 31 31 31 221 221 221 221 106 106 106 74 74 74 74 74 74 49 49 49 49 49 225 
225 225 225 225 157 31 31 31 31 221 221 221 221 221 106 106 106 106 74 74 74 74 8 8 8 49 49 49 225 
73 73 73 157 157 157 221 221 221 221 221 221 221 221 106 106 106 106 106 74 74 8 8 8 8 8 8 8 73 
73 73 73 73 157 157 221 221 221 221 221 221 221 221 22 106 106 106 106 106 145 8 8 8 8 8 8 8 73 
73 73 73 73 73 157 24 221 221 221 221 221 221 22 22 22 106 106 145 145 145 8 8 8 8 8 128 128 73 
73 73 73 73 73 24 24 24 24 221 221 221 22 22 22 22 22 145 145 145 145 145 8 8 128 128 128 128 73 
130 130 130 130 130 24 24 24 24 24 24 23 22 22 22 22 22 145 145 145 145 145 8 8 128 128 128 128 130 
130 130 130 130 130 24 24 24 24 24 24 23 22 22 22 22 22 145 145 145 145 145 177 128 128 128 128 128 130 
130 130 130 130 130 130 24 24 24 24 24 42 42 42 42 42 42 145 145 145 145 145 177 128 128 128 128 130 130 
130 130 130 130 130 130 24 24 24 24 207 42 42 42 42 42 42 42 92 92 92 92 177 128 128 128 128 130 130 
130 130 130 130 130 130 94 94 94 94 94 42 42 42 42 42 42 42 92 92 92 92 92 53 53 53 53 130 130 
130 130 130 130 130 94 94 94 94 94 94 42 42 42 42 42 42 42 92 92 92 92 53 53 53 53 53 110 110 
110 99 99 40 40 94 94 94 56 56 56 202 202 202 42 42 42 42 42 42 181 181 181 181 53 53 53 110 110 
110 40 40 40 40 40 94 94 56 56 56 202 202 202 202 42 42 42 42 69 69 181 181 181 53 53 53 110 110 
110 40 40 40 40 40 94 94 56 56 56 202 202 202 202 80 80 80 227 69 69 69 181 181 166 166 166 110 110 
40 40 40 40 40 40 94 94 56 56 56 56 80 80 80 80 80 80 227 69 69 69 69 166 166 166 166 166 166 
40 40 40 40 40 40 40 40 56 56 56 80 80 80 80 80 80 227 227 227 69 69 69 166 166 166 166 166 166 
40 40 40 40 40 230 30 30 30 56 56 80 80 80 80 114 114 227 227 227 227 69 69 166 166 166 166 166 166 
76 76 40 230 230 230 230 230 230 230 6 114 114 114 114 114 114 114 227 227 227 69 69 54 54 54 54 54 54 
76 76 76 230 230 230 230 230 171 171 6 114 114 114 114 114 114 114 227 227 227 79 216 54 54 54 54 54 214 
214 76 76 76 230 230 230 171 171 171 171 57 57 114 114 114 114 114 79 79 79 79 139 139 54 54 54 214 214 
214 76 76 76 154 154 171 171 171 171 171 57 57 57 57 114 114 79 79 79 79 79 139 139 139 214 214 214 214 
76 76 76 76 154 154 154 171 171 171 122 57 57 57 57 57 57 79 79 79 79 79 139 139 139 214 214 214 214 
76 76 76 154 154 154 154 154 154 122 122 122 57 57 57 57 57 88 79 79 146 146 139 139 44 44 44 214 214 
76 76 76 154 154 154 154 154 154 122 122 122 122 57 57 57 57 88 88 146 146 146 146 44 44 44 44 44 44 
225 225 225 225 154 154 118 118 118 190 122 122 122 122 57 57 57 146 146 146 146 146 146 44 44 44 44 44 44 
225 225 225 225 118 118 118 118 118 190 190 122 122 122 122 122 122 74 146 146 146 146 146 44 44 44 44 44 225 
225 225 225 225 118 118 118 118 118 190 190 190 122 122 122 122 106 74 74 74 146 146 146 44 44 44 44 44 225 
225 225 225 225 118 118 118 31 31 190 190 190 190 190 190 106 106 74 74 74 74 21 21 49 49 49 49 49 225 
225 225 225 225 118 118 31 31 31 31 190 190 190 190 106 106 106 106 74 74 74 21 21 49 49 49 49 49 225 
225 225 225 157 157 157 31 31 31 31 221 221 221 221 106 106 106 106 106 74 74 8 8 8 49 49 49 49 225 
73 73 157 157 157 157 157 31 221 221 221 221 221 226 226 106 106 106 106 106 74 8 8 8 8 8 8 8 8 
73 73 157 157 157 157 157 221 221 221 221 221 221 226 226 106 106 106 106 106 8 8 8 8 8 8 8 8 73 
73 73 157 157 157 157 164 164 164 221 221 221 226 22 22 22 22 106 145 145 145 8 8 8 8 8 8 8 73 
130 130 130 157 157 164 164 164 164 164 23 23 23 22 22 22 22 145 145 145 145 8 8 8 8 128 128 128 128 
130 130 130 130 130 164 164 164 164 164 23 23 23 22 22 22 22 145 145 145 145 145 8 8 128 128 128 128 130 
130 130 130 130 130 201 201 201 201 164 23 23 23 22 22 22 22 145 145 145 145 145 8 8 128 128 128 128 130 
130 130 130 130 130 201 201 201 201 201 208 208 42 42 42 42 42 42 145 145 145 145 145 8 128 128 128 130 130 
130 130 130 130 130 201 201 201 201 201 208 208 42 42 42 42 42 42 42 92 92 92 92 8 128 128 128 130 130 
130 130 130 130 130 201 201 201 201 56 56 42 42 42 42 42 42 42 92 92 92 92 181 181 53 53 53 110 130 
130 130 130 130 130 56 56 56 56 56 56 42 42 42 42 42 42 42 42 92 92 92 181 181 53 53 53 110 110 
99 99 99 99 99 56 56 56 56 56 56 56 202 202 202 42 42 42 42 42 181 181 181 181 181 53 53 110 110 
99 99 99 99 40 56 56 56 56 56 56 56 202 202 202 42 42 42 42 42 181 181 181 181 181 53 53 110 110 
99 99 40 40 40 40 56 56 56 56 56 56 202 202 202 202 202 42 227 227 69 181 181 181 181 166 166 110 110 
99 99 40 40 40 40 30 56 56 56 56 56 202 202 202 202 80 227 227 227 69 69 181 166 166 166 166 166 166 
99 40 40 40 30 30 30 30 56 56 56 56 202 202 202 80 80 227 227 227 227 69 69 166 166 166 166 166 166 
76 40 40 40 30 30 30 30 30 6 6 6 114 114 114 114 114 227 227 227 227 227 69 166 166 166 166 166 166 
76 76 76 230 230 230 30 30 30 6 6 6 114 114 114 114 114 114 227 227 227 227 216 216 216 54 54 54 54 
76 76 76 230 230 230 230 230 171 171 6 114 114 114 114 114 114 114 227 227 227 227 216 216 216 54 54 54 214 
76 76 76 76 230 230 230 171 171 171 171 57 57 114 114 114 114 114 79 79 79 139 139 139 139 54 54 214 214 
76 76 76 76 76 230 171 171 171 171 171 57 57 57 114 114 114 114 79 79 79 139 139 139 139 139 214 214 214 
76 76 76 76 76 154 171 171 171 171 122 57 57 57 57 57 57 79 79 79 79 139 139 139 139 139 214 214 76 
76 76 76 76 76 154 154 171 171 122 122 57 57 57 57 57 57 57 146 146 146 146 146 139 139 44 44 214 76 
76 76 76 76 154 154 154 154 25 122 122 122 57 57 57 57 57 57 146 146 146 146 146 146 44 44 44 44 76 
225 225 225 225 154 118 118 118 118 190 190 122 122 57 57 57 57 146 146 146 146 146 146 146 44 44 44 44 44 
225 225 225 225 118 118 118 118 118 190 190 190 122 122 122 122 122 146 146 146 146 146 146 146 44 44 44 44 225 
225 225 225 225 118 118 118 118 118 190 190 190 190 122 122 122 51 74 21 21 146 146 146 146 49 49 49 49 225 
225 225 225 225 118 118 118 118 118 190 190 190 190 190 190 51 51 74 21 21 21 21 21 49 49 49 49 49 225 
225 225 225 157 157 118 118 31 31 190 190 190 190 190 51 51 51 51 21 21 21 21 21 49 49 49 49 49 225 
225 225 157 157 157 157 31 31 31 31 31 190 190 226 226 51 51 51 106 21 21 120 8 8 49 49 49 35 35 
157 157 157 157 157 157 157 31 31 31 221 221 226 226 226 226 51 51 51 120 120 120 8 8 8 8 35 35 35 
73 157 157 157 157 157 157 7 7 7 221 221 226 226 226 226 51 51 51 51 8 8 8 8 8 8 8 8 8 
73 157 157 157 157 157 164 164 164 164 23 23 226 226 226 22 22 51 145 145 8 8 8 8 8 8 8 8 8 
130 130 157 157 157 164 164 164 164 164 23 23 23 22 22 22 22 22 145 145 145 8 8 8 8 8 128 128 128 
130 130 130 130 164 164 164 164 164 164 23 23 23 22 22 22 22 22 145 145 145 8 8 8 8 128 128 128 130 
130 130 130 130 164 164 201 201 201 164 23 23 23 22 22 22 22 22 145 145 145 145 8 8 8 128 128 128 130 
130 130 130 130 130 201 201 201 201 201 208 208 42 42 42 42 42 42 145 145 145 145 8 8 8 128 128 130 130 
130 130 130 130 130 201 201 201 201 201 208 208 42 42 42 42 42 42 42 92 145 145 8 8 8 128 128 130 130 
130 130 130 130 130 201 201 201 201 56 56 208 42 42 42 42 42 42 42 92 92 92 181 181 181 53 53 53 130 
130 130 130 130 56 56 56 56 56 56 56 56 42 42 42 42 42 42 42 92 92 181 181 181 181 53 53 53 110 
99 99 99 99 99 56 56 56 56 56 56 56 202 202 42 42 42 42 42 42 181 181 181 181 181 181 181 110 99 
99 99 99 99 99 56 56 56 56 56 56 56 202 202 202 42 42 42 42 42 181 181 181 181 181 181 181 110 99 
99 99 99 99 99 56 56 56 56 56 56 56 202 202 202 202 202 42 227 227 181 181 181 181 181 166 166 166 99 
99 99 99 99 40 30 56 56 56 56 56 56 56 202 202 202 202 227 227 227 227 181 181 181 166 166 166 166 99 
99 99 99 30 30 30 30 30 30 56 56 56 56 202 202 114 114 227 227 227 227 227 227 166 166 166 166 166 166 
99 99 30 30 30 30 30 30 30 6 6 6 6 114 114 114 114 227 227 227 227 227 216 216 216 166 166 166 166 
76 76 76 30 30 30 30 30 30 6 6 6 114 114 114 114 114 114 227 227 227 216 216 216 216 216 216 89 89 
76 76 76 230 230 230 230 30 171 171 6 6 114 114 114 114 114 114 227 227 227 216 216 216 216 216 216 89 89 
76 76 76 76 230 230 230 171 171 171 171 18 18 114 114 114 114 114 114 227 3 216 216 139 216 216 216 214 76 
76 76 76 76 76 230 171 171 171 171 18 18 18 57 114 114 114 114 79 79 79 139 139 139 139 139 139 214 76 
76 76 76 76 76 76 171 171 171 171 18 18 57 57 57 57 57 1 3 79 79 139 139 139 139 139 214 214 76 
76 76 76 76 76 76 171 171 25 25 122 57 57 57 57 57 57 3 3 146 146 146 146 139 139 44 44 76 76 
76 76 76 76 76 25 25 25 25 25 122 57 57 57 57 57 57 57 146 146 146 146 146 146 146 44 44 44 76 
225 76 76 76 76 25 25 25 25 190 190 122 57 57 57 57 57 178 178 146 146 146 146 146 146 146 44 44 44 
225 225 225 225 118 118 118 118 118 190 190 190 190 57 57 57 170 146 146 146 146 146 146 146 146 35 44 44 225 
225 225 225 225 118 118 118 118 118 190 190 190 190 190 190 51 51 51 21 21 21 146 146 146 35 35 35 35 225 
225 225 225 118 118 118 118 118 118 190 190 190 190 190 51 51 51 51 21 21 21 21 21 35 35 35 35 35 35 
225 203 203 157 157 118 118 118 118 190 190 190 190 226 51 51 51 51 21 21 21 21 21 35 35 35 35 35 35 
203 203 157 157 157 157 157 157 118 190 190 190 226 226 226 51 51 51 51 21 120 120 120 8 35 35 35 35 35 
203 203 157 157 157 157 157 7 7 7 7 221 226 226 226 226 51 51 51 120 120 120 120 8 8 35 35 35 35 
203 203 157 157 157 157 157 7 7 7 7 23 226 226 226 226 51 51 51 51 120 120 8 8 8 8 8 8 8 
151 151 157 157 157 157 7 7 7 164 23 23 226 226 226 226 60 51 51 51 8 8 8 8 8 8 8 8 8 
151 151 157 157 157 164 164 164 164 164 23 23 23 226 60 60 60 60 145 145 8 8 8 8 8 8 8 8 151 
130 130 157 157 164 164 164 164 164 164 23 23 23 60 60 60 60 60 145 145 145 8 8 8 8 8 8 8 151 
130 130 130 130 164 164 164 164 164 164 23 23 23 60 60 60 60 60 145 145 145 8 8 8 8 8 8 8 130 
130 130 130 130 164 164 201 201 201 164 208 208 208 42 42 42 42 42 42 145 145 8 8 8 8 8 8 130 130 
130 130 130 130 130 164 201 201 201 208 208 208 208 42 42 42 42 42 42 42 145 16 16 123 123 8 8 130 130 
130 130 130 130 186 186 56 56 56 56 208 208 42 42 42 42 42 42 42 42 42 16 181 123 123 123 53 53 130 
99 99 99 99 186 186 56 56 56 56 56 56 42 42 42 42 42 42 42 42 42 181 181 181 181 181 53 53 110 
99 99 99 99 99 186 56 56 56 56 56 56 202 202 42 42 42 42 42 42 213 213 213 213 213 213 213 99 99 
99 99 99 99 99 56 56 56 56 56 56 56 56 202 202 42 42 42 42 213 213 213 213 213 213 213 213 99 99 
99 99 99 99 99 56 56 56 56 56 56 56 56 202 202 202 42 42 172 227 180 180 213 213 213 213 213 99 99 
99 99 99 99 30 30 56 56 56 56 56 56 56 202 202 202 42 172 227 227 180 180 213 213 213 213 166 166 99 
99 99 99 30 30 30 30 30 6 6 6 6 6 6 202 114 114 227 227 227 227 180 213 213 213 166 166 166 99 
89 99 30 30 30 30 30 30 6 6 6 6 6 6 114 114 114 227 227 227 227 227 216 216 216 216 216 89 89 
89 76 76 30 30 30 30 30 6 6 6 6 6 114 114 114 114 114 227 227 227 216 216 216 216 216 89 89 89 
76 76 76 76 30 30 30 30 171 6 6 6 18 114 114 114 114 114 3 227 3 216 216 216 216 216 89 89 89 
76 76 76 76 76 209 209 171 171 171 18 18 18 18 233 233 233 1 3 3 3 216 216 216 216 216 89 89 76 
76 76 76 76 76 209 209 171 171 171 18 18 18 18 233 233 233 1 3 3 3 3 216 216 216 216 89 89 76 
76 76 76 76 76 76 171 171 171 18 18 18 18 18 233 233 233 1 3 3 3 3 139 139 139 139 214 76 76 
76 76 76 76 68 68 25 25 25 18 18 18 18 57 57 233 233 3 3 3 3 146 146 139 139 44 76 76 76 
76 76 76 68 68 68 25 25 25 71 18 18 57 57 57 57 233 178 178 146 146 146 146 146 146 146 44 76 76 
76 76 68 68 68 25 25 25 25 71 71 18 57 57 57 170 170 178 178 146 146 146 146 146 146 146 146 141 141 
225 76 68 68 118 118 25 25 25 71 71 190 190 57 170 170 170 170 178 146 146 146 146 146 146 35 35 141 141 
225 225 225 68 118 118 118 118 118 118 190 190 190 190 170 170 170 51 21 21 21 146 146 35 35 35 35 35 35 
225 203 203 203 118 118 118 118 118 118 190 190 190 190 51 51 51 51 21 21 21 21 21 35 35 35 35 35 35 
203 203 203 203 157 157 118 118 118 118 190 190 229 173 51 51 51 51 21 21 21 21 21 35 35 35 35 35 35 
203 203 203 157 157 157 157 157 118 223 190 229 226 226 226 51 51 51 51 21 120 120 120 35 35 35 35 35 35 
203 203 203 157 157 157 157 7 7 7 7 223 226 226 226 226 51 51 51 120 120 120 120 120 35 35 35 35 35 
203 203 157 157 157 157 7 7 7 7 7 23 226 226 226 226 51 51 51 51 120 120 120 8 8 8 8 8 8 
151 151 157 157 157 157 7 7 7 164 23 23 226 226 226 226 226 51 51 27 120 120 8 8 8 8 8 8 151 
151 151 151 157 157 164 164 164 164 164 23 23 23 226 60 60 60 60 60 27 8 8 8 8 8 8 8 8 151 
151 151 151 151 164 164 164 164 164 164 23 23 23 60 60 60 60 60 60 27 8 8 8 8 8 8 8 151 151 
151 151 151 151 164 164 164 164 164 164 23 23 23 60 60 60 60 60 60 60 16 16 8 8 8 8 8 151 151 
151 151 151 164 164 164 164 164 164 164 208 208 208 208 60 60 60 60 60 16 16 16 16 16 8 8 219 219 151 
151 151 151 186 186 186 186 186 186 208 208 208 208 42 42 42 42 42 42 42 16 16 16 123 123 123 123 123 130 
99 99 99 99 186 186 186 186 186 56 208 208 42 42 42 42 42 42 42 42 16 16 123 123 123 123 123 123 130 
99 99 99 99 186 186 186 56 56 56 56 56 42 42 42 42 42 42 42 42 213 213 123 123 213 213 213 50 50 
50 50 50 50 50 186 56 56 56 56 56 56 56 56 42 42 42 42 42 213 213 213 213 213 213 174 174 174 50 
99 99 99 50 50 186 56 56 56 56 56 56 56 56 42 42 42 172 172 213 213 213 213 213 213 174 174 174 50 
99 99 50 50 50 56 56 56 56 56 56 56 56 56 202 172 172 172 172 180 180 180 213 213 213 174 174 174 50 
50 50 50 50 30 30 56 56 56 56 56 56 56 56 202 172 172 172 172 180 180 180 180 213 213 213 213 213 50 
50 50 50 50 30 30 30 56 6 6 6 6 6 6 6 172 172 172 172 180 180 180 180 213 213 213 213 89 89 
89 47 47 209 209 209 209 209 6 6 6 6 6 6 114 233 172 172 172 227 180 180 144 144 144 144 89 89 89 
89 47 47 209 209 209 209 209 6 6 6 6 6 6 114 233 114 233 1 227 144 144 144 144 144 144 89 89 89 
89 47 47 209 209 209 209 209 6 6 6 6 18 233 233 233 233 233 1 3 144 144 144 144 144 144 89 89 89 
76 76 76 76 209 209 209 209 209 18 18 18 18 18 233 233 233 1 1 3 3 144 144 144 144 144 89 89 89 
76 76 76 76 68 209 209 209 171 18 18 18 18 18 233 233 233 1 3 3 3 3 144 144 144 144 144 89 76 
76 76 76 68 68 68 68 25 18 18 18 18 18 18 233 233 233 1 3 3 3 3 3 144 144 144 144 76 76 
76 76 68 68 68 68 25 25 25 18 18 18 18 18 233 233 233 3 3 3 3 3 146 146 222 144 144 76 76 
76 68 68 68 68 68 25 25 25 71 71 18 18 18 170 170 170 170 178 178 178 146 146 146 222 222 141 141 141 
141 68 68 68 68 68 25 25 71 71 71 71 18 57 170 170 170 170 178 178 178 146 146 146 146 222 141 141 141 
141 141 68 68 68 118 25 25 71 71 71 71 71 170 170 170 170 170 178 178 178 146 146 146 35 35 35 141 141 
141 141 141 203 118 118 118 71 71 71 71 71 229 170 170 170 170 170 178 178 21 146 146 35 35 35 35 35 141 
141 203 203 203 203 118 118 118 71 71 71 229 229 173 173 173 173 51 21 21 21 21 21 35 35 35 35 35 141 
203 203 203 203 203 203 203 118 71 223 229 229 229 173 173 173 51 51 21 21 21 21 120 35 35 35 35 35 35 
203 203 203 203 203 203 157 157 223 223 223 229 229 229 173 51 51 51 51 21 120 120 120 35 35 35 35 35 35 
203 203 203 203 203 157 157 7 7 223 223 223 226 226 226 51 51 51 51 120 120 120 120 120 35 35 35 35 35 
151 203 203 203 157 157 7 7 7 7 7 223 226 226 226 226 226 51 51 27 120 120 120 8 8 8 8 8 151 
151 151 203 157 157 157 7 7 7 164 23 23 226 226 226 226 226 51 27 27 27 120 8 8 8 8 8 151 151 
151 151 151 151 157 164 164 164 164 164 23 23 23 226 60 60 60 60 27 27 27 8 8 8 8 8 8 151 151 
151 151 151 151 164 164 164 164 164 164 23 23 23 60 60 60 60 60 60 27 27 16 8 8 8 8 8 151 151 
151 151 151 151 164 164 164 164 164 164 23 23 23 60 60 60 60 60 60 16 16 16 16 16 8 219 219 151 151 
151 151 151 151 164 164 164 164 164 164 208 208 208 60 60 60 60 60 60 16 16 16 16 16 16 219 219 219 151 
151 151 151 186 186 186 186 186 186 186 208 208 208 42 42 42 42 42 42 16 16 16 16 123 123 123 123 123 151 
50 50 50 186 186 186 186 186 186 186 208 208 208 42 42 42 42 42 42 16 16 16 123 123 123 123 123 123 50 
50 50 50 50 186 186 186 186 56 56 56 56 42 42 42 42 42 42 42 42 213 213 123 123 213 213 213 50 50 
50 50 50 150 150 186 186 56 56 56 56 56 56 100 42 125 42 172 172 213 213 213 213 213 213 174 174 174 50 
50 50 50 150 150 150 56 56 56 56 56 56 56 56 125 125 125 172 172 213 213 213 213 213 213 174 174 174 50 
50 50 50 50 150 150 56 56 56 56 56 56 56 56 125 172 172 172 172 172 180 180 213 213 213 174 174 174 50 
50 50 50 50 150 209 56 56 56 56 56 56 56 56 172 172 172 172 172 180 180 180 180 213 213 213 213 32 50 
50 50 50 50 209 209 209 209 6 6 6 6 6 6 172 172 172 172 172 172 180 180 180 213 213 213 32 32 32 
47 47 47 209 209 209 209 209 6 6 6 6 6 6 233 233 172 172 172 172 180 180 144 144 144 144 32 32 32 
47 47 47 209 209 209 209 209 6 6 6 6 6 6 233 233 233 1 1 3 144 144 144 144 144 144 89 89 89 
47 47 47 209 209 209 209 209 6 6 6 6 18 233 233 233 233 1 1 3 144 144 144 144 144 144 89 89 89 
47 47 47 209 209 209 209 209 209 18 18 18 18 18 233 233 233 1 1 3 3 144 144 144 144 144 89 89 89 
47 76 68 68 68 209 209 209 153 18 18 18 18 18 233 233 233 1 3 3 3 3 144 144 144 144 89 89 89 
76 68 68 68 68 68 68 153 153 18 18 18 18 18 233 233 233 1 3 3 3 3 3 144 144 144 89 89 76 
76 68 68 68 68 68 71 71 71 18 18 18 18 18 233 233 233 1 3 3 3 3 222 222 222 222 141 141 141 
141 68 68 68 68 68 71 71 71 71 71 18 200 200 170 170 170 170 178 178 178 178 222 222 222 222 141 141 141 
141 68 68 68 68 68 71 71 71 71 71 71 200 200 170 170 170 170 178 178 178 178 222 222 222 222 141 141 141 
141 141 141 68 68 68 71 71 71 71 71 71 200 170 170 170 170 170 178 178 178 178 222 222 222 222 141 141 141 
141 141 141 203 203 71 71 71 71 71 71 71 229 170 170 170 170 170 178 178 178 222 222 222 35 35 141 141 141 
141 141 203 203 203 203 71 71 71 71 229 229 229 173 173 173 173 173 21 21 21 21 21 35 35 35 35 141 141 
203 203 203 203 203 203 203 223 223 223 229 229 229 173 173 173 173 173 21 21 21 21 120 35 35 35 35 35 141 
203 203 203 203 203 203 203 223 223 223 223 229 229 229 173 173 173 51 51 21 120 120 120 35 35 35 35 35 35 
203 203 203 203 203 203 203 223 223 223 223 223 229 226 173 173 51 51 51 27 120 120 120 120 35 35 35 35 151 
203 203 203 203 203 203 203 7 223 223 223 223 226 226 226 226 226 51 27 27 27 120 120 120 8 8 8 151 151 
151 151 203 203 203 203 164 164 164 223 223 223 226 226 226 226 226 27 27 27 27 27 8 8 8 8 8 151 151 
151 151 151 151 164 164 164 164 164 164 23 23 23 226 60 60 60 60 27 27 27 27 27 8 8 8 8 151 151 
151 151 151 151 164 164 164 164 164 164 23 23 23 60 60 60 60 60 27 27 27 16 16 16 219 219 219 151 151 
151 151 151 151 164 164 164 164 164 164 23 23 23 60 60 60 60 60 60 16 16 16 16 16 219 219 219 219 151 
151 151 151 151 186 186 186 186 186 186 208 208 208 60 60 60 60 60 16 16 16 16 16 16 219 219 219 219 151 
151 151 151 151 186 186 186 186 186 186 208 208 208 100 60 60 60 42 16 16 16 16 16 123 123 219 219 219 151 
50 50 50 186 186 186 186 186 186 186 186 208 100 100 100 42 42 42 42 16 16 16 123 123 123 123 219 219 50 
50 50 50 50 186 186 186 186 186 56 56 56 100 100 42 42 42 42 42 16 16 213 123 123 213 174 174 50 50 
50 50 150 150 150 150 186 186 56 56 56 56 100 100 125 125 125 125 172 172 213 213 213 213 213 174 174 174 50 
50 50 150 150 150 150 56 56 56 56 56 56 56 100 125 125 125 172 172 172 213 213 213 213 213 174 174 174 50 
50 50 150 150 150 150 150 56 56 56 56 56 56 125 125 125 172 172 172 172 180 180 213 213 213 174 174 174 50 
50 50 50 150 150 150 150 56 56 56 56 56 56 56 172 172 172 172 172 172 180 180 180 213 213 213 213 32 50 
50 50 50 150 150 209 209 209 6 6 6 6 6 91 91 172 172 172 172 172 180 180 180 213 213 32 32 32 32 
47 47 47 47 209 209 209 209 6 6 6 6 6 6 91 172 172 172 172 172 180 144 144 144 144 32 32 32 32 
47 47 47 47 209 209 209 209 6 6 6 6 6 233 233 233 172 172 172 3 144 144 144 144 144 144 32 32 32 
47 47 47 47 209 209 209 209 209 6 6 6 18 233 233 233 233 1 1 3 144 144 144 144 144 144 32 32 32 
47 47 47 47 209 209 209 209 210 210 18 18 18 233 233 233 233 1 1 3 3 144 144 144 144 144 89 89 32 
47 47 68 68 68 68 209 153 153 153 18 18 18 18 233 233 233 1 1 3 3 3 144 144 144 144 89 89 47 
47 68 68 68 68 68 68 153 153 153 18 18 18 18 233 233 233 1 3 3 3 3 105 105 144 144 89 89 47 
141 68 68 68 68 68 68 153 153 153 153 18 18 200 170 170 170 170 3 3 3 3 222 222 222 222 141 141 141 
141 68 68 68 68 68 71 71 71 71 71 200 200 200 170 170 170 170 178 178 178 222 222 222 222 222 141 141 141 
141 141 68 68 68 68 71 71 71 71 71 200 200 200 170 170 170 170 178 178 178 222 222 222 222 222 141 141 141 
141 141 141 141 68 19 71 71 71 71 71 71 200 200 170 170 170 170 178 178 178 222 222 222 222 222 141 141 141 
141 141 141 141 68 71 71 71 71 71 71 229 229 170 170 170 170 170 170 178 178 222 222 222 222 141 141 141 141 
141 141 141 203 203 203 71 71 71 71 229 229 229 173 173 173 173 173 173 21 21 222 222 222 222 141 141 141 141 
141 203 203 203 203 203 203 223 223 223 229 229 229 173 173 173 173 173 173 21 21 21 120 35 35 35 141 141 141 
203 203 203 203 203 203 223 223 223 223 223 229 229 229 173 173 173 173 173 27 120 120 120 149 149 35 35 158 141 
203 203 203 203 203 203 203 223 223 223 223 223 229 229 173 173 173 173 27 27 27 27 149 149 149 149 158 158 141 
203 203 203 203 203 203 203 223 223 223 223 223 223 226 173 173 173 27 27 27 27 27 149 149 149 149 149 151 151 
151 151 203 203 203 203 164 223 223 223 223 223 223 226 226 226 226 27 27 27 27 27 27 149 149 149 219 151 151 
151 151 151 151 151 164 164 164 164 164 223 23 23 226 60 60 60 27 27 27 27 27 27 149 219 219 219 151 151 
151 151 151 151 164 164 164 164 164 164 23 23 23 60 60 60 60 60 27 27 27 16 16 219 219 219 219 219 151 
151 151 151 151 151 164 186 164 164 164 23 23 23 100 60 60 60 60 27 16 16 16 16 219 219 219 219 219 151 
151 151 151 151 186 186 186 186 186 186 186 100 100 100 100 60 60 60 16 16 16 16 16 219 219 219 219 219 151 
151 151 151 160 186 186 186 186 186 186 186 100 100 100 100 100 100 100 16 16 16 16 16 123 219 219 219 219 219 
50 50 150 160 186 186 186 186 186 186 100 100 100 100 100 100 100 100 100 16 16 16 123 123 123 219 219 219 219 
50 50 150 150 150 186 186 186 186 186 186 100 100 100 100 100 100 100 100 213 213 213 213 213 213 213 213 50 50 
50 150 150 150 150 150 186 186 56 56 56 100 100 100 125 125 125 125 172 224 224 213 213 213 213 213 174 174 50 
50 150 150 150 150 150 150 56 56 56 56 175 175 100 125 125 125 172 172 172 224 224 213 213 213 213 213 213 50 
242 242 150 150 150 150 150 56 56 56 56 56 175 100 125 125 172 172 172 172 224 224 213 213 213 213 174 174 50 
242 242 242 150 150 150 150 150 56 56 56 56 56 172 172 172 172 121 172 172 172 180 213 213 213 213 213 32 242 
242 242 242 242 150 150 150 150 6 6 6 6 6 91 91 172 172 172 172 172 172 180 213 213 213 32 32 32 32 
47 47 47 47 47 29 29 29 6 6 112 112 112 91 91 91 172 172 172 172 172 144 144 144 144 32 32 32 32 
47 47 47 47 29 29 29 29 29 112 112 112 112 112 91 91 172 172 172 172 105 144 144 144 144 32 32 32 32 
47 47 47 47 29 29 29 29 210 112 112 112 112 112 233 233 233 1 3 3 105 105 144 144 144 32 32 32 32 
47 47 47 47 29 29 29 210 210 210 112 112 112 233 233 233 233 1 3 3 105 105 105 144 144 32 32 32 47 
47 47 47 68 68 68 29 153 153 153 153 18 18 233 233 233 233 1 3 3 105 105 105 105 144 32 32 32 47 
47 68 68 68 68 68 68 153 153 153 153 18 18 233 233 233 233 233 3 105 105 105 105 105 105 222 222 32 47 
141 68 68 68 68 19 19 153 153 153 153 153 200 200 170 170 170 170 3 105 105 105 222 222 222 222 222 141 141 
141 141 68 68 19 19 19 71 153 153 153 200 200 200 170 170 170 170 170 163 163 163 222 222 222 222 141 141 141 
141 141 141 68 19 19 19 71 71 71 71 200 200 200 170 170 170 170 170 178 163 163 222 222 222 222 141 141 141 
141 141 141 19 19 19 71 71 71 71 71 200 200 200 170 170 170 170 170 163 163 163 222 222 222 222 141 141 141 
141 141 141 141 19 19 71 71 71 71 229 229 229 200 170 170 170 170 170 163 163 163 222 222 222 141 141 141 141 
141 141 141 203 203 203 71 71 71 229 229 229 229 173 173 173 173 173 173 163 163 163 222 222 222 158 158 141 141 
141 203 203 203 203 203 223 223 223 223 229 229 229 229 173 173 173 173 173 173 163 149 149 149 149 158 158 158 158 
141 203 203 203 203 203 223 223 223 223 223 229 229 229 173 173 173 173 173 27 149 149 149 149 149 158 158 158 158 
203 203 203 203 203 203 223 223 223 223 223 223 229 229 173 173 173 173 27 27 27 149 149 149 149 149 158 158 158 
55 203 203 203 203 66 66 223 223 223 223 223 223 223 173 173 173 27 27 27 27 149 149 149 149 149 149 158 158 
55 55 66 66 66 66 66 223 223 223 223 223 223 223 173 173 173 27 27 27 27 149 149 149 149 149 149 158 151 
55 55 55 66 66 66 66 223 223 223 223 223 223 226 60 60 60 27 27 27 27 27 149 149 149 219 219 219 151 
55 55 55 55 66 66 164 164 164 223 223 23 23 100 136 136 60 60 27 27 27 16 16 219 219 219 219 219 55 
55 55 55 55 66 186 186 164 164 164 100 100 100 100 136 136 136 136 27 16 16 16 16 219 219 219 219 219 55 
55 55 55 160 160 186 186 186 186 186 100 100 100 100 136 136 136 136 136 16 16 16 16 219 219 219 219 219 219 
55 55 160 160 160 160 186 186 186 186 100 100 100 100 100 136 136 136 136 16 16 16 16 219 219 219 219 219 219 
50 150 160 160 160 160 186 186 186 186 100 100 100 100 100 100 100 100 100 16 16 16 123 123 219 219 219 219 219 
50 150 150 150 160 160 186 186 186 186 100 100 100 100 100 100 100 100 100 224 224 213 213 213 213 213 219 219 50 
242 150 150 150 150 160 160 186 56 56 175 175 100 100 100 125 125 125 172 224 224 224 224 224 224 213 174 72 50 
242 242 150 150 150 150 150 56 56 56 175 175 175 100 125 125 125 172 172 224 224 224 224 224 224 213 213 242 242 
242 242 242 150 150 150 150 150 56 56 175 175 175 175 125 125 172 172 172 172 224 224 224 224 224 72 72 242 242 
242 242 242 150 150 150 150 150 102 56 175 175 175 91 91 172 172 172 172 172 224 224 224 224 213 213 72 242 242 
242 242 242 242 242 29 29 29 102 112 112 112 112 91 91 91 91 172 172 172 172 224 224 237 237 237 32 32 242 
47 47 47 47 29 29 29 29 29 112 112 112 112 91 91 91 91 91 172 172 172 237 237 237 237 237 32 32 32 
47 47 47 47 29 29 29 29 29 112 112 112 112 112 91 91 91 91 91 105 105 237 237 237 237 237 32 32 32 
47 47 47 47 29 29 29 29 210 112 112 112 112 112 91 91 91 91 105 105 105 105 237 237 237 237 32 32 47 
47 47 47 47 29 29 29 210 210 210 112 112 112 112 112 233 91 1 105 105 105 105 105 237 237 237 32 32 47 
47 47 47 47 29 29 29 210 210 210 210 112 112 112 233 233 233 1 105 105 105 105 105 105 237 237 32 32 47 
47 47 47 68 29 29 29 153 153 153 153 210 210 170 170 170 170 170 105 105 105 105 105 105 105 222 187 187 47 
141 68 68 19 19 19 19 153 153 153 153 153 200 170 170 170 170 170 105 105 105 105 105 222 222 222 187 187 187 
141 141 141 19 19 19 19 19 153 153 153 200 200 200 170 170 170 170 163 163 163 163 163 222 222 222 187 187 187 
141 141 141 19 19 19 19 19 71 71 71 200 200 200 170 170 170 170 163 163 163 163 163 222 222 222 187 187 141 
141 141 141 19 19 19 19 71 71 71 71 200 200 200 170 170 170 170 163 163 163 163 163 222 222 222 141 141 141 
141 141 141 19 19 19 19 71 71 71 229 229 229 200 170 170 170 170 170 163 163 163 163 222 222 141 141 141 141 
141 141 141 203 19 19 19 71 71 229 229 229 229 173 173 173 173 173 173 163 163 163 163 149 149 158 158 158 158 
158 158 203 203 203 203 223 223 223 223 229 229 229 173 173 173 173 173 173 173 149 149 149 149 149 158 158 158 158 
158 158 66 66 66 203 223 223 223 223 223 229 229 173 173 173 173 173 173 173 149 149 149 149 149 158 158 158 158 
158 66 66 66 66 66 66 223 223 223 223 223 229 229 173 173 173 173 173 27 149 149 149 149 149 149 158 158 158 
66 66 66 66 66 66 66 223 223 223 223 223 223 223 173 173 173 173 27 27 27 149 149 149 149 149 158 158 158 
55 66 66 66 66 66 66 223 223 223 223 223 223 138 138 173 173 27 27 27 27 149 149 149 149 149 149 158 158 
55 55 55 66 66 66 66 66 223 223 223 223 138 138 138 136 136 27 27 27 27 149 149 149 149 149 219 219 55 
55 55 55 66 66 66 66 66 223 223 223 138 138 136 136 136 136 136 27 27 27 16 219 219 219 219 219 219 55 
55 55 55 55 66 66 66 164 164 20 100 100 100 136 136 136 136 136 136 136 16 16 219 219 219 219 219 219 55 
55 55 55 160 160 160 160 186 186 186 100 100 100 100 136 136 136 136 136 16 16 16 16 219 219 219 219 219 219 
55 55 160 160 160 160 160 186 186 186 100 100 100 100 100 136 136 136 136 136 16 16 219 219 219 219 219 219 219 
162 160 160 160 160 160 160 186 186 186 100 100 100 100 100 100 100 100 100 224 224 224 123 219 219 219 219 219 219 
50 150 150 160 160 160 160 186 186 100 100 100 100 100 100 100 100 100 100 224 224 224 224 224 219 219 219 219 219 
242 150 150 150 160 160 160 87 87 87 175 175 100 100 100 100 100 100 224 224 224 224 224 224 224 72 72 72 72 
242 242 150 150 150 150 150 87 87 87 175 175 175 38 38 38 38 172 172 224 224 224 224 224 72 72 72 72 242 
242 242 242 150 150 150 150 87 87 87 175 175 175 38 38 38 172 172 172 224 224 224 224 224 72 72 72 72 242 
242 242 242 242 150 150 29 87 102 87 175 175 38 38 91 91 172 172 172 172 224 224 224 224 72 72 72 242 242 
242 242 242 242 242 29 29 29 102 102 102 175 38 91 91 91 91 172 172 172 172 224 224 237 237 237 72 242 242 
242 242 242 242 29 29 29 29 102 112 112 112 112 91 91 91 91 91 172 172 105 237 237 237 237 237 237 32 242 
47 47 47 29 29 29 29 29 29 112 112 112 112 112 91 91 91 91 91 105 105 237 237 237 237 237 237 32 32 
47 47 47 29 29 29 29 29 210 112 112 112 112 112 91 91 91 91 105 105 105 105 237 237 237 237 237 32 47 
47 47 47 29 29 29 29 210 210 210 112 112 112 112 112 91 91 91 105 105 105 105 105 237 237 237 237 32 47 
47 47 47 29 29 29 29 210 210 210 210 210 112 112 112 233 13 13 105 105 105 105 105 105 237 237 237 32 47 
47 47 4 19 29 29 29 210 210 210 210 210 210 170 170 170 170 13 105 105 105 105 105 105 105 105 119 119 119 
187 187 19 19 19 19 19 19 153 153 210 210 210 170 170 170 170 170 105 105 105 105 105 105 105 187 187 187 187 
187 141 19 19 19 19 19 19 153 153 153 200 200 170 170 170 170 170 163 163 163 163 163 163 222 187 187 187 187 
187 141 141 19 19 19 19 19 19 153 142 200 200 200 170 170 170 170 163 163 163 163 163 163 222 187 187 187 187 
141 141 141 19 19 19 19 19 19 71 71 200 200 200 170 170 170 170 163 163 163 163 163 163 222 187 187 187 187 
141 141 141 19 19 19 19 19 19 71 229 229 229 200 170 170 170 170 163 163 163 163 163 163 222 158 158 158 158 
158 158 158 19 19 19 19 19 223 229 229 229 229 173 173 173 173 173 173 163 163 163 163 149 149 158 158 158 158 
158 158 158 66 66 66 82 223 223 223 229 229 229 173 173 173 173 173 173 173 149 149 149 149 149 158 158 158 158 
158 158 66 66 66 66 82 223 223 223 223 229 229 173 173 173 173 173 173 149 149 149 149 149 149 158 158 158 158 
158 66 66 66 66 66 66 223 223 223 223 223 229 173 173 173 173 173 173 149 149 149 149 149 149 149 158 158 158 
158 66 66 66 66 66 66 223 223 223 223 223 223 138 173 173 173 173 27 149 149 149 149 149 149 149 158 158 158 
66 66 66 66 66 66 66 223 223 223 223 223 138 138 138 138 138 2 2 2 149 149 149 149 149 149 149 158 158 
55 66 66 66 66 66 66 66 223 223 223 138 138 138 138 138 136 136 2 2 2 84 84 84 84 84 84 158 55 
55 55 66 66 66 66 66 66 20 20 223 138 138 138 136 136 136 136 2 2 2 84 84 84 84 219 219 219 55 
55 55 66 66 66 66 66 20 20 20 100 100 100 136 136 136 136 136 136 2 2 2 84 219 219 219 219 219 162 
162 162 162 160 160 160 160 20 20 20 100 100 100 100 136 136 136 136 136 2 2 133 16 219 219 219 219 219 162 
162 162 160 160 160 160 160 160 20 20 100 100 100 100 100 136 136 136 136 136 133 133 133 219 219 219 219 219 162 
162 162 160 160 160 160 160 160 186 20 100 100 100 100 100 100 100 100 100 133 133 133 133 219 219 219 219 219 162 
162 160 160 160 160 160 160 160 87 87 100 100 100 100 100 100 100 100 100 224 224 224 224 224 72 72 72 72 72 
242 242 150 150 160 160 87 87 87 87 87 175 100 100 38 38 38 38 224 224 224 224 224 72 72 72 72 72 72 
242 242 242 242 160 150 87 87 87 87 175 175 38 38 38 38 38 38 224 224 224 224 224 72 72 72 72 72 72 
242 242 242 242 242 150 87 87 87 87 87 175 38 38 38 38 38 38 172 224 224 224 224 72 72 72 72 72 242 
242 242 242 242 242 242 87 87 102 102 102 38 38 38 38 38 38 172 172 224 224 224 224 72 72 72 72 72 242 
242 242 242 242 242 29 29 102 102 102 102 102 38 91 91 91 91 91 172 172 224 224 224 237 72 72 72 242 242 
242 242 242 242 29 29 29 29 102 102 102 37 37 91 91 91 91 91 91 172 105 237 237 237 237 237 237 242 242 
242 242 242 29 29 29 29 29 102 112 112 112 112 91 91 91 91 91 91 105 105 237 237 237 237 237 237 237 242 
4 4 4 29 29 29 29 29 210 112 112 112 112 112 91 91 91 91 105 105 105 105 237 237 237 237 237 237 47 
4 4 4 29 29 29 29 210 210 210 112 112 112 112 112 91 91 13 105 105 105 105 105 237 237 237 237 237 47 
4 4 4 29 29 29 29 210 210 210 210 37 37 37 13 13 13 13 105 105 105 105 105 105 237 237 119 119 119 
4 4 4 4 29 29 29 210 210 210 210 210 210 210 13 13 13 13 13 105 105 105 105 105 105 119 119 119 119 
4 4 4 19 19 19 19 19 210 210 210 210 210 170 170 13 13 13 13 105 105 105 105 163 163 187 119 119 119 
187 187 19 19 19 19 19 19 142 142 142 142 142 170 170 170 13 13 13 163 163 163 163 163 163 187 187 83 83 
187 187 19 19 19 19 19 19 142 142 142 142 142 200 170 170 170 13 163 163 163 163 163 163 163 187 187 83 187 
187 187 19 19 19 19 19 19 142 142 142 142 200 200 170 170 170 170 163 163 163 163 163 163 163 187 187 187 187 
158 158 158 19 19 19 19 19 142 142 142 142 229 200 170 170 170 170 163 163 163 163 163 163 163 158 158 158 158 
158 158 158 19 19 19 19 82 142 142 142 229 229 173 173 173 173 173 163 163 163 163 149 149 149 158 158 158 158 
158 158 158 66 66 66 82 82 116 116 116 116 229 173 173 173 173 173 173 163 149 149 149 149 149 158 158 158 158 
52 52 66 66 66 66 82 82 116 116 116 116 116 173 173 173 173 173 173 149 149 149 149 149 149 149 158 158 52 
52 66 66 66 66 66 82 82 82 116 116 116 116 138 173 173 173 173 149 149 149 149 149 149 149 149 158 158 52 
52 66 66 66 66 66 82 82 82 116 116 116 138 138 138 138 173 173 2 149 149 149 149 149 149 149 158 158 52 
66 66 66 66 66 66 66 82 82 116 116 138 138 138 138 138 138 2 2 2 2 84 84 84 84 84 84 158 52 
162 156 66 66 66 66 66 66 66 116 138 138 138 138 138 138 138 2 2 2 2 84 84 84 84 84 84 84 162 
162 162 156 66 66 66 66 66 20 20 20 138 138 138 138 138 136 136 2 2 2 84 84 84 84 84 84 162 162 
162 162 162 162 162 66 66 20 20 20 20 138 138 138 136 136 136 136 2 2 2 2 84 84 84 219 219 162 162 
162 162 162 162 160 160 20 20 20 20 20 100 100 100 136 136 136 136 136 2 2 133 133 219 219 219 219 162 162 
162 162 162 160 160 160 160 20 20 20 20 100 100 100 100 136 136 136 136 133 133 133 133 133 219 219 219 162 162 
162 162 162 160 160 160 160 20 20 20 100 100 100 100 100 100 100 100 100 133 133 133 133 133 72 72 72 72 162 
162 162 160 160 160 160 160 87 87 87 100 100 100 100 100 100 100 100 100 224 224 224 224 224 72 72 72 72 72 
attribute "dep" string "positions"
#
# A field is created with three components: "positions", "connections",
# and "data"
object "regular positions regular connections" class field
component  "positions"    value 1
component  "connections"  value 2
component  "data"         value 3
#
end
