# object 1 are the regular positions. The grid is 29 29 29. The origin is
# at [0 0 0], and the deltas are 1 in the first and third dimensions, and
# 2 in the second dimension
#
object 1 class gridpositions counts 29 29 29
origin 0 0 0
delta  1 0 0
delta  0 1 0
delta  0 0 1
#
# object 2 are the regular connections
#
object 2 class gridconnections counts 29 29 29
#
# object 3 are the data, which are in a one-to-one correspondence with
# the positions ("dep" on positions). The positions increment in the order
# "last index varies fastest", i.e. (x0, y0, z0), (x0, y0, z1), (x0, y0, z2),
# (x0, y1, z0), etc.
#
object 3 class array type int rank 0 items 24389 data follows
42 42 42 42 170 170 170 170 170 69 69 69 69 69 69 214 214 235 149 149 149 149 88 88 88 88 88 88 42 
42 42 42 42 170 170 170 170 170 69 69 69 69 69 69 214 214 235 235 106 149 88 88 88 88 88 88 88 42 
42 42 42 42 162 162 162 162 162 69 69 69 69 69 214 214 214 106 106 106 106 88 88 88 88 88 88 88 42 
42 42 42 42 162 162 162 162 162 162 69 69 69 214 214 214 214 106 106 106 106 106 88 88 88 102 102 102 42 
42 42 42 42 162 162 162 162 162 189 109 109 109 109 214 214 214 106 120 120 106 106 88 102 102 102 102 102 42 
42 42 42 42 162 162 162 162 162 189 109 109 109 109 51 51 51 120 120 120 147 147 147 102 102 102 102 102 102 
42 42 42 159 159 159 162 162 162 189 109 109 109 109 51 51 51 120 120 120 120 120 120 102 102 102 102 102 102 
92 92 92 92 159 159 159 162 162 162 109 109 109 109 109 51 51 120 120 120 120 120 157 157 102 102 102 102 102 
92 92 92 92 92 159 159 162 162 162 109 109 109 109 4 4 4 120 120 120 120 157 157 157 157 157 157 157 157 
92 92 92 92 92 92 92 92 162 162 109 109 4 4 4 4 4 4 4 110 93 157 157 157 157 157 157 157 157 
70 92 92 92 92 92 92 92 154 154 111 111 4 4 4 4 4 4 110 110 93 157 157 157 157 157 157 70 70 
70 70 223 92 92 92 154 154 154 154 111 111 4 4 4 4 4 4 110 110 93 93 93 157 157 157 157 70 70 
70 70 223 223 223 223 154 154 154 111 111 111 66 4 4 4 4 4 229 110 93 93 93 143 143 62 99 70 70 
70 70 223 223 223 223 154 154 154 111 111 66 66 66 66 66 229 229 229 229 93 93 62 62 62 62 99 99 70 
70 70 223 223 223 223 154 154 154 111 111 66 66 66 66 66 229 229 229 229 229 62 62 62 62 62 99 99 70 
70 70 223 223 223 223 154 154 154 154 111 176 66 66 66 66 229 229 229 229 229 62 62 62 62 62 99 99 99 
70 70 208 208 208 208 154 154 154 96 96 96 176 66 66 66 229 229 229 229 229 62 62 62 62 62 99 99 99 
208 208 208 208 208 208 208 208 96 96 96 96 96 96 66 66 229 229 229 229 229 62 62 62 62 62 99 99 99 
208 208 208 208 208 208 208 208 96 96 96 96 96 96 96 66 229 229 229 229 146 146 146 146 146 146 146 99 99 
208 208 208 208 208 208 208 208 28 96 96 96 96 96 96 96 229 229 229 146 146 146 146 146 146 146 146 146 146 
208 208 208 208 208 208 208 208 207 207 96 96 96 96 96 96 96 229 229 146 146 146 153 153 153 146 146 146 146 
208 190 190 190 190 190 112 112 112 207 207 96 96 96 96 96 96 229 146 146 146 146 153 153 153 153 153 153 153 
190 190 190 190 190 87 112 112 112 112 112 96 96 96 96 78 78 78 36 153 153 153 153 153 153 153 153 153 153 
190 190 190 190 87 87 112 112 112 112 112 112 94 94 78 78 78 78 36 36 36 153 153 153 153 153 153 130 130 
65 65 190 65 87 87 112 112 112 112 112 94 94 94 78 78 78 78 36 36 36 36 68 68 153 130 130 130 130 
67 65 65 65 65 87 112 112 112 112 94 94 94 94 94 78 78 78 36 36 36 36 68 68 68 68 130 130 130 
67 67 65 65 65 87 112 112 112 94 94 94 94 94 94 94 78 36 36 36 36 36 68 68 68 68 68 130 67 
67 67 65 65 65 65 112 170 94 94 94 94 94 94 94 94 78 36 36 36 36 36 68 68 68 68 68 68 67 
67 67 65 65 65 65 170 170 94 94 94 94 94 94 94 94 78 149 149 149 149 149 88 68 68 88 88 88 67 
42 42 42 42 170 170 170 170 170 69 69 69 69 69 69 214 214 235 149 149 149 149 88 88 88 88 88 88 42 
42 42 42 42 170 170 170 170 170 69 69 69 69 69 214 214 214 235 106 149 149 149 88 88 88 88 88 88 42 
42 42 42 42 162 162 170 170 170 69 69 69 69 69 214 214 214 106 235 106 106 149 88 88 88 88 88 42 42 
42 42 42 42 162 162 162 162 162 162 69 69 69 214 214 214 214 106 106 106 106 106 88 88 88 88 88 42 42 
42 42 42 42 162 162 162 162 162 189 109 109 109 109 214 214 214 106 106 120 235 106 88 88 88 88 102 42 42 
42 42 42 42 162 162 162 162 162 189 109 109 109 109 109 214 214 120 120 120 120 120 120 88 102 102 102 102 42 
42 42 42 159 159 159 162 162 162 189 109 109 109 109 109 109 51 147 147 120 120 120 120 102 102 102 102 102 42 
42 92 92 159 159 159 159 162 162 162 109 109 109 109 109 4 147 147 120 120 120 120 120 157 102 102 129 129 129 
92 92 92 92 92 159 159 162 162 162 162 109 109 109 4 4 4 147 120 120 120 120 157 157 157 129 129 129 115 
92 92 92 92 92 92 92 92 162 162 162 109 4 4 4 4 4 4 4 110 93 93 93 143 157 157 157 157 115 
70 92 92 92 92 92 92 92 154 162 162 4 4 4 4 4 4 4 110 110 93 93 93 143 143 143 143 70 70 
70 70 223 92 92 92 92 154 154 154 111 4 4 4 4 4 4 4 110 110 93 93 93 143 143 143 143 70 70 
70 70 223 223 223 223 223 154 154 111 111 111 4 4 4 4 4 4 110 110 93 93 93 143 143 143 99 99 70 
70 70 223 223 223 223 223 154 154 111 111 66 66 66 66 4 229 229 229 110 93 93 93 143 143 99 99 99 70 
70 70 223 223 223 223 223 154 154 111 111 66 66 66 66 66 229 229 229 229 150 150 150 150 62 99 99 99 70 
70 70 223 223 223 223 223 154 154 154 66 66 66 66 66 66 229 229 229 229 150 150 150 62 62 99 99 99 99 
70 70 208 208 208 208 208 154 154 28 96 96 66 66 66 66 229 229 229 229 150 150 150 146 146 99 99 99 99 
208 208 208 208 208 208 208 208 28 28 96 96 96 66 66 66 229 229 229 229 150 146 146 146 146 146 99 99 99 
208 208 208 208 208 208 208 208 28 28 96 96 96 96 66 66 229 229 229 146 146 146 146 146 146 146 146 99 99 
208 208 208 208 208 208 208 28 28 28 96 96 96 96 96 66 229 229 229 146 146 146 146 146 146 146 146 146 146 
208 208 208 208 208 208 208 207 207 207 207 96 96 96 96 96 199 199 199 146 146 146 146 146 146 146 146 146 146 
208 190 190 190 190 190 208 207 207 207 207 207 207 96 96 78 199 199 146 146 146 146 146 146 146 146 146 146 146 
208 190 190 190 190 190 112 112 207 207 207 207 207 78 78 78 78 78 36 146 146 146 146 146 146 146 146 76 76 
65 65 190 190 190 190 112 112 112 207 207 207 94 78 78 78 78 78 36 36 36 36 146 146 76 76 76 130 130 
65 65 65 65 65 65 112 112 112 112 94 94 94 78 78 78 78 78 36 36 36 36 68 68 130 130 130 130 130 
67 65 65 65 65 65 112 112 112 94 94 94 94 94 94 78 78 78 36 36 36 36 68 68 68 130 130 130 130 
67 67 65 65 65 65 65 112 94 94 94 94 94 94 94 78 78 36 36 36 36 36 68 68 68 68 188 130 67 
67 67 65 65 65 65 65 170 94 94 94 94 94 94 94 78 78 36 36 36 36 36 68 68 68 68 68 130 67 
67 67 65 65 65 65 170 170 170 94 94 94 94 94 94 78 78 36 36 149 149 149 68 68 68 88 88 88 67 
42 42 42 42 170 170 170 170 170 170 69 69 69 69 69 214 214 106 149 149 149 149 88 88 88 88 88 42 42 
42 42 42 42 170 170 170 170 170 170 69 69 69 69 69 214 214 106 106 149 149 149 88 88 88 88 88 42 42 
42 42 42 42 42 170 170 170 170 170 69 69 69 69 214 214 214 106 106 106 149 149 88 88 88 88 88 42 42 
42 42 42 42 42 162 162 162 162 162 109 109 69 214 214 214 214 106 106 106 106 106 88 88 88 88 88 42 42 
42 42 42 42 162 162 162 162 162 189 109 109 109 109 214 214 214 106 106 106 106 106 88 88 88 88 88 42 42 
42 42 42 42 162 162 162 162 162 189 109 109 109 109 109 214 214 147 147 120 120 120 120 88 129 129 129 42 42 
42 42 42 42 159 159 162 162 162 189 109 109 109 109 109 186 186 147 120 120 120 120 120 129 129 129 129 129 42 
42 42 92 159 159 159 159 162 162 162 109 109 109 109 109 186 186 147 120 120 120 120 120 129 129 129 129 129 129 
115 92 92 92 92 159 159 162 162 162 109 109 109 4 4 4 4 4 120 120 93 93 93 129 129 129 129 129 115 
115 92 92 92 92 92 92 92 162 162 109 4 4 4 4 4 4 4 110 110 93 93 93 143 143 129 129 129 115 
115 82 82 92 92 92 92 92 92 162 4 4 4 4 4 4 4 4 110 110 93 93 93 143 143 143 143 99 70 
70 70 82 82 82 92 92 92 92 92 4 4 4 4 4 4 4 4 110 110 93 93 93 143 143 143 143 99 70 
70 70 223 223 223 223 223 154 154 111 111 4 4 4 4 4 4 4 110 110 93 93 93 143 143 143 99 99 70 
70 70 223 223 223 223 223 223 223 111 66 66 66 66 4 4 4 4 229 110 93 93 93 143 143 99 99 99 99 
70 70 223 223 223 223 223 223 154 111 66 66 66 66 66 66 229 229 229 150 150 150 150 150 150 99 99 99 99 
70 70 223 223 223 223 223 104 104 104 66 66 66 66 66 66 229 229 229 150 150 150 150 150 150 99 99 99 99 
70 70 208 208 208 208 208 104 104 28 28 66 66 66 66 66 229 229 229 150 150 150 150 150 146 99 99 99 99 
208 208 208 208 208 208 208 208 28 28 28 96 66 66 66 66 229 229 229 150 150 150 146 146 146 146 99 99 99 
208 208 208 208 208 208 208 28 28 28 28 28 96 66 66 66 229 229 229 146 146 146 146 146 146 146 146 99 99 
208 208 208 208 208 208 208 28 28 28 28 28 96 96 66 199 199 199 199 146 146 146 146 146 146 146 146 146 146 
208 208 208 208 208 208 208 207 207 207 207 207 207 207 207 199 199 199 199 146 146 146 146 146 146 146 146 146 146 
208 208 190 190 190 190 208 207 207 207 207 207 207 207 78 78 199 199 199 146 146 146 146 146 146 146 146 146 146 
190 190 190 190 190 190 190 207 207 207 207 207 207 78 78 78 78 78 36 236 236 146 146 146 146 146 76 76 76 
65 65 65 65 65 65 65 207 207 207 207 207 78 78 78 78 78 78 36 36 36 36 146 76 76 76 76 130 130 
67 65 65 65 65 65 65 112 207 100 207 100 78 78 78 78 78 78 36 36 36 36 36 130 130 130 130 130 130 
67 65 65 65 65 65 65 100 100 100 94 94 94 78 78 78 78 78 36 36 36 36 68 68 130 130 130 130 130 
67 67 65 65 65 65 65 100 100 94 94 94 94 94 78 78 78 36 36 36 36 36 68 68 188 188 188 130 67 
67 67 67 65 65 65 65 170 100 94 94 94 94 94 78 78 78 36 36 36 36 36 68 68 188 188 188 130 67 
67 67 67 67 67 170 170 170 170 94 94 94 94 94 78 78 78 36 36 36 36 149 88 68 88 188 188 188 67 
42 42 42 42 170 170 170 170 170 170 69 69 69 69 69 69 24 106 149 36 149 149 88 88 88 188 188 42 42 
42 42 42 42 170 170 170 170 170 170 69 69 69 69 69 214 214 106 106 149 149 149 88 88 88 88 88 42 42 
42 42 42 42 42 170 170 170 170 170 69 69 69 69 214 214 214 106 106 106 106 149 88 88 88 88 88 42 42 
42 42 42 42 42 162 170 170 170 162 109 109 69 69 214 214 214 106 106 106 106 106 88 88 88 88 42 42 42 
42 42 42 42 42 162 162 162 162 162 109 109 109 109 214 214 214 106 106 106 106 106 106 88 88 129 42 42 42 
42 42 42 42 42 162 162 162 162 162 109 109 109 109 109 214 186 147 120 120 120 120 120 129 129 129 129 42 42 
42 42 42 42 159 162 162 162 162 162 109 109 109 109 109 186 186 186 120 120 120 120 120 129 129 129 129 129 42 
115 115 115 115 159 159 162 162 162 162 109 109 109 109 4 186 186 186 186 120 120 120 93 129 129 129 129 129 129 
115 115 115 115 92 52 52 162 162 162 109 109 4 4 4 4 4 186 186 186 93 93 93 129 129 129 129 129 115 
115 115 115 82 92 52 52 52 162 162 201 4 4 4 4 4 4 4 110 110 93 93 93 143 143 129 129 129 115 
115 115 82 82 82 82 52 52 52 52 4 4 4 4 4 4 4 4 110 110 93 93 93 143 143 143 143 129 115 
115 82 82 82 82 82 52 52 52 4 4 4 4 4 4 4 4 4 110 110 93 93 93 143 143 143 143 99 70 
70 70 82 82 82 82 82 82 104 111 4 4 4 4 4 4 4 4 110 110 93 93 93 143 143 143 99 99 99 
70 70 223 223 223 223 223 223 104 104 141 66 66 4 4 4 4 4 110 110 93 93 93 143 143 143 99 99 99 
99 70 223 223 223 223 223 104 104 104 66 66 66 66 66 4 4 229 229 150 150 150 150 150 150 99 99 99 99 
99 70 223 223 223 223 104 104 104 104 66 66 66 66 66 66 229 229 229 150 150 150 150 150 150 99 99 99 99 
99 99 208 208 208 104 104 104 104 104 28 66 66 66 66 66 229 229 229 150 150 150 150 150 146 99 99 99 99 
99 208 208 208 208 208 208 104 28 28 28 28 66 66 66 66 229 229 229 150 150 150 146 146 146 146 99 99 99 
208 208 208 208 208 208 208 28 28 28 28 28 28 66 66 199 199 199 199 150 146 146 146 146 146 146 146 99 99 
208 208 208 208 208 208 208 28 28 28 28 28 28 28 122 199 199 199 199 199 146 146 146 146 146 146 146 146 146 
208 208 208 208 208 208 208 207 207 207 207 207 207 207 103 199 199 199 199 236 146 146 146 146 146 146 146 146 146 
208 208 208 190 208 208 208 207 207 207 207 207 207 78 78 78 199 199 199 236 236 146 146 146 146 146 76 76 76 
190 190 190 190 190 190 207 207 207 207 207 207 207 78 78 78 78 78 78 236 236 236 146 146 76 76 76 76 76 
65 65 65 65 65 65 65 207 207 207 207 207 78 78 78 78 78 78 78 236 236 236 146 76 76 76 76 130 130 
67 65 65 65 65 65 65 100 100 100 100 100 78 78 78 78 78 78 36 36 36 36 130 130 130 130 130 130 130 
67 65 65 65 65 65 65 100 100 100 100 100 78 78 78 78 78 78 36 36 36 36 130 130 130 130 130 130 130 
67 67 65 65 65 65 65 100 100 100 100 94 94 78 78 78 78 78 36 36 36 36 36 130 188 188 130 130 67 
67 67 67 65 65 65 65 100 100 100 94 94 94 78 78 78 78 36 36 36 36 36 36 130 188 188 188 130 67 
67 67 67 67 67 170 170 170 170 170 94 94 94 78 78 78 78 78 36 36 36 36 88 88 188 188 188 188 67 
42 42 42 42 60 60 60 60 60 170 170 69 69 69 69 24 24 24 155 36 36 36 88 88 88 188 188 42 42 
42 42 42 42 170 170 60 60 170 170 170 69 69 69 69 24 24 155 155 155 155 155 88 88 88 88 88 42 42 
42 42 42 42 42 170 170 170 170 170 170 127 127 69 197 197 155 155 155 155 155 155 88 88 88 88 42 42 42 
42 42 42 42 42 170 170 170 170 170 127 127 127 127 127 214 214 155 155 155 155 155 155 88 88 88 42 42 42 
42 42 42 42 42 162 162 162 162 162 127 127 127 127 127 214 209 155 155 155 155 155 155 124 129 129 129 42 42 
42 42 42 42 42 162 162 162 162 162 127 127 127 127 127 186 186 186 186 155 155 155 129 129 129 129 129 129 42 
42 42 42 42 42 162 162 162 162 201 201 127 127 127 127 186 186 186 186 186 186 120 129 129 129 129 129 129 129 
115 115 115 115 52 52 52 162 201 201 201 127 127 127 4 186 186 186 186 186 186 93 129 129 129 129 129 129 115 
115 115 115 115 52 52 52 52 201 201 201 201 4 4 4 186 186 186 186 186 93 93 93 129 129 129 129 129 115 
115 115 115 115 52 52 52 52 52 201 201 201 4 4 4 4 4 4 186 110 93 93 93 143 129 129 129 129 115 
115 115 115 82 82 52 52 52 52 201 201 4 4 4 4 4 4 4 110 110 93 93 93 143 143 143 129 129 115 
115 115 82 82 82 82 52 52 52 201 4 4 4 4 4 4 4 4 110 110 93 93 93 143 143 143 143 115 115 
115 82 82 82 82 82 82 82 104 104 141 141 4 4 4 4 4 4 110 110 93 93 93 143 143 143 99 99 99 
99 82 82 82 82 82 104 104 104 104 141 141 141 4 4 4 4 4 110 110 93 93 93 143 143 143 99 99 99 
99 99 223 223 223 223 104 104 104 104 141 141 141 141 4 4 4 4 229 150 150 150 150 150 150 99 99 99 99 
99 99 223 223 223 104 104 104 104 104 141 141 141 141 4 4 4 229 229 150 150 150 150 150 150 99 99 99 99 
99 99 208 208 16 104 104 104 104 104 104 141 141 66 66 66 229 229 229 150 150 150 150 150 146 99 99 99 99 
99 208 208 208 208 104 104 104 104 104 28 28 141 66 66 199 199 199 199 150 150 150 146 146 146 146 99 99 99 
208 208 208 208 208 208 104 104 28 28 28 28 28 122 122 199 199 199 199 199 146 146 146 146 146 146 146 99 99 
208 208 25 25 25 25 104 28 28 28 28 28 28 122 122 199 199 199 199 199 146 146 146 146 146 146 146 146 146 
25 25 25 25 25 25 25 207 207 207 207 207 207 103 103 199 199 199 199 236 236 146 146 146 146 146 146 146 146 
25 25 25 25 25 25 25 207 207 207 207 207 207 78 103 199 199 199 199 236 236 236 146 146 146 76 76 76 76 
65 65 25 25 25 25 95 207 207 207 207 207 78 78 78 78 78 78 78 236 236 236 236 76 76 76 76 76 76 
65 65 65 65 65 65 65 100 100 100 100 100 78 78 78 78 78 78 78 236 236 236 236 76 76 76 76 76 130 
130 65 65 65 65 65 100 100 100 100 100 100 78 78 78 78 78 78 78 36 36 236 130 130 130 130 130 130 130 
130 65 65 65 65 65 100 100 100 100 100 100 78 78 78 78 78 78 36 36 36 36 130 130 130 130 130 130 130 
67 67 65 65 65 65 100 100 100 100 100 100 78 78 78 78 78 78 36 36 36 36 130 130 130 130 130 130 130 
67 67 67 65 65 65 65 100 100 100 100 100 78 78 78 78 78 78 36 36 36 36 130 130 130 188 130 130 67 
67 67 67 67 67 60 60 60 60 100 100 100 78 78 78 78 78 78 36 36 36 36 130 130 188 188 188 130 67 
42 42 42 42 60 60 60 60 60 60 60 60 197 197 24 24 24 24 155 36 36 36 88 88 88 188 188 42 42 
42 42 42 42 60 60 60 60 60 170 170 127 197 197 197 24 24 155 155 155 155 155 124 124 124 124 42 42 42 
42 42 42 42 42 60 60 60 170 170 127 127 127 197 197 197 155 155 155 155 155 155 124 124 124 124 124 42 42 
42 42 42 42 42 60 170 170 170 127 127 127 127 127 197 197 209 155 155 155 155 155 124 124 124 124 124 42 42 
42 42 42 42 42 162 162 170 162 127 127 127 127 127 127 197 209 209 155 155 155 155 124 124 129 129 129 129 42 
42 42 42 42 42 162 162 201 201 201 127 127 127 127 127 186 186 186 186 155 155 155 124 129 129 129 129 129 129 
115 115 115 42 52 52 201 201 201 201 201 127 127 127 127 186 186 186 186 186 186 129 129 129 129 129 129 129 129 
115 115 115 115 52 52 52 201 201 201 201 201 127 127 204 186 186 186 186 186 186 129 129 129 129 129 129 129 115 
115 115 115 115 52 52 52 52 201 201 201 201 201 204 204 186 186 186 186 186 186 93 129 129 129 129 129 129 115 
115 115 115 115 52 52 52 52 201 201 201 201 17 4 204 204 186 186 186 186 93 93 93 129 129 129 129 129 115 
115 115 115 97 52 52 52 52 201 201 201 17 17 17 4 4 4 4 110 110 93 93 93 143 143 129 129 129 115 
115 115 97 97 97 52 52 52 201 201 141 17 17 17 4 4 4 4 110 110 93 93 93 143 143 143 129 115 115 
115 115 97 97 97 97 52 52 104 141 141 141 17 17 4 4 4 4 110 110 93 93 93 143 143 143 99 99 115 
99 50 50 97 97 97 104 104 104 141 141 141 141 141 4 4 4 4 4 110 93 93 93 143 143 143 99 99 99 
99 50 50 50 50 104 104 104 104 104 141 141 141 141 4 4 4 4 4 150 150 150 150 150 150 99 99 99 99 
99 99 50 50 16 104 104 104 104 104 141 141 141 141 141 4 4 4 150 150 150 150 150 150 150 99 99 99 99 
99 99 242 16 16 104 104 104 104 104 104 141 141 141 141 40 199 199 199 150 150 150 150 150 146 99 99 99 99 
99 242 242 16 16 104 104 104 104 104 104 141 141 141 122 122 199 199 199 199 206 206 146 146 146 146 99 99 99 
25 25 25 25 16 16 104 104 104 28 28 221 221 122 122 122 199 199 199 199 236 146 146 146 146 146 146 99 99 
25 25 25 25 25 25 25 104 28 28 28 28 28 122 122 122 199 199 199 199 236 236 146 146 146 146 146 131 131 
217 25 25 25 25 25 25 207 207 207 207 207 207 103 103 103 199 199 199 236 236 236 236 146 146 146 131 131 131 
131 25 25 25 25 25 25 207 207 207 207 207 207 103 103 103 103 199 199 236 236 236 236 236 76 76 76 131 131 
217 25 25 25 95 95 95 207 207 207 207 207 78 78 78 78 78 78 236 236 236 236 236 76 76 76 76 76 131 
130 53 53 53 95 95 95 100 100 100 100 100 78 78 78 78 78 78 78 236 236 236 236 76 76 76 76 76 130 
130 53 53 53 53 53 95 100 100 100 100 100 78 78 78 78 78 78 78 236 236 236 130 130 130 130 130 130 130 
130 53 53 53 53 53 100 100 100 100 100 100 78 78 78 78 78 78 78 36 36 130 130 130 130 130 130 130 130 
67 53 53 53 53 53 100 100 100 100 100 100 78 78 78 78 78 78 78 36 36 36 130 130 130 130 130 130 130 
67 67 53 53 53 53 100 100 100 100 100 100 78 78 78 78 78 78 36 36 36 36 130 130 130 130 130 130 130 
67 67 67 67 53 60 60 60 60 100 100 100 78 78 24 24 24 78 36 36 36 36 130 130 130 130 130 130 130 
42 42 42 239 239 60 60 60 60 60 60 8 8 197 24 24 24 24 24 10 155 124 124 124 124 124 124 42 42 
42 238 42 239 239 60 60 60 60 60 127 127 197 197 197 197 24 155 155 155 155 124 124 124 124 124 124 42 42 
238 238 238 238 239 60 60 60 60 127 127 127 197 197 197 197 197 155 155 155 155 124 124 124 124 124 124 238 238 
238 238 238 238 86 239 239 170 127 127 127 127 127 197 197 197 209 155 155 155 155 124 124 124 124 124 124 238 238 
238 238 238 177 177 86 86 201 201 127 127 127 127 127 197 197 209 209 209 155 155 124 124 124 124 124 124 129 238 
238 238 177 177 177 86 201 201 201 201 127 127 127 127 127 209 209 209 209 209 155 124 124 124 129 129 129 129 129 
115 115 115 177 86 86 201 201 201 201 201 127 127 127 127 186 186 186 186 186 186 129 129 129 129 129 129 129 129 
115 115 54 54 52 52 201 201 201 201 201 201 127 127 204 204 186 186 186 186 186 129 129 129 129 129 129 129 54 
115 54 54 54 52 52 52 201 201 201 201 201 201 204 204 204 186 186 186 186 186 93 129 129 129 129 129 129 115 
115 54 54 54 52 52 52 52 201 201 201 201 17 204 204 204 204 186 186 186 93 93 93 129 129 129 129 129 115 
115 115 54 97 52 52 52 52 201 201 201 17 17 17 204 204 204 204 204 110 93 93 93 143 129 129 129 129 115 
115 115 97 97 97 52 52 52 201 201 141 17 17 17 17 204 204 204 110 110 93 93 93 143 143 143 129 115 115 
115 115 97 97 97 97 52 52 201 141 141 141 17 17 17 17 4 4 110 110 93 93 93 143 218 218 218 218 115 
50 50 50 50 50 50 104 104 104 141 141 141 141 141 17 17 4 4 4 110 93 93 93 143 218 218 218 99 99 
99 50 50 50 50 50 104 104 104 104 141 141 141 141 141 141 37 37 37 150 150 150 150 150 218 218 99 99 99 
99 50 50 50 16 16 104 104 104 104 141 141 141 141 141 40 37 37 37 150 206 206 206 150 150 218 99 99 99 
242 242 242 16 16 16 104 104 104 104 141 141 141 141 141 40 40 37 37 206 206 206 206 206 206 99 99 99 99 
242 242 242 16 16 16 104 104 104 104 221 221 221 221 122 122 122 199 199 206 206 206 206 206 146 146 99 99 99 
242 242 25 16 16 16 16 104 104 104 221 221 221 122 122 122 122 199 199 199 206 206 206 146 146 146 131 131 242 
217 25 25 25 25 16 16 16 104 104 221 221 221 122 122 122 122 199 199 236 236 236 236 146 146 146 131 131 131 
217 25 25 25 25 25 25 16 207 207 207 207 103 103 103 103 103 199 199 236 236 236 236 236 146 131 131 131 131 
131 217 25 25 25 224 224 224 207 207 207 207 103 103 103 103 103 103 236 236 236 236 236 236 76 76 131 131 131 
217 217 217 95 224 224 224 95 100 100 100 207 203 103 103 103 103 103 236 236 236 236 236 236 76 76 76 131 131 
217 217 53 95 95 95 95 95 100 100 100 100 78 78 78 78 78 78 236 236 236 236 236 76 76 76 76 76 130 
130 53 53 53 95 95 95 100 100 100 100 100 78 78 78 78 78 78 78 236 236 236 236 130 130 130 130 130 130 
130 53 53 53 53 95 95 100 100 100 100 100 78 78 78 78 78 78 78 10 236 236 130 130 130 130 130 130 130 
53 53 53 53 53 53 100 100 100 100 100 100 78 78 78 78 78 78 78 10 10 10 130 130 130 130 130 130 130 
67 53 53 53 53 53 60 100 100 100 100 100 78 24 24 24 24 24 10 10 10 10 130 130 130 130 130 130 130 
67 67 67 53 53 60 60 60 60 100 100 100 78 24 24 24 24 24 10 10 10 10 130 130 130 130 130 130 130 
238 238 238 239 239 239 239 239 239 8 8 8 8 8 24 24 24 24 24 10 10 192 192 124 124 124 113 113 113 
238 238 238 239 239 239 239 239 239 22 22 127 197 197 197 197 197 24 155 155 155 124 124 124 124 124 124 238 238 
238 238 238 239 239 239 239 239 22 22 22 127 197 197 197 197 197 155 155 155 155 124 124 124 124 124 124 238 238 
238 238 238 86 86 239 239 239 22 22 22 127 127 197 197 197 209 209 155 155 155 124 124 124 124 124 124 238 238 
238 238 238 177 86 86 86 201 201 127 127 127 127 197 197 197 209 209 209 155 155 124 124 124 124 124 124 238 238 
238 177 177 177 86 86 86 201 201 201 127 127 127 127 127 209 209 209 209 209 155 124 124 124 124 129 129 129 129 
54 54 177 86 86 86 201 201 201 201 201 127 127 127 127 209 209 209 209 209 209 124 124 129 129 129 129 129 129 
54 54 54 54 86 86 201 201 201 201 201 201 127 127 204 204 204 186 186 186 186 186 77 129 129 129 129 129 54 
54 54 54 54 52 52 201 201 201 201 201 201 201 204 204 204 204 186 186 186 165 165 77 129 129 129 129 129 54 
54 54 54 54 52 52 52 201 201 201 201 201 17 17 204 204 204 204 186 186 165 93 77 129 129 129 129 54 54 
54 54 54 54 52 52 52 52 201 201 201 17 17 17 204 204 204 204 204 204 93 93 93 143 23 129 129 54 54 
54 54 54 97 97 52 52 52 201 201 201 17 17 17 17 204 204 204 204 110 93 93 93 218 218 218 218 54 54 
54 50 50 50 50 50 52 73 201 141 141 141 17 17 17 17 17 37 37 110 93 93 218 218 218 218 218 218 54 
50 50 50 50 50 50 104 73 104 141 141 141 141 141 17 17 37 37 37 37 93 93 218 218 218 218 218 218 218 
50 50 50 50 50 50 104 104 104 141 141 141 141 141 141 37 37 37 37 37 206 206 206 218 218 218 218 218 218 
242 50 50 50 16 16 104 104 104 104 141 141 141 141 40 40 37 37 37 37 206 206 206 206 218 218 218 99 242 
242 242 242 16 16 16 16 104 104 104 221 221 141 141 40 40 40 37 37 206 206 206 206 206 206 218 218 99 242 
242 242 242 16 16 16 16 104 104 221 221 221 221 221 40 40 40 40 37 206 206 206 206 206 206 206 99 242 242 
242 242 242 16 16 16 16 16 104 221 221 221 221 221 122 122 122 122 199 206 206 206 206 206 206 131 131 131 242 
217 217 217 25 16 16 16 16 16 221 221 221 221 122 122 122 122 122 199 236 236 236 236 236 236 131 131 131 131 
217 217 217 25 25 25 16 16 16 221 221 221 221 103 103 103 103 103 236 236 236 236 236 236 236 131 131 131 131 
217 217 217 217 95 224 224 224 224 207 203 203 203 103 103 103 103 103 236 236 236 236 236 236 76 131 131 131 131 
217 217 217 95 95 224 224 224 224 100 203 203 203 103 103 103 103 103 236 236 236 236 236 236 76 76 131 131 131 
217 217 217 95 95 95 95 95 100 100 203 203 203 78 78 78 78 78 236 236 236 236 236 236 76 76 76 131 131 
217 217 53 224 224 224 95 95 100 100 100 203 203 78 78 78 78 78 78 236 236 236 236 130 130 130 130 130 130 
217 53 53 53 224 224 95 100 100 100 100 100 78 78 78 78 78 78 78 10 236 236 130 130 130 130 130 130 130 
53 53 53 53 53 224 95 100 100 100 100 100 78 24 24 24 24 24 10 10 10 192 130 130 130 130 130 130 130 
67 53 53 53 53 239 239 100 100 100 100 100 24 24 24 24 24 24 10 10 10 192 192 130 130 130 130 130 130 
67 67 67 53 239 239 239 60 100 100 100 8 24 24 24 24 24 24 10 10 10 192 192 130 130 130 130 130 130 
113 113 239 239 239 239 239 239 239 8 8 8 8 8 24 24 24 24 24 10 192 192 192 192 160 113 113 113 113 
113 238 239 239 239 239 239 239 239 22 8 8 8 197 197 197 24 24 155 155 192 124 124 124 124 124 113 113 113 
238 238 238 239 239 239 239 239 22 22 22 22 197 197 197 197 197 209 155 155 155 124 124 124 124 124 124 113 238 
238 238 238 86 86 239 239 239 22 22 22 22 127 197 197 197 209 209 209 155 155 124 124 124 124 124 124 113 238 
238 238 177 86 86 86 86 239 22 22 22 127 127 127 197 197 209 209 209 209 209 124 124 124 124 124 124 113 238 
238 177 177 177 86 86 86 201 201 201 127 127 127 127 127 209 209 209 209 209 209 124 124 124 124 124 129 129 54 
54 177 177 86 86 86 86 201 201 201 201 201 127 127 127 209 209 209 209 209 165 135 77 77 77 129 129 129 54 
54 54 86 86 86 86 201 201 201 201 201 201 201 127 204 204 204 209 165 165 165 165 77 77 77 129 129 129 54 
54 54 54 54 86 86 201 201 201 201 201 201 201 204 204 204 204 204 165 165 165 165 77 77 77 23 23 23 54 
54 54 54 54 54 52 201 201 201 201 201 201 17 17 204 204 204 204 165 165 165 165 77 77 23 23 23 23 54 
54 54 54 54 54 52 52 201 201 201 201 17 17 17 204 204 204 204 204 165 165 165 228 228 23 23 23 23 54 
54 54 54 54 54 52 52 89 201 201 193 17 17 17 17 204 204 204 204 165 165 93 218 218 218 218 218 218 54 
54 50 50 50 50 50 73 73 193 193 141 17 17 17 17 17 17 37 37 37 37 218 218 218 218 218 218 218 218 
50 50 50 50 50 50 73 73 73 141 141 141 141 17 17 17 37 37 37 37 37 230 218 218 218 218 218 218 218 
50 50 50 50 50 73 73 73 73 141 141 141 141 141 141 37 37 37 37 37 37 230 218 218 218 218 218 218 218 
242 242 50 50 16 16 73 73 73 221 221 141 141 141 40 40 37 37 37 37 206 206 206 218 218 218 218 218 242 
242 242 242 242 16 16 16 73 73 221 221 221 221 221 40 40 40 37 37 37 206 206 206 206 206 218 218 242 242 
242 242 242 242 16 16 16 16 104 221 221 221 221 221 40 40 40 40 37 206 206 206 206 206 206 168 168 242 242 
242 242 242 242 16 16 16 16 221 221 221 221 221 221 40 40 40 40 40 206 206 206 206 206 206 168 168 242 242 
217 217 217 217 16 16 16 16 221 221 221 221 221 122 122 122 122 122 122 236 236 236 236 236 236 131 131 131 217 
217 217 217 217 217 217 16 16 221 221 221 221 221 103 103 122 103 103 236 236 236 236 236 236 236 131 131 131 217 
217 217 217 217 95 95 95 95 95 203 203 203 203 103 103 103 103 103 236 236 236 236 236 236 236 131 131 131 131 
217 217 217 217 95 95 95 95 95 203 203 203 203 103 103 103 103 103 236 236 236 236 236 236 76 76 131 131 131 
217 217 217 95 95 95 95 95 95 203 203 203 203 203 103 103 103 103 236 236 236 236 236 236 130 130 130 131 217 
217 217 217 95 224 224 224 95 95 203 203 203 203 203 78 78 78 78 78 236 236 236 236 130 130 130 130 130 217 
217 217 217 95 224 224 224 224 100 100 203 203 203 78 24 24 78 78 78 10 192 192 192 130 130 130 130 130 130 
217 179 179 53 224 224 224 100 100 100 203 203 203 24 24 24 24 24 10 10 192 192 192 130 130 130 130 130 21 
217 179 179 179 179 239 239 239 100 100 100 8 24 24 24 24 24 24 10 10 192 192 192 192 130 130 130 130 130 
113 179 179 239 239 239 239 239 239 100 8 8 8 24 24 24 24 24 10 10 192 192 192 192 192 130 130 113 113 
113 113 239 239 239 239 239 239 239 8 8 8 8 219 219 219 24 222 222 192 192 192 192 160 160 113 113 113 113 
113 113 239 239 239 239 239 239 239 8 8 8 8 219 219 219 222 222 222 222 192 160 160 160 160 113 113 113 113 
113 86 86 239 239 239 239 239 22 22 22 8 8 197 219 219 222 222 222 222 222 160 160 160 160 113 113 113 113 
113 86 86 86 86 239 239 239 22 22 22 22 127 197 197 197 209 209 209 222 165 124 124 124 124 124 113 113 113 
86 86 86 86 86 177 177 239 22 22 22 22 127 127 197 197 209 209 209 165 165 172 172 172 124 124 124 113 113 
86 86 86 86 86 86 86 201 201 201 22 127 127 127 127 209 209 209 165 165 165 172 172 172 172 172 172 113 113 
86 177 86 86 86 86 86 201 201 201 201 201 127 127 127 209 209 209 165 165 165 135 77 77 77 77 228 228 54 
54 86 86 86 86 86 86 201 201 201 201 201 201 127 204 204 204 165 165 165 165 135 77 77 77 228 228 228 54 
54 54 54 86 86 86 201 201 201 201 201 201 18 18 204 204 204 165 165 165 165 165 77 77 77 23 23 228 54 
54 54 54 54 54 54 201 201 201 201 201 18 18 18 204 204 204 165 165 165 165 165 228 228 23 23 23 23 54 
54 54 54 54 54 89 89 89 193 193 193 18 18 18 204 204 204 204 165 165 165 165 228 228 23 23 23 23 54 
54 54 54 54 54 89 89 89 193 193 193 18 18 17 17 204 204 204 165 165 165 165 228 228 23 23 23 23 54 
54 50 50 50 50 50 89 89 193 193 193 18 18 17 17 17 37 37 37 37 230 230 218 218 218 218 218 218 218 
242 50 50 50 50 73 73 73 193 193 193 141 141 17 17 37 37 37 37 37 230 230 218 218 218 218 218 218 218 
242 50 50 50 50 73 73 73 73 221 221 141 141 141 40 37 37 37 37 37 230 230 230 218 218 218 218 218 218 
242 242 242 242 16 73 73 73 73 221 221 221 221 221 40 40 37 37 37 37 230 230 230 230 218 218 218 168 242 
242 242 242 242 16 16 73 73 73 221 221 221 221 221 40 40 40 37 37 37 206 206 206 206 218 168 168 168 242 
242 242 242 242 16 16 16 73 221 221 221 221 221 221 40 40 40 40 37 37 206 206 206 206 168 168 168 168 242 
242 242 242 242 80 16 16 16 221 221 221 221 221 221 40 40 40 40 40 40 206 206 206 206 168 168 168 168 242 
217 217 217 80 80 80 16 16 221 221 221 221 221 221 40 40 40 40 40 236 236 236 236 236 236 168 168 168 217 
217 217 217 217 80 80 80 80 221 221 221 221 221 221 103 122 122 122 236 236 236 236 236 236 236 131 131 217 217 
217 41 217 217 217 98 98 98 98 203 203 203 203 203 103 103 103 103 236 236 236 236 236 236 231 231 131 131 217 
217 217 217 217 98 98 98 98 98 203 203 203 203 203 103 103 103 103 236 236 236 236 236 231 231 231 131 131 217 
217 217 217 217 98 98 98 98 98 203 203 203 203 203 103 103 103 103 236 236 236 236 231 231 225 225 21 21 217 
217 217 217 98 98 98 98 98 203 203 203 203 203 203 203 78 78 78 78 236 236 236 231 225 225 21 21 21 21 
21 21 179 179 98 98 98 98 203 203 203 203 203 203 24 24 24 78 78 192 192 192 192 225 225 21 21 21 21 
21 179 179 179 179 179 179 100 100 203 203 203 203 24 24 24 24 24 24 192 192 192 192 192 192 21 210 210 21 
21 179 179 179 179 179 239 239 239 100 57 8 24 24 24 24 24 24 24 192 192 192 192 192 192 21 210 210 210 
113 179 179 239 239 239 239 239 239 57 57 8 8 24 24 24 24 24 10 192 192 192 192 192 192 113 113 113 113 
113 113 239 239 239 239 239 239 239 57 57 57 219 219 219 219 222 222 222 222 192 160 160 160 160 113 113 113 113 
113 113 239 239 239 239 239 239 239 8 8 8 219 219 219 219 222 222 222 222 222 160 160 160 160 113 113 113 113 
113 86 86 239 239 239 239 239 22 22 8 8 219 219 219 219 222 222 222 222 222 160 160 160 160 113 113 113 113 
113 86 86 86 86 239 239 239 22 22 22 22 127 219 219 219 222 222 222 222 165 172 172 172 172 113 113 113 113 
86 86 86 86 177 177 177 239 22 22 22 22 127 127 127 127 209 165 165 165 165 172 172 172 172 172 172 113 113 
86 86 86 177 177 177 177 201 201 22 22 127 127 127 127 209 209 165 165 165 165 172 172 172 172 172 172 172 113 
86 86 86 86 177 177 177 201 201 201 201 201 127 127 127 165 165 165 165 165 165 135 172 172 172 172 228 228 228 
54 86 86 86 86 86 86 201 201 201 201 201 18 18 18 165 165 165 165 165 165 135 135 77 77 228 228 228 228 
54 54 86 86 86 86 86 201 201 201 201 18 18 18 18 204 165 165 165 165 165 135 135 228 228 228 228 228 228 
54 54 54 54 86 202 89 89 193 193 18 18 18 18 18 18 204 165 165 165 165 165 228 228 228 23 23 228 228 
54 54 54 54 202 89 89 89 193 193 193 18 18 18 18 18 204 165 165 165 165 165 228 228 228 23 23 228 228 
54 54 105 105 105 89 89 89 193 193 193 18 18 18 18 18 204 165 165 165 165 165 228 228 228 228 228 228 228 
54 105 105 105 105 105 89 89 193 193 193 18 18 18 18 18 37 37 37 37 230 230 218 218 138 218 218 218 218 
242 105 105 105 105 105 73 73 193 193 193 193 18 18 18 37 37 37 37 37 230 230 230 218 218 218 218 218 218 
242 242 105 105 105 105 73 73 73 221 221 221 221 221 40 37 37 37 37 37 230 230 230 218 218 218 218 218 218 
242 242 242 242 105 73 73 73 73 221 221 221 221 221 40 40 37 37 37 37 230 230 230 230 218 218 168 168 168 
242 242 242 242 242 16 73 73 73 221 221 221 221 221 40 40 40 37 37 37 230 230 230 230 218 168 168 168 168 
242 242 242 242 80 80 73 73 221 221 221 221 221 221 40 40 40 40 37 37 230 230 230 230 168 168 168 168 168 
242 242 242 80 80 80 80 73 221 221 221 221 221 221 40 40 40 40 40 40 230 230 230 116 116 168 168 168 168 
217 217 80 80 80 80 80 80 221 221 221 221 221 221 40 40 40 40 40 236 236 236 236 236 116 168 168 168 168 
217 217 217 80 80 80 80 151 151 221 221 221 221 221 40 40 40 40 40 236 236 236 236 231 231 116 168 217 217 
217 217 217 217 80 80 98 98 151 203 203 203 203 203 103 40 103 103 236 236 236 236 231 231 231 231 231 217 217 
217 217 217 217 98 98 98 98 203 203 203 203 203 203 203 103 103 103 236 236 236 231 231 231 231 231 231 217 217 
217 217 217 217 98 98 98 98 203 203 203 203 203 203 203 45 103 103 236 236 236 231 231 231 225 225 21 21 21 
21 217 217 217 98 98 98 98 203 203 203 203 203 203 203 45 45 49 49 19 236 231 231 225 225 21 21 21 21 
21 21 179 179 179 98 98 98 203 203 203 203 203 203 24 24 49 49 49 192 192 192 192 225 225 21 21 21 21 
21 179 179 179 179 179 179 179 203 203 203 203 203 24 24 49 49 49 49 192 192 192 192 192 21 21 210 210 21 
21 179 179 179 179 179 179 239 239 57 57 57 57 24 24 49 49 49 49 49 192 192 192 192 192 21 210 210 210 
113 179 179 179 179 239 239 239 239 57 57 57 57 219 219 219 49 49 49 49 192 192 192 160 160 113 113 113 113 
113 113 179 179 239 239 239 239 57 57 57 57 57 219 219 219 222 222 222 222 222 160 160 160 160 113 113 113 113 
113 113 239 239 239 239 239 239 239 57 57 57 219 219 219 219 222 222 222 222 222 160 160 160 160 113 113 113 113 
113 113 86 239 239 239 239 239 57 57 57 57 219 219 219 219 222 222 222 222 222 160 160 160 160 113 113 113 113 
113 86 86 86 86 239 239 239 22 22 22 22 219 219 219 219 222 222 222 222 222 172 172 172 172 113 113 113 113 
113 86 86 86 177 177 177 239 158 158 158 158 158 158 219 219 222 222 165 165 165 172 172 172 172 172 172 113 113 
86 86 86 177 177 177 177 177 158 158 158 158 158 158 158 165 165 165 165 165 165 172 172 172 172 172 172 172 113 
86 86 86 177 177 177 177 177 158 158 158 158 158 158 158 165 165 165 165 165 165 135 172 172 172 172 228 228 228 
86 86 86 86 86 86 86 201 201 201 158 158 158 18 18 165 165 165 165 165 165 135 135 172 228 228 228 228 228 
54 202 202 202 202 202 202 89 193 201 18 18 18 18 18 20 20 165 165 165 165 135 135 228 228 228 228 228 228 
54 202 202 202 202 202 89 89 193 193 193 18 18 18 18 20 20 20 165 165 165 165 228 228 228 228 228 228 228 
54 202 202 202 202 202 89 89 193 193 193 18 18 18 18 20 20 20 20 165 165 165 228 228 228 228 228 228 228 
105 105 105 105 105 89 89 89 193 193 193 18 18 18 18 18 20 20 20 165 165 165 228 228 228 228 228 228 228 
105 105 105 105 105 105 89 89 193 193 193 18 18 18 18 18 37 37 37 230 230 230 230 138 138 138 138 138 138 
105 105 105 105 105 105 79 79 193 193 193 193 18 18 18 37 37 37 37 230 230 230 230 138 138 138 138 138 138 
242 105 105 105 105 105 73 73 73 73 221 221 221 221 40 37 37 37 37 230 230 230 230 138 138 138 138 138 138 
242 242 242 105 105 105 73 73 73 221 221 221 221 221 40 40 37 37 37 230 230 230 230 230 138 138 168 168 168 
242 242 242 242 242 242 73 73 73 221 221 221 221 221 40 40 40 37 37 230 230 230 230 230 230 168 168 168 168 
242 242 242 80 80 80 27 73 151 221 221 221 221 221 40 40 40 40 37 230 230 230 230 230 116 168 168 168 168 
242 242 80 80 80 80 80 151 151 151 221 221 221 221 40 40 40 40 40 230 230 230 230 116 116 168 168 168 168 
217 80 80 80 80 80 80 151 151 151 151 221 221 221 40 40 40 40 40 5 230 230 230 116 116 116 168 168 168 
217 217 80 80 80 80 80 151 151 151 151 221 221 45 40 40 40 40 166 236 236 231 231 231 116 116 116 168 217 
217 217 217 80 80 80 80 151 151 151 151 203 45 45 45 45 40 166 166 236 231 231 231 231 231 231 231 217 217 
217 217 217 217 80 80 98 98 151 203 203 203 45 45 45 45 45 166 166 236 231 231 231 231 231 231 231 217 217 
217 217 217 217 98 98 98 98 203 203 203 203 45 45 45 45 45 45 49 19 19 231 231 231 225 231 21 210 21 
21 21 217 179 98 98 98 98 203 203 203 203 45 45 45 45 45 49 49 19 19 231 231 225 225 21 21 210 21 
21 21 179 179 179 98 98 163 163 203 203 203 45 45 45 45 49 49 49 49 19 19 19 225 225 21 21 21 21 
21 179 179 179 179 179 179 179 163 163 203 57 45 45 45 49 49 49 49 49 19 19 19 19 21 21 21 210 21 
21 179 179 179 179 179 179 179 163 57 57 57 57 164 219 49 49 49 49 49 49 192 192 192 21 21 21 210 21 
113 179 179 179 179 179 179 179 163 57 57 57 57 219 219 49 49 49 49 49 49 192 160 160 160 113 113 113 113 
113 113 179 179 179 179 239 239 57 57 57 57 57 219 219 222 222 222 222 222 222 160 160 160 160 113 113 113 113 
113 113 179 179 179 239 239 239 57 57 57 57 219 219 219 222 222 222 222 222 222 160 160 160 160 113 113 113 113 
113 113 86 239 239 239 239 239 57 57 57 57 219 219 219 222 222 222 222 222 222 160 160 160 160 113 113 113 113 
113 86 86 86 86 239 239 239 158 158 158 158 219 219 219 222 222 222 222 222 222 172 172 172 160 113 113 113 113 
113 86 86 86 177 196 196 196 158 158 158 158 158 158 158 222 222 222 222 165 165 172 172 172 172 172 172 113 113 
86 86 86 177 177 177 196 196 158 158 158 158 158 158 158 222 222 165 165 165 165 172 172 172 172 172 172 172 113 
86 86 86 177 177 177 196 196 158 158 158 158 158 158 158 165 165 165 165 165 165 135 172 172 172 172 228 228 228 
202 202 202 202 202 202 196 140 158 158 158 158 158 158 158 20 20 165 165 165 165 135 135 172 228 228 228 228 228 
202 202 202 202 202 202 202 140 193 193 18 18 18 18 20 20 20 20 72 165 165 135 135 228 228 228 228 228 228 
202 202 202 202 202 202 202 89 193 193 193 18 18 18 18 20 20 20 20 165 165 165 228 228 228 228 228 228 228 
202 202 202 202 202 202 89 89 193 193 193 18 18 18 18 20 20 20 20 20 165 165 228 228 228 228 228 228 228 
105 105 105 105 105 105 89 89 193 193 193 18 18 18 18 20 20 20 20 20 165 165 228 228 228 228 228 228 228 
105 105 105 105 105 105 79 79 193 193 193 193 18 18 18 56 20 20 20 9 9 230 138 138 138 138 138 138 138 
105 105 105 105 105 105 79 79 79 193 193 193 18 136 136 56 37 9 9 9 9 230 230 138 138 138 138 138 138 
105 105 105 105 105 105 79 79 79 79 193 193 136 136 136 37 37 9 9 9 9 230 230 12 138 138 138 138 138 
242 105 105 105 105 105 79 79 79 79 221 221 221 221 40 40 37 9 9 9 230 230 230 12 12 138 168 168 168 
168 242 80 105 105 27 27 79 79 221 221 221 221 221 40 40 40 9 9 9 230 230 230 12 12 168 168 168 168 
168 80 80 80 80 27 27 27 151 151 221 221 221 221 40 40 40 40 9 9 230 230 230 12 116 168 168 168 168 
168 80 80 80 80 27 27 151 151 151 151 151 221 221 40 40 40 40 40 5 5 230 5 116 116 116 168 168 168 
217 80 80 80 80 27 27 151 151 151 151 151 221 221 40 40 40 166 166 5 5 5 5 116 116 116 116 168 168 
217 80 80 80 80 27 27 151 151 151 151 151 151 45 45 40 166 166 166 145 5 5 5 116 116 116 116 168 168 
217 217 80 80 80 27 27 27 151 151 151 45 45 45 45 45 166 166 166 145 145 231 231 231 231 116 116 116 217 
217 217 217 217 80 27 27 27 151 151 151 45 45 45 45 45 45 166 166 145 145 231 231 231 231 231 231 210 217 
21 217 217 46 46 98 98 98 151 203 203 45 45 45 45 45 45 166 49 19 19 231 231 231 231 231 210 210 210 
21 21 119 46 46 98 98 163 163 203 203 45 45 45 45 45 49 49 49 19 19 19 231 231 231 21 21 210 210 
21 21 179 179 179 98 163 163 163 163 241 45 45 45 45 45 49 49 49 19 19 19 19 19 231 21 21 21 21 
21 179 179 179 179 179 163 163 163 163 241 241 45 45 45 49 49 49 49 49 19 19 19 19 21 21 21 21 21 
21 179 179 179 179 179 179 163 163 163 57 57 57 164 164 49 49 49 49 49 49 19 19 19 19 21 21 21 21 
113 179 179 179 179 179 179 163 163 57 57 57 57 164 164 222 49 49 49 49 49 49 160 160 160 113 113 113 113 
126 126 179 179 179 163 163 163 163 57 57 57 164 164 164 222 222 222 222 222 222 160 160 160 160 126 126 126 126 
126 126 179 179 179 163 163 163 57 57 57 57 164 164 164 222 222 222 222 222 222 160 160 160 160 126 126 126 126 
126 126 126 196 196 196 196 148 57 57 57 57 219 219 222 222 222 222 222 222 222 160 160 160 160 126 126 126 126 
126 126 196 196 196 196 196 196 158 158 158 158 158 212 212 222 222 222 222 222 222 133 133 133 133 133 126 126 126 
126 86 196 196 196 196 196 196 158 158 158 158 158 212 212 222 222 222 222 72 72 133 133 133 133 133 133 126 126 
126 86 196 196 196 196 196 196 196 158 158 158 158 212 212 212 222 72 72 72 72 133 133 133 133 133 133 133 126 
202 202 202 196 196 196 196 196 158 158 158 158 158 158 158 20 20 72 72 72 72 72 133 133 133 133 228 228 228 
202 202 202 202 202 196 196 140 140 158 158 158 158 158 158 20 20 72 72 72 72 72 133 133 228 228 228 228 228 
202 202 202 202 202 202 140 140 140 140 158 158 18 233 20 20 20 20 72 72 72 72 135 228 228 228 228 228 228 
202 202 202 202 202 202 140 140 140 140 193 18 18 18 20 20 20 20 20 72 72 72 228 228 228 228 228 228 228 
202 202 202 202 202 202 140 140 193 193 193 18 18 18 20 20 20 20 20 20 20 72 228 228 228 228 228 228 228 
105 105 105 105 105 105 79 79 193 193 193 18 18 136 136 20 20 20 20 20 9 9 228 228 228 228 228 228 228 
105 105 105 105 105 105 79 79 79 193 193 136 136 136 136 56 56 56 9 9 9 9 138 138 138 138 138 138 138 
105 105 105 105 105 105 79 79 79 79 193 136 136 136 136 56 56 56 9 9 9 9 12 12 138 138 138 138 138 
105 105 105 105 105 105 79 79 79 79 79 136 136 136 136 56 56 9 9 9 9 9 12 12 12 138 138 138 138 
105 105 105 105 105 105 79 79 79 79 79 136 136 136 136 56 56 9 9 9 9 9 12 12 12 12 168 168 168 
168 105 105 105 27 27 27 27 79 151 221 221 221 136 136 40 40 9 9 9 9 9 12 12 12 12 168 168 168 
168 80 80 27 27 27 27 27 151 151 151 151 221 117 40 40 40 40 9 9 5 5 5 12 116 116 168 168 168 
168 80 80 27 27 27 27 27 151 151 151 151 151 117 40 40 40 166 166 5 5 5 5 116 116 116 116 168 168 
80 80 80 80 27 27 27 27 151 151 151 151 151 61 61 166 166 166 166 5 5 5 5 116 116 116 116 116 168 
217 80 80 27 27 27 27 27 151 151 151 151 151 45 45 166 166 166 166 145 5 5 5 116 116 116 116 116 116 
119 119 80 27 27 27 27 27 151 151 151 45 45 45 45 45 166 166 166 145 145 5 5 231 116 116 116 116 116 
119 119 119 46 27 27 27 27 151 151 151 45 45 45 45 45 166 166 166 145 145 145 231 231 231 231 116 210 119 
119 119 119 46 46 46 27 27 151 241 241 45 45 45 45 45 166 166 166 19 19 19 19 231 231 231 210 210 210 
119 119 119 46 46 46 163 163 163 241 241 45 45 45 45 45 45 49 49 19 19 19 19 19 231 21 21 210 210 
21 21 119 46 46 163 163 163 163 163 241 241 241 45 45 45 49 49 49 19 19 19 19 19 19 21 21 21 21 
21 179 179 179 179 163 163 163 163 163 241 241 241 241 241 49 49 49 49 49 19 19 19 19 19 21 21 21 21 
21 179 179 179 179 163 163 163 163 163 241 241 164 164 164 49 49 49 49 49 19 19 19 19 19 21 21 21 21 
126 179 179 179 179 163 163 163 163 163 57 57 164 164 164 222 222 49 49 49 49 49 19 19 19 113 126 126 126 
126 126 126 126 163 163 163 163 163 163 44 44 164 164 164 222 222 222 222 222 222 222 160 160 126 126 126 126 126 
126 126 126 126 163 163 163 163 163 44 44 44 164 164 164 222 222 222 222 222 222 222 160 160 126 126 126 126 126 
126 126 126 196 196 196 196 148 148 148 44 44 44 164 222 222 222 222 222 222 222 222 160 160 126 126 126 126 126 
126 126 196 196 196 196 196 196 148 158 158 158 212 212 212 222 222 222 222 222 222 13 133 133 133 126 126 126 126 
126 126 196 196 196 196 196 196 196 158 158 158 212 212 212 222 222 222 222 222 72 133 133 133 133 133 126 126 126 
126 198 196 196 196 196 196 196 196 158 158 158 212 212 212 212 222 72 72 72 72 72 133 133 133 133 133 133 126 
198 198 198 196 196 196 196 196 196 158 158 158 158 212 212 212 20 72 72 72 72 72 133 133 133 133 133 133 126 
202 202 202 202 202 196 196 140 140 140 158 158 158 233 233 20 20 72 72 72 72 72 133 133 133 228 228 228 228 
202 202 202 202 202 202 140 140 140 140 140 158 233 233 233 20 20 20 72 72 72 72 72 228 228 228 228 228 228 
202 202 202 202 202 202 140 140 140 140 140 18 18 233 20 20 20 20 20 20 72 72 72 39 228 228 228 228 228 
202 202 202 202 202 202 140 140 140 140 140 18 18 14 14 20 20 20 20 20 20 72 39 39 228 228 228 228 228 
105 105 105 105 105 105 140 140 140 140 193 136 136 136 136 56 56 20 20 20 9 39 39 39 228 228 228 228 228 
105 105 105 105 105 105 79 79 79 79 193 136 136 136 136 56 56 56 9 9 9 9 39 39 138 138 138 138 55 
105 105 105 105 105 105 79 79 79 79 193 136 136 136 136 56 56 56 9 9 9 9 12 12 12 138 138 55 55 
105 105 105 105 105 105 79 79 79 79 136 136 136 136 136 56 56 9 9 9 9 9 12 12 12 12 138 55 55 
55 105 105 105 105 105 79 79 79 79 136 136 136 136 136 136 56 9 9 9 9 9 12 12 12 12 55 55 55 
29 105 105 27 27 27 27 27 27 151 151 117 136 117 136 117 117 9 9 9 9 9 12 12 12 12 168 55 168 
168 29 27 27 27 27 27 27 27 151 151 151 117 117 117 117 117 9 9 5 5 5 5 12 116 116 116 168 168 
29 80 27 27 27 27 27 27 151 151 151 151 151 117 61 117 166 166 166 5 5 5 5 5 116 116 116 116 168 
29 27 27 27 27 27 27 27 151 151 151 151 61 61 61 166 166 166 166 5 5 5 5 5 116 116 116 116 116 
119 80 27 27 27 27 27 27 151 151 151 151 151 61 61 166 166 166 166 145 5 5 5 5 116 116 116 116 116 
119 119 27 27 27 27 27 27 151 151 151 45 45 45 45 166 166 166 166 145 145 5 5 5 116 116 116 116 119 
119 119 119 46 46 27 27 27 27 151 151 45 45 45 45 45 166 166 166 145 145 145 145 231 231 116 116 119 119 
119 119 119 46 46 46 46 27 27 241 241 45 45 45 45 45 166 166 166 145 19 19 19 19 19 19 210 210 119 
119 119 119 46 46 46 46 163 163 241 241 241 45 45 45 45 45 166 166 19 19 19 19 19 19 19 21 210 119 
119 119 119 46 46 163 163 163 163 241 241 241 241 45 45 45 49 49 49 19 19 19 19 19 19 19 21 21 119 
119 119 119 46 163 163 163 163 163 163 241 241 241 241 241 49 49 49 49 19 19 19 19 19 19 19 21 21 21 
126 126 179 179 163 163 163 163 163 163 241 241 164 164 164 49 49 49 49 49 19 19 19 19 19 126 126 21 126 
126 126 179 179 163 163 163 163 163 163 163 164 164 164 164 222 222 222 222 222 222 19 19 19 126 126 126 126 126 
126 126 126 126 163 163 163 163 163 163 44 44 164 164 164 222 222 222 222 222 222 213 13 13 13 126 126 126 126 
126 126 126 126 163 163 163 163 163 44 44 44 44 164 164 222 222 222 222 222 222 13 13 13 13 126 126 126 126 
126 126 126 196 196 196 148 148 148 148 44 44 44 164 222 222 222 222 222 222 222 13 13 13 13 126 126 126 126 
126 126 196 196 196 196 196 148 148 148 44 44 212 212 212 222 222 222 222 222 13 13 13 13 13 13 126 126 134 
126 126 196 196 196 196 196 196 148 148 158 158 212 212 212 212 222 222 222 72 72 13 13 13 13 13 134 134 134 
198 198 198 196 196 196 196 196 148 148 158 158 212 212 212 212 222 72 72 72 72 72 133 133 133 133 134 134 134 
198 198 198 198 196 196 196 196 196 158 158 158 212 212 212 14 72 72 72 72 72 72 133 133 133 133 134 134 134 
198 198 198 198 198 196 196 140 140 140 158 233 233 233 233 14 14 72 72 72 72 72 72 133 133 228 228 228 134 
198 198 198 198 198 198 140 140 140 140 140 233 233 233 233 14 20 20 72 72 72 72 39 39 228 228 228 228 228 
198 198 198 198 198 140 140 140 140 140 140 233 233 233 14 14 20 20 20 72 72 39 39 39 39 39 228 228 228 
232 232 232 232 232 140 140 140 140 140 140 136 233 14 14 14 20 20 20 20 39 39 39 39 39 39 39 39 39 
232 232 232 232 232 232 140 140 140 140 136 136 136 136 136 56 56 20 20 20 39 39 39 39 39 39 39 39 55 
105 105 105 105 105 232 79 79 79 79 136 136 136 136 136 56 56 56 9 9 9 39 39 39 39 39 39 55 55 
55 105 105 105 105 105 79 79 79 79 136 136 136 136 136 56 56 56 9 9 9 9 237 237 237 237 55 55 55 
55 105 105 105 105 105 79 79 79 79 136 136 136 136 136 56 56 9 9 9 9 9 237 237 237 237 55 55 55 
55 105 105 105 105 27 27 79 79 79 175 117 136 136 136 136 136 9 9 9 9 9 237 237 237 237 55 55 55 
29 29 29 27 27 27 27 27 27 151 175 117 117 117 117 117 117 9 9 9 9 237 237 237 237 237 55 55 55 
29 29 29 27 27 27 27 27 27 151 151 117 117 117 117 117 117 194 194 5 5 5 5 237 237 237 55 55 55 
29 29 27 27 27 27 27 27 27 151 151 175 117 117 61 117 117 166 166 5 5 5 5 5 116 116 116 55 55 
29 27 27 27 27 27 27 27 27 151 151 151 61 61 61 61 166 166 166 5 5 5 5 5 116 116 116 116 47 
47 27 27 27 27 27 27 27 27 151 151 151 61 61 61 166 166 166 166 145 5 5 5 5 116 116 116 116 47 
119 119 46 27 27 27 27 27 27 151 151 45 61 45 45 166 166 166 166 145 145 5 5 5 116 116 116 47 47 
119 119 46 46 46 27 27 27 27 241 241 45 45 45 45 166 166 166 166 145 145 145 145 145 47 47 47 47 119 
119 119 119 46 46 46 46 27 241 241 241 241 45 45 45 45 166 166 166 145 145 19 19 19 19 47 47 47 119 
119 119 119 46 46 46 163 163 163 241 241 241 241 45 45 45 45 166 166 19 19 19 19 19 19 19 47 119 119 
119 119 119 46 46 163 163 163 163 241 241 241 241 241 45 45 84 49 49 19 19 19 19 19 19 19 21 119 119 
119 119 119 46 163 163 163 163 163 163 241 241 241 241 241 84 49 49 49 19 19 19 19 19 19 19 21 21 119 
126 126 119 163 163 163 163 163 163 163 241 241 241 164 164 222 222 222 222 213 213 213 213 213 213 126 126 126 126 
126 126 126 163 163 163 163 163 163 163 163 44 164 164 164 222 222 222 222 222 213 213 213 213 126 126 126 126 126 
126 126 126 71 163 163 163 163 163 163 44 44 44 164 164 63 63 63 63 63 213 213 213 13 74 126 126 126 126 
126 126 126 71 101 163 163 148 148 148 44 44 44 164 63 63 63 63 63 63 63 13 13 13 13 126 126 126 126 
126 126 126 196 101 101 148 148 148 148 44 44 44 44 181 63 63 63 63 63 63 13 13 13 13 13 134 134 126 
134 134 196 196 196 196 196 148 148 148 148 44 44 212 181 63 63 63 63 63 63 13 13 13 13 13 134 134 134 
134 134 198 196 196 196 196 148 148 148 148 148 212 212 212 63 63 63 63 63 13 13 13 13 13 13 134 134 134 
134 198 198 196 196 196 196 196 148 148 148 158 212 212 212 14 14 63 72 72 72 13 13 13 13 13 134 134 134 
198 198 198 198 196 196 196 196 196 148 158 233 233 233 233 14 14 72 72 72 72 13 13 13 13 13 134 134 134 
198 198 198 198 198 198 196 140 140 140 233 233 233 233 233 14 14 14 72 72 72 72 39 39 39 39 39 134 134 
198 198 198 198 198 198 140 140 140 140 140 233 233 233 233 14 14 14 72 72 72 39 39 39 39 39 39 39 134 
198 198 198 198 198 198 140 140 140 140 140 233 233 233 14 14 14 14 14 72 39 39 39 39 39 39 39 39 39 
232 232 232 232 232 232 140 140 140 140 140 233 233 14 14 14 14 14 14 39 39 39 39 39 39 39 39 39 39 
232 232 232 232 232 232 232 140 140 140 136 136 136 136 14 14 14 14 194 194 39 39 39 39 39 39 39 39 39 
232 232 232 232 232 232 232 140 140 140 136 136 136 136 136 56 56 56 194 194 39 39 39 39 39 39 39 55 55 
55 232 232 232 232 232 232 79 79 31 136 136 136 136 136 136 56 194 194 194 194 237 237 237 237 237 55 55 55 
55 105 105 105 105 105 79 79 79 136 136 136 136 136 136 136 56 194 194 194 194 237 237 237 237 237 55 55 55 
55 29 29 29 105 27 27 27 27 175 175 117 117 117 117 117 117 194 194 194 194 237 237 237 237 237 55 55 55 
29 29 29 29 27 27 27 27 27 175 175 175 117 117 117 117 117 194 194 194 194 237 237 237 237 237 55 55 55 
29 29 29 27 27 27 27 27 27 175 175 175 117 117 117 117 117 194 194 194 194 5 237 237 237 237 55 55 55 
29 29 29 15 27 27 27 27 27 175 175 175 117 117 61 117 117 166 194 5 5 5 5 5 237 237 47 47 29 
29 15 15 15 27 27 27 27 27 175 175 61 61 61 61 61 166 166 166 5 5 5 5 5 5 47 47 47 47 
47 15 15 15 27 27 27 27 27 27 175 61 61 61 61 166 166 166 166 145 5 5 5 5 5 47 47 47 47 
119 119 46 27 27 27 27 27 27 27 61 61 61 61 61 166 166 166 166 145 145 5 5 5 47 47 47 47 47 
119 119 46 46 46 27 27 27 27 241 241 61 45 45 45 166 166 166 166 145 145 145 5 5 47 47 47 47 119 
119 119 119 46 46 46 46 27 241 241 241 241 241 45 45 45 166 166 166 145 145 145 19 19 47 47 47 47 119 
119 119 119 46 46 46 46 163 163 241 241 241 241 241 84 84 84 84 166 145 145 19 19 19 125 125 47 47 119 
119 119 119 46 46 163 163 163 163 241 241 241 241 241 84 84 84 84 84 19 213 213 213 213 125 125 125 240 119 
119 119 119 46 163 163 163 163 163 163 241 241 241 241 84 84 84 84 84 213 213 213 213 213 125 125 125 240 119 
126 126 119 163 163 163 163 163 163 163 241 241 241 241 84 84 63 63 63 213 213 213 213 213 213 126 126 126 126 
126 126 126 163 163 163 163 163 163 163 163 44 164 164 164 63 63 63 63 213 213 213 213 213 213 126 126 126 126 
126 71 71 71 114 163 163 163 163 163 44 44 44 164 63 63 63 63 63 63 213 213 213 213 74 74 126 126 126 
71 71 71 71 101 101 101 148 148 148 44 44 44 63 63 63 63 63 63 63 63 13 13 13 13 74 126 126 126 
71 71 71 71 101 101 101 148 148 148 148 44 44 181 181 63 63 63 63 63 63 13 13 13 13 134 134 134 134 
134 71 71 101 101 101 101 148 148 148 148 148 81 181 181 181 63 63 63 63 63 13 13 13 13 134 134 134 134 
134 134 198 196 196 196 101 148 148 148 148 81 81 181 181 181 181 63 63 63 13 13 13 13 13 13 134 134 134 
134 198 198 198 196 196 196 148 148 148 81 81 81 81 181 181 181 63 152 152 152 13 13 13 13 13 134 134 134 
198 198 198 198 198 196 196 196 148 81 81 81 233 233 233 14 14 14 152 152 152 152 13 13 13 13 134 134 134 
198 198 198 198 198 198 198 140 140 140 81 233 233 233 233 14 14 14 152 152 152 152 39 39 39 39 39 134 134 
198 198 198 198 198 198 198 140 140 140 233 233 233 233 14 14 14 14 152 152 152 152 39 39 39 39 39 39 134 
198 198 198 198 198 198 140 140 140 140 233 233 233 233 14 14 14 14 152 152 152 39 39 39 39 39 39 39 39 
232 232 232 232 232 232 232 140 140 140 140 233 233 14 14 14 14 14 14 152 39 39 39 39 39 39 39 39 39 
232 232 232 232 232 232 232 140 140 140 178 178 178 178 14 14 14 14 14 194 39 39 39 39 39 39 39 39 39 
232 232 232 232 232 232 232 232 140 31 178 178 178 178 178 14 14 14 194 194 39 39 39 39 39 39 39 55 55 
55 232 232 232 232 232 232 232 31 31 178 178 178 178 178 178 178 194 194 194 194 237 237 237 237 39 55 55 55 
55 232 232 232 232 232 191 191 31 31 178 178 178 178 178 178 178 194 194 194 194 237 237 237 237 237 55 55 55 
55 29 29 29 29 156 156 156 175 175 175 175 117 117 117 117 117 194 194 194 194 237 237 180 237 237 55 55 55 
29 29 29 29 27 27 27 27 175 175 175 175 117 117 117 117 117 194 194 194 194 237 237 237 237 237 55 55 55 
29 29 29 29 27 27 27 27 27 175 175 175 117 117 117 117 117 194 194 194 194 237 237 237 237 237 55 55 29 
29 29 29 15 15 27 27 27 27 175 175 175 117 117 61 117 117 91 91 91 91 5 5 237 237 47 47 47 29 
29 29 15 15 15 27 27 27 27 175 175 61 61 61 61 61 166 91 91 91 91 5 5 5 47 47 47 47 47 
47 15 15 15 15 27 27 27 27 27 175 61 61 61 61 61 166 166 91 91 91 5 5 5 47 47 47 47 47 
47 220 220 15 27 27 27 27 27 27 61 61 61 61 61 166 166 166 91 91 91 91 5 47 47 47 47 47 47 
220 220 220 46 46 27 27 27 27 241 241 61 61 61 61 166 166 166 91 91 91 91 91 47 47 47 47 47 47 
220 220 220 46 46 46 27 27 241 241 241 241 241 84 84 84 84 91 91 91 91 91 91 47 47 47 47 47 47 
220 220 220 46 46 46 46 163 241 241 241 241 241 84 84 84 84 84 91 91 91 91 213 213 125 125 47 47 47 
220 220 220 46 46 163 163 163 163 241 241 241 241 84 84 84 84 84 84 91 213 213 213 213 125 125 125 240 240 
220 114 114 114 114 163 163 163 163 163 241 241 241 84 84 84 84 84 84 213 213 213 213 213 125 125 125 240 240 
126 114 114 114 163 163 163 163 163 163 241 241 241 84 84 84 84 63 63 213 213 213 213 213 142 142 125 126 126 
126 71 114 114 114 163 163 163 163 163 163 241 164 164 84 63 63 63 63 63 213 213 213 142 142 74 126 126 126 
71 71 71 71 114 114 7 7 7 7 167 44 44 181 181 63 63 63 63 63 183 183 183 142 74 74 74 74 71 
71 71 71 71 101 101 101 101 148 148 167 167 167 181 181 63 63 63 63 63 63 13 13 13 74 74 74 74 71 
71 71 71 101 101 101 101 148 148 148 148 148 81 181 181 181 63 63 63 63 63 13 13 13 13 74 134 134 134 
134 71 71 101 101 101 101 148 148 148 148 81 81 181 181 181 181 63 63 63 63 13 13 13 13 134 134 134 134 
134 134 101 101 101 101 101 101 148 148 81 81 81 181 181 181 181 181 63 63 152 13 13 13 13 13 134 134 134 
134 198 198 101 101 101 101 101 148 81 81 81 81 81 181 181 181 152 152 152 152 13 13 13 13 13 134 134 134 
198 198 198 198 198 101 101 101 148 81 81 81 81 81 14 14 14 152 152 152 152 152 152 13 13 13 134 134 134 
198 198 198 198 198 198 198 2 2 81 81 81 233 233 14 14 14 152 152 152 152 152 152 39 118 118 118 134 134 
198 198 198 198 198 198 198 198 140 2 81 233 233 233 14 14 14 14 152 152 152 152 39 39 118 118 118 118 118 
198 198 198 198 198 198 198 140 140 2 2 233 233 233 14 14 14 14 152 152 152 39 39 39 39 39 39 118 118 
232 232 232 232 232 232 232 232 140 140 31 178 233 14 14 14 14 14 14 152 39 39 39 39 39 39 39 39 39 
232 232 232 232 232 232 232 232 31 31 31 178 178 178 178 14 14 14 14 182 39 39 39 39 39 39 39 39 39 
232 232 232 232 232 232 191 191 31 31 178 178 178 178 178 178 178 14 194 194 182 39 39 39 39 39 39 55 55 
55 232 232 232 232 191 191 191 31 31 178 178 178 178 178 178 178 194 194 194 182 182 39 39 39 39 55 55 55 
55 232 232 232 232 191 191 191 31 31 178 178 178 178 178 178 178 194 194 194 194 237 237 237 237 237 55 55 55 
55 29 29 29 156 156 156 156 31 175 175 175 178 178 117 117 117 194 194 194 194 237 237 237 237 237 55 55 55 
29 29 29 29 156 156 156 156 156 175 175 175 117 117 117 117 117 194 194 194 194 237 237 237 237 237 55 55 55 
29 29 29 29 156 156 156 156 156 175 175 175 117 117 117 117 117 194 194 194 194 237 237 237 237 237 55 55 29 
29 29 29 15 15 156 156 27 27 175 175 175 117 117 117 117 91 91 91 91 91 91 237 237 237 47 47 47 29 
47 29 15 15 15 27 27 27 27 175 175 61 61 61 61 61 91 91 91 91 91 91 91 91 47 47 47 47 47 
47 47 15 15 15 27 27 27 27 90 90 61 61 61 61 61 91 91 91 91 91 91 91 91 47 47 47 47 47 
47 47 15 15 27 27 27 27 27 90 90 61 61 61 61 61 91 91 91 91 91 91 91 91 47 47 47 47 47 
47 220 220 220 27 27 27 27 90 90 90 61 61 61 84 84 91 91 91 91 91 91 91 91 47 47 47 47 47 
220 220 220 137 46 46 27 7 7 241 241 241 75 84 84 84 84 91 91 91 91 91 91 47 47 47 47 47 47 
220 220 137 137 137 187 7 7 7 241 241 75 75 75 84 84 84 84 91 91 91 91 91 125 125 125 240 240 240 
137 137 137 137 114 7 7 7 7 7 241 75 75 75 84 84 84 84 84 91 183 183 213 125 125 125 125 240 240 
137 114 114 114 114 7 7 7 7 7 7 75 75 75 84 84 84 84 84 183 183 213 213 142 125 125 125 240 240 
114 114 114 114 114 7 7 7 7 7 7 241 75 75 84 84 84 84 84 183 183 183 183 142 142 142 125 240 240 
114 71 114 114 114 7 7 7 7 7 7 241 75 75 84 63 63 63 63 63 183 183 183 142 142 74 74 74 74 
71 71 71 114 114 114 7 7 167 167 167 167 167 181 181 63 63 63 63 63 183 183 183 142 74 74 74 74 71 
71 71 71 71 101 101 101 101 167 167 167 167 167 181 181 181 63 63 63 63 63 183 13 74 74 74 74 74 71 
71 71 71 101 101 101 101 101 167 167 167 167 167 181 181 181 181 63 63 63 63 13 13 13 74 74 74 74 71 
71 71 101 101 101 101 101 101 148 148 81 81 81 181 181 181 181 181 63 63 63 13 13 13 13 74 134 134 134 
71 71 101 101 101 101 101 101 148 81 81 81 81 181 181 181 181 181 181 152 152 13 13 13 13 13 134 134 134 
71 198 101 101 101 101 101 101 148 81 81 81 81 81 181 181 181 152 152 152 152 152 13 13 13 13 134 134 134 
198 198 198 198 101 101 101 101 2 81 81 81 81 81 81 14 181 152 152 152 152 152 152 13 13 13 134 134 134 
198 198 198 198 198 198 2 2 2 2 81 81 81 81 14 14 14 152 152 152 152 152 152 118 118 118 118 118 118 
198 198 198 198 198 198 2 2 2 2 2 81 81 233 14 14 14 152 152 152 152 152 152 118 118 118 118 118 118 
198 198 198 198 198 2 2 2 2 2 2 233 233 233 14 14 14 14 152 152 152 152 39 39 118 118 118 118 118 
232 232 232 232 232 232 2 2 2 2 31 178 178 178 14 14 14 14 14 182 182 182 39 39 39 118 118 118 118 
232 232 232 232 232 232 191 2 31 31 31 178 178 178 178 178 14 14 182 182 182 182 182 39 39 39 39 39 55 
48 232 232 232 232 191 191 191 31 31 31 178 178 178 178 178 178 178 43 182 182 182 182 182 39 39 39 55 55 
48 48 232 232 191 191 191 191 31 31 31 178 178 178 178 178 178 178 43 43 182 182 182 182 39 39 55 55 55 
55 48 48 191 191 191 191 191 31 31 31 178 178 178 178 178 178 178 194 43 43 43 43 237 237 237 55 55 55 
55 48 48 191 156 156 156 191 31 31 31 178 178 178 178 178 178 194 194 194 43 43 237 237 237 237 55 55 55 
29 29 29 156 156 156 156 156 156 175 175 175 117 117 117 117 117 194 194 194 194 237 237 237 237 237 55 55 55 
29 29 29 156 156 156 156 156 156 175 175 117 117 117 117 117 117 194 194 194 194 237 237 237 237 237 55 55 55 
29 29 29 156 156 156 156 156 156 175 175 117 117 117 117 117 91 91 91 91 91 91 237 237 237 47 47 47 47 
47 47 15 15 156 156 156 156 156 90 90 61 61 61 61 61 91 91 91 91 91 91 91 91 47 47 47 47 47 
47 47 15 15 15 15 156 27 90 90 90 90 61 61 61 61 91 91 91 91 91 91 91 91 47 47 47 47 47 
47 47 15 15 15 27 27 27 90 90 90 90 90 61 61 84 91 91 91 91 91 91 91 91 47 47 47 47 47 
47 47 137 137 137 27 27 90 90 90 90 90 90 61 84 84 91 91 91 91 91 91 91 91 47 47 47 47 47 
47 137 137 137 137 187 187 7 90 90 90 90 75 75 84 84 84 91 91 91 91 91 91 125 125 47 47 47 47 
137 137 137 137 187 187 187 7 7 38 75 75 75 75 84 84 84 84 91 91 91 91 91 125 125 125 240 240 240 
137 137 137 137 114 187 7 7 7 38 38 75 75 75 84 84 84 84 84 91 183 183 183 125 125 125 240 240 240 
137 137 114 114 114 7 7 7 7 38 38 75 75 75 84 84 84 84 84 183 183 183 183 142 142 125 240 240 240 
114 114 114 114 114 7 7 7 7 7 38 38 75 75 84 84 84 84 84 183 183 183 183 142 142 142 125 240 240 
114 114 114 114 114 7 7 7 7 7 167 167 75 75 84 84 63 63 63 183 183 183 183 142 142 74 74 74 74 
71 71 114 114 114 114 7 167 167 167 167 167 167 181 181 181 63 63 63 63 183 183 183 142 74 74 74 74 74 
71 71 71 114 101 101 101 167 167 167 167 167 167 181 181 181 181 63 63 63 183 183 183 74 74 74 74 74 74 
71 71 71 101 101 101 101 167 167 167 167 167 167 181 181 181 181 181 181 63 63 13 13 74 74 74 74 74 74 
71 71 101 101 101 101 101 101 167 167 167 81 81 181 181 181 181 181 181 63 152 13 13 74 74 74 74 74 134 
71 71 101 101 101 101 101 101 101 81 81 81 81 181 181 181 181 181 181 152 152 152 13 13 74 74 74 134 134 
139 139 101 101 101 101 101 101 81 81 81 81 81 81 181 181 181 152 152 152 152 152 13 13 13 173 173 134 134 
139 139 198 101 101 101 101 2 2 81 81 81 81 81 81 181 181 152 152 152 152 152 152 13 118 118 118 118 139 
139 198 198 198 198 2 2 2 2 2 81 81 81 81 58 14 14 152 152 152 152 152 152 118 118 118 118 118 118 
139 198 198 198 198 2 2 2 2 2 2 81 81 81 14 14 14 152 152 152 152 152 152 118 118 118 118 118 118 
139 198 198 198 2 2 2 2 2 2 2 2 81 233 14 14 14 152 152 152 152 182 182 118 118 118 118 118 118 
48 232 232 232 232 2 2 2 2 2 2 178 178 178 14 14 14 14 152 182 182 182 182 182 118 118 118 118 118 
48 48 232 232 191 191 191 2 31 31 31 178 178 178 178 178 178 14 43 182 182 182 182 182 182 118 118 118 118 
48 48 48 191 191 191 191 191 31 31 31 178 178 178 178 178 178 178 43 43 182 182 182 182 182 182 118 118 48 
48 48 48 191 191 191 191 191 31 31 31 178 178 178 178 178 178 178 43 43 43 43 182 182 43 43 55 55 48 
48 48 48 191 191 191 191 191 31 31 31 178 178 178 178 178 178 43 43 43 43 43 43 43 43 43 55 55 48 
48 48 48 191 191 191 191 191 31 31 31 178 178 178 178 178 178 43 43 43 43 43 43 43 43 43 55 55 55 
128 128 128 156 156 156 156 156 156 31 31 178 178 117 178 178 178 1 1 43 43 43 43 43 43 237 55 55 55 
128 128 128 156 156 156 156 156 156 31 175 117 117 117 117 117 1 1 1 1 1 1 1 43 237 47 55 55 55 
128 128 128 156 156 156 156 156 156 90 90 117 117 117 117 117 1 1 1 1 1 1 1 1 47 47 47 47 47 
47 128 128 128 156 156 156 156 156 90 90 90 90 61 61 61 91 1 1 1 1 1 91 91 47 47 47 47 47 
47 47 47 15 156 156 156 156 90 90 90 90 90 90 90 108 91 91 91 91 91 91 91 91 47 47 47 47 47 
47 47 47 211 211 156 156 90 90 90 90 90 90 90 90 108 91 91 91 91 91 91 91 91 47 47 47 47 47 
47 137 137 137 137 187 187 90 90 90 90 90 90 90 84 84 91 91 91 91 91 91 91 91 47 47 47 47 47 
137 137 137 137 137 187 187 187 90 90 90 90 75 75 84 84 84 91 91 91 91 91 91 91 47 47 47 47 47 
137 137 137 137 187 187 187 187 38 38 38 75 75 75 84 84 84 84 91 91 91 91 91 125 125 125 240 240 240 
137 137 137 114 187 187 187 7 38 38 38 75 75 75 84 84 84 84 84 91 183 183 142 125 125 125 240 240 240 
137 114 114 114 114 187 7 7 38 38 38 75 75 75 84 84 84 84 84 183 183 183 183 142 125 125 240 240 240 
114 114 114 114 114 114 7 7 7 38 38 38 75 75 84 84 84 84 84 183 183 183 183 142 142 125 240 240 240 
114 114 114 114 114 114 7 7 7 38 167 167 167 75 84 84 84 84 63 183 183 183 183 142 142 74 74 74 74 
114 114 114 114 114 114 114 167 167 167 167 167 167 167 181 181 63 63 63 63 183 183 183 142 74 74 74 74 74 
114 114 114 114 114 101 167 167 167 167 167 167 167 167 181 181 181 63 63 63 183 183 183 74 74 74 74 74 74 
71 71 114 101 101 101 101 167 167 167 167 167 167 181 181 181 181 181 181 63 64 64 13 74 74 74 74 74 74 
71 71 101 101 101 101 101 167 167 167 167 167 81 181 181 181 181 181 181 64 64 64 13 74 74 74 74 74 134 
139 139 101 101 101 101 101 101 167 81 81 81 81 58 181 181 58 58 152 152 152 152 171 171 171 173 173 173 134 
139 139 139 101 101 101 101 2 2 81 81 81 81 58 58 58 58 58 152 152 152 152 171 171 173 173 173 173 107 
139 139 139 139 101 2 2 2 2 2 81 81 81 58 58 58 58 152 152 152 152 152 152 171 173 173 173 173 139 
139 139 139 139 2 2 2 2 2 2 32 32 32 58 58 58 58 152 152 152 152 152 118 118 118 118 118 118 139 
139 139 139 139 2 2 2 2 2 2 2 32 32 32 58 132 132 132 132 152 152 152 182 118 118 118 118 118 118 
139 139 139 2 2 2 2 2 2 2 2 32 32 169 169 132 132 132 132 132 152 182 182 118 118 118 118 118 118 
48 48 48 191 191 2 2 2 2 2 2 31 178 169 169 132 132 132 132 43 182 182 182 118 118 118 118 118 118 
48 48 48 191 191 191 2 2 2 31 31 31 178 178 178 178 132 132 43 43 182 182 182 182 118 118 118 118 118 
48 48 48 191 191 191 191 191 174 31 31 174 178 178 178 178 178 43 43 43 43 182 182 182 182 182 118 118 48 
48 48 48 191 191 191 191 191 174 31 174 174 178 178 178 178 178 43 43 43 43 43 43 43 43 43 43 48 48 
48 48 48 191 191 191 191 191 31 31 174 174 178 178 178 178 178 43 43 43 43 43 43 43 43 43 184 48 48 
128 48 128 191 191 191 191 191 31 31 31 174 178 178 178 178 178 43 43 43 43 43 43 43 43 43 184 184 128 
128 128 128 128 128 191 191 191 31 31 31 174 178 178 178 178 1 1 1 1 43 43 43 43 43 184 184 184 128 
128 128 128 128 128 156 156 156 156 31 31 6 6 117 6 6 1 1 1 1 1 1 1 43 43 184 184 184 128 
128 128 128 128 128 156 156 156 59 59 90 6 6 6 6 6 1 1 1 1 1 1 1 1 47 47 184 184 128 
128 128 128 128 128 156 156 156 59 90 90 90 90 90 90 6 1 1 1 1 1 1 1 1 47 47 47 47 47 
47 211 211 211 211 156 156 3 90 90 90 90 90 90 108 108 108 1 1 1 1 1 91 91 47 47 47 47 47 
211 211 211 211 211 211 3 3 90 90 90 90 90 90 108 108 108 91 91 91 91 91 91 91 47 47 47 47 47 
47 211 211 211 211 187 187 3 90 90 90 90 90 90 108 108 108 91 91 91 91 91 91 91 47 47 47 47 47 
137 137 137 137 187 187 187 187 90 90 90 90 90 90 84 84 84 91 91 91 91 91 91 11 11 47 47 47 47 
137 137 137 137 187 187 187 187 38 38 34 34 34 84 84 84 84 84 91 91 91 91 11 11 11 125 240 240 137 
137 137 137 114 187 187 187 187 38 38 38 34 34 84 84 84 84 84 84 91 183 85 11 11 11 125 240 240 137 
137 114 114 114 114 187 187 7 38 38 38 34 34 84 84 84 84 84 84 183 183 85 85 11 11 125 240 240 240 
114 114 114 114 114 114 114 7 38 38 38 34 34 34 84 84 84 84 84 183 183 183 85 142 142 125 240 240 200 
114 114 114 114 114 114 114 7 167 167 167 167 167 34 84 84 84 84 84 183 183 183 183 142 142 74 74 74 200 
200 200 114 114 114 114 114 167 167 167 167 167 167 167 195 195 195 195 85 85 85 85 85 85 74 74 74 74 74 
200 200 114 114 114 114 167 167 167 167 167 167 167 167 195 195 195 195 195 64 85 85 85 85 74 74 74 74 74 
107 107 114 114 114 101 167 167 167 167 167 167 167 58 195 195 195 195 195 64 64 64 85 171 74 74 74 74 107 
107 107 107 101 101 101 101 167 167 167 167 167 167 58 58 58 195 195 195 64 64 64 171 171 171 171 171 107 107 
107 107 107 101 101 101 101 167 167 167 167 167 81 58 58 58 58 58 58 64 64 64 171 171 171 173 173 173 107 
139 139 139 139 121 121 121 121 83 83 32 32 32 58 58 58 58 58 58 152 152 171 171 171 173 173 173 173 107 
139 139 139 139 139 121 121 2 2 83 32 32 32 58 58 58 58 58 58 152 152 152 171 171 173 173 173 173 139 
139 139 139 139 139 2 2 2 2 83 32 32 32 58 58 58 58 132 132 132 152 152 118 118 118 118 118 118 139 
139 139 139 139 139 2 2 2 2 2 32 32 32 32 58 132 132 132 132 132 132 132 118 118 118 118 118 118 139 
139 139 139 139 2 2 2 2 2 2 2 32 32 169 169 132 132 132 132 132 132 182 182 118 118 118 118 118 118 
139 139 139 191 191 2 2 2 2 2 2 32 169 169 169 132 132 132 132 132 182 182 182 118 118 118 118 118 118 
48 48 48 191 191 191 191 2 2 31 31 31 169 169 169 169 132 132 132 43 43 182 182 182 118 118 118 118 118 
48 48 48 191 191 191 191 191 31 31 31 31 169 169 169 169 169 132 43 43 43 43 182 182 182 182 118 118 48 
48 48 48 191 191 191 191 191 31 31 31 31 178 178 178 178 169 43 43 43 43 43 43 43 43 43 43 48 48 
48 48 48 191 191 191 191 191 31 31 31 174 178 178 178 178 178 43 43 43 43 43 43 43 43 43 184 184 48 
128 128 128 128 191 191 191 191 31 31 31 174 178 178 178 35 35 43 43 43 43 43 43 43 43 184 184 184 128 
128 128 128 128 128 191 191 191 31 31 31 6 6 6 35 35 35 1 1 43 43 43 43 43 184 184 184 184 184 
128 128 128 128 128 128 123 59 59 59 59 6 6 6 6 6 35 1 1 1 1 1 1 43 184 184 184 184 184 
128 128 128 128 128 128 123 59 59 59 59 6 6 6 6 6 6 1 1 1 1 1 1 30 184 184 184 184 184 
128 128 128 128 128 128 123 59 59 59 90 90 6 6 6 6 108 1 1 1 1 1 1 30 47 47 184 184 128 
211 211 211 211 211 3 3 3 59 59 90 90 90 90 108 108 108 1 1 1 1 1 1 30 47 47 47 47 211 
211 211 211 211 211 3 3 3 3 90 90 90 90 90 108 108 108 108 1 1 1 91 91 91 47 47 47 47 211 
211 211 211 211 211 187 3 3 3 90 90 90 90 90 108 108 108 108 91 91 91 91 91 11 47 47 47 47 211 
211 137 137 137 187 187 187 187 34 34 34 34 34 34 108 108 108 108 91 91 91 91 11 11 11 47 47 47 47 
137 137 137 114 187 187 187 187 34 34 34 34 34 34 84 84 84 84 91 91 91 11 11 11 11 11 11 47 137 
137 137 114 114 187 187 187 187 34 34 34 34 34 34 84 84 84 84 84 85 85 85 11 11 11 11 11 240 137 
200 200 114 114 114 187 187 187 38 38 34 34 34 34 84 84 84 84 85 85 85 85 85 11 11 11 11 240 200 
200 200 114 114 114 114 114 114 38 38 34 34 34 34 84 84 84 84 85 85 85 85 85 11 11 11 11 200 200 
200 200 114 114 114 114 114 167 167 167 167 34 34 34 84 84 84 84 85 85 85 85 85 85 85 85 74 200 200 
200 200 200 114 114 114 114 167 167 167 167 167 167 195 195 195 195 195 195 64 85 85 85 85 85 74 74 74 107 
200 200 200 114 114 114 167 167 167 167 167 167 167 195 195 195 195 195 64 64 64 85 85 85 74 74 74 107 107 
107 107 107 107 114 121 167 167 167 167 167 167 167 58 195 195 195 195 64 64 64 64 64 171 171 171 171 107 107 
107 107 107 107 121 121 121 167 167 167 167 167 58 58 58 195 195 195 195 64 64 64 171 171 171 171 171 107 107 
107 107 107 107 121 121 121 121 167 83 167 32 58 58 58 58 58 195 195 64 64 64 171 171 171 173 173 173 107 
139 139 139 139 121 121 121 121 83 83 32 32 58 58 58 58 58 58 195 64 64 171 171 171 171 173 173 173 107 
139 139 139 139 121 121 121 83 83 83 32 32 32 58 58 58 58 58 58 64 64 171 171 171 171 173 173 173 139 
139 139 139 139 139 121 2 83 83 83 32 32 32 216 58 58 58 132 132 132 132 171 171 171 171 173 173 139 139 
139 139 139 139 139 2 2 2 83 83 32 32 32 216 216 132 132 132 132 132 132 132 118 118 118 118 118 118 139 
139 139 139 139 2 2 2 2 2 83 83 32 32 169 169 132 132 132 132 132 132 182 185 185 118 118 118 118 139 
139 139 139 191 191 2 2 2 2 2 83 169 169 169 169 169 132 132 132 132 43 182 185 185 185 118 118 118 118 
48 48 48 191 191 191 227 227 227 31 31 169 169 169 169 169 169 132 132 43 43 182 185 185 185 185 118 118 118 
48 48 48 191 191 191 191 227 31 31 31 169 169 169 169 169 169 169 43 43 43 43 182 185 185 185 118 118 48 
48 48 48 191 191 191 191 191 31 31 31 31 169 169 169 169 169 169 43 43 43 43 43 182 185 185 184 48 48 
128 128 128 191 191 191 191 191 31 31 31 31 169 169 169 169 169 43 43 43 43 43 43 43 43 43 184 184 128 
128 128 128 128 191 191 191 191 31 31 31 31 6 169 35 35 35 35 33 33 43 43 43 43 43 184 184 184 128 
128 128 128 128 123 123 123 191 31 59 59 6 6 6 35 35 35 35 33 33 33 33 43 43 184 184 184 184 184 
128 128 128 128 123 123 123 59 59 59 59 6 6 6 6 35 35 35 33 33 33 33 30 30 184 184 184 184 184 
128 128 128 128 123 123 123 59 59 59 59 6 6 6 6 6 35 1 1 33 33 30 30 30 30 184 184 184 184 
128 128 128 128 123 123 123 59 59 59 59 6 6 6 6 6 108 1 1 1 1 30 30 30 30 184 184 184 128 
211 211 211 211 211 3 3 3 59 59 59 6 6 6 108 108 108 108 1 1 1 30 30 30 30 47 184 184 211 
211 211 211 211 211 3 3 3 3 59 59 90 90 6 108 108 108 108 1 1 26 26 26 26 47 47 161 161 211 
211 211 211 211 211 3 3 3 3 59 90 90 90 108 108 108 108 108 108 26 26 26 26 11 11 161 161 161 211 
211 211 211 211 211 187 3 3 34 34 34 34 34 34 108 108 108 108 91 26 26 26 11 11 11 11 161 161 161 
211 211 114 114 114 187 187 112 34 34 34 34 34 34 34 34 108 108 91 26 26 11 11 11 11 11 144 144 144 
200 200 114 114 114 187 187 187 34 34 34 34 34 34 34 34 84 84 85 85 85 85 11 11 11 11 144 144 144 
200 200 200 114 114 114 114 114 34 34 34 34 34 34 34 34 84 84 85 85 85 85 11 11 11 11 144 144 200 
200 200 200 114 114 114 114 114 34 34 34 34 34 34 34 34 84 84 85 85 85 85 85 11 11 11 144 144 200 
200 200 200 114 114 114 114 167 167 167 167 34 34 34 34 34 84 85 85 85 85 85 85 85 85 85 144 200 200 
200 200 200 200 114 114 114 167 167 167 167 167 226 226 195 195 195 195 195 64 85 85 85 85 85 85 74 107 107 
200 200 200 200 114 114 167 167 167 167 167 167 226 226 195 195 195 195 64 64 64 64 85 85 171 171 171 107 107 
107 107 107 107 121 121 121 167 167 167 167 167 226 58 195 195 195 195 64 64 64 64 64 171 171 171 171 107 107 
107 107 107 107 121 121 121 121 167 167 167 167 58 58 195 195 195 195 64 64 64 64 171 171 171 171 171 107 107 
107 107 107 107 121 121 121 121 83 83 83 83 216 58 58 58 195 195 64 64 64 64 171 171 171 171 171 107 107 
107 107 107 107 121 121 121 121 83 83 83 83 216 58 58 58 58 195 195 64 64 64 171 171 171 171 173 107 107 
139 139 139 139 121 121 121 83 83 83 83 32 216 216 58 58 58 58 58 64 64 171 171 171 171 171 173 107 107 
139 139 139 139 121 121 83 83 83 83 83 32 216 216 216 216 58 132 132 132 132 171 171 171 171 171 171 139 139 
139 139 139 139 139 121 83 83 83 83 83 32 216 216 216 216 132 132 132 132 132 157 157 171 171 171 118 139 139 
139 139 139 139 139 227 227 227 83 83 83 32 169 169 169 169 132 132 132 132 132 185 185 185 185 185 118 118 139 
139 139 139 139 227 227 227 227 227 227 227 169 169 169 169 169 132 132 132 132 132 185 185 185 185 185 185 185 139 
48 48 139 191 191 227 227 227 227 227 227 169 169 169 169 169 169 132 132 132 43 185 185 185 185 185 185 185 185 
48 48 48 191 191 227 227 227 227 227 227 169 169 169 169 169 169 169 169 43 43 185 185 185 185 185 185 185 128 
48 48 48 191 191 191 227 227 227 31 31 169 169 169 169 169 169 169 43 43 43 43 185 185 185 185 185 184 128 
128 128 128 128 191 191 191 154 154 31 31 169 169 169 169 169 169 169 43 43 43 43 43 62 185 62 184 184 128 
128 128 128 128 123 191 191 154 31 31 31 176 176 176 35 35 35 35 33 33 33 33 33 62 62 184 184 184 128 
128 128 128 123 123 123 123 59 59 59 59 6 6 6 35 35 35 35 33 33 33 33 33 62 62 184 184 184 128 
128 128 128 123 123 123 123 59 59 59 59 6 6 6 35 35 35 35 33 33 33 33 30 30 30 184 184 184 184 
128 128 128 123 123 123 123 59 59 59 59 6 6 6 6 35 35 35 33 33 33 30 30 30 30 184 184 184 128 
128 128 128 123 123 123 123 59 59 59 59 6 6 6 6 6 6 6 33 33 30 30 30 30 30 184 184 184 128 
211 211 211 211 211 3 3 3 59 59 59 6 6 6 6 108 108 108 108 26 30 30 30 30 30 184 184 184 211 
211 211 211 211 211 3 3 3 3 59 59 6 6 6 108 108 108 108 108 26 26 26 26 26 153 161 161 161 211 
211 211 211 211 211 3 3 3 3 59 59 34 6 6 108 108 108 108 26 26 26 26 26 26 153 161 161 161 161 
211 211 211 211 87 3 112 112 112 34 34 34 34 34 108 108 108 108 26 26 26 26 26 11 11 161 161 161 161 
161 161 211 114 114 187 112 112 112 34 34 34 34 34 34 108 108 108 26 26 26 26 11 11 11 11 144 144 144 
200 200 200 114 114 114 112 112 34 34 34 34 34 34 34 34 34 85 85 85 85 11 11 11 11 11 144 144 144 
200 200 200 114 114 114 114 114 34 34 34 34 34 34 34 34 84 85 85 85 85 85 11 11 11 11 205 144 144 
200 200 200 114 114 114 114 114 34 34 34 34 34 34 34 34 84 85 85 85 85 85 85 11 11 11 144 144 200 
200 200 200 114 114 114 114 167 167 34 34 34 34 34 34 34 85 85 85 85 85 85 85 85 85 85 144 144 200 
200 200 200 200 114 114 114 167 167 226 226 226 226 226 195 195 195 195 195 64 85 85 85 85 85 88 102 107 107 
107 107 107 107 121 121 121 167 167 226 226 226 226 226 195 195 195 195 64 64 64 64 64 64 88 171 102 107 107 
107 107 107 107 121 121 121 121 167 226 226 226 226 226 195 195 195 195 64 64 64 64 64 171 171 171 102 107 107 
107 107 107 107 121 121 121 121 83 83 226 226 226 58 195 195 195 195 64 64 64 64 64 171 171 171 102 107 107 
107 107 107 107 121 121 121 121 83 83 83 83 216 58 195 195 195 195 64 64 64 64 171 171 171 171 102 107 107 
107 107 107 121 121 121 121 121 83 83 83 83 216 216 58 58 195 195 64 64 64 64 171 171 171 171 102 107 107 
107 107 107 121 121 121 121 83 83 83 83 83 216 216 216 216 58 195 195 64 64 64 171 171 171 102 102 107 107 
139 139 139 139 121 121 83 83 83 83 83 83 216 215 216 216 58 132 132 132 64 157 157 171 102 102 102 102 107 
139 139 139 139 121 121 83 83 83 83 83 83 216 216 216 216 132 132 132 132 157 157 157 157 157 157 157 102 107 
139 139 139 139 227 227 227 227 83 83 83 83 216 169 169 169 132 132 132 132 157 157 157 157 157 157 157 157 107 
139 139 139 227 227 227 227 227 227 227 227 169 169 169 169 169 169 132 132 132 185 185 185 185 185 185 185 185 185 
48 139 139 191 227 227 227 227 227 227 111 169 169 169 169 169 169 169 132 185 185 185 185 185 185 185 185 185 185 
48 48 48 191 191 227 227 227 227 227 111 169 169 169 169 169 169 169 169 43 185 185 185 185 185 185 185 185 185 
128 128 128 191 154 154 154 154 154 111 111 169 169 169 169 169 169 169 169 43 43 185 185 185 185 185 185 185 128 
128 128 128 123 154 154 154 154 154 111 111 176 176 176 169 169 169 169 33 33 33 62 62 62 62 62 62 184 128 
128 128 128 123 123 154 154 154 154 111 111 176 176 176 176 35 35 35 33 33 33 33 62 62 62 62 62 184 128 
128 128 128 123 123 123 123 154 59 59 59 6 176 176 35 35 35 35 33 33 33 33 62 62 62 62 184 184 128 
128 128 128 123 123 123 123 59 59 59 59 6 6 6 35 35 35 35 33 33 33 33 30 30 62 62 184 184 128 
128 128 128 123 123 123 123 59 59 59 59 6 6 6 6 35 35 35 33 33 33 30 30 30 30 184 184 184 128 
128 128 128 123 123 123 3 59 59 59 59 6 6 6 6 6 35 35 33 33 33 30 30 30 153 153 184 184 128 
211 211 211 211 123 3 3 3 59 59 59 6 6 6 6 6 6 6 33 26 26 30 30 153 153 153 161 161 128 
211 211 211 211 87 3 3 3 3 59 59 6 6 6 6 6 108 108 26 26 26 26 26 153 153 153 161 161 161 
211 211 211 211 87 87 3 3 3 3 59 6 6 6 6 108 108 108 26 26 26 26 26 153 153 161 161 161 161 
161 211 211 87 87 87 112 112 112 112 34 34 34 34 6 108 108 108 26 26 26 26 26 234 153 161 161 161 161 
161 161 211 87 87 87 112 112 112 112 34 34 34 34 34 108 108 26 26 26 26 26 234 234 234 161 144 144 161 
144 200 200 114 87 87 112 112 112 34 34 34 34 34 34 34 34 26 26 26 85 26 234 234 234 144 144 144 144 
200 200 200 200 114 87 112 112 112 34 34 34 34 34 34 34 34 85 85 85 85 85 234 234 234 205 144 144 144 
200 200 200 200 114 114 114 112 34 34 34 34 34 34 34 34 34 85 85 85 85 85 85 234 234 205 144 144 144 
200 200 200 200 114 114 114 112 167 226 226 226 226 226 226 226 226 85 85 85 85 85 85 85 85 205 144 144 144 
200 200 200 200 114 114 121 226 226 226 226 226 226 226 226 195 195 195 64 64 64 85 88 88 88 88 88 107 107 
107 107 107 107 121 121 121 226 226 226 226 226 226 226 195 195 195 195 64 64 64 64 88 88 88 88 102 107 107 
107 107 107 107 121 121 121 121 226 226 226 226 226 226 195 195 195 195 64 64 64 64 64 88 88 102 102 107 107 
107 107 107 107 121 121 121 121 226 226 226 226 226 226 195 195 195 195 64 64 64 64 64 102 102 102 102 107 107 
107 107 107 107 121 121 121 121 83 83 83 226 226 51 51 51 195 195 64 64 64 64 64 102 102 102 102 102 107 
107 107 107 107 121 121 121 83 83 83 83 83 216 216 51 51 51 195 64 64 64 64 171 102 102 102 102 102 107 
107 107 107 121 121 121 121 83 83 83 83 83 216 216 216 51 51 51 51 64 64 157 157 102 102 102 102 102 107 
107 107 107 107 121 121 83 83 83 83 83 83 216 216 216 216 51 51 51 64 157 157 157 157 102 102 102 102 107 
107 107 107 107 121 121 83 83 83 83 83 83 216 216 216 216 216 132 132 132 157 157 157 157 157 157 157 102 107 
139 139 139 92 92 227 227 227 83 83 83 83 216 216 169 169 169 169 132 132 157 157 157 157 157 157 157 157 107 
139 139 92 92 227 227 227 227 227 227 227 169 169 169 169 169 169 169 132 132 157 157 157 157 157 157 157 157 157 
70 70 223 223 154 227 227 227 227 227 111 169 169 169 169 169 169 169 169 185 185 185 185 185 185 185 185 185 185 
70 70 223 223 154 154 154 154 154 111 111 169 169 169 169 169 169 169 169 169 185 185 185 185 185 185 185 185 185 
128 128 223 223 154 154 154 154 154 111 111 111 169 169 169 169 169 169 169 33 33 62 62 62 62 62 62 62 128 
128 128 128 223 154 154 154 154 154 111 111 176 176 176 176 176 169 169 33 33 33 62 62 62 62 62 62 62 128 
128 128 128 123 123 154 154 154 154 111 111 176 176 176 176 176 35 35 33 33 33 62 62 62 62 62 62 62 128 
128 128 128 123 123 123 154 154 154 59 96 96 176 176 176 35 35 35 33 33 33 33 62 62 62 62 62 184 128 
128 128 128 123 123 123 123 59 59 59 96 96 6 6 35 35 35 35 33 33 33 33 33 62 62 62 62 184 128 
128 128 128 123 123 123 123 59 59 59 59 96 6 6 6 35 35 35 33 33 33 33 33 62 62 62 184 184 128 
128 128 128 123 123 123 59 59 59 59 59 6 6 6 6 6 35 35 33 33 33 33 153 153 153 153 184 184 128 
211 211 211 123 123 3 3 3 59 59 59 6 6 6 6 6 6 6 26 26 26 26 153 153 153 153 153 161 161 
211 211 211 87 87 87 3 3 3 59 59 6 6 6 6 6 6 6 26 26 26 26 153 153 153 153 161 161 161 
161 211 211 87 87 87 112 112 112 112 112 6 6 6 6 6 6 26 26 26 26 26 153 153 153 153 161 161 161 
161 161 87 87 87 87 112 112 112 112 112 112 6 6 6 6 6 26 26 26 26 26 26 153 153 161 161 161 161 
161 161 87 87 87 87 112 112 112 112 112 34 34 34 34 6 6 26 26 26 26 26 234 234 234 161 144 144 161 
144 144 87 87 87 87 112 112 112 112 34 34 34 34 34 34 34 26 26 26 26 26 234 234 234 144 144 144 144 
144 144 200 87 87 87 112 112 112 112 34 34 34 34 34 34 34 85 85 85 85 85 234 234 234 144 144 144 144 
144 200 200 200 87 87 112 112 112 34 34 34 34 226 226 226 226 85 85 85 85 85 234 234 234 144 144 144 144 
200 200 200 200 114 114 112 112 226 226 226 226 226 226 226 226 226 85 85 85 85 85 85 85 234 144 144 144 144 
107 107 107 107 114 114 226 226 226 226 226 226 226 226 226 195 195 195 64 64 64 88 88 88 88 88 88 88 107 
107 107 107 107 121 121 162 226 226 226 226 226 226 226 195 195 195 195 64 64 64 88 88 88 88 88 102 102 107 
107 107 107 107 121 121 162 162 226 226 226 226 226 226 195 195 195 195 64 64 64 64 88 88 88 102 102 102 107 
107 107 107 107 121 121 162 162 162 226 226 226 226 226 51 195 195 195 64 64 64 64 88 102 102 102 102 102 107 
107 107 107 107 121 121 162 162 162 162 226 109 226 51 51 51 51 195 64 64 64 64 102 102 102 102 102 102 107 
107 107 107 107 121 121 162 162 162 83 83 109 109 51 51 51 51 51 64 120 64 147 102 102 102 102 102 102 107 
107 107 107 107 121 121 162 162 83 83 83 83 216 216 51 51 51 51 51 120 120 157 157 102 102 102 102 102 107 
107 107 107 92 159 121 162 83 83 83 83 83 216 216 216 51 51 51 120 120 120 157 157 157 102 102 102 102 107 
107 107 92 92 92 159 159 83 83 83 83 83 216 216 216 216 51 51 120 120 157 157 157 157 157 157 157 102 107 
92 92 92 92 92 92 227 227 83 83 83 83 216 216 169 169 169 169 132 157 157 157 157 157 157 157 157 157 157 
70 70 92 92 92 227 227 227 227 227 83 169 169 169 169 169 169 169 132 157 157 157 157 157 157 157 157 157 157 
70 70 223 223 154 154 154 154 154 111 111 111 169 169 169 169 169 169 169 185 185 185 185 185 185 185 185 185 185 
70 70 223 223 154 154 154 154 154 111 111 111 169 169 169 169 169 169 169 185 185 185 185 185 185 185 185 185 185 
70 70 223 223 154 154 154 154 154 111 111 111 176 176 176 169 169 169 229 33 62 62 62 62 62 62 62 62 62 
70 70 223 223 154 154 154 154 154 111 111 176 176 176 176 176 176 229 229 33 62 62 62 62 62 62 62 62 62 
128 128 223 223 154 154 154 154 154 111 111 176 176 176 176 176 35 229 33 33 33 62 62 62 62 62 62 62 128 
128 128 128 123 123 123 154 154 154 96 96 96 176 176 176 176 35 35 33 33 33 62 62 62 62 62 62 62 128 
128 128 208 123 123 123 123 59 59 96 96 96 96 176 176 35 35 35 33 33 33 33 62 62 62 62 62 62 128 
128 208 208 208 123 123 123 59 59 59 96 96 96 6 6 35 35 35 33 33 33 33 33 62 62 62 62 184 128 
128 208 208 208 208 208 208 59 59 59 96 96 96 6 6 6 6 6 33 33 33 33 153 153 153 153 153 184 128 
208 208 208 208 208 208 3 3 59 59 96 96 6 6 6 6 6 6 26 26 26 153 153 153 153 153 153 161 161 
211 211 208 87 87 87 112 112 112 112 59 6 6 6 6 6 6 6 26 26 26 153 153 153 153 153 161 161 161 
161 211 190 87 87 87 112 112 112 112 112 6 6 6 6 6 6 26 26 26 26 26 153 153 153 153 161 161 161 
161 161 87 87 87 87 112 112 112 112 112 112 6 6 6 6 6 26 26 26 26 26 153 153 153 153 161 161 161 
161 161 87 87 87 87 87 112 112 112 112 112 112 6 6 6 6 26 26 26 26 26 153 234 153 161 144 144 161 
144 144 87 87 87 87 87 112 112 112 112 34 34 34 34 34 34 26 26 26 26 26 234 234 234 144 144 144 144 
144 144 87 87 87 87 112 112 112 112 94 94 94 94 94 94 94 85 85 85 85 85 234 234 234 144 144 144 144 
144 200 200 87 87 87 112 112 112 94 94 94 94 226 226 226 226 226 85 85 85 85 234 68 234 144 144 144 144 
200 200 200 200 87 87 112 112 226 226 226 226 226 226 226 226 226 226 85 85 85 88 88 88 88 88 144 144 144 
107 107 107 107 162 162 162 226 226 226 226 226 226 226 226 195 195 106 106 106 106 88 88 88 88 88 88 88 88 
107 107 107 107 162 162 162 162 226 226 226 226 226 226 226 195 195 106 106 106 106 88 88 88 88 88 88 88 107 
107 107 107 107 162 162 162 162 162 226 226 226 226 226 214 214 214 106 106 106 106 88 88 88 88 88 102 102 107 
107 107 107 107 162 162 162 162 162 226 226 226 226 226 214 214 214 106 106 106 106 106 88 88 102 102 102 102 107 
107 107 107 162 162 162 162 162 162 162 109 109 109 51 51 51 51 106 120 120 106 106 106 102 102 102 102 102 107 
107 107 107 162 162 162 162 162 162 162 109 109 109 51 51 51 51 51 120 120 120 147 147 102 102 102 102 102 107 
107 107 107 92 162 162 162 162 162 162 109 109 109 109 51 51 51 51 120 120 120 120 157 102 102 102 102 102 102 
107 107 92 92 159 159 162 162 162 83 109 109 109 109 51 51 51 51 120 120 120 157 157 157 102 102 102 102 102 
92 92 92 92 92 159 159 159 83 83 83 109 109 216 216 51 51 51 120 120 120 157 157 157 157 157 157 102 102 
92 92 92 92 92 92 92 227 83 83 83 83 216 216 169 169 51 51 120 157 157 157 157 157 157 157 157 157 157 
70 70 92 92 92 92 154 154 154 154 111 111 169 169 169 169 169 169 120 157 157 157 157 157 157 157 157 157 157 
70 70 223 223 92 154 154 154 154 111 111 111 169 169 169 169 169 169 169 157 157 157 157 157 157 157 157 157 157 
70 70 223 223 223 154 154 154 154 111 111 111 111 169 169 169 169 169 229 229 185 185 157 157 157 185 185 185 185 
70 70 223 223 223 154 154 154 154 111 111 111 176 176 176 176 229 229 229 229 62 62 62 62 62 62 62 62 62 
70 70 223 223 223 154 154 154 154 111 111 176 176 176 176 176 229 229 229 229 62 62 62 62 62 62 62 62 62 
70 70 223 223 223 154 154 154 154 111 111 176 176 176 176 176 229 229 229 33 62 62 62 62 62 62 62 62 62 
70 70 208 208 208 154 154 154 154 96 96 96 176 176 176 176 229 229 229 33 33 62 62 62 62 62 62 62 128 
208 208 208 208 208 208 208 154 154 96 96 96 96 176 176 176 229 229 33 33 33 62 62 62 62 62 62 62 128 
208 208 208 208 208 208 208 59 59 96 96 96 96 96 6 6 6 6 33 33 33 33 33 62 62 62 62 62 128 
208 208 208 208 208 208 208 59 59 96 96 96 96 96 6 6 6 6 33 33 33 33 153 153 153 153 153 153 128 
208 208 208 208 208 208 208 112 59 96 96 96 96 6 6 6 6 6 26 26 153 153 153 153 153 153 153 153 161 
208 208 190 190 190 87 112 112 112 112 112 96 6 6 6 6 6 6 26 26 26 153 153 153 153 153 153 161 161 
208 208 190 190 87 87 112 112 112 112 112 112 6 6 6 6 6 26 26 26 26 153 153 153 153 153 153 161 161 
161 208 190 87 87 87 112 112 112 112 112 112 6 6 6 6 6 26 26 26 26 153 153 153 153 153 161 161 161 
161 87 87 87 87 87 87 112 112 112 112 112 112 6 6 6 6 26 26 26 26 153 153 153 153 153 144 144 161 
144 144 87 87 87 87 87 112 112 112 112 94 94 94 94 94 94 26 26 26 26 153 234 234 234 144 144 144 144 
144 144 87 87 87 87 112 112 112 94 94 94 94 94 94 94 94 94 85 85 85 85 234 68 68 144 144 144 144 
144 200 200 87 87 87 112 112 94 94 94 94 94 94 94 94 94 94 88 88 88 88 88 68 68 68 144 144 144 
200 200 200 200 87 87 112 112 94 94 94 94 226 226 226 226 226 226 88 88 88 88 88 88 88 88 88 144 144 
attribute "dep" string "positions"
#
# A field is created with three components: "positions", "connections",
# and "data"
object "regular positions regular connections" class field
component  "positions"    value 1
component  "connections"  value 2
component  "data"         value 3
#
end
