# object 1 are the regular positions. The grid is 29 29 29. The origin is
# at [0 0 0], and the deltas are 1 in the first and third dimensions, and
# 2 in the second dimension
#
object 1 class gridpositions counts 29 29 29
origin 0 0 0
delta  1 0 0
delta  0 1 0
delta  0 0 1
#
# object 2 are the regular connections
#
object 2 class gridconnections counts 29 29 29
#
# object 3 are the data, which are in a one-to-one correspondence with
# the positions ("dep" on positions). The positions increment in the order
# "last index varies fastest", i.e. (x0, y0, z0), (x0, y0, z1), (x0, y0, z2),
# (x0, y1, z0), etc.
#
object 3 class array type int rank 0 items 24389 data follows
159 122 122 122 122 235 235 235 120 120 120 38 38 38 38 84 84 19 19 19 19 19 183 14 14 14 14 14 14 
159 122 122 122 122 122 120 120 120 120 38 38 38 38 84 84 84 19 19 19 19 19 17 17 17 14 14 14 14 
159 122 122 122 122 122 120 120 120 120 38 38 38 38 229 229 229 229 73 73 73 17 17 17 17 17 17 17 159 
159 122 122 122 122 122 122 120 120 120 38 38 38 229 229 229 229 229 73 73 73 17 17 17 17 17 17 17 159 
159 122 122 122 122 122 122 203 120 120 38 155 155 229 229 229 243 243 73 73 73 17 17 17 17 223 223 223 159 
159 122 122 122 122 122 122 203 203 155 155 155 155 229 229 229 229 243 243 73 73 17 17 17 223 223 223 223 223 
159 122 122 122 122 122 122 203 203 155 155 155 155 231 231 229 229 243 243 73 211 211 211 211 223 223 223 223 223 
122 122 122 122 122 122 122 71 71 155 155 155 155 231 231 229 229 229 229 211 211 211 211 211 223 223 223 223 223 
102 122 122 122 122 122 71 71 71 71 155 155 155 231 230 230 230 229 229 75 75 75 75 75 75 223 223 223 141 
102 102 141 141 122 71 71 71 71 71 71 71 230 230 230 230 230 230 75 75 75 75 75 75 75 75 223 184 141 
141 141 141 141 141 71 71 71 71 71 71 71 230 230 230 230 87 87 69 69 69 69 69 69 69 69 184 184 141 
141 141 141 141 141 71 71 71 71 71 71 71 230 230 87 87 87 87 87 69 69 69 69 69 69 184 184 184 184 
141 141 141 141 141 141 71 71 71 71 71 87 87 87 87 87 87 87 87 69 69 69 69 69 69 184 184 184 184 
184 141 141 141 141 141 6 71 71 71 71 87 87 87 87 87 87 87 87 185 185 185 69 69 184 184 184 184 184 
184 184 141 141 141 6 6 6 6 8 8 8 87 87 87 87 87 87 87 185 185 185 185 185 185 184 184 184 184 
184 184 238 207 125 6 6 6 6 8 8 8 8 8 87 87 87 87 150 150 185 185 185 185 185 184 184 184 184 
238 238 238 125 125 6 6 6 6 8 8 8 8 8 8 87 87 150 150 150 150 185 185 185 185 184 184 184 184 
238 125 125 125 125 6 6 6 6 8 8 8 8 8 8 181 181 150 150 150 150 150 185 185 185 135 191 191 191 
238 125 125 125 125 125 6 6 6 8 8 8 8 8 8 181 181 181 26 26 26 26 26 26 135 135 191 191 177 
42 125 125 125 125 125 11 11 11 8 8 8 8 8 8 181 181 181 26 26 26 26 26 26 135 135 135 135 135 
42 42 42 125 125 125 11 11 11 11 8 8 8 8 181 181 181 181 26 26 26 26 26 135 135 135 135 135 135 
42 42 42 42 125 125 125 11 11 187 187 8 8 8 181 181 181 181 26 26 26 26 26 135 135 135 135 135 135 
42 42 42 74 74 74 74 187 187 187 187 187 187 34 34 34 181 181 26 26 26 26 26 135 135 135 135 135 135 
42 42 74 74 74 74 74 187 187 187 187 187 34 34 34 34 34 34 19 19 19 19 226 14 14 135 135 135 135 
161 161 161 74 74 74 74 235 187 187 235 235 34 34 34 34 34 34 19 19 19 19 226 14 14 14 14 14 161 
161 161 161 161 74 74 235 235 235 235 235 235 235 34 34 34 34 34 19 19 19 183 183 14 14 14 14 14 161 
161 161 161 161 161 235 235 235 235 235 235 235 235 34 34 34 34 19 19 19 19 183 183 14 14 14 14 14 161 
161 161 161 161 161 235 235 235 235 235 235 235 235 34 34 34 34 19 19 19 19 183 183 14 14 14 14 14 14 
161 161 161 161 235 235 235 235 235 235 235 235 38 38 34 34 19 19 19 19 19 183 183 14 14 14 14 14 14 
159 159 122 122 236 236 236 120 120 120 120 38 38 38 38 84 84 84 19 19 19 183 183 14 14 14 14 14 14 
159 159 122 122 122 236 236 120 120 120 120 38 38 38 84 84 84 84 84 19 19 17 17 17 17 14 14 14 14 
159 159 122 122 122 122 236 120 120 120 38 38 38 38 229 84 84 84 84 84 19 17 17 17 17 17 17 17 159 
159 159 122 122 122 122 122 120 120 120 38 38 38 229 229 229 79 79 79 79 73 17 17 17 17 17 17 159 159 
159 159 122 122 122 122 203 203 203 120 155 155 155 229 229 229 229 79 79 79 73 17 17 17 17 223 223 223 159 
159 122 122 122 122 122 203 203 203 155 155 155 155 231 231 229 229 243 243 73 73 17 17 17 223 223 223 223 159 
159 122 122 122 122 122 203 203 203 155 155 155 155 231 231 229 229 243 243 73 211 211 17 17 223 223 223 223 159 
159 122 122 122 122 203 203 203 71 155 155 59 155 231 231 231 229 229 229 75 75 75 75 75 223 223 223 223 159 
141 122 122 122 122 203 203 71 71 71 155 155 155 231 231 231 231 229 75 75 75 75 75 75 75 223 223 223 141 
141 141 141 141 141 71 71 71 71 71 71 71 155 231 231 231 87 87 75 75 75 75 75 75 75 75 223 184 141 
141 141 141 141 141 71 71 71 71 71 71 71 230 230 87 87 87 87 69 69 69 69 69 69 69 184 184 184 141 
141 141 141 141 141 71 71 71 71 71 71 71 230 87 87 87 87 87 87 69 69 69 69 69 69 184 184 184 184 
141 141 141 141 141 141 71 71 71 71 71 87 87 87 87 87 87 87 87 69 69 69 69 69 69 184 184 184 184 
184 141 141 141 141 141 6 71 71 71 8 8 87 87 87 87 87 87 87 185 185 185 185 185 184 184 184 184 184 
184 184 141 141 141 6 6 6 6 8 8 8 87 87 87 87 87 87 87 185 185 185 185 185 185 184 184 184 184 
238 238 238 207 207 6 6 6 6 8 8 8 8 8 87 87 87 87 150 150 185 185 185 185 185 184 184 184 184 
238 238 238 238 207 6 6 6 6 8 8 8 8 8 8 87 87 150 150 150 150 185 185 185 185 184 184 184 184 
238 238 125 125 125 6 6 6 6 8 8 8 8 8 8 181 181 181 150 50 150 150 185 185 185 191 191 191 191 
238 125 125 125 125 125 6 6 6 8 8 8 8 8 8 181 181 181 26 26 26 26 26 26 177 191 191 191 177 
42 125 125 125 125 125 6 6 6 8 8 8 8 8 8 181 181 181 26 26 26 26 26 26 135 135 135 135 135 
42 42 42 125 125 125 125 6 6 8 8 8 8 8 181 181 181 181 26 26 26 26 26 135 135 135 135 135 135 
42 42 42 42 125 125 125 125 6 187 187 8 8 8 181 181 181 181 26 26 26 26 26 135 135 135 135 135 135 
42 42 42 42 42 125 125 187 187 187 187 187 34 34 201 181 160 160 160 26 26 26 26 226 135 135 135 135 135 
42 161 161 42 42 74 74 187 187 187 187 187 34 34 34 34 34 34 160 26 19 226 226 226 14 135 135 135 135 
161 161 161 161 161 74 74 235 235 235 235 235 34 34 34 34 34 34 19 19 19 226 226 226 14 14 14 132 161 
161 161 161 161 161 74 235 235 235 235 235 235 34 34 34 34 34 34 19 19 19 183 226 226 14 14 14 132 161 
161 161 161 161 161 235 235 235 235 235 235 235 235 34 34 34 34 19 19 19 19 183 183 14 14 14 14 14 161 
161 161 161 161 161 235 235 235 235 235 235 235 235 34 34 34 34 19 19 19 19 183 183 14 14 14 14 14 14 
161 161 161 161 235 235 235 235 235 235 235 235 38 38 34 84 84 19 19 19 19 183 183 14 14 14 14 14 14 
159 113 122 122 236 236 236 236 120 120 120 38 38 38 84 84 84 84 84 19 19 183 183 14 14 14 14 14 14 
159 159 122 122 236 236 236 236 120 120 120 38 38 38 84 84 84 84 84 84 19 17 17 17 17 14 14 14 14 
159 159 122 122 122 122 236 236 120 120 120 38 38 38 84 84 84 84 84 84 84 17 17 17 17 17 17 159 159 
159 159 122 122 122 122 236 236 120 120 38 38 38 38 229 79 79 79 79 79 79 17 17 17 17 17 17 159 159 
159 159 122 122 122 122 203 203 203 203 155 155 155 229 229 79 79 79 79 79 79 17 17 17 17 223 223 223 159 
159 159 159 122 122 122 203 203 203 155 155 155 155 231 231 231 79 79 79 79 79 17 17 17 223 223 223 223 159 
159 159 159 122 122 203 203 203 203 155 155 155 155 231 231 231 231 79 79 79 136 224 17 17 223 223 223 223 159 
159 159 122 122 122 203 203 203 203 155 155 155 155 231 231 231 231 231 79 136 136 136 136 136 223 223 223 223 159 
159 159 122 122 203 203 203 203 71 71 71 155 155 231 231 231 231 231 136 136 136 136 136 136 136 223 223 223 159 
141 141 141 141 203 203 71 71 71 71 71 71 155 231 231 231 231 39 136 136 136 136 136 136 136 136 193 193 141 
141 141 141 141 141 71 71 71 71 218 218 71 71 87 87 87 87 39 69 69 69 69 69 69 69 193 193 193 141 
141 141 141 141 141 71 71 71 218 218 218 218 87 87 87 87 87 87 87 69 69 69 69 69 69 184 184 184 184 
141 141 141 141 141 141 71 71 218 218 218 218 87 87 87 87 87 87 87 69 69 69 69 69 69 184 184 184 184 
193 141 141 141 141 6 6 71 218 218 218 87 87 87 87 87 87 87 87 185 185 185 69 69 184 184 184 184 184 
193 193 238 207 207 6 6 6 6 8 8 8 87 87 87 87 87 87 87 185 185 185 185 185 185 184 184 184 184 
238 238 238 207 207 6 6 6 6 8 8 8 8 8 87 87 87 87 150 150 185 185 185 185 185 184 184 184 184 
238 238 238 207 207 6 6 6 6 8 8 8 8 8 8 87 87 150 150 150 150 185 185 185 185 184 184 184 238 
238 238 238 207 207 6 6 6 6 8 8 8 8 8 8 181 181 181 150 150 150 150 185 185 185 191 191 191 238 
238 238 125 125 125 125 6 6 6 8 8 8 8 8 8 181 181 181 26 26 26 26 26 177 177 191 191 191 177 
177 125 125 125 125 125 6 6 6 8 8 8 8 8 8 181 181 181 26 26 26 26 26 26 177 177 191 191 177 
42 42 42 125 125 125 125 6 6 8 8 8 8 8 181 181 181 181 26 26 26 26 26 135 135 135 135 177 177 
42 42 42 42 125 125 125 125 6 95 95 95 95 201 201 160 160 160 160 26 26 26 26 135 135 135 135 135 135 
42 42 42 42 42 125 125 125 187 187 95 95 201 201 201 201 160 160 160 160 160 26 226 226 135 135 135 135 135 
42 161 161 42 42 125 125 235 235 235 235 235 201 201 34 34 34 160 160 160 19 226 226 226 226 135 135 135 135 
161 161 161 161 161 161 235 235 235 235 235 235 240 34 34 34 34 34 19 19 19 226 226 226 226 14 132 132 132 
161 161 161 161 161 208 235 235 235 235 235 235 235 34 34 34 34 34 19 19 19 226 226 226 226 14 132 132 132 
161 161 161 161 161 208 235 235 235 235 235 235 235 34 34 34 34 19 19 19 19 183 226 226 14 14 14 132 132 
161 161 161 161 161 208 235 235 235 235 235 235 235 34 34 34 34 19 19 19 19 183 183 14 14 14 14 14 14 
161 161 161 161 235 235 235 235 235 235 235 235 38 38 38 84 84 84 19 19 19 183 183 14 14 14 14 14 14 
113 113 113 66 236 236 236 236 236 235 235 38 38 38 84 84 84 84 84 84 84 183 183 14 14 14 14 14 14 
113 113 113 122 236 236 236 236 236 120 120 38 38 38 84 84 84 84 84 84 84 84 17 17 17 14 14 14 14 
159 159 159 122 122 236 236 236 236 120 120 38 38 38 84 84 84 84 84 84 84 17 17 17 17 17 17 138 159 
159 159 159 122 122 122 236 236 236 120 120 38 38 38 84 79 79 79 79 79 79 17 17 17 17 17 151 159 159 
159 159 159 122 122 203 203 203 203 203 155 155 155 155 79 79 79 79 79 79 79 224 224 224 224 224 223 159 159 
159 159 159 122 122 203 203 203 203 203 155 155 155 155 231 79 79 79 79 79 224 224 224 224 224 223 223 159 159 
159 159 159 159 203 203 203 203 203 203 155 155 155 155 231 231 79 79 79 79 136 224 224 224 224 223 223 159 159 
159 159 159 159 203 203 203 203 203 218 155 155 155 231 231 231 231 79 136 136 136 136 136 224 224 223 223 159 159 
228 228 228 159 203 203 203 203 218 218 218 155 155 231 231 231 231 196 136 136 136 136 136 136 136 223 193 193 228 
228 228 228 228 203 203 203 218 218 218 218 218 155 231 231 231 39 39 136 136 136 136 136 136 136 193 193 193 228 
228 141 141 141 203 203 203 218 218 218 218 218 218 87 87 87 39 39 39 136 136 136 136 136 136 193 193 193 193 
193 141 141 141 141 203 218 218 218 218 218 218 218 87 87 87 39 39 39 39 69 69 69 69 225 193 193 193 193 
193 193 141 141 141 64 218 218 218 218 218 218 87 87 87 87 87 39 39 69 69 69 69 69 225 193 193 193 193 
193 193 193 193 207 64 64 90 90 218 218 87 87 87 87 87 87 87 4 4 4 4 69 69 225 193 193 193 193 
193 193 193 207 207 64 64 64 90 90 8 8 8 87 87 87 87 4 4 4 4 185 185 185 225 193 193 193 193 
238 238 238 207 207 64 64 64 64 8 8 8 8 8 87 87 87 4 4 4 4 185 185 185 185 193 193 193 193 
238 238 238 207 207 64 64 6 6 8 8 8 8 8 8 87 87 4 4 4 4 185 185 185 185 177 177 177 238 
238 238 238 207 207 207 6 6 6 8 8 8 8 8 8 181 181 4 150 150 150 150 185 185 177 177 177 177 177 
238 238 238 207 207 207 6 6 6 8 8 8 8 8 8 181 181 181 26 26 26 26 26 177 177 177 177 177 177 
177 238 125 125 125 125 125 6 6 8 8 8 8 8 176 181 181 181 26 26 26 26 26 177 177 177 177 177 177 
177 42 42 125 125 125 125 6 6 95 95 95 95 176 201 160 160 160 160 26 26 26 26 177 177 177 177 177 177 
42 42 42 42 125 125 125 125 18 95 95 95 95 201 201 160 160 160 160 160 26 26 26 135 135 135 135 135 135 
42 42 42 42 42 125 125 18 18 95 95 95 201 201 201 201 160 160 160 160 160 26 226 226 226 135 135 135 135 
135 42 42 42 42 125 208 208 235 235 240 240 201 201 201 201 201 160 160 160 160 226 226 226 226 132 132 132 135 
132 161 161 161 161 208 208 208 235 235 240 240 240 201 201 201 201 201 201 19 19 226 226 226 226 132 132 132 132 
132 161 161 161 208 208 208 208 235 235 235 240 240 34 34 34 34 34 19 19 19 226 226 226 226 14 132 132 132 
132 161 161 161 208 208 208 208 235 235 235 235 240 34 34 34 34 19 19 19 19 183 226 226 226 14 132 132 132 
132 161 161 161 208 208 208 208 235 235 235 235 235 34 34 34 84 84 19 19 19 183 183 226 14 14 14 14 132 
132 161 161 161 208 208 208 208 235 235 235 235 235 38 84 84 84 84 84 19 183 183 183 14 14 14 14 14 14 
113 113 113 66 66 208 236 236 236 77 77 77 38 38 84 84 84 84 84 84 52 52 194 194 14 14 14 14 81 
113 113 113 113 236 236 236 236 236 236 77 38 38 38 84 84 84 84 84 84 52 52 194 194 194 14 81 81 81 
138 113 159 159 122 236 236 236 236 236 120 38 38 38 84 84 84 84 84 84 52 52 17 17 17 151 138 138 138 
159 159 159 159 122 203 236 236 236 120 120 38 38 79 79 79 79 79 79 79 52 224 224 224 224 224 151 138 159 
159 159 159 159 203 203 203 203 203 203 174 174 174 174 79 79 79 79 79 79 224 224 224 224 224 224 151 138 159 
159 159 159 159 203 203 203 203 203 203 155 155 155 155 79 79 79 79 79 79 224 224 224 224 224 224 151 138 159 
159 159 159 159 203 203 203 203 203 203 155 155 155 155 231 79 79 79 79 79 224 224 224 224 224 224 224 159 159 
159 159 159 159 203 203 203 203 203 218 218 155 155 155 231 51 51 196 79 136 136 136 224 224 224 224 224 159 159 
228 228 228 228 203 203 203 203 218 218 218 218 155 231 231 51 51 196 196 136 136 136 136 136 136 136 193 228 228 
228 228 228 228 203 203 203 218 218 218 218 218 218 51 51 51 39 39 39 136 136 136 136 136 136 193 193 193 228 
228 228 228 228 228 203 203 218 218 218 218 218 218 51 51 39 39 39 39 136 136 136 136 136 225 193 193 193 193 
193 228 228 228 228 203 218 218 218 218 218 218 218 87 87 39 39 39 39 39 136 136 136 225 225 193 193 193 193 
193 193 193 193 64 64 64 90 90 90 90 90 90 87 87 39 39 39 39 39 136 136 69 225 225 193 193 193 193 
193 193 193 193 64 64 64 90 90 90 90 90 90 87 87 87 39 39 4 4 4 4 4 225 225 193 193 193 193 
193 193 193 207 64 64 64 64 90 90 90 90 90 87 87 87 4 4 4 4 4 4 4 225 225 193 193 193 193 
193 238 238 207 64 64 64 64 64 90 8 8 8 103 87 87 4 4 4 4 4 4 4 4 225 193 193 193 193 
238 238 238 207 207 64 64 64 64 64 8 8 8 8 103 103 4 4 4 4 4 4 4 4 146 177 177 177 238 
238 238 238 207 207 64 64 64 64 64 8 8 8 8 103 103 4 4 4 4 4 4 4 177 177 177 177 177 177 
238 238 238 207 207 64 64 64 64 8 8 8 63 63 176 176 181 127 127 127 127 127 127 177 177 177 177 177 177 
177 238 238 207 207 125 64 64 179 179 95 95 176 176 176 176 160 160 127 127 127 127 127 177 177 177 177 191 191 
191 191 238 207 125 125 64 179 179 95 95 95 95 176 201 201 160 160 160 127 127 127 127 177 177 177 177 191 191 
191 42 42 42 125 125 125 18 18 95 95 95 95 201 201 201 160 160 160 160 160 127 226 226 177 177 177 191 191 
42 42 42 42 112 112 112 18 18 95 95 95 95 201 201 201 201 160 160 160 160 226 226 226 226 135 135 135 135 
135 42 42 42 112 112 112 208 18 240 240 240 201 201 201 201 201 201 201 201 201 226 226 226 226 226 132 132 132 
132 132 161 161 208 208 208 208 208 240 240 240 240 201 201 201 201 201 201 201 19 226 226 226 226 226 132 132 132 
132 132 161 161 208 208 208 208 208 77 240 240 240 201 201 201 201 201 201 19 19 226 226 226 226 226 132 132 132 
132 132 161 161 208 208 208 208 208 77 77 240 240 240 201 201 201 201 19 19 19 226 226 226 226 14 132 132 132 
132 132 161 208 208 208 208 208 208 77 77 77 240 240 201 201 84 84 84 19 19 183 226 226 14 14 14 132 132 
132 113 161 208 208 208 208 208 208 77 77 77 77 77 84 84 84 84 84 84 84 183 183 14 14 14 14 14 14 
113 113 113 66 66 208 208 208 208 77 77 77 77 38 84 84 84 84 52 52 52 52 194 194 194 194 81 81 81 
113 113 113 113 66 208 208 208 208 77 77 77 38 38 84 84 84 84 52 52 52 52 194 194 194 151 81 81 81 
138 113 113 66 66 66 236 208 236 236 174 174 38 84 84 84 84 84 52 52 52 52 194 194 151 151 138 138 138 
138 113 159 159 66 203 203 203 236 174 174 174 174 174 79 79 79 79 79 52 52 224 224 224 224 151 151 138 138 
159 159 159 159 203 203 203 203 203 174 174 174 174 174 88 79 79 79 79 79 224 224 224 224 224 151 151 138 138 
159 159 159 159 203 203 203 203 203 174 174 174 174 174 88 88 79 79 79 224 224 224 224 224 224 224 151 138 159 
159 159 159 159 203 203 203 203 203 174 174 174 174 174 88 88 88 79 79 224 224 224 224 224 224 224 224 138 159 
159 228 159 159 203 203 203 203 203 218 174 174 174 174 51 51 51 196 196 224 224 224 224 224 124 224 224 224 159 
228 228 228 228 203 203 203 203 218 218 218 174 174 51 51 51 51 196 196 196 136 136 124 124 124 124 16 228 228 
228 228 228 228 228 203 203 218 218 218 218 218 218 51 51 51 51 196 196 196 136 136 136 124 124 124 16 193 228 
228 228 228 228 228 203 203 218 218 218 218 218 218 51 51 51 39 39 39 39 136 136 136 225 225 225 193 193 228 
193 228 228 228 228 203 90 90 90 90 90 90 90 51 51 39 39 39 39 39 136 136 225 225 225 225 193 193 193 
193 193 193 193 89 64 64 90 90 90 90 90 90 90 39 39 39 39 39 39 39 4 225 225 225 225 193 193 193 
193 193 193 193 64 64 64 90 90 90 90 90 90 25 25 39 39 39 4 4 4 4 4 225 225 225 193 193 193 
193 193 193 64 64 64 64 64 90 90 90 90 90 25 25 4 4 4 4 4 4 4 4 225 225 225 193 193 193 
193 193 238 64 64 64 64 64 64 90 90 90 103 103 103 103 4 4 4 4 4 4 4 146 146 146 193 193 193 
238 238 238 238 64 64 64 64 64 64 90 103 103 103 103 103 4 4 4 4 4 4 4 146 146 146 146 193 193 
238 238 238 238 64 64 64 64 64 179 179 63 103 103 103 103 4 4 4 4 4 4 4 146 146 177 177 177 177 
238 238 238 238 64 64 64 64 179 179 179 63 176 176 176 176 176 127 127 127 127 127 127 2 2 177 177 177 177 
191 238 238 207 207 64 64 179 179 179 179 176 176 176 176 176 176 127 127 127 127 127 127 2 2 2 177 191 191 
191 191 238 207 125 64 179 179 179 179 95 95 95 176 176 201 201 160 127 127 127 127 127 2 2 2 177 191 191 
191 42 42 42 41 41 41 18 18 18 95 95 95 201 201 201 201 201 160 127 127 127 127 2 2 2 177 191 191 
42 42 42 41 112 112 112 18 18 18 95 95 95 201 201 201 201 201 201 201 201 127 226 226 226 2 135 191 135 
135 42 42 41 112 112 112 208 18 18 240 240 201 201 201 201 201 201 201 201 201 226 226 226 226 226 132 132 132 
132 132 161 41 112 112 208 208 208 240 240 240 240 201 201 201 201 201 201 201 201 226 226 226 226 226 132 132 132 
132 132 161 208 208 208 208 208 208 77 240 240 240 201 201 201 201 201 201 201 201 226 226 226 226 226 132 132 132 
132 132 161 208 208 208 208 208 208 77 240 240 240 240 201 201 201 201 201 201 19 226 226 226 226 226 132 132 132 
132 113 113 208 208 208 208 208 208 77 77 77 240 240 201 201 201 84 52 52 52 52 226 226 226 14 132 132 132 
113 113 113 66 208 208 208 208 208 77 77 77 77 77 84 84 84 84 52 52 52 52 194 194 14 14 14 14 81 
113 113 113 66 66 66 208 208 208 77 77 77 77 77 52 52 52 52 52 52 52 52 194 194 194 194 81 81 81 
113 113 113 66 66 66 208 208 208 77 77 77 77 38 84 84 52 52 52 52 52 52 194 194 194 151 81 81 81 
113 113 113 66 66 66 66 208 208 174 174 174 174 174 88 84 52 52 52 52 52 52 194 194 151 151 138 138 138 
138 113 113 66 66 66 66 203 174 174 174 174 174 174 88 88 88 52 52 52 52 45 45 45 151 151 151 138 138 
138 138 159 159 203 203 203 203 174 174 174 174 174 174 88 88 88 88 52 52 52 224 224 224 151 151 151 138 138 
138 159 159 159 203 203 203 203 174 174 174 174 174 174 88 88 88 88 88 52 224 224 224 224 224 151 151 138 138 
138 159 159 159 203 203 203 203 174 174 174 174 174 174 88 88 88 88 88 88 224 224 224 224 224 224 224 138 138 
228 228 228 175 175 175 203 203 174 174 174 174 174 174 51 51 51 196 196 196 124 124 124 124 124 124 124 138 138 
228 228 228 228 175 175 203 203 174 174 174 174 174 51 51 51 51 196 196 196 124 124 124 124 124 124 16 16 228 
228 228 228 228 228 175 203 203 218 218 174 174 174 51 51 51 51 196 196 196 196 124 124 124 16 16 16 16 228 
228 228 228 228 89 89 203 218 218 218 174 174 51 51 51 51 51 39 39 39 136 136 16 16 16 16 16 193 228 
216 216 216 216 89 89 90 90 90 90 90 90 90 51 51 51 39 39 39 39 39 136 225 225 225 225 225 193 193 
193 216 216 216 89 89 90 90 90 90 90 90 90 25 51 39 39 39 39 39 4 4 225 225 225 225 193 193 193 
193 193 216 216 89 64 90 90 90 90 90 90 25 25 25 25 39 39 4 4 4 4 225 225 225 225 193 193 193 
193 193 193 64 64 64 64 64 90 90 90 90 25 25 25 25 4 4 4 4 4 4 4 225 225 225 193 193 193 
193 193 193 64 64 64 64 64 90 90 90 90 103 103 103 103 4 4 4 4 4 4 4 146 146 146 146 193 193 
193 193 238 64 64 64 64 64 64 90 63 103 103 103 103 103 4 4 4 4 4 4 4 146 146 146 146 193 193 
193 238 238 238 64 64 64 64 64 179 63 63 103 103 103 103 103 4 4 4 4 4 4 146 146 146 146 146 193 
238 93 238 93 64 64 64 179 179 179 179 63 176 176 103 103 103 127 127 127 127 127 2 2 2 2 2 2 177 
93 93 93 93 93 64 64 179 179 179 179 176 176 176 176 176 176 127 127 127 127 127 2 2 2 2 2 70 70 
93 93 93 93 41 41 179 179 179 179 179 176 176 176 176 176 201 201 127 127 127 127 2 2 2 2 2 70 70 
70 93 93 41 41 41 41 18 18 18 18 95 95 176 201 201 201 201 201 127 127 127 2 2 2 2 70 70 70 
70 93 41 41 112 112 112 18 18 18 18 95 95 201 201 201 201 201 201 201 201 127 226 2 2 2 70 70 70 
70 41 41 41 112 112 112 86 18 18 18 240 201 201 201 201 201 201 201 201 201 186 226 226 226 220 132 70 70 
132 132 41 41 112 112 112 86 86 86 240 240 240 201 201 201 201 201 201 201 201 226 226 226 226 220 132 132 132 
132 132 41 41 112 208 208 208 208 86 240 240 240 201 201 201 201 201 201 201 201 226 226 226 226 220 132 132 132 
132 113 113 208 208 208 208 208 208 77 240 240 240 240 201 201 201 201 201 52 52 226 226 226 226 220 132 132 132 
113 113 113 66 208 208 208 208 208 77 77 240 240 240 201 201 201 52 52 52 52 52 194 194 194 220 81 81 81 
113 113 113 66 66 208 208 208 208 77 77 77 77 77 201 201 52 52 52 52 52 52 194 194 194 194 81 81 81 
113 113 113 66 66 66 204 204 204 204 77 77 77 52 52 52 52 52 52 52 52 52 194 194 194 194 81 81 81 
113 113 113 66 66 66 66 204 204 204 77 174 174 88 88 52 52 52 52 52 52 52 194 194 194 151 81 81 81 
113 113 113 66 66 66 66 66 174 174 174 174 174 88 88 88 52 52 52 52 52 52 194 194 151 151 151 138 138 
138 113 66 66 66 66 66 174 174 174 174 174 174 88 88 88 88 52 52 52 52 45 45 45 151 151 151 138 138 
138 138 66 66 66 175 175 174 174 174 174 174 174 88 88 88 88 88 52 52 52 45 45 45 151 151 138 138 138 
138 138 66 175 175 175 175 175 174 174 174 174 174 174 88 88 88 88 88 88 52 224 224 224 151 151 138 138 138 
138 138 175 175 175 175 175 175 174 174 174 174 174 174 88 88 88 88 88 88 124 124 124 124 124 124 138 138 138 
228 228 175 175 175 175 175 175 174 174 174 174 174 174 92 92 51 196 196 196 124 124 124 124 124 124 124 138 138 
228 228 228 175 175 175 175 175 174 174 174 174 174 51 51 51 51 196 196 196 196 124 124 124 124 16 16 16 16 
228 228 228 228 175 175 175 175 174 174 174 174 174 51 51 51 51 196 196 196 196 124 124 16 16 16 16 16 16 
216 216 216 89 89 89 175 197 90 90 90 174 174 51 51 51 51 196 196 196 196 124 16 16 16 16 16 16 216 
216 216 216 89 89 89 90 90 90 90 90 90 90 51 51 51 51 39 39 39 39 16 16 16 16 225 225 225 216 
216 216 216 89 89 89 90 90 90 90 90 90 90 25 25 51 39 39 39 4 4 225 225 225 225 225 225 193 193 
193 216 216 89 89 64 90 90 90 90 90 90 25 25 25 25 25 39 4 4 4 4 225 225 225 225 225 193 193 
193 193 216 89 64 64 64 90 90 90 90 90 25 25 25 25 25 4 4 4 4 4 225 225 225 225 225 193 193 
193 193 193 64 64 64 64 64 90 90 90 25 25 25 25 25 25 4 4 4 4 4 56 146 146 146 146 193 193 
193 93 93 64 64 64 64 64 64 90 63 63 103 103 103 103 103 4 4 4 4 4 56 146 146 146 146 146 193 
93 93 93 93 64 64 64 64 179 179 63 63 103 103 103 103 103 4 4 4 4 4 56 146 146 146 146 146 193 
93 93 93 93 93 64 64 179 179 179 179 63 63 63 103 103 103 127 127 127 127 145 145 2 2 2 2 2 93 
93 93 93 93 93 64 64 179 179 179 179 63 63 63 63 63 63 127 127 127 127 145 145 2 2 2 2 70 70 
93 93 93 93 41 41 41 179 179 179 179 63 176 176 176 63 201 201 127 127 127 145 2 2 2 2 70 70 70 
70 93 93 41 41 41 41 18 18 18 18 18 63 63 201 201 201 201 201 127 127 145 2 2 2 2 70 70 70 
70 93 41 41 112 112 112 18 18 18 18 18 201 201 201 201 201 201 201 201 186 186 186 2 220 2 70 70 70 
70 41 41 41 112 112 112 86 86 18 86 86 201 201 201 201 201 201 201 201 186 186 186 220 220 220 220 70 70 
83 41 41 41 112 112 112 86 86 86 86 86 240 201 201 201 201 201 201 201 186 186 220 220 220 220 220 220 220 
83 83 41 41 41 41 204 86 86 86 86 86 240 201 201 201 201 201 201 186 186 186 220 220 220 220 220 220 220 
113 113 66 41 41 204 204 204 204 86 86 86 86 86 201 201 201 201 52 52 52 52 220 220 220 220 220 220 220 
113 113 66 66 66 204 204 204 204 86 86 86 86 86 201 201 201 52 52 52 52 52 194 194 220 220 220 81 81 
113 113 66 66 66 204 204 204 204 204 86 86 86 86 201 12 12 52 52 52 52 52 194 194 194 194 81 81 81 
113 113 66 66 66 66 204 204 204 86 86 86 86 12 12 12 52 52 52 52 52 52 194 194 194 194 81 81 81 
113 113 66 66 66 66 66 66 204 86 37 37 174 88 88 88 52 52 52 52 52 52 194 194 194 151 81 81 81 
113 113 66 66 66 66 66 66 37 37 37 37 174 88 88 88 88 52 52 52 52 52 194 194 151 151 151 138 138 
138 66 66 66 66 66 66 37 174 174 174 174 174 88 88 88 88 88 52 52 52 45 45 45 151 151 138 138 138 
138 138 66 66 66 175 175 175 174 174 174 174 174 88 88 88 88 88 88 52 52 45 45 45 151 151 138 138 138 
138 138 66 175 175 175 175 175 174 174 174 174 174 88 88 88 88 88 88 88 124 124 124 124 151 151 138 138 138 
138 175 175 175 175 175 175 175 174 174 174 174 174 88 88 88 88 88 88 88 124 124 124 124 124 124 124 138 138 
138 175 175 175 175 175 175 175 174 174 174 174 174 92 92 92 92 92 196 196 124 124 124 124 124 124 124 138 138 
228 228 175 175 175 175 175 175 197 174 174 174 174 51 51 51 51 196 196 196 124 124 124 124 16 16 16 16 16 
228 228 89 89 175 175 175 197 197 197 174 174 174 51 51 51 51 196 196 196 196 124 16 16 16 16 16 16 16 
216 216 89 89 89 89 197 197 197 197 197 1 1 51 51 51 51 196 196 196 140 140 16 16 16 16 16 16 16 
216 216 89 89 89 89 197 197 90 90 90 90 1 1 51 51 51 196 196 196 140 140 16 16 16 16 16 225 225 
216 216 89 89 89 89 89 90 90 90 90 90 1 25 25 25 51 196 196 140 140 140 225 225 225 225 225 225 193 
216 216 89 89 89 89 90 90 90 90 90 90 25 25 25 25 25 25 4 192 56 56 225 225 225 225 225 225 193 
193 216 89 89 89 64 64 90 90 90 90 90 25 25 25 25 25 25 192 192 56 56 56 225 225 225 225 225 193 
193 193 89 89 64 64 64 90 90 90 90 25 25 25 25 25 25 25 4 4 56 56 56 146 146 146 146 225 193 
93 93 93 93 64 64 64 64 64 90 63 63 103 103 25 25 25 4 4 4 56 56 56 146 146 146 146 146 193 
93 93 93 93 93 64 64 64 179 179 63 63 63 103 103 103 103 4 4 4 145 56 56 146 146 146 146 146 93 
93 93 93 93 93 64 64 179 179 179 179 63 63 63 63 63 63 63 127 145 145 145 145 2 2 2 2 2 93 
93 93 93 93 93 93 179 179 179 179 179 63 63 63 63 63 63 127 127 145 145 145 145 2 2 2 2 70 93 
93 93 93 93 93 41 41 179 179 179 179 63 63 63 63 63 63 201 127 145 145 145 145 2 2 2 70 70 70 
93 93 93 41 41 41 41 18 18 18 18 18 63 63 63 63 201 201 186 186 186 145 145 2 2 70 70 70 70 
93 93 41 41 41 41 41 41 18 18 18 18 18 201 201 201 201 186 186 186 186 186 186 220 220 70 70 70 70 
83 41 41 41 41 41 41 41 86 86 86 86 86 201 201 201 201 186 186 186 186 186 186 220 220 220 220 220 70 
83 41 41 41 41 41 41 86 86 86 86 86 86 201 201 201 201 186 186 186 186 186 220 220 220 220 220 220 220 
83 83 41 41 41 41 41 86 86 86 86 86 86 86 201 201 201 201 186 186 186 186 220 220 220 220 220 220 220 
83 66 66 41 41 204 204 204 86 86 86 86 86 86 201 12 12 12 219 186 219 219 220 220 220 220 220 220 220 
66 66 66 66 66 204 204 204 204 86 86 86 86 86 12 12 12 12 52 52 52 52 54 220 220 220 220 220 81 
66 66 66 66 66 204 204 204 204 86 86 86 86 86 12 12 12 52 52 52 52 52 194 194 194 194 81 81 81 
66 66 66 66 66 66 66 204 204 86 37 37 37 12 12 12 12 12 52 52 52 54 54 54 54 54 81 81 81 
66 66 66 66 66 66 66 37 37 37 37 37 37 88 88 12 12 52 52 52 52 54 54 54 54 151 151 81 81 
66 66 66 66 66 66 66 37 37 37 37 37 37 88 88 88 88 52 52 52 52 54 54 54 151 151 151 138 138 
138 66 66 66 66 66 66 37 37 37 37 37 88 88 88 88 88 88 52 52 52 54 54 45 151 151 138 138 138 
138 66 66 66 66 175 175 37 37 37 37 174 88 88 88 88 88 88 88 52 52 54 45 45 151 151 138 138 138 
138 138 175 175 175 175 175 175 37 174 174 174 88 88 88 88 88 88 88 88 124 124 124 124 124 151 138 138 138 
138 175 175 175 175 175 175 175 175 174 174 174 174 88 88 88 88 88 88 88 124 124 124 124 124 124 138 138 138 
233 175 175 175 175 175 175 175 197 174 174 174 174 92 92 92 92 92 88 88 124 124 124 124 124 16 16 16 138 
233 175 175 175 175 175 175 197 197 197 174 174 174 92 92 92 92 92 196 196 124 124 16 16 16 16 16 16 16 
228 89 89 89 175 175 197 197 197 197 197 1 1 1 51 51 51 196 196 196 140 140 16 16 16 16 16 16 16 
216 89 89 89 89 89 197 197 197 197 197 1 1 1 1 51 51 196 196 140 140 140 140 16 16 16 16 16 16 
216 89 89 89 89 89 197 197 197 90 90 1 1 1 1 1 51 196 196 140 140 140 140 16 16 16 16 225 225 
216 89 89 89 89 89 89 90 90 90 90 90 1 1 1 1 1 196 192 140 140 140 140 225 225 225 225 225 225 
216 89 89 89 89 89 90 90 90 90 90 90 25 25 25 25 25 25 192 192 189 189 189 225 225 225 225 225 225 
193 89 89 89 89 36 36 90 90 90 90 25 25 25 25 25 25 25 192 192 56 56 56 225 225 225 225 225 225 
193 93 89 89 36 36 36 36 90 90 90 25 25 25 25 25 25 25 192 192 56 56 56 192 225 225 225 225 225 
93 93 93 93 36 36 36 36 36 36 63 63 63 25 25 25 25 25 192 192 56 56 56 192 146 146 225 225 225 
93 93 93 93 36 36 36 36 36 63 63 63 63 63 63 63 63 63 145 145 145 56 192 192 146 146 225 225 93 
93 93 93 93 93 36 36 36 179 179 63 63 63 63 63 63 63 63 145 145 145 145 145 145 2 2 2 2 93 
93 93 93 93 93 93 36 179 179 179 63 63 63 63 63 63 63 145 145 145 145 145 145 145 2 2 2 93 93 
93 93 93 93 93 41 41 179 179 179 179 63 63 63 63 63 46 186 186 145 145 145 145 145 2 2 70 70 93 
93 93 93 41 41 41 41 41 18 18 18 63 63 63 63 46 46 186 186 186 186 145 145 145 2 70 70 70 70 
93 93 41 41 41 41 41 41 86 86 86 86 86 63 201 201 186 186 186 186 186 186 186 186 220 220 70 70 70 
83 41 41 41 41 41 41 41 86 86 86 86 86 86 201 201 186 186 186 186 186 186 186 220 220 220 220 83 83 
83 83 41 41 41 41 41 86 86 86 86 86 86 86 201 201 186 186 186 186 186 186 186 220 220 220 220 83 83 
83 83 41 41 41 41 41 86 86 86 86 86 86 86 201 12 12 186 186 186 186 186 186 220 220 220 220 83 83 
83 66 66 41 41 41 86 86 86 86 86 86 86 86 12 12 12 12 219 219 219 219 54 220 220 220 220 83 83 
66 66 66 66 66 66 204 204 86 86 86 86 86 86 12 12 12 12 12 219 219 54 54 54 220 220 220 83 83 
66 66 66 66 66 66 204 204 86 86 86 86 86 86 12 12 12 12 12 52 52 54 54 54 54 54 54 83 81 
66 66 66 66 66 66 66 66 37 37 37 37 37 12 12 12 12 12 12 52 54 54 54 54 54 54 54 54 81 
66 66 66 66 66 66 66 37 37 37 37 37 37 37 147 12 12 12 12 52 54 54 54 54 54 54 54 54 81 
66 66 66 66 66 66 66 37 37 37 37 37 37 88 147 147 147 12 52 52 54 54 54 54 54 54 54 138 138 
66 66 66 66 66 66 66 37 37 37 37 37 88 88 88 147 147 88 52 52 54 54 54 54 54 54 138 138 138 
138 66 66 66 66 175 175 37 37 37 37 37 88 88 88 88 88 88 88 88 54 54 54 54 54 54 138 138 138 
138 66 66 175 175 175 175 175 37 37 37 37 88 88 88 88 88 88 88 88 134 134 134 54 54 54 138 138 138 
233 233 175 175 175 175 175 175 37 37 37 37 88 88 88 88 88 88 88 88 134 134 124 124 124 124 138 138 138 
233 233 175 175 175 175 175 175 197 197 197 174 88 92 92 92 92 92 88 88 134 124 124 124 124 16 16 16 233 
233 233 175 175 175 175 175 197 197 197 197 197 1 92 92 92 92 92 92 140 140 140 16 16 16 16 16 16 233 
233 144 144 144 175 175 197 197 197 197 197 1 1 1 1 92 92 92 196 140 140 140 140 16 16 16 16 16 16 
144 144 144 144 144 144 197 197 197 197 1 1 1 1 1 1 1 196 140 140 140 140 140 140 16 16 16 16 16 
89 89 89 89 144 144 197 197 197 197 1 1 1 1 1 1 1 1 140 140 140 140 140 140 16 16 16 225 225 
89 89 89 144 144 144 144 197 90 90 90 1 1 1 1 1 1 1 192 140 140 140 140 140 225 225 225 225 225 
89 89 144 144 144 144 36 90 90 90 90 1 1 1 1 1 1 192 192 192 189 189 189 189 225 225 225 225 61 
89 89 144 144 144 36 36 36 36 90 90 25 25 25 25 25 25 192 192 192 192 192 192 192 225 225 225 225 61 
93 93 144 144 36 36 36 36 36 36 36 25 25 25 25 25 25 192 192 192 192 192 192 192 192 225 225 225 225 
93 93 93 93 36 36 36 36 36 36 63 63 63 25 25 25 25 192 192 192 192 192 192 192 192 192 225 225 93 
93 93 93 93 36 36 36 36 36 36 63 63 63 63 63 63 63 145 145 145 145 145 192 192 192 192 225 93 93 
93 93 93 93 36 36 36 36 36 36 63 63 63 63 63 63 63 145 145 145 145 145 145 145 145 2 2 93 93 
93 93 93 93 93 36 36 36 36 36 63 63 63 63 63 46 46 145 145 145 145 145 145 145 145 145 2 93 93 
93 93 93 93 93 41 36 36 36 179 63 63 63 63 46 46 46 186 186 145 145 145 145 145 145 2 70 70 93 
93 93 93 41 41 41 41 41 86 86 86 63 63 46 46 46 46 186 186 186 186 145 145 145 145 70 70 70 93 
93 93 41 41 41 41 41 41 86 86 86 86 86 46 46 46 186 186 186 186 186 186 186 186 220 220 83 83 83 
83 83 41 41 41 41 41 41 86 86 86 86 86 86 46 46 186 186 186 186 186 186 186 220 220 220 83 83 83 
83 83 41 41 41 41 41 86 86 86 86 86 86 86 46 186 186 186 186 186 186 186 186 220 220 220 83 83 83 
83 83 41 41 41 41 41 86 86 86 86 86 86 86 12 12 12 186 219 219 219 186 186 220 220 220 83 83 83 
83 83 66 41 41 41 86 86 86 86 86 86 86 86 12 12 12 12 219 219 219 219 219 220 220 220 83 83 83 
83 66 66 66 66 66 86 86 86 86 86 86 86 86 12 12 12 12 12 219 219 54 54 54 54 220 83 83 83 
66 66 66 66 66 66 66 86 86 86 86 86 86 12 12 12 12 12 12 12 12 54 54 54 54 54 54 83 83 
66 66 66 66 66 66 66 37 37 37 37 37 98 98 12 12 12 12 12 12 54 54 54 54 54 54 54 54 54 
143 66 66 66 66 66 66 37 37 37 37 37 37 98 147 147 12 12 12 215 54 54 54 54 54 54 54 54 143 
143 143 66 66 66 66 66 37 37 37 37 37 37 98 147 147 147 12 215 215 54 54 54 54 54 54 54 54 143 
143 143 143 66 66 66 37 37 37 37 37 37 37 88 147 147 147 88 215 215 215 54 54 54 54 54 54 138 138 
143 143 143 66 66 175 37 37 37 37 37 37 88 88 147 147 147 88 215 215 134 134 54 54 54 54 54 138 143 
143 143 233 175 175 175 175 37 37 37 37 37 88 88 88 88 88 88 88 134 134 134 134 134 134 134 138 138 143 
233 233 233 175 175 175 175 175 37 37 37 37 88 88 88 88 88 88 88 134 134 134 134 134 134 134 138 233 233 
233 233 233 175 175 175 175 214 214 197 37 37 88 88 92 92 92 92 92 134 134 134 134 134 134 16 16 233 233 
233 233 233 175 175 175 214 214 214 197 197 1 1 1 92 92 92 92 92 140 134 134 134 16 16 16 16 233 233 
233 233 144 144 144 175 214 214 197 197 197 1 1 1 1 1 92 92 140 140 140 140 140 140 140 16 16 16 233 
144 144 144 144 144 144 214 214 197 197 1 1 1 1 1 1 1 1 140 140 140 140 140 140 140 16 16 21 21 
144 144 144 144 144 144 214 214 197 197 1 1 1 1 1 1 1 1 140 140 140 140 140 140 140 61 61 61 61 
144 144 144 144 144 144 144 214 197 197 1 1 1 1 1 1 1 1 192 140 140 140 140 140 140 61 61 61 61 
144 144 144 144 144 144 36 36 36 90 1 1 1 1 1 1 1 1 192 189 189 189 189 189 189 61 61 61 61 
48 144 144 144 144 36 36 36 36 27 27 27 1 1 1 1 1 192 192 192 192 192 192 192 192 61 61 61 61 
48 48 144 36 36 36 36 36 36 27 27 27 171 1 1 25 25 192 192 192 192 192 192 192 192 192 61 61 61 
76 76 76 36 36 36 36 36 36 36 27 171 171 171 25 25 25 192 192 192 192 192 192 192 192 192 61 61 61 
76 76 76 76 36 36 36 36 36 36 171 171 171 63 63 63 217 145 145 145 145 145 192 192 192 192 192 76 76 
76 76 76 76 36 36 36 36 36 36 171 171 171 63 46 46 46 145 145 145 145 145 145 145 145 145 145 76 76 
76 76 76 76 36 36 36 36 36 36 171 171 171 46 46 46 46 46 195 195 195 145 195 195 195 195 195 76 76 
76 76 76 76 76 36 36 36 36 36 171 171 46 46 46 46 46 186 186 145 145 145 145 145 145 145 145 76 76 
76 76 76 76 41 41 41 41 86 86 86 46 46 46 46 46 46 186 186 186 186 145 145 145 145 145 83 83 76 
76 76 76 41 41 41 41 41 86 86 86 86 46 46 46 46 46 186 186 186 186 186 186 186 220 83 83 83 83 
83 83 41 41 41 41 41 41 86 86 86 86 86 46 46 46 186 186 186 186 186 186 186 186 220 83 83 83 83 
83 83 41 41 41 41 41 86 86 86 86 86 86 86 46 46 186 186 186 186 186 186 186 220 220 83 83 83 83 
83 83 41 41 41 41 41 86 86 86 86 86 86 86 12 12 12 186 219 219 219 186 186 220 220 83 83 83 83 
83 83 66 41 41 41 86 86 86 86 86 86 86 86 12 12 12 12 219 219 219 219 219 220 220 83 83 83 83 
83 83 66 66 66 66 86 86 86 86 86 86 86 12 12 12 12 12 12 219 219 219 54 54 54 54 83 83 83 
83 66 66 66 66 66 66 86 86 86 86 86 86 12 12 12 12 12 12 12 12 54 54 54 54 54 54 83 83 
143 66 66 66 66 66 66 37 37 37 37 98 98 98 12 12 12 12 12 167 54 54 54 54 54 54 54 54 54 
143 143 143 66 66 66 37 37 37 37 37 37 98 98 98 12 12 12 215 215 215 54 54 54 54 54 54 54 143 
143 143 143 143 66 66 206 37 37 37 37 37 98 98 147 147 147 180 215 215 215 54 54 54 54 54 54 54 143 
143 143 143 143 66 66 37 37 37 37 37 37 37 147 147 147 147 180 215 215 215 54 54 54 54 54 54 143 143 
143 143 143 143 143 175 206 37 37 37 37 37 37 88 147 147 147 180 180 215 134 134 134 54 54 54 54 143 143 
143 143 233 233 175 175 175 37 37 37 37 37 88 88 88 147 88 180 180 134 134 134 134 134 134 134 134 143 143 
233 233 233 233 233 175 175 37 37 37 37 37 88 88 88 88 88 88 180 134 134 134 134 134 134 134 233 233 233 
233 233 233 233 165 165 214 214 214 214 178 178 88 88 88 88 92 92 109 134 134 134 134 134 134 134 233 233 233 
233 233 233 233 165 165 165 214 214 197 197 1 1 1 92 92 92 92 109 134 134 134 134 134 134 16 233 233 233 
233 233 144 144 165 165 165 214 214 197 197 1 1 1 1 1 92 92 109 140 140 140 140 140 140 16 21 21 233 
233 144 144 144 144 165 214 214 214 197 1 1 1 1 1 1 1 1 140 140 140 140 140 140 140 21 21 21 21 
144 144 144 144 144 144 214 214 214 197 1 1 1 1 1 1 1 1 140 140 140 140 140 140 140 61 61 61 61 
48 144 144 144 144 144 144 214 214 197 1 1 1 1 1 1 1 1 110 140 140 140 189 189 189 61 61 61 61 
48 144 144 144 144 144 36 36 36 27 27 1 1 1 1 1 1 192 192 192 189 189 189 189 189 61 61 61 61 
48 48 144 144 144 36 36 36 36 27 27 27 27 1 1 1 1 192 192 192 192 192 192 192 192 61 61 61 61 
48 48 48 48 36 36 36 36 36 27 27 27 171 171 171 217 192 192 192 192 192 192 192 192 192 61 61 61 61 
76 76 76 36 36 36 36 36 36 27 27 171 171 171 171 217 217 192 192 192 192 192 192 192 192 192 61 61 61 
76 76 76 76 36 36 36 36 36 36 171 171 171 171 171 217 217 217 145 145 145 145 192 192 192 192 210 210 210 
76 76 76 76 36 36 36 36 36 36 171 171 171 171 46 217 217 156 145 145 145 145 145 145 145 145 210 210 76 
76 76 76 76 36 36 36 36 36 36 171 171 171 46 46 46 46 156 145 145 145 145 145 145 145 145 210 76 76 
76 76 76 76 76 36 36 36 36 36 171 171 46 46 46 46 46 186 186 145 145 145 145 145 145 145 76 76 76 
76 76 76 76 41 41 36 36 36 106 106 46 46 46 46 46 46 186 186 186 186 145 145 145 145 145 83 83 76 
188 76 188 41 41 41 41 41 86 106 106 106 46 46 46 46 46 186 186 186 186 186 186 186 186 83 83 83 83 
83 83 188 41 41 41 41 41 86 86 86 86 46 46 46 46 46 186 186 186 186 186 186 186 220 83 83 83 83 
83 83 83 41 41 41 41 86 86 86 86 86 86 46 46 46 186 186 186 186 186 186 186 186 220 83 83 83 83 
83 83 83 41 41 41 41 86 86 86 86 86 86 166 46 12 12 186 219 219 219 186 186 186 220 83 83 83 83 
83 83 83 41 41 41 49 86 86 86 86 86 86 166 12 12 12 12 219 219 219 219 54 54 220 83 83 83 83 
83 83 66 66 66 40 49 86 86 86 86 86 166 166 12 12 12 12 167 167 167 167 54 54 54 54 83 83 83 
83 66 66 66 66 66 66 86 86 86 86 86 166 166 12 12 12 12 12 167 167 54 54 54 54 54 54 83 83 
143 143 66 66 66 66 40 37 37 37 98 98 98 98 98 12 12 12 167 167 167 54 54 54 54 54 54 47 47 
143 143 143 143 143 206 206 206 37 37 37 98 98 98 98 98 12 180 180 180 180 54 54 54 54 54 54 54 143 
143 143 143 143 143 206 206 206 37 37 37 98 98 98 98 98 98 180 180 180 180 54 54 54 54 54 54 54 143 
143 143 143 143 143 206 206 206 37 37 37 237 98 98 98 147 147 180 180 180 180 134 54 54 54 54 54 143 143 
143 143 143 143 143 206 206 206 37 37 37 237 237 98 147 147 147 180 180 180 134 134 134 134 54 54 54 143 143 
143 143 233 233 233 206 206 206 37 37 37 37 237 88 147 147 88 180 180 134 134 134 134 134 134 134 134 143 143 
233 233 233 233 233 165 165 178 178 178 178 178 178 88 88 88 88 109 109 134 134 134 134 134 134 134 233 233 233 
233 233 233 233 165 165 165 165 178 178 178 178 178 178 88 88 109 109 109 109 134 134 134 134 134 134 233 233 233 
233 233 233 233 165 165 165 165 178 178 178 178 1 1 1 1 109 109 109 109 109 109 109 134 134 21 21 233 233 
233 233 233 165 165 165 165 165 178 178 178 1 1 1 1 1 1 109 109 109 109 109 140 140 140 21 21 21 233 
233 144 144 144 165 165 165 165 165 178 1 1 1 1 1 1 1 109 109 140 140 140 140 140 140 21 21 21 21 
48 48 144 144 144 165 165 165 165 178 1 1 1 1 1 1 1 110 110 140 140 140 3 3 3 61 61 61 61 
48 48 48 144 144 144 165 165 165 27 1 1 1 1 1 1 1 110 110 110 110 3 3 3 61 61 61 61 61 
48 48 48 48 144 144 36 36 27 27 78 1 1 1 1 1 1 110 110 110 110 72 72 72 72 61 61 61 61 
48 48 48 48 48 36 36 36 27 27 27 78 78 1 1 1 1 110 110 72 72 72 72 72 72 61 61 61 61 
48 48 48 48 36 36 36 36 27 27 27 171 171 171 171 217 217 110 110 72 72 72 72 72 192 61 61 61 61 
48 48 48 36 36 36 36 36 36 27 27 171 171 171 217 217 217 217 72 72 72 72 72 72 192 210 210 210 210 
210 76 76 36 36 36 36 36 36 27 171 171 171 171 217 217 217 217 156 72 72 72 72 192 192 210 210 210 210 
76 76 76 76 36 36 36 36 36 171 171 171 171 171 217 217 217 156 156 156 145 145 145 145 145 210 210 210 210 
76 76 76 76 36 36 36 36 36 36 171 171 171 46 46 46 217 156 156 156 145 145 145 145 145 210 210 210 210 
76 76 76 188 188 36 36 36 36 106 171 171 46 46 46 46 46 156 156 156 145 145 145 145 145 145 210 210 76 
188 188 188 188 188 36 106 106 106 106 106 106 46 46 46 46 46 186 186 186 186 145 145 145 145 126 126 188 188 
188 188 188 188 188 41 106 106 106 106 106 106 46 46 46 46 46 186 186 186 186 186 186 186 186 126 83 83 188 
188 188 188 188 41 41 49 106 106 106 106 106 46 46 46 46 46 221 186 186 186 186 186 186 186 83 83 83 83 
83 83 188 107 49 49 49 49 106 106 106 106 106 46 46 46 221 221 186 186 186 186 186 186 83 83 83 83 83 
83 83 83 107 49 49 49 49 106 106 106 106 166 166 166 46 221 186 186 186 186 186 186 186 83 83 83 83 83 
83 83 83 40 40 49 49 49 49 106 106 166 166 166 166 12 12 12 167 167 167 167 167 54 54 83 83 83 83 
205 205 66 40 40 40 49 49 49 86 166 166 166 166 166 12 12 12 167 167 167 167 54 54 54 54 205 205 47 
47 47 66 66 40 40 40 49 49 86 166 166 166 166 98 12 12 12 167 167 167 167 54 54 54 54 205 47 47 
47 143 143 143 40 40 40 164 164 98 98 98 98 98 98 98 98 98 167 167 167 121 121 121 121 121 47 47 47 
143 143 143 143 143 206 206 206 206 206 98 98 98 98 98 98 98 180 180 180 180 121 121 121 121 121 121 121 47 
143 143 143 143 143 206 206 206 206 237 237 237 98 98 98 98 98 180 215 215 180 121 121 121 121 121 121 121 143 
143 143 143 143 143 206 206 206 206 237 237 237 237 98 98 98 98 215 215 215 215 134 121 121 121 121 121 143 143 
143 143 143 143 143 206 206 206 206 237 237 237 237 98 98 98 215 215 215 215 134 134 134 134 121 121 121 143 143 
143 143 233 233 233 206 206 206 178 178 178 237 237 98 98 98 109 109 215 134 134 134 134 134 134 134 134 143 143 
233 233 233 233 233 165 178 178 178 178 178 178 178 44 98 82 109 109 109 109 134 134 134 134 134 134 233 233 233 
233 233 233 233 165 165 165 178 178 178 178 178 178 44 82 82 109 109 109 109 109 109 134 134 134 134 21 233 233 
233 233 233 233 165 165 165 178 178 178 178 178 178 82 82 82 109 109 109 109 109 109 109 134 134 21 21 21 233 
233 233 233 165 165 165 165 165 178 178 178 178 178 1 82 82 82 109 109 109 109 3 3 3 3 21 21 21 21 
233 233 233 165 165 165 165 165 165 178 178 178 1 1 1 82 82 109 109 3 3 3 3 3 3 21 21 21 21 
48 48 48 48 165 165 165 165 165 178 1 1 1 1 1 1 1 110 110 3 3 3 3 3 3 21 21 21 21 
48 48 48 48 48 165 165 165 165 78 78 1 1 1 1 1 110 110 110 110 110 3 3 3 3 21 61 61 61 
48 48 48 48 48 48 165 36 163 78 78 78 78 1 1 1 110 110 110 110 110 72 72 72 72 61 61 61 61 
48 48 48 48 48 36 36 36 163 78 78 78 78 78 78 217 162 110 110 110 72 72 72 72 72 61 61 61 61 
48 48 48 48 48 36 36 36 27 27 78 78 78 78 217 217 217 110 110 72 72 72 72 72 72 210 210 61 61 
210 210 48 48 36 36 36 36 36 27 171 171 171 171 217 217 217 217 110 72 72 72 72 72 72 210 210 210 210 
210 210 76 36 36 36 36 36 36 171 171 171 171 171 217 217 217 217 156 156 72 72 72 72 210 210 210 210 210 
210 210 76 76 152 36 36 36 36 171 171 171 171 171 217 217 217 156 156 156 156 156 145 145 210 210 210 210 210 
210 188 188 188 152 36 36 36 36 36 171 171 171 171 217 217 217 156 156 156 156 156 145 145 145 210 210 210 210 
188 188 188 188 188 152 36 36 106 106 106 171 46 46 46 46 217 156 156 156 156 156 145 145 145 126 210 210 188 
188 188 188 188 188 96 106 106 106 106 106 106 46 46 46 46 221 221 221 156 156 156 145 145 126 126 126 188 188 
188 188 188 188 188 13 106 106 106 106 106 60 60 46 46 46 221 221 221 221 186 186 186 126 126 126 126 130 188 
188 188 188 188 13 13 49 106 106 106 106 60 60 46 46 221 221 221 221 221 186 186 186 126 126 126 126 83 188 
188 188 107 107 13 49 49 49 106 106 106 60 60 60 46 221 221 221 221 221 186 186 186 126 126 126 83 83 83 
205 205 107 107 40 49 49 49 49 106 106 106 166 166 166 166 221 221 221 167 186 186 186 121 126 47 47 47 47 
205 205 40 40 40 49 49 49 49 106 106 166 166 166 166 166 166 167 167 167 167 167 121 121 121 47 47 47 205 
205 205 40 40 40 40 49 49 49 49 166 166 166 166 166 166 166 167 167 167 167 167 121 121 121 205 205 205 47 
47 47 40 40 40 40 40 49 49 49 166 166 166 166 166 98 98 167 167 167 167 121 121 121 121 121 205 47 47 
47 47 143 40 40 40 40 164 164 164 98 98 98 98 98 98 98 98 167 167 121 121 121 121 121 121 47 47 47 
143 143 143 143 40 206 206 206 164 164 98 98 98 98 98 98 98 98 180 180 121 121 121 114 121 121 121 121 47 
143 143 143 143 206 206 206 206 206 237 237 237 98 98 98 98 98 98 215 215 215 121 121 121 121 121 121 121 143 
143 143 143 143 206 206 206 206 206 237 237 237 237 98 98 98 98 215 215 215 215 121 121 121 121 121 121 121 143 
143 143 143 143 206 206 206 206 206 237 237 237 237 237 98 98 98 215 215 215 134 134 134 121 121 121 121 143 143 
143 5 5 5 206 206 206 206 178 178 178 237 237 237 98 98 109 109 109 109 134 134 134 134 134 134 134 143 143 
233 233 233 233 233 206 206 178 178 178 178 178 178 44 44 82 109 109 109 109 109 109 134 134 134 134 233 233 233 
233 233 233 233 227 227 227 178 178 178 178 178 44 44 82 82 109 109 109 109 109 109 109 134 134 21 21 233 233 
233 233 233 233 227 227 227 178 178 178 178 178 178 82 82 82 82 109 109 109 109 109 109 134 21 21 21 21 233 
233 233 233 227 227 227 227 227 178 178 178 178 178 82 82 82 82 62 109 109 109 3 3 3 21 21 21 21 21 
21 21 48 165 165 165 165 165 178 178 178 178 82 82 82 82 82 62 62 3 3 3 3 3 3 21 21 21 21 
48 48 48 48 165 165 165 165 178 178 178 1 1 82 82 82 82 62 110 3 3 3 3 3 3 21 21 21 21 
48 48 48 48 48 165 165 165 163 163 78 78 78 1 1 82 110 110 110 110 110 3 3 3 3 21 21 21 48 
48 48 48 48 48 48 48 163 163 163 78 78 78 78 200 162 162 110 110 110 110 110 3 3 3 21 61 61 48 
48 48 48 48 48 48 163 163 163 163 78 78 78 200 200 162 162 110 110 110 110 72 72 72 72 61 61 61 48 
48 48 48 48 48 36 36 163 163 163 78 78 78 78 217 217 217 162 110 110 72 72 72 72 72 210 210 210 210 
210 210 48 48 48 36 36 36 163 163 78 78 78 199 217 217 217 217 162 72 72 72 72 72 210 210 210 210 210 
210 210 210 152 152 152 152 36 36 171 171 171 171 217 217 217 217 217 156 156 156 72 72 72 210 210 210 210 210 
210 210 188 152 152 152 152 36 36 171 171 171 171 217 217 217 217 156 156 156 156 156 156 156 210 210 210 210 210 
188 188 188 188 152 152 152 152 36 106 171 171 171 217 217 217 217 156 156 156 156 156 156 156 210 210 210 210 210 
188 188 188 188 152 152 152 152 106 106 106 106 46 46 217 217 217 156 156 156 156 156 156 156 126 126 210 210 188 
188 188 188 188 96 96 13 106 106 106 106 106 106 46 91 91 221 221 221 156 156 156 156 126 126 126 126 130 188 
188 188 188 107 96 13 13 106 106 106 106 60 60 60 91 91 221 221 221 221 221 156 126 126 126 126 126 130 188 
188 188 107 107 13 13 13 106 106 106 106 60 60 60 91 91 221 221 221 221 221 186 126 126 126 126 126 130 130 
188 107 107 107 13 13 49 49 106 106 106 60 60 60 91 91 221 221 221 221 221 186 126 126 126 126 126 130 130 
23 107 107 107 40 49 49 49 49 106 106 106 166 166 166 166 221 221 221 221 221 186 121 126 126 126 47 47 47 
205 205 40 40 40 40 49 49 49 49 106 166 166 166 166 166 166 221 167 167 167 167 121 121 121 47 47 47 205 
205 205 40 40 40 40 40 49 49 49 106 166 166 166 166 166 166 167 167 167 167 167 121 121 121 205 205 47 205 
47 47 40 40 40 40 40 40 40 40 98 98 166 166 166 98 98 167 167 167 167 121 121 121 121 205 205 47 47 
23 23 40 40 40 40 164 164 164 164 98 98 98 98 98 98 98 98 121 121 121 121 121 121 121 121 23 23 23 
23 23 143 40 40 164 164 164 164 164 98 98 98 98 98 98 98 98 98 121 121 121 121 121 121 121 121 23 23 
143 143 143 143 164 164 164 164 164 164 237 237 98 98 98 98 98 98 215 215 121 121 121 121 121 121 121 121 23 
143 5 143 143 206 206 206 206 206 237 237 237 237 98 98 98 98 94 215 215 121 121 121 121 121 121 121 121 143 
5 5 5 5 206 206 206 206 206 206 237 237 237 98 98 98 94 94 215 215 134 121 121 121 121 121 121 5 5 
5 5 5 5 117 117 117 206 178 178 178 237 237 44 98 98 94 109 109 109 109 109 109 121 121 121 121 5 5 
5 5 5 5 117 117 117 178 178 178 178 178 44 44 44 44 94 109 109 109 109 109 109 134 134 134 32 5 5 
5 5 5 227 227 227 227 178 178 178 178 178 44 44 44 82 82 109 109 109 109 109 109 109 109 21 21 21 233 
233 233 233 227 227 227 227 178 178 178 178 178 44 44 82 82 82 62 62 109 109 109 109 109 21 21 21 21 21 
222 222 222 227 227 227 227 227 178 178 178 178 44 82 82 82 82 62 62 109 109 3 3 3 21 21 21 21 21 
21 21 222 227 227 227 227 227 227 178 178 178 22 82 82 82 82 62 62 3 3 3 3 3 3 21 21 21 21 
48 48 48 48 227 227 227 227 227 178 22 22 22 82 82 82 82 62 62 3 3 3 3 3 3 21 21 21 21 
48 48 48 48 48 227 227 163 163 163 78 78 22 82 82 82 82 110 110 110 110 3 3 3 3 21 21 21 48 
48 48 48 48 48 48 163 163 163 163 78 78 199 199 200 162 162 162 110 110 110 110 3 3 3 21 21 21 48 
48 48 48 48 48 48 163 163 163 163 78 78 199 200 200 162 162 162 110 110 110 110 110 72 72 128 128 61 48 
48 48 48 48 48 232 163 163 163 163 163 78 199 200 199 199 162 162 162 110 110 110 72 72 72 210 210 210 210 
210 210 48 48 152 152 232 163 163 163 163 78 199 199 199 217 217 162 162 162 162 72 72 202 210 210 210 210 210 
210 210 173 152 152 152 152 152 163 163 163 78 199 199 217 217 217 162 156 156 156 156 202 202 202 210 210 210 210 
210 210 173 152 152 152 152 152 152 163 163 78 199 217 217 217 217 156 156 156 156 156 156 202 210 210 210 210 210 
188 188 188 152 152 152 152 152 152 106 106 171 171 217 217 217 217 156 156 156 156 156 156 85 85 210 210 210 210 
188 188 188 188 152 152 152 152 106 106 106 106 106 234 234 217 217 156 156 156 156 156 156 85 126 126 126 210 188 
188 188 188 107 107 96 96 106 106 106 106 106 106 91 91 91 91 221 221 156 156 156 85 126 126 126 126 130 188 
188 188 107 107 107 96 13 106 106 106 106 60 60 91 91 91 221 221 221 221 221 156 126 126 126 126 126 130 130 
130 107 107 107 107 13 13 106 106 106 106 60 60 91 91 91 221 221 221 221 221 221 126 126 126 126 126 130 130 
130 107 107 107 13 13 96 49 106 106 106 60 60 91 91 91 221 221 221 221 221 221 126 126 126 126 126 130 130 
23 107 107 107 40 40 49 49 49 106 106 106 166 166 166 91 221 221 221 221 221 221 126 126 126 126 23 23 23 
23 23 40 40 40 40 40 49 49 49 106 166 166 166 166 166 166 221 221 167 167 121 121 121 126 23 23 23 23 
23 23 40 40 40 40 40 40 49 49 166 166 166 166 166 166 166 167 167 167 167 121 121 121 121 23 23 23 23 
23 23 40 40 40 40 40 40 164 164 98 98 166 166 166 166 166 166 167 167 121 121 121 121 121 23 23 23 23 
23 23 40 40 40 40 164 164 164 164 98 98 98 98 98 98 98 98 121 121 121 121 212 212 212 212 23 23 23 
23 23 40 40 40 164 164 164 164 164 213 98 98 98 98 98 98 98 98 121 121 212 212 212 212 212 23 23 23 
5 5 5 40 164 164 164 164 164 164 213 213 98 98 98 98 98 94 94 215 121 212 212 212 212 30 30 23 23 
5 5 5 5 164 164 164 164 164 213 213 213 213 98 98 98 94 94 94 94 121 121 121 121 121 121 121 23 5 
5 5 5 5 117 117 117 117 117 117 213 213 213 213 98 94 94 94 94 94 109 121 121 121 121 121 121 5 5 
5 5 5 5 117 117 117 117 117 117 213 213 213 44 44 94 94 94 94 109 109 109 109 121 121 32 5 5 5 
5 5 5 5 117 117 117 117 117 178 178 178 44 44 44 94 94 94 109 109 109 109 109 109 32 32 32 5 5 
222 5 5 227 227 227 117 80 178 178 178 44 44 44 44 82 82 62 109 109 109 109 109 109 53 32 32 53 222 
222 222 222 227 227 227 227 227 178 178 178 178 44 44 82 82 82 62 62 109 109 109 109 53 53 21 21 21 222 
222 222 222 227 227 227 227 227 178 178 178 178 22 82 82 82 82 62 62 62 109 3 3 3 31 31 21 21 222 
222 222 222 227 227 227 227 227 227 178 22 22 22 82 82 82 82 62 62 62 3 3 3 3 31 31 21 21 21 
48 48 48 48 227 227 227 227 227 163 22 22 22 22 82 82 82 62 62 3 3 3 3 3 31 31 21 21 21 
48 48 48 48 48 227 227 163 163 163 163 22 22 22 22 22 82 110 110 110 110 3 3 3 31 31 128 128 48 
48 48 48 48 48 48 163 163 163 163 163 199 199 199 199 162 162 162 110 110 110 110 3 3 31 128 128 128 128 
48 48 48 48 48 232 163 163 163 163 163 199 199 199 199 162 162 162 162 110 110 110 110 111 157 128 128 128 128 
48 48 48 48 232 232 232 163 163 163 163 199 199 199 199 199 162 162 162 162 110 110 202 202 202 210 210 128 128 
210 210 48 173 152 232 232 232 163 163 163 163 199 199 199 199 162 162 162 162 162 85 202 202 202 210 210 210 210 
210 7 173 173 152 152 232 232 232 163 163 163 199 199 199 217 162 162 162 156 85 85 202 202 202 202 210 210 210 
210 7 173 173 152 152 152 232 232 232 232 163 199 199 217 217 217 156 156 156 85 85 85 202 202 210 210 210 210 
7 188 173 173 152 152 152 152 65 65 137 137 137 137 234 217 234 156 156 156 85 85 85 85 85 210 210 210 210 
188 188 173 173 152 152 152 152 65 65 106 137 137 234 234 234 234 156 156 156 85 85 85 85 85 126 126 130 188 
188 188 107 107 107 96 96 123 106 106 106 106 106 91 91 91 91 91 221 156 85 85 85 126 126 126 126 130 130 
130 107 107 107 107 96 13 13 106 106 106 106 60 91 91 91 91 91 221 221 85 85 85 126 126 126 126 130 130 
130 107 107 107 96 13 96 96 106 106 106 106 60 91 91 91 91 91 221 221 221 85 126 126 126 126 126 130 130 
130 107 107 107 13 96 96 96 106 106 106 106 60 91 91 91 91 91 221 221 221 126 126 126 126 126 126 130 130 
23 107 107 107 96 96 40 49 49 106 106 106 166 91 91 91 91 91 221 221 221 126 126 126 126 126 23 23 23 
23 23 40 40 40 40 40 40 49 49 106 166 166 166 166 104 104 104 221 167 167 121 126 126 23 23 23 23 23 
23 23 40 40 40 40 40 40 40 40 166 166 166 166 166 104 104 104 104 167 167 121 121 121 23 23 23 23 23 
23 23 40 40 40 40 40 40 164 164 164 98 166 166 166 104 104 104 104 167 121 121 121 121 121 23 23 23 23 
23 23 40 40 40 40 164 164 164 164 57 57 98 98 98 98 98 98 94 30 30 30 30 30 30 30 23 23 23 
23 23 40 40 40 164 164 164 164 164 213 213 213 98 98 98 98 94 94 30 30 30 30 30 30 30 30 23 23 
23 5 5 40 164 164 164 164 164 213 213 213 213 213 98 98 94 94 94 94 30 30 30 30 30 30 30 23 23 
5 5 5 5 117 117 117 117 117 213 213 213 213 213 98 94 94 94 94 94 30 30 30 30 30 30 30 30 5 
5 5 5 5 117 117 117 117 117 117 213 213 213 213 213 94 94 94 94 94 94 30 30 30 30 30 30 5 5 
5 5 5 5 117 117 117 117 117 117 213 213 213 213 213 94 94 94 94 94 94 20 20 30 32 32 32 5 5 
5 5 5 5 117 117 117 117 117 117 117 213 44 44 44 94 94 94 94 94 94 109 20 20 32 32 32 53 5 
222 222 222 222 116 117 80 80 80 80 80 44 44 44 44 82 82 94 94 94 94 109 109 53 53 32 32 53 222 
222 222 222 222 116 116 80 80 80 80 80 44 44 44 82 82 82 62 62 62 62 109 53 53 53 53 53 53 222 
222 222 222 222 227 116 116 116 80 80 80 22 22 82 82 82 82 62 62 62 62 3 3 31 31 31 31 222 222 
222 222 222 222 227 116 116 116 116 116 22 22 22 22 82 82 82 62 62 62 62 3 3 31 31 31 31 31 222 
222 222 222 222 227 116 116 116 116 163 22 22 22 22 22 82 82 62 62 62 3 3 3 31 31 31 31 31 128 
43 43 43 43 227 116 116 163 163 163 163 22 22 22 22 22 22 62 62 110 110 3 3 31 31 31 31 128 128 
43 43 43 43 43 116 232 163 163 163 163 22 22 199 199 108 108 108 108 108 110 110 111 111 31 128 128 128 128 
43 43 43 43 43 232 232 163 163 163 163 199 199 199 199 108 108 162 108 108 108 108 111 111 157 128 128 128 128 
43 43 43 43 232 232 232 232 163 163 163 199 199 200 199 108 108 162 108 108 108 202 202 202 202 128 128 128 128 
7 7 7 173 172 232 232 232 232 163 163 163 200 200 199 108 108 162 162 108 108 202 202 202 202 202 210 128 128 
7 7 173 173 152 232 232 232 232 232 163 163 200 199 199 108 108 162 162 85 85 85 202 202 202 202 202 210 7 
7 7 173 173 173 152 232 232 232 232 232 137 137 199 199 234 108 162 162 85 85 85 85 202 202 202 210 210 7 
7 173 173 173 173 152 65 65 65 65 137 137 137 137 234 234 234 234 85 85 85 85 85 85 202 202 210 7 7 
7 173 173 173 173 152 65 65 65 65 137 137 137 234 234 234 234 234 234 85 85 85 85 85 85 126 126 7 7 
7 107 107 107 107 96 123 123 123 123 123 137 137 234 234 234 234 234 234 85 85 85 85 85 126 126 126 130 130 
130 107 107 107 107 13 13 123 123 106 106 106 91 91 234 234 91 91 91 85 85 85 85 126 126 126 126 130 130 
130 107 107 107 13 13 96 96 106 106 106 106 60 91 91 91 91 91 91 91 85 85 126 126 126 126 126 130 130 
130 107 107 107 13 96 96 96 106 106 106 106 91 91 91 91 91 91 91 91 91 126 126 126 126 126 126 130 130 
23 107 107 107 40 96 40 40 40 106 106 106 166 91 91 91 91 91 91 91 91 126 126 126 126 126 23 23 23 
23 23 40 40 40 40 40 40 40 40 106 166 166 104 104 104 104 104 104 104 100 30 30 126 126 23 23 23 23 
23 23 40 40 40 40 40 40 40 40 57 166 166 104 104 104 104 104 104 104 30 30 30 30 30 23 23 23 23 
23 23 40 40 40 40 40 40 164 164 57 98 166 104 104 104 104 104 104 104 30 30 30 30 30 23 23 23 23 
23 148 148 40 40 40 40 164 164 57 57 57 57 57 104 104 104 104 104 30 30 30 30 30 30 30 23 23 23 
148 148 148 40 40 164 164 164 164 213 57 57 57 57 57 104 104 94 94 30 30 30 30 30 30 30 30 30 23 
148 148 148 148 117 117 117 117 117 213 213 213 213 213 213 94 94 94 94 94 30 30 30 30 30 30 30 30 23 
148 148 5 117 117 117 117 117 117 213 213 213 213 213 213 94 94 94 94 94 20 30 30 30 30 30 30 30 30 
5 5 5 117 117 117 117 117 117 117 213 213 213 213 213 94 94 94 94 94 20 20 20 30 30 30 30 30 5 
5 5 5 117 117 117 117 117 117 117 213 213 213 213 213 94 94 94 94 94 20 20 20 20 32 32 32 53 5 
5 5 5 117 117 117 117 117 117 117 117 213 213 44 44 94 94 94 94 94 20 20 20 20 32 32 32 53 53 
222 222 222 222 116 80 80 80 80 80 80 213 44 44 44 82 94 94 94 94 20 20 20 53 53 32 32 53 53 
222 222 222 222 116 116 80 80 80 80 80 44 44 44 82 82 82 62 62 94 20 20 53 53 53 53 53 53 222 
222 222 222 222 116 116 116 80 80 80 80 22 22 22 82 82 82 62 62 62 62 20 53 53 31 31 31 222 222 
222 222 222 222 116 116 116 116 116 116 22 22 22 22 22 82 82 62 62 62 62 3 31 31 31 31 31 31 222 
222 222 43 43 116 116 116 116 116 22 22 22 22 22 22 22 82 62 62 62 3 111 111 31 31 31 31 31 128 
43 43 43 43 43 116 116 116 163 163 22 22 22 22 22 22 22 108 108 108 108 111 111 111 31 31 31 128 128 
43 43 43 43 43 43 232 232 163 163 163 22 22 22 22 108 108 108 108 108 108 111 111 111 157 128 128 128 128 
43 43 43 43 43 232 232 232 163 163 163 199 199 199 199 108 108 108 108 108 108 111 111 111 157 157 128 128 128 
43 43 43 43 172 232 232 232 232 163 163 163 200 200 199 108 108 108 108 108 108 202 202 202 202 157 128 128 128 
7 7 7 172 172 232 232 232 232 232 163 163 200 200 199 108 108 108 108 108 108 202 202 202 202 202 58 58 58 
7 7 7 173 172 232 232 232 232 232 232 232 200 200 199 108 108 108 108 85 85 85 202 202 202 202 58 58 7 
7 7 173 173 173 115 232 232 232 232 232 137 137 137 234 234 234 108 85 85 85 85 85 202 202 202 58 58 7 
7 7 173 173 173 115 65 65 65 65 137 137 137 137 234 234 234 234 85 85 85 85 85 85 202 202 58 7 7 
7 7 173 173 173 115 65 65 65 65 137 137 137 137 234 234 234 234 170 85 85 85 85 85 85 126 7 7 7 
7 7 7 173 173 123 123 123 123 123 137 137 137 234 234 234 234 234 170 170 85 85 85 85 126 126 126 7 7 
7 7 107 107 13 13 123 123 123 123 123 137 137 234 234 234 234 234 170 170 170 85 85 126 126 126 126 130 130 
7 107 107 107 13 13 13 123 123 123 106 106 234 234 234 234 234 91 170 170 170 85 126 126 126 126 126 130 130 
130 107 107 107 13 13 96 96 123 106 106 106 154 91 91 91 91 91 91 170 170 85 126 126 126 126 126 130 130 
23 107 107 107 40 40 40 40 40 106 106 154 154 154 91 104 104 104 104 104 100 85 126 126 126 126 23 23 23 
23 23 40 40 40 40 40 40 40 40 57 154 154 154 104 104 104 104 104 104 100 30 30 30 30 23 23 23 23 
23 23 40 40 40 40 40 40 40 40 57 154 154 154 104 104 104 104 104 104 30 30 30 30 30 23 23 23 23 
23 23 40 40 40 40 40 40 40 57 57 57 57 154 104 104 104 104 104 100 30 30 30 30 30 30 23 23 23 
148 148 148 148 40 40 40 164 164 57 57 57 57 57 154 104 104 104 100 30 30 30 30 30 30 30 30 23 23 
148 148 148 148 190 190 164 164 164 57 57 57 57 57 57 104 104 94 94 30 30 30 30 30 30 30 30 30 148 
148 148 148 148 190 117 117 117 117 213 213 57 57 57 57 94 94 94 94 30 30 30 30 30 30 30 30 30 148 
148 148 148 148 68 117 117 117 117 213 213 213 213 213 213 94 94 94 94 20 20 20 30 30 30 30 30 129 148 
148 24 148 68 68 68 117 117 117 117 213 213 213 213 213 94 94 94 94 20 20 20 20 20 20 32 32 32 32 
24 24 24 68 68 68 117 117 117 117 213 213 213 213 94 94 94 94 94 20 20 20 20 20 32 32 32 53 53 
24 24 24 24 68 68 117 117 117 117 117 213 213 213 94 94 94 94 94 94 20 20 20 53 32 32 32 53 53 
24 24 24 24 116 117 80 80 80 117 117 213 44 44 44 94 94 94 94 94 20 20 20 53 53 32 53 53 53 
222 222 222 222 116 116 80 80 80 80 80 9 9 9 9 82 94 94 94 94 20 20 20 53 53 53 53 53 222 
222 222 222 222 116 116 116 80 80 80 9 9 9 9 9 9 9 62 62 62 182 20 53 53 53 53 53 53 222 
222 222 222 222 116 116 116 116 116 116 9 9 9 9 9 9 9 62 62 182 182 182 111 31 31 31 118 118 222 
43 43 43 43 116 116 116 116 116 153 9 9 9 9 9 9 9 182 182 182 182 111 111 111 118 118 118 118 43 
43 43 43 43 43 43 116 116 153 153 9 9 9 9 9 9 9 108 182 182 182 111 111 111 157 118 118 128 128 
43 43 43 43 43 43 232 232 232 153 9 9 9 9 9 9 108 108 108 108 111 111 111 111 157 157 128 128 128 
43 43 43 43 43 43 232 232 232 232 163 9 9 9 9 108 108 108 108 108 108 111 111 111 111 157 157 128 128 
43 43 43 43 172 172 232 232 232 232 232 232 200 200 199 108 108 108 108 108 108 111 111 111 111 157 157 58 43 
7 7 7 172 172 172 232 232 232 232 232 232 200 200 209 108 108 108 108 108 108 202 202 202 202 58 58 58 58 
7 7 7 7 172 172 232 232 232 232 232 232 209 209 209 108 108 108 108 85 85 85 202 202 202 58 58 58 58 
7 7 7 173 172 172 232 232 232 232 232 137 137 137 209 234 108 108 108 85 85 85 85 202 202 58 58 58 7 
7 7 7 173 173 115 65 65 65 65 137 137 137 137 234 234 234 234 170 85 85 85 85 85 202 58 58 7 7 
7 7 7 173 173 115 65 65 65 65 137 137 137 137 234 234 234 170 170 170 85 85 85 85 85 126 58 7 7 
7 7 7 7 7 123 123 123 123 123 137 137 137 234 234 234 234 170 170 170 170 85 85 85 85 126 7 7 7 
7 7 7 7 7 13 123 123 123 123 123 137 137 234 234 234 234 170 170 170 170 170 170 85 126 126 126 7 7 
7 7 7 7 13 13 13 123 123 123 106 137 234 234 234 234 234 170 170 170 170 170 170 126 126 126 126 130 7 
7 7 107 107 13 13 96 96 123 106 106 154 154 154 234 234 234 170 170 170 170 170 67 126 126 126 126 130 130 
23 107 107 107 40 40 40 241 241 241 57 154 154 154 154 104 104 104 100 100 100 100 67 30 126 126 23 23 23 
23 242 242 40 40 40 241 241 241 241 57 154 154 154 154 104 104 104 100 100 100 100 30 30 30 23 23 23 23 
23 242 242 40 40 40 241 241 241 241 57 154 154 154 154 104 104 104 104 100 100 30 30 30 30 23 23 23 23 
23 148 242 40 40 40 241 241 241 57 57 57 154 154 154 104 104 104 100 100 100 30 30 30 30 30 30 23 23 
148 148 148 148 190 190 190 241 241 57 57 57 57 154 154 154 154 168 100 100 100 30 30 30 30 30 30 148 148 
148 148 148 148 190 190 190 190 57 57 57 57 57 57 57 57 57 168 100 100 30 30 30 30 30 30 30 148 148 
148 148 148 148 190 190 190 190 117 57 57 57 57 57 57 94 94 94 94 20 20 30 30 30 30 30 30 129 148 
148 148 148 148 68 68 117 117 117 57 57 57 57 57 57 94 94 94 94 20 20 20 20 30 30 30 129 129 148 
148 148 148 68 68 68 68 117 117 117 213 213 213 213 94 94 94 94 94 20 20 20 20 20 20 53 53 129 129 
24 24 24 68 68 68 68 117 117 117 213 213 213 213 94 94 94 94 94 20 20 20 20 20 53 53 53 53 53 
24 24 24 24 68 68 68 117 117 117 117 213 213 9 94 94 94 94 94 20 20 20 20 53 53 53 53 53 53 
24 24 24 24 116 68 117 80 117 117 117 9 9 9 9 94 94 94 94 94 20 20 20 53 53 32 53 53 24 
24 24 24 24 116 116 80 80 80 80 80 9 9 9 9 9 94 94 94 94 20 20 20 53 53 53 53 53 24 
222 222 222 222 116 116 116 80 80 80 9 9 9 9 9 9 9 182 182 182 182 182 53 53 53 53 53 53 222 
222 222 222 222 116 116 116 116 116 97 9 9 9 9 9 9 9 182 182 182 182 182 111 118 118 118 118 118 222 
43 43 43 43 43 116 116 116 153 153 9 9 9 9 9 9 9 182 182 182 182 111 111 111 118 118 118 118 43 
43 43 43 43 43 43 116 153 153 153 153 9 9 9 9 9 9 182 182 182 182 111 111 111 157 157 118 128 43 
43 43 43 43 43 43 232 232 153 153 153 9 9 9 9 9 9 108 182 182 182 111 111 111 111 157 157 128 43 
43 43 43 43 43 43 232 232 232 153 153 9 9 9 9 9 108 108 108 108 111 111 111 111 111 157 157 43 43 
43 43 43 43 172 172 172 99 99 99 153 209 209 209 209 108 108 108 108 108 108 111 111 111 111 157 157 58 43 
7 7 7 172 172 172 172 99 99 99 99 209 209 209 209 209 108 108 108 108 85 85 202 202 202 58 58 58 58 
7 7 7 7 172 172 172 99 99 99 99 209 209 209 209 209 108 108 108 85 85 85 202 202 202 58 58 58 58 
7 7 7 7 172 172 172 99 99 99 99 137 209 209 209 209 15 15 15 85 85 85 85 202 202 58 58 58 7 
7 7 7 7 7 172 172 65 65 65 137 137 137 137 234 234 15 15 170 170 85 85 85 85 85 58 58 7 7 
7 7 7 7 7 7 65 65 65 65 137 137 137 137 234 234 234 170 170 170 170 85 85 85 85 58 58 7 7 
7 7 7 7 7 123 123 123 123 123 137 137 137 137 234 234 234 170 170 170 170 170 85 85 85 126 7 7 7 
7 7 7 7 7 13 123 123 123 123 137 137 137 234 234 234 234 170 170 170 170 170 170 67 67 67 7 7 7 
7 7 7 7 7 13 13 123 123 123 137 137 137 234 234 234 234 170 170 170 170 170 170 67 67 67 126 7 7 
7 7 7 7 242 13 241 241 241 241 241 154 154 154 154 234 234 170 170 170 170 170 67 67 67 67 126 130 7 
7 242 242 242 242 241 241 241 241 241 241 154 154 154 154 154 104 100 100 100 100 100 67 67 67 126 23 23 23 
23 242 242 242 242 241 241 241 241 241 241 154 154 154 154 154 104 100 100 100 100 100 100 30 30 23 23 23 23 
148 242 242 242 242 241 241 241 241 241 57 154 154 154 154 154 104 104 100 100 100 100 30 30 30 30 23 23 23 
148 148 242 242 242 241 241 241 241 57 57 57 154 154 154 154 104 100 100 100 100 100 30 30 30 30 30 23 148 
148 148 148 148 190 190 190 241 241 57 57 57 57 154 154 154 168 168 100 100 100 100 30 30 30 30 129 148 148 
148 148 148 148 190 190 190 190 190 57 57 57 57 57 57 57 168 168 100 100 100 30 30 30 30 30 129 148 148 
148 148 148 148 190 190 190 190 190 57 57 57 57 57 57 57 168 168 100 20 20 30 30 30 30 129 129 129 148 
148 148 148 148 190 190 190 190 117 57 57 57 57 57 57 94 94 94 94 20 20 20 20 20 142 129 129 129 148 
148 148 148 68 68 68 68 117 117 117 57 57 57 57 57 94 94 94 94 20 20 20 20 20 20 142 129 129 129 
24 24 24 68 68 68 68 117 117 117 57 57 57 57 94 94 94 94 94 20 20 20 20 20 53 53 53 53 53 
24 24 24 24 68 68 68 117 117 117 117 57 57 243 229 94 94 94 94 20 20 20 20 53 53 53 53 53 53 
24 24 24 24 68 68 68 117 117 117 117 9 9 9 229 229 94 94 94 20 20 20 20 53 53 32 53 53 53 
24 24 24 24 116 116 80 80 80 97 97 9 9 9 9 9 9 94 182 182 20 20 20 53 32 32 32 53 53 
24 24 24 222 116 116 116 80 97 97 97 9 9 9 9 9 9 182 182 182 182 182 169 53 32 32 32 53 222 
43 43 43 239 239 116 116 116 97 97 9 9 9 9 9 9 9 182 182 182 182 182 182 118 118 118 118 118 118 
43 43 43 43 43 239 116 153 153 153 153 9 9 9 9 9 9 182 182 182 182 182 111 118 118 118 118 118 43 
43 43 43 43 43 43 43 153 153 153 153 9 9 9 9 9 9 182 182 182 182 182 111 111 118 157 118 43 43 
43 43 43 43 43 43 153 153 153 153 153 9 9 9 9 9 9 182 182 182 182 111 111 111 111 157 157 43 43 
43 43 43 43 43 43 172 153 153 153 153 153 9 9 9 9 108 108 182 182 182 111 111 111 111 157 157 43 43 
43 43 43 43 172 172 172 99 99 99 153 209 209 209 209 209 108 108 108 108 55 55 55 111 111 157 157 58 43 
7 7 7 172 172 172 172 99 99 99 99 209 209 209 209 209 108 108 108 108 85 55 55 55 55 58 58 58 58 
7 7 7 7 172 172 172 99 99 99 99 209 209 209 209 209 15 15 15 15 85 85 55 55 202 58 58 58 58 
7 7 7 7 172 172 172 99 99 99 99 209 209 209 209 209 15 15 15 15 85 85 85 202 58 58 58 58 7 
7 7 7 7 7 172 172 99 99 99 99 33 33 209 209 15 15 15 15 170 170 85 85 29 29 58 58 7 7 
7 7 7 7 7 7 172 99 99 99 33 33 33 33 33 33 15 15 170 170 170 170 29 29 29 29 58 7 7 
7 7 7 7 7 7 123 123 123 123 137 137 33 33 33 234 15 170 170 170 170 170 29 29 29 28 28 7 7 
7 7 7 7 7 7 123 123 123 123 137 137 33 33 234 234 234 170 170 170 170 170 67 67 67 67 28 7 7 
7 7 7 7 7 13 241 123 241 241 241 137 154 154 234 234 234 170 170 170 170 170 67 67 67 67 67 7 7 
7 7 242 242 242 241 241 241 241 241 241 154 154 154 154 154 234 170 170 170 170 67 67 67 67 67 67 67 7 
139 242 242 242 242 241 241 241 241 241 241 154 154 154 154 154 168 100 100 100 100 100 67 67 67 67 67 139 139 
139 242 242 242 242 241 241 241 241 131 131 154 154 154 154 154 168 100 100 100 100 100 100 67 67 67 139 139 139 
139 242 242 242 242 241 241 241 241 131 131 154 154 154 154 154 168 100 100 100 100 100 100 30 30 30 139 139 139 
148 148 242 242 242 241 241 241 241 131 57 57 154 154 154 154 168 100 100 100 100 100 100 30 30 30 148 148 148 
148 148 148 148 190 190 190 241 241 57 57 57 101 101 101 168 168 168 100 100 100 100 100 30 30 129 129 129 148 
148 148 148 148 190 190 190 190 190 57 57 57 101 101 101 168 168 168 100 100 100 100 30 30 129 129 129 129 148 
148 148 148 148 190 190 190 190 190 57 57 57 57 101 101 101 168 168 100 100 20 30 30 142 142 129 129 129 148 
148 148 148 148 190 190 190 190 190 57 57 57 57 57 101 229 229 229 73 20 20 20 20 142 142 129 129 129 129 
129 148 148 148 190 68 190 117 117 117 57 57 57 57 229 229 229 229 149 149 20 20 20 142 142 142 129 129 129 
129 24 119 119 119 68 68 117 117 117 57 57 57 243 229 229 229 94 149 149 20 20 20 142 142 142 142 129 129 
24 24 119 119 119 119 68 117 117 117 117 57 243 243 229 229 229 229 149 149 20 20 20 142 142 142 142 142 142 
24 24 119 119 119 119 119 117 97 97 97 97 230 230 229 229 229 229 149 149 20 20 20 53 32 32 53 53 53 
24 24 119 119 119 119 119 97 97 97 97 97 230 230 230 230 229 182 182 169 169 169 169 169 32 32 32 32 32 
24 239 239 239 239 239 239 97 97 97 97 97 9 9 9 9 9 182 182 182 169 169 169 169 32 32 32 32 222 
43 239 239 239 239 239 239 97 97 97 97 9 9 9 9 9 9 182 182 182 182 182 169 169 118 118 118 118 118 
43 43 239 239 239 239 239 153 153 153 153 9 9 9 9 9 9 182 182 182 182 182 169 118 118 118 118 118 43 
43 43 43 239 239 239 239 153 153 153 153 9 9 9 9 9 9 182 182 182 182 182 111 111 118 157 157 43 43 
43 43 43 43 43 43 153 153 153 153 153 153 9 9 9 9 182 182 182 182 182 55 55 55 55 157 157 43 43 
43 43 43 43 43 172 153 153 153 153 153 153 9 9 9 9 182 182 182 182 55 55 55 55 55 55 157 43 43 
43 43 43 43 172 172 172 105 105 105 105 105 209 209 209 209 209 182 182 55 55 55 55 55 55 55 157 58 43 
7 7 7 7 172 172 172 99 105 105 105 209 209 209 209 209 209 15 15 15 55 55 55 55 55 55 58 58 58 
7 7 7 7 172 172 172 99 99 105 105 209 209 209 209 209 15 15 15 15 55 55 55 55 55 55 58 58 58 
7 7 7 7 172 172 172 99 99 99 33 33 209 209 209 33 15 15 15 15 15 55 55 55 55 58 58 58 7 
7 7 7 7 7 172 172 99 99 99 33 33 33 33 33 33 15 15 15 15 170 29 29 29 29 29 58 7 7 
7 7 7 7 7 7 172 99 99 33 33 33 33 33 33 33 15 15 15 170 170 29 29 29 29 29 28 7 7 
7 7 7 7 7 7 123 123 123 123 33 33 33 33 33 33 15 15 170 170 170 29 29 29 29 28 28 28 7 
7 7 7 7 7 7 123 123 123 187 187 33 33 33 33 33 15 170 170 170 170 29 67 67 67 67 28 28 7 
7 7 7 7 7 74 133 241 187 187 187 187 33 33 33 168 15 170 170 170 170 67 67 67 67 67 67 67 7 
139 139 242 242 242 133 133 241 241 241 241 154 154 168 168 168 168 100 100 170 67 67 67 67 67 67 67 67 139 
139 139 242 242 242 133 241 241 241 241 241 154 154 168 168 168 168 100 100 100 100 67 67 67 67 67 67 139 139 
139 139 242 242 242 133 241 241 241 131 131 131 154 168 168 168 168 100 100 100 100 100 67 67 67 67 139 139 139 
139 139 242 242 242 241 241 198 241 131 131 131 154 154 168 168 168 100 100 100 100 100 100 67 67 67 139 139 139 
148 148 242 242 242 241 241 241 241 131 131 57 154 154 168 168 168 100 100 100 100 100 100 100 30 30 148 148 148 
148 148 148 148 190 190 190 241 241 57 57 101 101 101 101 168 168 168 100 100 100 100 100 100 129 129 129 129 148 
148 148 148 148 190 190 190 190 190 57 57 101 101 101 101 168 168 168 100 100 100 100 100 142 129 129 129 129 148 
148 148 148 148 190 190 190 190 190 57 57 101 101 101 101 229 168 73 73 73 73 73 142 142 142 129 129 129 129 
129 148 148 148 190 190 190 190 190 57 57 101 101 101 229 229 229 229 73 73 73 73 142 142 142 142 129 129 129 
129 148 148 148 190 190 190 190 117 117 57 101 101 243 229 229 229 229 149 149 149 149 142 142 142 142 129 129 129 
129 119 119 119 119 119 119 117 117 117 57 243 243 243 229 229 229 229 149 149 149 149 142 142 142 142 142 129 129 
129 119 119 119 119 119 119 119 117 97 97 243 243 243 229 229 229 229 149 149 149 149 142 142 142 142 142 142 142 
119 119 119 119 119 119 119 119 97 97 97 97 230 230 229 229 229 229 149 149 169 169 169 142 142 142 142 142 142 
119 119 119 119 119 119 119 97 97 97 97 97 230 230 230 230 229 229 149 169 169 169 169 169 142 142 142 142 142 
239 239 239 239 239 239 239 97 97 97 97 97 230 230 230 230 230 182 182 169 169 169 169 169 169 142 142 142 142 
102 239 239 239 239 239 239 97 97 97 97 97 230 230 230 230 182 182 182 182 182 169 169 169 169 118 118 118 102 
35 239 239 239 239 239 239 239 97 97 153 9 9 9 9 9 182 182 182 182 182 182 169 169 118 118 118 118 102 
35 35 239 239 239 239 239 153 153 153 153 153 9 9 9 9 182 182 182 182 182 182 55 55 55 55 157 35 35 
35 35 35 239 239 239 153 153 153 153 153 153 9 9 9 9 182 182 182 182 182 55 55 55 55 55 55 35 35 
35 35 35 35 35 239 105 105 105 105 105 105 105 209 209 209 182 182 182 182 55 55 55 55 55 55 55 55 35 
35 35 35 35 172 172 105 105 105 105 105 105 209 209 209 209 209 15 182 55 55 55 55 55 55 55 55 55 35 
35 35 35 35 172 172 11 105 105 105 105 105 209 209 209 209 209 15 15 55 55 55 55 55 55 55 55 55 58 
7 7 7 7 172 11 11 11 105 105 105 33 209 209 209 33 15 15 15 15 55 55 55 55 55 55 55 58 58 
7 7 7 7 172 11 11 11 11 11 33 33 33 33 33 33 15 15 15 15 15 55 55 55 55 55 58 58 7 
7 7 7 7 7 172 11 11 11 11 33 33 33 33 33 33 15 15 15 15 15 29 29 29 29 29 28 7 7 
7 7 7 7 7 7 11 11 11 11 33 33 33 33 33 33 15 15 15 15 29 29 29 29 29 28 28 28 7 
7 7 7 7 74 74 11 11 11 187 33 33 33 33 33 33 15 15 15 170 29 29 29 29 29 28 28 28 28 
7 7 7 7 74 74 74 10 187 187 187 33 33 33 33 33 15 15 170 170 29 29 29 67 67 28 28 28 28 
7 74 74 74 74 74 133 133 187 187 187 187 33 33 33 168 168 15 170 170 67 67 67 67 67 67 67 67 67 
139 74 74 74 133 133 133 133 187 187 187 187 168 168 168 168 168 168 100 100 67 67 67 67 67 67 67 67 139 
139 139 139 242 133 133 133 241 241 241 241 168 168 168 168 168 168 168 100 100 100 67 67 67 67 67 67 139 139 
139 139 139 242 133 133 133 241 241 131 131 131 168 168 168 168 168 168 100 100 100 100 67 67 67 67 67 139 139 
139 139 139 242 133 133 241 241 241 131 131 131 168 168 168 168 168 168 100 100 100 100 100 67 67 67 139 139 139 
139 139 139 242 133 133 241 241 241 131 131 101 101 101 168 168 168 168 100 100 100 100 100 100 100 67 139 139 139 
139 148 148 133 133 133 133 241 241 241 57 101 101 101 101 168 168 168 168 168 100 100 100 14 14 129 129 129 139 
148 148 148 148 190 190 190 190 241 241 57 101 101 101 101 168 168 168 73 73 73 73 73 142 142 129 129 129 129 
129 148 148 148 190 190 190 190 190 57 57 101 101 101 101 229 229 73 73 73 73 73 73 142 142 129 129 129 129 
129 148 148 148 190 190 190 190 190 57 57 101 101 229 229 229 229 229 73 73 73 73 142 142 142 142 129 129 129 
129 129 148 119 119 119 190 190 117 97 57 243 243 243 229 229 229 229 149 149 149 149 142 142 142 142 142 129 129 
129 119 119 119 119 119 119 119 97 97 243 243 243 243 229 229 229 229 149 149 149 149 142 142 142 142 142 142 129 
119 119 119 119 119 119 119 119 97 97 97 243 243 243 243 229 229 229 149 149 149 211 211 142 142 142 142 142 142 
119 119 119 119 119 119 119 119 97 97 97 230 230 230 229 229 229 229 149 149 149 169 169 142 142 142 142 142 142 
119 119 119 119 119 119 119 97 97 97 97 230 230 230 230 230 229 229 149 169 169 169 169 169 142 142 142 142 142 
102 239 239 239 239 239 239 97 97 97 97 230 230 230 230 230 230 182 182 169 169 169 169 169 169 142 142 142 102 
102 239 239 239 239 239 239 97 97 97 97 230 230 230 230 230 230 182 182 182 169 169 169 169 169 169 142 102 102 
102 239 239 239 239 239 239 239 97 97 97 230 230 230 230 230 230 182 182 182 182 169 169 169 169 169 118 102 102 
35 35 239 239 239 239 239 105 105 105 105 230 230 230 230 230 182 182 182 182 182 182 55 55 55 55 55 35 35 
35 35 35 239 239 239 239 105 105 105 105 105 105 230 230 87 182 182 182 182 182 55 55 55 55 55 55 35 35 
35 35 35 35 35 239 105 105 105 105 105 105 105 209 209 209 87 182 182 158 158 55 55 55 55 55 55 55 35 
35 35 35 35 35 11 11 105 105 105 105 105 209 209 209 209 209 15 158 158 158 55 55 55 55 55 55 55 35 
35 35 35 35 11 11 11 105 105 105 105 105 209 209 209 209 209 15 158 158 55 55 55 55 55 55 55 55 55 
7 7 7 7 11 11 11 11 105 105 105 33 33 33 33 33 33 15 15 158 55 55 55 55 55 55 55 55 58 
7 7 7 7 11 11 11 11 11 11 33 33 33 33 33 33 33 15 15 15 55 55 55 55 55 55 28 28 7 
7 7 7 7 11 11 11 11 11 11 33 33 33 33 33 33 33 15 15 15 15 29 29 29 29 28 28 28 28 
7 7 7 74 10 11 11 11 11 11 33 33 33 33 33 33 33 15 15 15 29 29 29 29 29 28 28 28 28 
74 74 74 74 74 74 11 11 11 187 187 33 33 33 33 33 33 15 15 29 29 29 29 29 29 28 28 28 28 
74 74 74 74 74 74 74 10 187 187 187 187 33 33 33 33 33 15 170 67 67 29 29 67 67 28 28 28 28 
74 74 74 74 74 74 74 187 187 187 187 187 33 33 33 168 168 168 67 67 67 67 67 67 67 67 67 67 67 
139 74 74 74 74 133 133 133 187 187 187 187 168 168 168 168 168 168 100 67 67 67 67 67 67 67 67 67 139 
139 139 139 74 133 133 133 133 241 241 187 168 168 168 168 168 168 168 100 100 100 67 67 67 67 67 67 139 139 
139 139 139 139 133 133 133 133 241 241 241 168 168 168 168 168 168 168 100 100 100 100 67 67 67 67 67 139 139 
139 139 139 139 133 133 133 241 241 241 241 101 168 168 168 168 168 168 100 100 100 100 67 67 67 67 139 139 139 
139 139 139 133 133 133 133 241 241 241 241 101 101 101 168 168 168 168 168 100 100 100 100 67 14 14 139 139 139 
139 139 139 133 133 133 133 133 133 133 101 101 101 101 101 168 168 168 168 73 73 73 73 14 14 14 129 129 139 
129 148 148 148 133 133 133 133 133 120 101 101 101 101 101 168 168 73 73 73 73 73 73 142 129 129 129 129 129 
129 148 148 148 133 133 190 190 120 120 101 101 101 101 229 229 229 73 73 73 73 73 73 142 142 129 129 129 129 
129 129 148 148 133 133 190 190 120 120 229 229 229 243 229 229 229 73 73 73 73 73 73 142 142 142 129 129 129 
129 129 119 122 119 119 190 190 120 229 229 229 229 243 229 229 229 229 73 73 73 73 142 142 142 142 142 129 129 
129 119 119 119 119 119 119 119 97 97 155 229 229 229 243 229 229 229 149 149 149 211 211 142 142 142 142 142 129 
129 119 119 119 119 119 119 119 97 97 155 155 229 229 229 229 229 229 149 149 211 211 211 142 142 142 142 142 142 
119 119 119 119 119 119 119 119 97 97 155 230 230 230 229 229 229 229 149 149 211 211 211 211 142 142 142 142 142 
102 119 119 119 119 119 119 97 97 97 97 230 230 230 230 230 229 229 149 169 169 169 169 169 142 142 142 142 142 
102 102 239 239 239 239 239 97 97 97 97 230 230 230 230 230 230 230 169 169 169 169 169 169 169 142 142 102 102 
102 102 239 239 239 239 239 97 97 97 97 230 230 230 230 230 230 182 182 169 169 169 169 169 169 169 102 102 102 
102 102 239 239 239 239 239 239 97 97 97 230 230 230 230 230 230 182 182 169 169 169 169 169 55 55 102 102 102 
102 102 239 239 239 239 239 105 105 105 105 230 230 230 230 230 230 182 182 182 169 158 55 55 55 55 55 102 102 
35 35 35 239 239 239 239 105 105 105 105 105 230 230 230 87 87 87 182 158 158 158 55 55 55 55 55 35 35 
35 35 35 35 35 239 105 105 105 105 105 105 105 105 230 87 87 87 158 158 158 158 55 55 55 55 55 55 35 
35 35 35 35 35 11 11 105 105 105 105 105 105 33 33 87 87 87 158 158 158 158 55 55 55 55 55 55 35 
35 35 35 35 11 11 11 105 105 105 105 105 33 33 33 33 33 158 158 158 158 158 55 55 55 55 55 55 55 
35 35 35 125 11 11 11 11 11 105 105 33 33 33 33 33 33 33 158 158 158 158 55 55 55 55 55 55 55 
7 7 7 125 11 11 11 11 11 11 33 33 33 33 33 33 33 33 15 26 158 158 55 55 55 55 28 28 28 
7 7 74 74 10 11 11 11 11 11 33 33 33 33 33 33 33 33 15 26 26 29 29 29 29 29 28 28 28 
74 74 74 74 10 10 10 11 11 11 33 33 33 33 33 33 33 33 15 26 29 29 29 29 29 28 28 28 28 
74 74 74 74 10 10 10 10 187 187 187 33 33 33 33 33 33 33 26 29 29 29 29 29 29 28 28 28 28 
74 74 74 74 74 10 10 10 187 187 187 187 33 33 33 33 33 33 67 67 67 67 67 67 67 28 28 28 28 
74 74 74 74 74 74 10 187 187 187 187 187 187 33 168 168 168 168 67 67 67 67 67 67 67 67 67 67 67 
74 74 74 74 74 74 133 187 187 187 187 187 187 168 168 168 168 168 168 67 67 67 67 67 67 67 67 67 139 
139 139 74 74 74 133 133 133 187 187 187 187 168 168 168 168 168 168 168 100 67 67 67 67 67 67 67 139 139 
139 139 139 139 133 133 133 133 241 187 187 168 168 168 168 168 168 168 168 100 100 67 67 67 67 67 14 139 139 
139 139 139 139 133 133 133 133 241 241 235 168 168 168 168 168 168 168 168 168 100 100 67 67 14 14 14 139 139 
139 139 139 133 133 133 133 133 241 241 235 101 101 168 168 168 168 168 168 168 100 100 183 14 14 14 14 139 139 
139 139 139 133 133 133 133 133 235 120 38 101 101 101 101 168 168 168 19 19 19 19 14 14 14 14 14 129 139 
129 139 139 133 133 133 133 133 120 120 38 101 101 101 101 168 168 73 73 73 73 73 73 14 14 129 129 129 129 
129 129 148 148 133 133 133 120 120 120 38 38 229 229 229 229 229 73 73 73 73 73 73 17 17 129 129 129 129 
129 129 122 122 122 122 122 120 120 120 38 229 229 229 229 229 229 73 73 73 73 73 73 142 142 129 129 129 129 
129 129 122 122 122 122 122 122 120 155 155 229 229 229 229 229 229 229 73 73 73 73 73 142 142 142 129 129 129 
129 122 122 122 122 122 122 122 71 155 155 155 229 229 229 229 229 229 73 73 73 211 211 142 142 142 142 142 129 
129 119 119 119 119 119 119 71 71 155 155 155 229 229 229 229 229 229 229 211 211 211 211 211 142 142 142 142 142 
119 119 119 119 119 119 119 71 71 155 155 230 230 230 229 229 229 229 229 211 211 211 211 211 142 142 142 142 142 
102 119 119 119 119 119 119 71 71 71 71 230 230 230 230 230 229 229 229 211 211 211 211 211 211 142 142 142 102 
102 102 102 239 239 239 71 71 71 71 71 230 230 230 230 230 230 230 169 169 169 169 169 169 169 142 142 102 102 
102 102 102 239 239 239 239 71 71 71 230 230 230 230 230 230 230 230 169 169 169 169 169 169 169 169 102 102 102 
102 102 102 239 239 239 239 71 71 71 230 230 230 230 230 230 230 87 182 169 169 169 169 169 55 55 102 102 102 
102 102 102 239 239 239 239 239 105 105 105 230 230 230 230 230 87 87 87 158 158 158 158 55 55 55 184 184 102 
102 102 102 239 239 239 239 105 105 105 105 105 230 230 87 87 87 87 87 158 158 158 158 55 55 55 184 184 102 
35 35 35 35 239 239 105 105 105 105 105 105 105 87 87 87 87 87 158 158 158 158 158 55 55 55 55 184 35 
35 35 35 35 239 11 11 105 105 105 105 105 105 33 87 87 87 87 158 158 158 158 158 55 55 55 55 55 35 
35 35 35 125 11 11 11 11 105 105 105 105 8 33 33 33 87 150 150 158 158 158 158 55 55 55 55 55 55 
35 125 125 125 11 11 11 11 11 105 105 8 33 33 33 33 33 150 150 158 158 158 158 55 55 55 55 55 135 
42 125 125 125 125 11 11 11 11 11 33 33 33 33 33 33 33 181 26 26 158 158 158 55 55 55 135 135 135 
42 125 125 10 10 10 11 11 11 11 33 33 33 33 33 33 33 181 26 26 26 158 29 29 29 29 135 135 135 
42 74 74 10 10 10 10 11 11 11 33 33 33 33 33 33 33 181 26 26 26 29 29 29 29 29 135 135 135 
42 74 74 74 10 10 10 10 187 187 187 33 33 33 33 33 33 181 26 26 26 29 29 29 29 28 28 135 135 
74 74 74 74 74 10 10 10 187 187 187 187 33 33 33 33 33 181 26 26 67 67 67 67 67 67 28 135 135 
74 74 74 74 74 74 10 187 187 187 187 187 187 33 168 34 34 34 26 67 67 67 67 67 67 67 67 135 135 
74 74 74 74 74 74 74 187 187 187 187 187 187 168 168 168 34 34 19 19 67 67 67 67 67 67 67 67 135 
139 74 74 74 74 74 133 133 187 187 187 187 168 168 168 168 168 168 19 19 19 67 67 67 67 14 14 14 139 
139 139 139 74 133 133 133 133 235 235 235 235 168 168 168 168 168 168 168 19 19 67 67 14 14 14 14 14 139 
139 139 139 139 133 133 133 133 235 235 235 235 168 168 168 168 168 168 168 19 19 183 183 14 14 14 14 14 139 
139 139 139 133 133 133 133 133 235 235 235 235 101 168 168 168 168 168 168 19 19 183 183 14 14 14 14 14 139 
139 139 139 133 133 133 133 235 235 120 38 38 38 38 101 168 168 19 19 19 19 19 14 14 14 14 14 14 14 
129 139 139 122 133 133 133 120 120 120 38 38 38 229 229 229 229 73 73 73 73 73 17 14 14 14 14 129 129 
129 129 122 122 122 122 120 120 120 120 38 38 38 229 229 229 229 73 73 73 73 73 17 17 17 17 129 129 129 
129 122 122 122 122 122 122 120 120 120 38 38 229 229 229 229 229 229 73 73 73 73 17 17 17 17 129 129 129 
129 122 122 122 122 122 122 122 120 155 155 155 229 229 229 229 229 229 73 73 73 73 17 17 17 223 129 129 129 
122 122 122 122 122 122 122 122 71 155 155 155 229 229 229 229 243 229 229 73 73 211 211 211 223 223 223 223 129 
122 122 122 122 122 122 122 71 71 155 155 155 155 229 229 229 229 243 229 211 211 211 211 211 223 223 223 142 142 
122 122 122 122 122 122 122 71 71 155 155 155 155 230 229 229 229 243 229 211 211 211 211 211 211 223 142 142 102 
102 102 122 122 122 122 71 71 71 71 71 155 230 230 230 230 229 229 211 211 211 211 211 211 211 211 142 102 102 
102 102 102 102 239 71 71 71 71 71 71 230 230 230 230 230 230 230 211 211 211 211 211 211 211 211 102 102 102 
102 102 102 102 102 239 71 71 71 71 71 230 230 230 230 230 230 230 69 69 69 69 69 69 69 69 102 102 102 
102 102 102 102 102 239 239 71 71 71 71 230 230 230 230 87 87 87 87 69 69 69 69 69 69 184 184 184 102 
102 102 102 102 102 239 239 71 71 71 71 230 230 230 87 87 87 87 87 69 69 69 69 69 55 184 184 184 184 
102 102 102 102 239 239 239 105 105 105 105 230 230 87 87 87 87 87 87 158 158 158 158 158 55 184 184 184 184 
102 102 102 102 239 239 6 105 105 105 105 8 8 87 87 87 87 87 87 158 158 158 158 158 55 55 184 184 184 
102 102 102 125 239 11 6 6 105 8 8 8 8 8 87 87 87 87 87 158 158 158 158 158 55 55 184 184 184 
102 125 125 125 125 11 6 6 6 8 8 8 8 8 8 87 87 150 150 150 158 158 158 158 55 55 55 184 184 
42 125 125 125 125 11 11 11 11 8 8 8 8 8 33 33 181 150 150 150 158 158 158 158 55 55 135 135 135 
42 125 125 125 125 11 11 11 11 11 8 8 8 33 33 33 181 181 26 26 26 26 26 26 55 135 135 135 135 
42 125 125 125 125 10 11 11 11 11 8 8 33 33 33 33 181 181 26 26 26 26 26 29 29 135 135 135 135 
42 42 42 125 10 10 10 11 11 11 11 33 33 33 33 33 181 181 26 26 26 26 26 29 29 135 135 135 135 
42 42 74 74 10 10 10 10 187 187 187 187 33 33 33 33 181 181 26 26 26 26 29 29 29 135 135 135 135 
42 74 74 74 74 10 10 187 187 187 187 187 187 33 33 34 34 181 26 26 26 67 67 67 67 67 135 135 135 
74 74 74 74 74 74 10 187 187 187 187 187 187 34 34 34 34 34 26 26 67 67 67 67 67 67 135 135 135 
161 74 74 74 74 74 74 187 187 187 187 187 187 34 34 34 34 34 19 19 19 67 67 67 67 67 14 135 135 
161 161 74 74 74 74 74 235 235 235 235 235 34 34 34 34 34 34 19 19 19 183 67 14 14 14 14 14 14 
161 161 161 74 74 133 133 235 235 235 235 235 235 34 34 34 34 19 19 19 19 183 183 14 14 14 14 14 14 
161 161 161 74 133 133 133 235 235 235 235 235 235 168 168 168 168 19 19 19 19 183 183 14 14 14 14 14 14 
139 161 139 133 133 133 133 235 235 235 235 235 235 168 168 168 168 19 19 19 19 183 183 14 14 14 14 14 14 
attribute "dep" string "positions"
#
# A field is created with three components: "positions", "connections",
# and "data"
object "regular positions regular connections" class field
component  "positions"    value 1
component  "connections"  value 2
component  "data"         value 3
#
end
