0 0 0 0 0
1 3.02395 1.92845 -0.63603 1
2 0.666576 0.287268 0.905945 1
3 0.0041499 -0.442799 -1.11064 1
4 0.06457 -0.161984 1.76625 1
5 -2.58072 -0.697456 -3.61905 1
6 -0.875852 -1.60235 1.0125 1
7 -0.148166 -0.900902 0.939284 1
8 1.26458 0.0356234 -0.775859 1
9 -6.52539 7.31712 -29.8064 1
10 2.30031 0.837211 0.651576 1
11 -0.319789 -1.5027 1.95257 1
12 -0.0456485 -0.920749 -0.849823 1
13 1.07913 -1.32834 -0.532692 1
14 0.0340072 -4.21547 -1.99655 1
15 0.69302 -1.38036 0.509278 1
16 -0.104389 -0.438091 -1.46977 1
17 0.827482 1.75545 -1.17055 1
18 0.0321825 -0.12999 0.699595 1
19 0.766953 0.417061 1.12019 1
20 0.224874 0.994596 -0.0694292 1
21 0.234368 0.0468692 0.35016 1
22 -0.509769 -0.737291 1.33924 1
23 -1.13502 -19.6969 17.2094 1
24 -0.545107 0.94304 0.845258 1
25 1.35688 -0.0678607 2.0149 1
26 -0.0516638 -2.78761 1.67711 1
27 0.790426 0.272901 1.91609e-05 1
28 1.06538 0.512046 -0.223787 1
29 0.048727 0.599634 -0.533103 1
30 -0.0587787 -0.465349 0.540127 1
31 -0.0654091 0.786155 1.06555 1
32 0.624192 -0.141498 0.0491708 1
33 1.99194 0.143584 -0.518862 1
34 0.227621 -0.346867 -0.284238 1
35 -2.85135 -0.520443 0.586795 1
36 -2.13958 0.133274 1.37688 1
37 0.292107 0.309119 -0.0157938 1
38 1.64717 0.0600842 7.07078 1
39 0.37179 0.0711968 0.356911 1
40 1.82794 0.394903 -1.31468 1
41 3.29519 1.02064 -4.56954 1
42 0.726412 -0.17338 -1.3674 1
43 -0.487051 -0.854893 0.301082 1
44 -0.360994 -0.0471629 -0.385171 1
45 -0.843503 -0.771735 -0.35517 1
46 0.947965 0.326732 0.542152 1
47 0.857254 0.151403 0.498602 1
48 -3.35164 3.92749 0.573038 1
49 -0.623775 -0.156173 0.854843 1
50 -5.86569 -2.62024 1.17158 1
51 1.47153 3.04201 0.514538 1
52 -1.3091 2.79144 2.41671 1
53 -0.924873 0.682203 2.20379 1
54 5.67582 -6.04097 -0.732203 1
55 0.654337 -0.706022 -0.850576 1
56 -0.437502 -0.561799 0.568161 1
57 -1.61799 5.7053 -1.09315 1
58 0.14944 -3.41957 -2.61714 1
59 -0.388019 -0.301275 -0.354691 1
60 -3.5441 -3.17718 -0.873599 1
61 -12.4024 -1.18372 -17.9061 1
62 0.113716 -0.599035 0.00887784 1
63 11.234 -11.2038 3.92194 1
64 -0.564044 0.263367 -1.06471 1
65 -2.70926 -8.02348 -7.27644 1
66 7.83764 -1.98573 -1.4548 1
67 0.265933 -0.213995 0.503396 1
68 0.547994 0.239158 2.14529 1
69 -0.910632 0.953381 -0.0140668 1
70 0.38809 1.22248 2.1646 1
71 -0.660982 -2.10925 -0.823262 1
72 0.819401 1.96692 -0.0889838 1
73 -2.32617 -2.51017 1.29171 1
74 -0.335942 0.168845 -0.427926 1
75 0.751388 -0.0486056 0.48678 1
76 -0.2811 0.15555 -0.025453 1
77 -0.707792 0.563699 -2.11211 1
78 0.340042 -0.231794 -0.833326 1
79 -0.622756 0.640802 -1.06688 1
80 0.311194 -0.305599 -0.518516 1
81 -0.742945 -1.10456 -0.151353 1
82 -0.743915 1.07761 2.99192 1
83 -4.73081 2.09687 1.49723 1
84 -0.154674 0.618039 1.29981 1
85 1.34676 -0.204577 -0.988356 1
86 -3.78709 9.32807 -8.10683 1
87 -2.32807 -6.98095 -12.4855 1
88 -0.626499 0.075051 -2.06334 1
89 6.04237 -6.35238 -1.19402 1
90 -0.827121 -0.0896929 0.911177 1
91 2.7104 -2.46677 5.96941 1
92 -0.940586 0.480102 -0.53911 1
93 1.5348 1.4194 1.18999 1
94 -0.131502 -0.0861101 1.30179 1
95 0.472957 4.76851 -1.35453 1
96 -0.245159 -1.61345 -0.955414 1
97 -0.626702 -0.570594 0.878599 1
98 1.98171 -0.191206 1.44012 1
99 0.366771 -0.373681 -3.55895 1
100 -3.78017 1.51053 0.232887 1
101 -0.0497178 0.685834 0.703512 1
102 2.45639 -1.57102 2.32231 1
103 -0.0119296 -0.107643 0.236271 1
104 0.924228 0.813743 0.587023 1
105 0.513661 -1.65749 5.47818 1
106 3.69004 -3.08477 5.87708 1
107 11.2219 4.18125 4.49256 1
108 -0.343186 -0.402394 0.609412 1
109 -0.524662 -0.909774 0.0153252 1
110 1.42598 3.78566 -3.20637 1
111 0.813537 -3.71658 -1.15416 1
112 0.0306305 -0.598679 -1.62374 1
113 -0.925378 -0.426558 1.76225 1
114 -0.175859 -1.02742 0.234222 1
115 0.783401 0.748933 0.203156 1
116 -1.21544 -0.707577 -0.0392974 1
117 6.60085 3.89579 -10.1196 1
118 -0.0138981 -8.42524 -3.97354 1
119 -1.14619 1.00689 1.21273 1
120 0.298525 -3.44902 0.118784 1
121 -1.86606 -1.23202 -0.360195 1
122 -0.0561761 -1.11988 1.06937 1
123 5.0626 -4.73172 -11.2505 1
124 -2.75174 0.594509 1.19103 1
125 0.233831 0.133414 0.918658 1
126 -0.154674 0.618039 1.29981 1
127 -0.708927 0.258985 -0.676043 1
128 1.55493 -0.314841 -0.62647 1
129 4.36782 5.03617 5.95706 1
130 -0.480623 0.372373 1.19257 1
131 -2.43444 0.0611317 3.0683 1
132 3.33379 -2.35835 0.345916 1
133 -18.167 -14.1761 -6.80342 1
134 -2.6824 1.27793 2.91342 1
135 -0.0460895 1.51347 -0.808734 1
136 -7.07244 2.8763 -0.290586 1
137 -1.55122 -0.927897 -0.0908679 1
138 -942.153 -581.042 227.928 1
139 1.39825 1.23718 5.10427 1
140 -0.984767 2.69121 -0.460216 1
141 -2.11394 1.1636 -0.366083 1
142 -1.02581 -1.09295 -0.992922 1
143 15.1419 -2.81189 -6.22559 1
144 -2.52091 3.60761 -1.46364 1
145 -1.35426 1.0218 0.0263825 1
146 -1.00178 -0.586168 -1.2558 1
147 -0.0127164 1.45811 0.132414 1
148 -8.12637 -1.68623 -3.31644 1
149 -2.83672 1.57861 2.78013 1
150 -0.580861 0.68167 -0.684924 1
151 19.2525 -34.9485 6.44459 1
152 -1.91944 1.1281 -0.174712 1
153 -0.504638 0.409625 -0.00646091 1
154 -0.691465 -3.70933 14.7761 1
155 -0.206939 -2.48784 1.0097 1
156 -0.107108 -0.573469 0.418252 1
157 -0.834508 0.702231 -1.10344 1
158 0.378046 0.317118 0.335211 1
159 -0.0163689 2.76425 0.82149 1
160 -0.142772 0.433157 0.0198351 1
161 -0.135259 0.381088 -0.0474405 1
162 3.44503 15.9749 -0.6677 1
163 0.66736 5.2769 -8.5087 1
164 -0.354347 -2.27911 -2.72878 1
165 -4.59877 -7.93806 7.27644 1
166 1.26594 -1.10917 3.90434 1
167 -5.54534 1.34676 -6.13871 1
168 0.936707 -1.48732 0.850162 1
169 -0.789302 0.819575 0.38676 1
170 0.100208 -0.319593 -0.828863 1
171 1.75225 -2.06865 -0.5587 1
172 -0.821167 -1.41741 -3.45055 1
173 -3.12904 0.837607 4.34104 1
174 0.535869 1.92251 -1.58688 1
175 -1.17232 -0.59577 0.0368357 1
176 -0.60008 0.759208 0.478554 1
177 3.37257 2.44997 -0.899922 1
178 -1.08725 0.355826 -0.315141 1
179 -0.151053 -0.824244 -0.60104 1
180 -2.46309 1.91037 -6.62233 1
181 -2.3331 -1.651 0.935532 1
182 0.0544806 -1.8614 -5.81708 1
183 1.25929 -0.76751 0.170405 1
184 0.801175 0.410936 0.10895 1
185 1.17627 0.184238 -1.02991 1
186 0.621095 0.745885 1.01957 1
187 -0.730387 -1.73902 4.29425 1
188 0.790662 0.254967 0.938162 1
189 0.474707 0.000805127 0.873434 1
190 0.395914 0.128542 0.0368999 1
191 0.874574 0.373864 0.0526641 1
192 2.45639 -1.57102 2.32231 1
193 0.160334 0.235193 0.715462 1
194 -0.13166 1.20241 -0.517564 1
195 -1.81336 -3.15653 0.478422 1
196 -0.0459594 -1.10743 0.276527 1
197 7.09964 2.83947 -1.51503 1
198 -0.012511 0.0709355 0.386272 1
199 0.419306 -1.14951 -0.453473 1
200 -1.0356 -1.61618 -0.433737 1
201 -0.720513 0.270566 -0.0230257 1
202 -0.601808 11.3761 34.8153 1
203 1.26458 0.0356234 -0.775859 1
204 -1.55858 0.263033 1.13541 1
205 -4.57689 4.57482 4.01485 1
206 0.471603 -0.148231 -0.575818 1
207 8.38316 9.53135 -4.30619 1
208 -1.41401 0.472367 1.10759 1
209 -0.0437091 0.240102 0.0686247 1
210 2.78858 0.582235 -0.417649 1
211 0.455292 -0.383738 0.0535055 1
212 -1.48979 7.53867 -0.608598 1
213 0.919544 0.251614 -0.718295 1
214 0.242587 0.956253 0.867383 1
215 0.410592 -0.04122 -1.94731 1
216 0.98679 1.86378 2.31075 1
217 -0.597296 2.26077 -2.82644 1
218 0.776162 1.29783 1.91989 1
219 -1.64937 -0.302092 -1.31886 1
220 2.03672 0.611632 -0.854497 1
221 -0.274647 0.134319 0.582487 1
222 0.815445 -0.647169 0.317732 1
223 -4.02557 -11.9226 -1.42207 1
224 4.56936 -3.87335 -9.39183 1
225 3.5425 -5.22869 -1.57164 1
226 0.69393 0.510499 0.276863 1
227 0.720698 1.0181 0.432561 1
228 0.80466 0.19129 -0.369692 1
229 0.354046 -0.502826 -0.861383 1
230 0.627228 0.0396057 0.447417 1
231 0.189731 -0.380264 0.178213 1
232 0.544115 0.316294 -0.982413 1
233 -1.27189 -1.0142 -0.384865 1
234 -1.07854 -2.55428 -3.0077 1
235 -2.60128 1.35491 0.88839 1
236 -1.45325 -0.50843 -0.549375 1
237 -0.760921 -2.8007 -0.920185 1
238 0.652647 -0.807604 -0.581575 1
239 -0.586166 -1.01938 -0.415737 1
240 -0.067098 0.0813611 0.260959 1
241 -4.40474 0.391776 0.477206 1
242 0.101783 0.167999 0.116804 1
243 2.15915 0.669312 -2.16619 1
244 -1.36905 0.860416 1.00099 1
245 0.239838 0.857673 -1.49243 1
246 -5.72338 2.43884 1.46584 1
247 0.38351 0.0760303 -1.01845 1
248 -2.85135 -0.520443 0.586795 1
249 -0.561987 -0.756671 0.154124 1
