0 0 0 0 0
1 -1.32698 -0.0483426 2.77625 1
2 0.415319 -0.00757654 -0.565615 1
3 1.56274 -0.275611 -1.47996 1
4 1.15343 -0.474785 1.73341 1
5 -0.272281 0.839874 0.2241 1
6 -1.68861 1.4522 -0.842704 1
7 -0.592343 0.728444 -0.181694 1
8 -1.03487 0.0250052 -0.107015 1
9 2.74845 6.74059 0.968475 1
10 -2.54131 -3.83585 -6.22114 1
11 -0.766789 -1.5437 -2.2133 1
12 -0.0492155 -0.317138 -0.746716 1
13 -1.15153 1.0915 -0.594408 1
14 -1.04135 -1.16457 2.15805 1
15 0.882196 -1.72821 0.0668533 1
16 -0.548987 0.299868 -1.14665 1
17 0.518003 -0.0568389 3.54245 1
18 -2.27504 0.671656 -2.88881 1
19 -0.227628 0.31114 0.323398 1
20 1.74729 -0.299847 -0.730925 1
21 0.589931 2.0048 0.0980833 1
22 -13.4774 -7.3667 -1.20076 1
23 -0.614887 -0.184273 -0.145284 1
24 0.715701 0.166695 0.337725 1
25 -0.287949 0.0980888 0.741194 1
26 -1.11 -0.913019 -1.42397 1
27 -2.25471 -1.33053 11.057 1
28 -4.972 10.5866 -13.4289 1
29 0.0924956 0.0165323 -0.229744 1
30 1.61181 -2.22672 4.41771 1
31 0.695368 0.013611 0.443052 1
32 -6.05246 -2.91074 -28.3136 1
33 10.2848 -1.04154 13.7578 1
34 1.06544 1.04989 0.161257 1
35 0.202822 -1.2112 0.435416 1
36 -0.0277274 9.19061e-05 0.283434 1
37 1.2454 -11.2735 -15.3676 1
38 11.7993 9.26271 -1.43208 1
39 -0.162342 -0.244372 -0.0986469 1
40 -1.498 -1.11922 0.144963 1
41 0.0579956 -0.667425 0.137507 1
42 -5.99213 2.60975 3.33354 1
43 2.18988 -1.72969 0.27954 1
44 1.17978 -0.641698 1.61735 1
45 -4.81945 -0.217926 -10.6129 1
46 4.96043 3.42827 -1.62635 1
47 -1.03458 -0.967802 1.15266 1
48 0.503153 0.731787 1.90528 1
49 0.648873 0.692556 -0.0364593 1
50 -0.49895 -0.345609 -1.16701 1
51 0.0579956 -0.667425 0.137507 1
52 2.17847 2.45167 -0.225092 1
53 -0.959327 -2.6365 -1.3841 1
54 -0.978636 -3.0913 3.57052 1
55 -0.10126 -0.546822 1.00205 1
56 0.55239 0.404096 0.0594979 1
57 -0.13457 -0.102259 0.146427 1
58 2.64649 1.03163 1.02888 1
59 0.684922 0.646798 0.331116 1
60 -1.27412 -2.24049 -0.833866 1
61 -29.4825 -9.40343 -19.4249 1
62 0.285758 0.698743 0.5668 1
63 0.58753 -1.58613 2.93119 1
64 0.404799 -0.43225 0.15241 1
65 3.43862 -10.5409 5.18182 1
66 23.7787 -16.4753 15.6865 1
67 -0.612927 -2.20301 -0.882259 1
68 0.270045 -0.164588 0.186936 1
69 0.391221 -0.464226 0.593111 1
70 -4.01642 2.60586 4.22005 1
71 -1.31093 -5.11866 2.60417 1
72 0.131993 -0.739476 -2.36124 1
73 -0.962282 3.21383 4.71175 1
74 -0.723551 -0.188297 -2.22146 1
75 -0.999613 -0.4323 2.29985 1
76 -11.1925 -6.49178 -10.4806 1
77 -0.52233 0.378164 -0.604443 1
78 -2.53265 -2.51408 2.24343 1
79 4.54933 -1.90704 -1.75546 1
80 0.972534 -0.229217 1.79832 1
81 -0.265875 -0.0425999 -0.401013 1
82 3.16739 0.204457 -3.00441 1
83 -0.0421017 0.546265 0.376704 1
84 0.73398 0.453593 -0.353985 1
85 -0.29167 -5.30557 -1.17608 1
86 -0.105535 -0.41544 -0.362106 1
87 10.0018 10.5519 8.85496 1
88 -0.334385 0.114591 0.0274797 1
89 -3.01085 -0.256738 0.697606 1
90 -0.829095 0.9415 -0.442214 1
91 -0.445305 0.310561 0.896261 1
92 -0.215053 0.148372 -0.256845 1
93 -10.4656 13.9744 -13.5744 1
94 -0.1355 0.14137 0.552369 1
95 0.260776 -1.52145 0.476036 1
96 -0.13168 -4.40896 1.43938 1
97 -1.29219 -1.74159 0.0698204 1
98 -0.000194194 -0.466414 0.35339 1
99 -9.99448 28.568 11.0051 1
100 -1.15153 1.0915 -0.594408 1
101 0.265832 3.69687 -3.58072 1
102 -0.143721 -0.537448 0.675017 1
103 1.40051 -1.3096 -0.250897 1
104 0.374352 0.77287 3.28366 1
105 0.249623 0.30686 0.300106 1
106 -2.45891 -3.70357 0.145698 1
107 11.8186 -6.00883 -15.1177 1
108 8.45845 28.4075 -12.2946 1
109 0.529291 0.0864291 3.19301 1
110 6.93054 13.5656 -4.4974 1
111 6.68661 -3.73452 2.21018 1
112 -2.07525 -0.161058 -0.651575 1
113 0.884025 -0.027235 -0.775917 1
114 2.94048 0.886012 -4.69365 1
115 -0.323125 -0.308044 -0.871013 1
116 10.3624 9.44185 18.1687 1
117 -3.86398 0.377192 1.71394 1
118 0.126025 -0.211605 0.224382 1
119 0.0614591 0.294943 0.634536 1
120 -0.684448 1.502 1.99846 1
121 1.7325 -0.604804 3.08922 1
122 0.483431 0.708416 -0.0478101 1
123 -1.3294 -0.377434 1.28565 1
124 -26.6489 11.7944 -11.8842 1
125 -0.286393 2.56196 2.02643 1
126 -0.619723 0.560577 0.11657 1
127 -2.17861 -1.73808 -6.04748 1
128 -2.64338 -1.69669 1.32236 1
129 -0.307709 -1.85087 -0.607438 1
130 2.25365 -3.20906 2.38435 1
131 0.619413 -0.278668 -1.95503 1
132 -0.507511 -0.507227 -0.30146 1
133 0.120099 -0.772851 0.625381 1
134 -1.5553 -2.76725 -2.63821 1
135 1.04967 -0.446478 0.659379 1
136 -6.006 3.9546 -2.58287 1
137 -2.13883 -0.827851 -5.54068 1
138 0.137048 0.132938 0.289148 1
139 2.59378 2.55258 2.94394 1
140 -0.898446 0.0793485 0.607962 1
141 2.99163 -0.995919 0.139115 1
142 -0.278765 0.666953 -0.140772 1
143 -0.701817 0.265428 -0.63154 1
144 0.0681927 0.365529 0.394248 1
145 3.05777 0.671757 -0.0127348 1
146 0.633935 -0.567442 0.0916246 1
147 -0.169189 0.862234 0.737425 1
148 0.960733 2.78853 -1.06837 1
149 3.31856 2.04485 2.75348 1
150 0.407274 -0.211667 -0.384169 1
151 1.7096 -1.66621 3.03451 1
152 1.33147 0.3613 -0.0426443 1
153 -1.16501 -0.0937075 2.24587 1
154 1.70482 1.50405 1.69852 1
155 -0.63723 0.925816 0.359864 1
156 -1.65834 0.170978 -1.27564 1
157 1.96659 0.133933 -0.721065 1
158 -0.673556 -0.56513 -2.43036 1
159 -1.56163 -1.65194 1.00751 1
160 -0.161201 -1.35662 0.026627 1
161 0.430586 -0.841196 -0.440217 1
162 1.34484 -1.82605 0.0940707 1
163 1.27994 -1.09612 0.507127 1
164 -5.02128 0.516006 -2.04103 1
165 -4.87844 -13.7756 -35.2161 1
166 0.912364 7.57484 0.41268 1
167 1.47236 -0.0655285 1.15769 1
168 0.279136 -11.3522 -5.49188 1
169 -3.29603 2.07322 3.30543 1
170 -0.492393 2.92338 -2.52052 1
171 3.49919 1.49216 -1.0578 1
172 11.1897 -4.30281 -4.42286 1
173 0.122864 0.213345 0.621079 1
174 0.648002 0.719178 0.95327 1
175 0.565844 2.59423 -0.209464 1
176 10.11 4.0764 11.4467 1
177 10.11 4.0764 11.4467 1
178 -0.232571 -1.18413 0.367564 1
179 -0.781852 3.06866 4.25362 1
180 -0.137047 0.470889 0.27257 1
181 -0.0624727 -0.0273075 0.265234 1
182 -0.108353 -0.0853811 -0.0126699 1
183 2.47915 -6.11724 -1.2404 1
184 -1.65556 1.62526 -0.559328 1
185 0.134337 0.913349 -0.285078 1
186 8.84065 0.3241 -0.60688 1
187 -4.99784 -0.101093 -6.22183 1
188 -0.784044 -0.0844539 1.12607 1
189 -0.922327 0.475081 -2.35838 1
190 0.99575 -0.978379 0.584712 1
191 -66.568 7.12881 16.2103 1
192 -0.766807 0.900236 0.623931 1
193 0.505767 0.478298 -1.21283 1
194 3.16739 0.204457 -3.00441 1
195 35.0953 33.7048 15.0011 1
196 0.441218 -2.29986 2.64955 1
197 -1.00186 -0.0942971 0.146654 1
198 -0.514554 0.630579 0.475909 1
199 -68.862 -217.247 -7.41363 1
200 9.9224 -15.6486 -2.14062 1
201 4.54225 -2.37587 7.84499 1
202 1.18938 1.16928 0.189678 1
203 -1.11702 -0.485754 -1.03076 1
204 2.36743 -3.16599 3.14228 1
205 -1.27333 -1.07754 0.0735315 1
206 -0.0875843 -0.9192 1.05324 1
207 0.716426 -0.196579 -2.29401 1
208 -1.01233 -0.417618 -0.297478 1
209 -24.4563 -78.3736 -31.9318 1
210 -0.164583 -0.627563 1.13691 1
211 2.65899 -0.724635 0.332251 1
212 -0.606534 0.500553 -0.70586 1
213 2.89019 -8.55612 -0.276734 1
214 -0.315292 0.956436 0.68233 1
215 1.21798 0.677187 -0.609391 1
216 2.72848 -0.181917 1.07768 1
217 0.474678 0.520666 0.968762 1
218 -1.52493 -3.67194 2.26439 1
219 -2.44411 1.4465 1.06985 1
220 0.418987 0.489934 0.0919826 1
221 -22.044 14.7054 -22.3436 1
222 1.42922 -0.637768 0.051612 1
223 -0.0506852 -0.951261 0.40334 1
224 -0.837422 0.0981986 -0.987121 1
225 1.60174 -1.87009 0.314871 1
226 115.254 -163.954 341.601 1
227 20.422 -7.69932 -3.36531 1
228 -1.01328 -0.27292 -0.176111 1
229 -2.48204 -4.07184 -2.2964 1
230 -1670.39 1801.33 2173.09 1
231 -2.13883 -0.827851 -5.54068 1
232 0.278657 0.738311 0.35171 1
233 0.904711 -1.36204 -0.0609143 1
234 -1.0815 -1.96291 -0.348803 1
235 0.425091 -2.31628 0.055325 1
236 0.175778 -0.920288 0.427821 1
237 19.1833 4.54051 -24.7046 1
238 -1.45616 -0.637023 -0.494802 1
239 0.601663 -0.20561 -0.711802 1
240 -0.264623 2.13675 0.200812 1
241 -1.00601 -0.0272076 1.67467 1
242 2.82931 10.5376 1.57437 1
243 -4.36303 3.2597 3.65557 1
244 0.367859 -0.822862 0.377409 1
