0 0 0 0 0
1 0.485611 1.09066 -1.90358 1
2 0.352496 0.721596 -0.447601 1
3 3.46234 1.31437 -3.13144 1
4 -1.82854 0.295386 1.62128 1
5 0.577304 0.209293 -2.16445 1
6 -1.50493 -1.00797 -0.614702 1
7 -8.29629 7.33882 0.845079 1
8 0.44616 0.18483 0.877697 1
9 -1.20023 0.585705 -0.243209 1
10 1.14251 0.133044 -1.05599 1
11 -0.777101 5.45752 -5.87422 1
12 0.298357 -0.196572 0.0845777 1
13 -0.422138 0.812185 -0.445617 1
14 1.74932 -1.54081 1.25241 1
15 1.37556 1.99978 1.14523 1
16 0.897835 0.154133 -0.950376 1
17 0.352043 -0.0640773 -0.706032 1
18 -0.27932 8.8612 -8.48105 1
19 -0.0168858 1.86559 0.400903 1
20 -0.580262 -1.48909 0.475064 1
21 0.892133 -2.19504 0.253425 1
22 -0.640706 2.88047 -5.34802 1
23 -1.01647 2.47321 -0.820559 1
24 -0.452113 -0.604418 -0.653059 1
25 -0.19464 0.480038 -0.925396 1
26 -3.58021 0.984301 7.38822 1
27 -1.0237 -1.36694 0.678061 1
28 -0.450079 -2.14595 -5.14055 1
29 1.37556 1.99978 1.14523 1
30 -0.0122553 -2.7592 5.85339 1
31 -1.62829 0.288932 1.31119 1
32 -0.710617 -1.22746 2.70705 1
33 2.38851 -0.0455879 -1.44551 1
34 -0.115474 2.19463 -1.16055 1
35 0.049939 0.719254 -0.519246 1
36 -0.0361109 6.29455 1.63658 1
37 0.347524 -1.16979 0.338926 1
38 -0.0741681 0.501587 -0.487013 1
39 -15.7071 -5.02773 6.59168 1
40 -1.39253 -1.316 1.2178 1
41 -2.911 0.811451 2.32794 1
42 -0.193069 2.24395 -0.572273 1
43 -7.16697 14.9087 0.704828 1
44 -99.1718 -117.764 -195.485 1
45 -0.160974 0.490305 0.342947 1
46 0.222014 -0.0280118 2.18033 1
47 -3.65405 -0.728794 5.03558 1
48 -2.31224 -1.71858 1.10158 1
49 1.29607 -0.499532 -0.447106 1
50 -243.3 68.8568 54.5735 1
51 2.60306 -2.8285 -0.415482 1
52 2.35847 3.34734 -2.78498 1
53 0.210694 -1.70224 -0.412368 1
54 -0.89584 -0.265108 -0.0382144 1
55 0.563421 -0.150058 -0.414348 1
56 -0.979824 -1.25727 0.662792 1
57 14.3487 7.02471 1.64645 1
58 0.460422 1.83142 0.0593534 1
59 0.0460286 -1.84292 0.568402 1
60 0.212711 -0.11174 0.260205 1
61 41.5224 -61.6593 9.80808 1
62 -0.811194 0.454327 1.30088 1
63 -0.39498 -0.507524 -0.586669 1
64 -3.40233 1.9751 -2.43573 1
65 1.27493 -5.15126 3.10266 1
66 -0.358698 -0.137648 -0.0335601 1
67 1.97412 -0.274283 4.40605 1
68 -0.317278 -0.250558 0.614128 1
69 -4.92563 -1.95585 -2.97346 1
70 -3.04118 1.24586 -2.23822 1
71 -0.628308 -1.90702 -1.18117 1
72 1.15393 -1.1898 0.849753 1
73 1.92622 -0.0771705 0.178914 1
74 -5.89192 4.69406 -0.667573 1
75 -0.141283 2.12288 -0.92424 1
76 0.61993 0.227706 0.138986 1
77 0.560827 -2.17853 0.816372 1
78 4.09664 8.40727 5.22477 1
79 5.12992 -0.110713 -2.28957 1
80 0.963504 -0.52954 0.264966 1
81 1.14663 -0.0545647 -2.21178 1
82 0.244999 0.814945 1.25799 1
83 0.240555 -2.5134 -0.947908 1
84 -0.316417 0.203574 0.153216 1
85 -0.150463 -0.295398 0.401827 1
86 4.49709 3.0793 1.42121 1
87 0.866252 1.66778 -0.778161 1
88 -0.736016 -6.94975 -2.13835 1
89 2.10271 1.78892 -1.74653 1
90 -0.123922 -0.416993 -0.246084 1
91 -3.69039 -0.0496133 -1.60675 1
92 0.368273 0.560359 0.282013 1
93 -0.456658 -0.958598 0.0926979 1
94 -0.542791 -0.572522 -0.716096 1
95 2.59736 -1.01192 0.892224 1
96 0.831693 -0.351568 -0.504507 1
97 -3.04088 2.50598 -0.0336212 1
98 -0.156676 -0.346954 -0.0779583 1
99 1.46442 2.59788 0.389243 1
100 -1.36142 -1.31 -0.126854 1
101 0.808597 2.61192 0.872155 1
102 1.27493 -5.15126 3.10266 1
103 0.61993 0.227706 0.138986 1
104 -1.04989 0.90391 0.12121 1
105 -0.0979359 -0.42328 -0.0713621 1
106 -1.86909 0.28462 -2.07626 1
107 -1.53291 0.520016 1.0806 1
108 -0.218253 1.17917 -0.102442 1
109 0.565937 0.908656 0.343913 1
110 0.22745 0.156417 0.725199 1
111 -2.13092 1.33883 -0.811216 1
112 -0.911741 -0.778131 -0.00996924 1
113 -0.255484 1.0528 0.598326 1
114 -0.584328 -2.8427 -2.14926 1
115 -0.459587 0.213594 0.625971 1
116 -0.606331 1.687 0.867285 1
117 -0.182003 -0.748258 -0.42931 1
118 0.675213 0.549943 0.317425 1
119 0.519391 -2.56859 -1.5146 1
120 -11.2678 -3.16901 3.01992 1
121 0.61993 0.227706 0.138986 1
122 0.205338 3.63921 -3.10569 1
123 -376.945 215.292 -73.8459 1
124 -0.0340349 2.47377 -1.2068 1
125 5.64334 -11.0683 -2.93232 1
126 0.040571 0.33159 1.84236 1
127 -1.10021 -0.0548113 -1.61838 1
128 -1.6312 2.72485 0.0738407 1
129 2.04413 22.2236 17.4385 1
130 -0.483719 1.4803 0.417099 1
131 -1.46834 -0.521544 -0.46094 1
132 -11.509 9.86011 6.87088 1
133 2.78241 -2.49037 5.16634 1
134 77.7423 49.3142 42.5361 1
135 -1.09521 -1.00371 0.145644 1
136 -0.0578074 0.515143 -0.846 1
137 -0.79127 0.578933 0.896456 1
138 -0.820364 0.0121786 -0.795081 1
139 -0.100425 1.15337 0.519606 1
140 -0.316814 0.0773437 -0.0233644 1
141 4.49764 -2.51877 0.45582 1
142 -1.82024 2.16112 -1.49842 1
143 -0.606331 1.687 0.867285 1
144 2.72228 1.63975 0.488542 1
145 -0.274444 -0.600411 -0.183907 1
146 -0.241916 -0.148587 -0.185322 1
147 7.47093 -0.0715213 13.6655 1
148 -1.14385 -0.106519 -1.05966 1
149 9.46638 9.43084 -6.83982 1
150 0.706829 -0.300982 2.22894 1
151 4.95965 -1.07835 -0.258029 1
152 -1.02557 -2.07199 -0.174844 1
153 -0.636542 -0.086714 1.50179 1
154 -1.80495 -0.953715 -0.412603 1
155 -1.5611 -2.33471 -3.73781 1
156 -35.588 -16.3525 15.8933 1
157 2.69095 1.05335 -0.863493 1
158 -7.38829 -11.3383 31.7795 1
159 0.517674 0.041661 -0.260406 1
160 -0.639354 -0.373412 0.000446884 1
161 -0.383827 0.268572 0.5033 1
162 -1.6636 1.20126 0.0112131 1
163 -1.51985 -0.0539978 0.717883 1
164 -1.15521 0.238074 2.86284 1
165 1.04616 -2.75992 -0.320862 1
166 -6.22041 1.32021 1.34761 1
167 2.47315 -2.26472 1.11773 1
168 0.505263 -2.63075 1.46134 1
169 -0.0493181 1.62927 0.0925671 1
170 -0.931591 0.335461 1.96783 1
171 1.16564 0.254647 -0.850649 1
172 -3.20502 -0.568452 -0.998147 1
173 -5.00638 3.78581 -6.4204 1
174 -4.64752 -3.52029 6.09791 1
175 -0.624075 -1.78937 1.05284 1
176 1.37832 -6.43164 6.2032 1
177 -2113.65 -2322.84 55.8983 1
178 -1.70455 0.14284 0.959319 1
179 -1.26923 -0.724537 -0.329257 1
180 -6.71555 2.63073 9.07757 1
181 3.50163 0.385043 -1.46886 1
182 -397.648 794.729 -551.986 1
183 -0.967783 -2.21852 -0.750164 1
184 -1.10101 2.11795 0.552703 1
185 1.01087 0.240835 0.561336 1
186 -7.4886 -3.14576 -1.77896 1
187 7.1714 -2.06898 -1.84115 1
188 1.38467 7.06202 -6.89401 1
189 -0.570523 4.28332 -10.584 1
190 -0.918661 -0.0690129 0.611079 1
191 0.432596 -0.624957 -0.900647 1
192 -2.12644 2.01101 -0.256254 1
193 85.623 144.465 119.103 1
194 1.28704 -3.29079 -1.75771 1
195 1.51212 -1.70109 -1.74242 1
196 0.362247 0.0365195 0.40445 1
197 -1.32526 3.33424 1.33479 1
198 459.085 -113.106 151.125 1
199 -4.04347 -2.86242 -1.39576 1
200 -0.360249 -0.732975 -0.0511693 1
201 0.137414 -2.46487 4.57718 1
202 -0.421566 -0.968092 0.0703321 1
203 0.196206 -0.39284 -0.534734 1
204 -2.62135 0.070325 -4.335 1
205 1.06369 -0.915362 -3.935 1
206 -6.9396 1.36151 0.122009 1
207 0.0972618 -0.511255 -0.532791 1
208 0.362247 0.0365195 0.40445 1
209 -0.283767 0.593575 -0.46539 1
210 -0.280885 0.0375984 0.402373 1
211 -5.05438 0.384702 6.31316 1
212 -76.9716 41.2031 42.5668 1
213 -4.68108 -1.88859 -1.90798 1
214 -0.900822 -0.320416 -0.280165 1
215 -0.120002 2.63176 1.6254 1
216 0.278832 -1.30633 0.674093 1
217 -0.371431 1.89489 5.5921 1
218 -1.58489 -1.71777 2.84408 1
219 -0.295638 0.419517 0.388009 1
220 3.71729 -1.76658 6.75805 1
221 0.422469 1.53991 -0.524564 1
222 0.0429725 0.132866 -0.719037 1
223 3.58664 10.1271 4.1021 1
224 0.4283 0.665283 0.480493 1
225 -0.406154 3.68012 -2.37458 1
226 2.01702 0.319607 -1.18889 1
227 0.915927 -2.54405 -0.999499 1
228 -2.70368 -1.3969 1.88729 1
229 -1.14718 -0.995381 -0.402653 1
230 4.93352 1.77089 -1.71064 1
231 -0.283434 1.69992 1.6173 1
232 1.78284 -2.14779 7.60778 1
233 -2174.42 -435.291 -241.171 1
234 2.38023 3.09882 -5.5492 1
235 0.383206 -2.43148 0.652574 1
236 2.2225 -1.4266 -0.243435 1
237 -0.735596 -0.865722 -4.32571 1
238 -2.77503 0.448263 1.43642 1
239 -41.4322 23.6442 33.0901 1
240 -2.82429 3.04772 0.423515 1
241 -2.08465 -0.816699 -0.406545 1
242 1.12409 -2.69232 -0.595853 1
243 -1.50768 -2.58928 0.705721 1
244 0.104623 -0.00500697 -0.0790499 1
245 -2.1417 -1.51912 -1.6279 1
246 -1.5583 2.5183 1.87633 1
