0 0 0 0 0
1 0.796159 -0.648778 2.31285 1
2 74.2008 -7.36069 118.171 1
3 0.110016 -0.199865 -1.55004 1
4 0.119398 -1.08157 -0.14014 1
5 -1.39745 -2.70932 2.54592 1
6 -0.240255 0.85686 0.290236 1
7 0.99846 -0.0191267 0.84546 1
8 -0.408243 -0.156984 1.7121 1
9 -29.3493 -0.75327 6.72895 1
10 -4.78372 -0.0365546 4.02711 1
11 1.34381 1.46228 -2.41104 1
12 -0.257496 0.902174 0.069944 1
13 0.407268 -0.0939135 1.51899 1
14 -0.350648 -0.424417 0.123964 1
15 0.0850911 -3.2044 0.78898 1
16 4.92987 5.05705 -2.25487 1
17 -0.174336 0.129943 0.336362 1
18 2.25162 0.293433 -1.35742 1
19 33.0771 25.5729 27.4726 1
20 1.96499 -1.96625 -1.13944 1
21 1.01582 0.0853217 1.14024 1
22 -0.0608364 0.885244 0.826184 1
23 3.86703 6.33439 6.6291 1
24 -3.80941 -6.31948 -4.32863 1
25 0.810082 0.193675 -0.313289 1
26 0.570061 -0.164689 -1.30008 1
27 7.09517 -7.38126 -4.88372 1
28 3.92693 9.21734 4.98193 1
29 1.77902 1.3244 -1.91521 1
30 4.26312 2.69041 -1.78962 1
31 -1.00785 14.5627 -7.64714 1
32 0.0456984 0.0316483 1.49673 1
33 -0.339052 -0.399674 -1.15727 1
34 0.973913 2.93313 33.3908 1
35 -0.520629 -0.16795 1.18877 1
36 3.4506 0.109584 0.237675 1
37 0.0826587 1.02169 2.22309 1
38 0.863488 0.102118 0.274481 1
39 -0.565339 -0.0290801 -0.288892 1
40 8.15986 2.78138 2.75671 1
41 -6.79909 -3.53977 4.23085 1
42 -0.106145 0.265973 0.321469 1
43 -4.68404 -2.00118 2.19065 1
44 -2.08267 -0.792188 3.32772 1
45 -0.497408 0.033054 -0.632221 1
46 -12.7746 -1.04666 -2.68976 1
47 1.91722 2.31146 -0.0730148 1
48 0.761372 -0.173004 -1.41346 1
49 0.65377 1.17641 -0.750004 1
50 -0.227299 0.774917 1.13868 1
51 0 0 0 1
52 -3.51877 3.93202 -0.291832 1
53 0.682679 0.00985697 0.725671 1
54 21.5924 27.8782 29.1073 1
55 0.952016 -0.333695 0.274259 1
56 0.191188 2.05918 -3.0527 1
57 -0.350648 -0.424417 0.123964 1
58 -0.0158133 0.939885 -0.662099 1
59 -0.409063 0.105741 -0.675355 1
60 -8.82894 -13.5786 -10.1552 1
61 -4.54925 1.52965 5.4149 1
62 -0.381082 0.866129 1.29881 1
63 -1.51882 -0.196517 -0.140339 1
64 2.30924 0.112785 0.542567 1
65 0.899153 2.41899 0.0200936 1
66 2.28561 0.596238 0.831989 1
67 -1.11523 -0.79164 -1.03784 1
68 -2.20766 1.12414 1.41479 1
69 -0.52137 0.090722 0.0143293 1
70 -1.22902 0.416238 0.0551439 1
71 -0.916041 -0.612339 0.944863 1
72 -3.05607 -5.37549 2.95004 1
73 -1.2585 -3.60197 2.41623 1
74 -10.5382 -12.9867 30.0001 1
75 0.06069 -0.428453 0.428171 1
76 0.939744 0.0934174 -1.05662 1
77 -56.7716 53.5082 -82.3981 1
78 -0.111791 0.02039 0.698772 1
79 0.0449936 0.518781 -0.359595 1
80 0.532247 0.516101 0.965925 1
81 -1.20097 -4.01909 7.31414 1
82 -5.82388 2.78634 -7.4043 1
83 -0.380262 0.47645 0.119884 1
84 -1.18166 0.184647 -0.374332 1
85 -0.982038 -0.502734 0.602947 1
86 0.179814 0.180377 0.0670516 1
87 -0.979257 -1.17889 1.99023 1
88 0.337277 0.349472 -0.238657 1
89 0.205395 1.02148 0.689256 1
90 0.679041 -0.943708 -0.618282 1
91 -7.13338 -2.51646 -2.52364 1
92 -0.384167 -0.454283 -0.0110761 1
93 0.0314029 2.16452 -1.13958 1
94 3.8731 1.66441 2.51986 1
95 0.326149 -0.362543 -0.0072451 1
96 -0.429562 0.412217 0.142742 1
97 0.307301 -0.342578 -0.10396 1
98 -0.333559 -1.17686 0.283901 1
99 0.308483 0.67149 -2.46073 1
100 -0.333848 2.12841 1.02814 1
101 -2.09181 -1.24018 -5.89353 1
102 1.42003 -1.06458 -0.616668 1
103 -1.44983 1.55562 1.0078 1
104 0.421008 -0.204764 -0.359481 1
105 -2.47527 1.43828 -3.6757 1
106 -4.88751 22.2493 -11.9011 1
107 0.140343 0.502197 -1.15847 1
108 -1.0572 1.60127 0.0506876 1
109 153.318 194.858 -135.913 1
110 -3.02838 2.9035 -11.4579 1
111 0.18374 -3.478 2.72597 1
112 -7.78813 0.667055 -2.84004 1
113 -1.57963 0.291706 -0.550544 1
114 2.1884 2.3742 1.46558 1
115 0.312882 0.774395 0.449795 1
116 -2.13045 -1.14526 -0.391541 1
117 -5.55861 -19.5844 52.4803 1
118 -0.197776 -0.501646 0.708611 1
119 -0.165007 0.682042 -0.0640648 1
120 -8.62112 -1.12786 -7.16254 1
121 5.65819 4.1781 2.00058 1
122 -26.6221 -2.96987 -141.189 1
123 -0.0205499 -0.500527 0.590969 1
124 0.840572 -0.338252 -0.432784 1
125 -7.07398 -4.12514 0.659758 1
126 4.86057 -5.70463 -6.62234 1
127 11.9168 -7.34512 1.30437 1
128 0.699066 1.49187 0.375295 1
129 -1.69115 4.13174 -4.64374 1
130 -2.56379 -2.13814 -1.10684 1
131 -1.92237 -1.23845 1.52975 1
132 0.623007 0.121617 -0.180072 1
133 -30.2996 136.104 -72.1708 1
134 1.00963 0.558331 0.152511 1
135 4.01739 -3.25942 -1.44334 1
136 2.12038 -8.44936 -1.88205 1
137 157.567 -269.118 224.926 1
138 -1.17677 1.77272 -0.219976 1
139 -1.99863 -0.937623 0.281359 1
140 -0.0466695 0.529779 -0.638443 1
141 -0.333481 0.525026 -0.951982 1
142 2.20206 -0.947184 -1.46115 1
143 2.63958 -0.230649 2.01433 1
144 0.359174 -0.865357 -0.0301222 1
145 1.6899 0.0968662 -0.829664 1
146 -10.2905 3.82877 9.63913 1
147 0.753219 1.47501 2.72752 1
148 0.039571 0.0327074 -0.2666 1
149 1.4521 -1.30474 -0.224595 1
150 1.319 0.890053 1.31195 1
151 -2.50721 4.74373 4.69137 1
152 0.286176 0.822542 -0.69703 1
153 -9.1399 -3.9202 -0.9257 1
154 0.376829 -0.660215 -0.860599 1
155 2.26032 2.03725 0.78185 1
156 11.9168 -7.34512 1.30437 1
157 3.78294 -3.00667 -2.30577 1
158 0.10243 -0.930366 0.186453 1
159 2.24439 -0.0190255 -1.50614 1
160 17.1631 -1.16824 16.9332 1
161 -0.214628 3.14989 1.36104 1
162 -0.0432924 0.228098 0.263096 1
163 0.309459 -3.06002 7.77809 1
164 -1.23257 0.394706 0.72772 1
165 1.3982 -0.489771 -0.11573 1
166 -3.14655 -1.72975 2.96893 1
167 1.88233 -0.0598686 1.6572 1
168 4.51096 1.28944 2.40668 1
169 -0.211662 0.609492 -0.0349219 1
170 -0.0258374 0.15781 0.0940933 1
171 0.061454 -0.116781 1.64856 1
172 -4.41063 1.42581 -4.02299 1
173 -0.320788 -0.582226 0.562724 1
174 0.0258064 -0.0324972 -1.19185 1
175 0.0729863 -1.17967 1.00571 1
176 33.0383 18.9215 -18.7295 1
177 0.347755 -0.588716 1.38224 1
178 -6.11316 -6.93767 -1.20828 1
179 0.308483 0.67149 -2.46073 1
180 -0.306021 0.957365 0.652969 1
181 -0.704823 0.837484 0.164018 1
182 3.28091 -0.424156 -0.374973 1
183 -1.14793 -0.0724297 2.533 1
184 -0.415838 -0.291243 0.418225 1
185 3.61259 2.35428 -3.3273 1
186 13.6069 50.587 10.1855 1
187 0.404064 0.379711 -0.096266 1
188 -2.56379 -2.13814 -1.10684 1
189 1.53687 0.721513 0.337022 1
190 0.209846 -0.238059 0.187884 1
191 7.87916 -19.1158 -30.4098 1
192 0.928018 -0.0671387 0.555574 1
193 0.920632 -2.59399 -0.602125 1
194 1.63602 -6.49729 0.0964483 1
195 0.263183 -1.19175 1.00003 1
196 -0.463101 0.4634 -1.56617 1
197 -1.42101 -0.821283 0.705532 1
198 0.710716 -0.326248 -0.445404 1
199 -0.131763 0.66346 -0.335656 1
200 0.879542 0.814662 -1.12506 1
201 -0.19685 -0.340678 2.29324 1
202 -4.7744 1.9382 8.05659 1
203 3.11168 -1.72443 0.651003 1
204 -1.96138 -1.63973 1.20654 1
205 1.37228 -3.44383 0.835967 1
206 -14.0872 16.0525 20.8172 1
207 2.88165 -0.657608 1.7087 1
208 -0.165121 1.25066 1.6094 1
209 -0.0198608 0.674979 -0.707295 1
210 0.95317 -0.662629 3.67196 1
211 -19.3209 16.1606 13.0325 1
212 1.41551 -1.6857 1.53676 1
213 11.9168 -7.34512 1.30437 1
214 0.404799 -2.17924 1.07831 1
215 -4.11425 -5.68507 10.4629 1
216 4.16703 8.72284 4.27516 1
217 3.18903 1.65862 -3.66705 1
218 -2.53252 -2.24808 0.942412 1
219 -0.688665 -0.272566 1.52855 1
220 -3.36516 -13.6786 10.4625 1
221 0.919996 1.3047 -0.502707 1
222 -0.0465801 -1.29009 3.18553 1
223 0.0750226 -3.05849 1.98831 1
224 2.36654 1.62412 -2.14764 1
225 -0.102729 0.297659 -0.226116 1
226 1.13027 0.206 -0.431408 1
227 -0.846721 1.20652 -0.84442 1
228 0.488898 -0.321905 -0.268308 1
229 1.20574 -0.335041 -1.92577 1
230 1.63337 1.98061 -6.19996 1
231 1.65186 1.30767 0.907666 1
232 -6.99051 -9.16987 -3.3299 1
233 -0.376001 -0.380844 0.33033 1
234 -0.092432 0.0778644 1.55069 1
235 0.538014 -1.745 -0.751618 1
236 3.68696 0.0268079 0.555208 1
237 -0.401029 -0.780424 -1.08371 1
238 -0.551564 -1.80876 -1.1479 1
239 0.25967 0.0351749 -0.516501 1
240 0.622067 -1.3373 -1.64008 1
241 -1.31156 1.2213 5.43473 1
242 -0.375557 0.332425 -0.0801407 1
243 1.94857 0.710253 3.43215 1
244 -0.848256 0.959025 -1.12794 1
245 -6.50318 3.71898 -2.21606 1
246 3.49177 8.476 0.0429451 1
247 -0.238225 0.711925 1.36735 1
248 -0.661884 0.595825 -1.69734 1
249 -0.856969 -1.8649 -0.507329 1
