0 0 0 0 0
1 0.128527 -1.24641 -5.10763 1
2 1.50852 -0.645365 0.923618 1
3 -5.94641 0.237285 -4.7058 1
4 0.169793 -0.535988 0.454304 1
5 2.07004 1.14094 -0.623973 1
6 -0.811779 0.156921 2.43152 1
7 -0.0474734 0.054398 -0.283188 1
8 2.11249 -5.35281 -1.83107 1
9 0.342454 -3.79031 -0.0971839 1
10 0.72482 -1.31205 0.995977 1
11 -0.432586 -0.0639715 -0.326665 1
12 -0.463846 0.687547 -0.0359088 1
13 0.067805 -0.702273 -0.339759 1
14 -1.5951 -4.28865 -1.18472 1
15 0.408341 -2.26657 -0.390209 1
16 -0.189463 -0.542207 0.248259 1
17 -1.35417 3.15117 -0.0700063 1
18 -2.08676 -1.38204 -0.456659 1
19 1.23935 -0.871838 -0.0971295 1
20 0.698012 -0.969162 -0.126893 1
21 -0.21449 2.80715 0.680708 1
22 -1.0155 2.60143 5.54997 1
23 2.06592 1.29941 -0.156347 1
24 -0.662531 1.15231 6.45595 1
25 0.766517 1.16028 1.94586 1
26 12.1956 -13.4647 -20.6381 1
27 -0.000611014 -0.236389 0.31495 1
28 -10.5437 -8.31136 2.13038 1
29 -0.194275 -0.300735 -0.113542 1
30 0.483577 -0.663898 -2.02274 1
31 -1.73774 -0.682808 -0.92467 1
32 -287.84 929.805 -698.597 1
33 -1.12621 -1.37399 -3.2081 1
34 0.295397 -0.422502 1.10703 1
35 1.53722 -0.700214 2.11953 1
36 -0.753129 -2.91191 1.02202 1
37 0.0569825 0.049535 1.54107 1
38 0.459858 -2.47111 0.0640844 1
39 0.0577775 -0.22684 0.621134 1
40 0.408341 -2.26657 -0.390209 1
41 -0.317577 -0.08055 -0.342673 1
42 -3.08028 -3.76595 1.79722 1
43 33.5103 -59.6123 -143.226 1
44 8.7674 18.3257 1.78949 1
45 14.3678 3.58751 -0.529424 1
46 -6.51141 13.6007 -5.68877 1
47 -1.91857 0.361014 -0.501025 1
48 0.680872 0.690724 -0.86268 1
49 -4.02459 -1.29991 1.74396 1
50 1.89842 -0.722028 0.26213 1
51 -1.01372 0.685302 0.0635862 1
52 -1.28399 -0.179762 0.27901 1
53 10.8587 1.19239 9.08527 1
54 -0.963063 1.37358 1.62457 1
55 3.87417 -3.70353 -9.74913 1
56 -0.756979 4.5911 -2.61261 1
57 -0.273623 -6.30063 3.32712 1
58 -5.72998 -3.1824 4.85403 1
59 1.37934 -1.60329 -0.436204 1
60 0.0974062 0.125146 -0.112561 1
61 1.83141 -21.9039 2.56503 1
62 1.25402 0.740284 -0.265886 1
63 -0.281113 0.298213 0.145894 1
64 -0.902478 -0.655536 -1.4768 1
65 -7.19509 4.06639 1.50529 1
66 2.34762 1.34518 1.12392 1
67 0.704088 1.07544 -1.4769 1
68 1.13626 13.1144 6.79802 1
69 -0.660671 -1.25503 0.38223 1
70 -3.01211 1.34085 5.63123 1
71 -1.27267 8.71921 -1.84985 1
72 -1.4834 2.27484 -0.29453 1
73 -0.765461 0.680256 -1.16875 1
74 1.14516 3.68077 -2.46525 1
75 2.57188 0.277998 2.66399 1
76 -36.313 48.5303 43.2943 1
77 -15.7107 4.31159 -8.92127 1
78 -23.8412 45.4539 -3.67997 1
79 -1.40958 0.883363 -0.892152 1
80 -0.351091 -0.0928424 0.0712024 1
81 -1.73313 2.18383 -2.09582 1
82 0.0838059 0.755942 0.748638 1
83 0.245323 0.481007 -1.03801 1
84 0.5538 0.544237 0.720735 1
85 1.26142 -3.53638 1.10714 1
86 -2.7704 -1.52799 1.58443 1
87 -1.40141 1.57028 1.40792 1
88 0.83 -0.00871407 0.826605 1
89 0.365482 -0.791051 -1.19951 1
90 -0.447681 0.988502 0.0401554 1
91 -0.500548 0.536982 -0.105598 1
92 -0.368649 -0.61108 -0.815584 1
93 -0.722848 -0.0701675 -1.85945 1
94 -5.78246 2.4301 2.81457 1
95 -3.95352 -0.774692 3.08857 1
96 -1.60733 -0.0736215 -3.14741 1
97 0.127811 2.51864 -2.63024 1
98 19.8682 -8.09074 2.27659 1
99 0.849988 -0.904715 2.34333 1
100 -1.26493 0.520873 -0.320015 1
101 4.4979 1.17263 -2.37974 1
102 1.18925 0.14781 -1.14222 1
103 5.59023 -1.2551 6.47434 1
104 -0.983075 -1.186 -3.01153 1
105 0.196786 1.95296 -0.164968 1
106 -0.078872 0.523995 -2.37488 1
107 -4.5868 5.28757 7.94877 1
108 -1.16739 0.474047 -0.0918336 1
109 -2.53764 0.0976406 -2.45393 1
110 -1.74586 0.165662 0.453889 1
111 0.0174316 -0.0755208 -0.633474 1
112 -0.148084 -0.40873 -0.364406 1
113 -0.229444 -0.233717 -0.0206127 1
114 1.20226 2.7039 0.991035 1
115 0.391563 -0.966938 0.235933 1
116 -0.890102 -1.37056 1.0698 1
117 1.1841 4.05504 -2.03142 1
118 0.131449 0.70996 1.80977 1
119 -14.827 21.5128 -8.14014 1
120 -0.515328 -0.103916 0.214973 1
121 1.91872 0.516765 -1.35117 1
122 -0.44841 -0.996307 0.222532 1
123 -0.592021 -0.405343 2.13651 1
124 0.0715784 -0.16296 0.115919 1
125 0.548724 0.865408 -0.0274094 1
126 -0.86752 -0.737488 0.0589746 1
127 -2.88196 -1.01143 2.02059 1
128 1.53722 -0.700214 2.11953 1
129 -0.600712 0.675162 0.98165 1
130 -4.71289 -6.47769 2.54259 1
131 1.60712 0.26449 0.267761 1
132 -1.20404 -0.0447455 -0.859479 1
133 -3.53415 -6.78617 -3.52125 1
134 -1.02665 0.0525438 -1.66526 1
135 0.262245 -0.658733 0.524878 1
136 0.139013 -0.354173 0.287222 1
137 0.425391 0.255658 -0.306774 1
138 -1.1395 -0.142613 0.874868 1
139 -0.738055 0.758464 -0.104183 1
140 -1.21461 -0.637634 0.55756 1
141 0.051366 -0.69632 -1.86298 1
142 -1.6643 0.320932 1.57782 1
143 0.794036 0.452223 0.295624 1
144 -0.836138 0.14265 -0.344484 1
145 -2.48737 -2.51888 0.360644 1
146 -0.187873 0.107947 -0.38564 1
147 -2.23139 -8.09124 -4.81259 1
148 2.34475 -0.0552549 -0.308865 1
149 -0.750078 -2.53693 0.275011 1
150 -1.37928 2.51678 -2.81152 1
151 -0.149104 -0.628651 -0.56492 1
152 1.11104 -0.968837 -2.72698 1
153 1.53722 -0.700214 2.11953 1
154 -0.914174 0.782653 -1.23169 1
155 4.6637 1.23145 -0.224673 1
156 0.101919 -1.43731 -0.277068 1
157 1.27391 0.250456 0.263251 1
158 -1.52692 1.10383 0.765435 1
159 0.125887 0.401777 0.498464 1
160 1.47738 0.569339 -0.969258 1
161 -0.564067 0.200367 0.227571 1
162 1.80152 0.35685 -4.45434 1
163 1.13188 -6.20823 -2.20981 1
164 5.98773 -11.6697 -4.47026 1
165 -0.035027 -0.60681 0.0633749 1
166 0.932186 -1.43919 -3.54555 1
167 1.02542 1.26179 3.07364 1
168 -0.828275 0.420792 0.688907 1
169 0.538961 0.106687 -3.20861 1
170 2.34762 1.34518 1.12392 1
171 6.21675 -0.590024 4.8481 1
172 12.1771 15.2808 -16.2024 1
173 1.41876 1.9262 -1.07564 1
174 0.0139228 1.04972 12.1116 1
175 0.510749 -1.42824 -1.61197 1
176 2.21784 -1.22881 0.0119168 1
177 0.568465 -0.0271642 -0.364151 1
178 -0.695542 0.033203 0.718263 1
179 -211.406 1.18053 -129.727 1
180 5.34987 2.54498 1.9182 1
181 -1.01321 -1.82643 -0.780248 1
182 -0.623481 0.340871 0.480974 1
183 0.0148449 -0.341829 -2.39599 1
184 -0.661139 -0.142948 -0.303313 1
185 -2.14007 7.07656 6.51969 1
186 -0.234785 -0.312605 -0.0126012 1
187 -0.0573603 -0.238049 0.114002 1
188 0.665588 -1.3629 -0.601514 1
189 0.27717 -1.26972 0.379845 1
190 0.114273 0.906029 1.78023 1
191 -0.159961 -0.181974 3.87259 1
192 -1.56967 3.68112 1.58462 1
193 0.768645 1.55744 -4.2158 1
194 0.425996 0.591474 0.330841 1
195 0.601213 -1.8947 -1.09106 1
196 0.401463 -0.116547 -0.344189 1
197 4.02289 8.90426 0.47153 1
198 -2.2839 1.1885 -0.152969 1
199 1.09902 -1.82073 -0.916077 1
200 -10.0173 -0.920303 0.821225 1
201 -2.92707 6.64162 -0.281885 1
202 -0.797854 0.345744 0.0124123 1
203 0.216386 0.120237 0.0699469 1
204 -0.268221 -1.0864 -0.513917 1
205 5.259 4.57066 1.35438 1
206 -0.311791 4.49485 2.15959 1
207 10.623 11.2007 13.1487 1
208 0.862831 2.0954 0.286215 1
209 0.944434 -1.33104 -0.244148 1
210 -2.63888 2.80899 -5.57801 1
211 1.1841 4.05504 -2.03142 1
212 6.34568 -11.47 5.09092 1
213 0.284111 -1.41015 -0.384855 1
214 1.2565 2.2011 2.09829 1
215 0.988983 0.256408 -1.04391 1
216 -0.0523402 1.51247 0.0812887 1
217 -0.828334 0.552402 -0.438057 1
218 -3.50322 -4.96122 -2.34437 1
219 0.775833 -3.24515 -2.58605 1
220 -0.330581 -0.364594 -0.191729 1
221 -0.663823 -1.68743 -1.47211 1
222 -1.24508 0.377732 1.16035 1
223 -0.191179 1.78082 -0.577659 1
224 11.9687 -10.3133 -23.9191 1
225 8.59834 -26.2578 -21.5095 1
226 0.0775094 7.8826 5.14144 1
227 4.48309 -2.11301 -10.6649 1
228 1.02554 1.23369 -0.383561 1
229 12.7175 -9.51996 2.87156 1
230 1.38554 -3.63281 -1.40295 1
231 -0.860378 -2.37823 1.30512 1
232 2.74943 1.78368 0.698966 1
233 0.577725 -1.10543 -0.054054 1
234 -43.4349 5.07815 18.7716 1
235 3.79577 -9.19353 4.10762 1
