0 0 0 0 0
1 -3.32258 0.613866 9.48648 1
2 0.574693 -9.52803 1.78126 1
3 -1.27425 -3.02259 -3.0957 1
4 -12.4234 -12.4259 4.07048 1
5 -3.46023 4.21612 -0.294211 1
6 -0.454019 -0.333305 0.406553 1
7 -2.87113 -0.724973 1.31964 1
8 -0.439409 2.01899 0.110919 1
9 0.0380353 -1.20616 0.535282 1
10 0.673173 1.08269 -1.00266 1
11 1.64821 -1.36828 -0.217358 1
12 -0.516368 0.597293 -0.0471862 1
13 -3.74211 -1.09401 0.0375197 1
14 -6.9197 -4.83059 7.07351 1
15 -5.13586 -0.911368 -2.86685 1
16 0.127386 -0.279268 -0.071889 1
17 1.86372 2.04083 0.33286 1
18 -1.88106 -2.35115 1.3539 1
19 -2.71997 -0.170837 -0.91331 1
20 0.479944 -0.154948 1.43629 1
21 -6.11852 3.87884 -12.4338 1
22 1.68247 3.52934 -1.21094 1
23 2.60808 0.0100672 -0.308875 1
24 -2.11796 0.46114 0.789227 1
25 -1.47781 0.440207 -0.667455 1
26 -2.52122 6.51677 2.48335 1
27 -3.43605 0.217255 5.51747 1
28 0.733026 0.462746 0.0547264 1
29 -0.335899 -0.399646 0.228337 1
30 -0.627515 0.80896 -2.3773 1
31 1.96503 0.124294 -0.0903558 1
32 -0.289252 0.292664 1.08086 1
33 1.3635 -0.682435 1.4911 1
34 2.44481 -0.674073 1.43922 1
35 1.01754 -3.33087 -3.06264 1
36 -1.44528 -1.71197 -2.3599 1
37 1.76266 0.395121 -0.776727 1
38 -22.805 -58.425 25.0171 1
39 -0.552818 -2.38184 -1.08535 1
40 -1.70788 -2.94389 1.85776 1
41 0.72506 0.546753 0.814052 1
42 0.917968 1.19847 -0.127695 1
43 9.42692 -11.1919 3.50921 1
44 -2.51958 5.14892 -1.51331 1
45 17.537 -20.2963 -30.6753 1
46 -0.011501 0.592537 -1.58198 1
47 0.0728134 -0.541957 0.525105 1
48 -2.75581 2.1703 -0.591399 1
49 -1.71769 -0.773724 0.24623 1
50 -0.142247 -0.0225068 -1.73886 1
51 10.91 7.0679 15.8252 1
52 -0.135359 0.0801712 0.94658 1
53 -0.371748 0.406167 0.288014 1
54 -1.22297 -0.118027 0.61075 1
55 -0.299274 0.389515 0.683398 1
56 -1.38213 -0.433844 3.36364 1
57 2.60944 -7.97483 0.791905 1
58 2.32256 -2.01622 -19.5935 1
59 -10.3889 0.561617 -20.5028 1
60 -1.25353 -0.0663799 -0.688372 1
61 -0.878334 0.118192 -1.13397 1
62 2.00841 -3.08176 1.31279 1
63 0.601195 -1.18347 -0.11521 1
64 10.91 7.0679 15.8252 1
65 -1.13829 -1.94726 -0.266079 1
66 -1.72085 0.280751 0.0601772 1
67 0.950786 -0.68561 1.26511 1
68 0.467745 3.06002 -6.2872 1
69 1.80786 3.6865 2.43079 1
70 0.452727 0.215543 -0.37125 1
71 3.92127 -0.430237 -1.57409 1
72 -1.37112 1.66365 -6.86075 1
73 2.60384 -0.138395 1.19829 1
74 -1.0018 2.12432 -1.6188 1
75 -0.628372 -0.466044 -0.206528 1
76 0.000220859 -0.523012 0.483729 1
77 5.04485 -3.29671 2.51955 1
78 -0.0505961 -0.443586 0.0321261 1
79 3.98774 6.65785 -5.00521 1
80 3.9748 -9.04256 -2.18953 1
81 0.79238 -2.62461 -0.601192 1
82 1.43359 0.00946124 0.990704 1
83 -4.91519 1.30303 -0.990804 1
84 11.7457 -1.91585 0.427046 1
85 0.799843 0.174741 -1.29999 1
86 0.0573199 0.907993 -1.20577 1
87 1.53306 -0.0273307 -0.0931207 1
88 2.04095 0.370699 0.209741 1
89 -0.546543 -4.07249 2.49436 1
90 -5.75913 -4.99809 -9.17662 1
91 0.71141 -0.247745 -0.780852 1
92 0.922915 0.883197 -0.205025 1
93 -0.871186 0.0848988 -0.995075 1
94 0.981856 0.0723234 1.45233 1
95 0.103864 1.62298 -0.383502 1
96 2.242 -0.806804 0.673255 1
97 1.12025 -0.0715846 0.0427572 1
98 1.92034 1.32696 -0.437151 1
99 -17.6497 -3.63061 13.1129 1
100 0.522099 2.34334 3.71991 1
101 0.205468 -0.194766 0.395057 1
102 1.01184 0.0103232 0.247139 1
103 -0.137187 -0.574435 -0.223312 1
104 -1.53039 0.588472 -2.79595 1
105 0.0323121 1.28599 -0.175996 1
106 -0.0548617 0.143574 -0.0569401 1
107 0.481207 0.151789 -0.0256412 1
108 -0.201428 1.19136 -2.13206 1
109 -1.22334 -0.512523 1.7551 1
110 -1.78674 -1.65005 0.612276 1
111 0.441507 -0.276454 0.530953 1
112 -1.36021 -2.97883 -0.821068 1
113 2.50952 -3.50945 -0.0625585 1
114 -0.652733 -1.1595 -0.442866 1
115 -0.623215 0.817873 -3.89362 1
116 32.6712 -26.526 -3.11531 1
117 3.81396 14.8637 -0.385415 1
118 0.386744 -1.0618 -0.698075 1
119 0.262408 -0.959285 0.85752 1
120 -0.965407 -0.138722 0.551677 1
121 0.592925 -16.0679 -10.4791 1
122 -0.901124 2.667 -0.0438895 1
123 -7.31339 -9.71218 -8.4168 1
124 -1.89265 -0.0323458 0.444281 1
125 -1.92399 -2.07154 3.63925 1
126 10.91 7.0679 15.8252 1
127 0.424364 -0.187519 0.187629 1
128 -0.103575 0.521902 0.0471329 1
129 0.20012 0.427442 0.233001 1
130 14.1627 3.97046 -0.354971 1
131 0.60093 0.24091 0.437052 1
132 -2.83965 0.489251 2.47852 1
133 -0.573707 0.300392 0.579807 1
134 2.44823 1.7035 0.156561 1
135 -1.06864 -0.983282 0.0674659 1
136 0.18722 1.6648 -6.14653 1
137 -1.20053 2.79504 1.61028 1
138 1.35847 -9.40518 -6.68717 1
139 0.0493123 -0.261801 0.628902 1
140 1.25997 0.406743 -2.72281 1
141 -0.357504 -0.277219 -1.63615 1
142 1.21834 0.568984 -3.151 1
143 -0.225831 0.211996 0.517488 1
144 -0.835076 2.53531 -0.0227413 1
145 2.17877 -6.94258 6.29953 1
146 9.77141 39.428 31.8597 1
147 0.0113842 -0.0562752 -0.743992 1
148 1.97631 -3.60023 1.44981 1
149 1.48523 -3.0616 3.3167 1
150 1.25783 -1.77451 0.643543 1
151 2.62876 4.533 11.0246 1
152 -4.71377 39.7277 -15.9895 1
153 1.08093 0.916846 2.99245 1
154 -4.47378 -2.26158 1.67716 1
155 1.54524 -0.0121482 1.75094 1
156 1.01352 2.48289 -1.95932 1
157 -0.372168 0.403781 -0.248968 1
158 -5.93415 2.40484 4.21766 1
159 -2.02166 -5.15073 2.66284 1
160 0.813221 0.279604 0.257756 1
161 5.60938 -7.05861 1.4813 1
162 -4.35766 0.531202 1.64432 1
163 -0.449446 0.115216 -0.356918 1
164 -0.0108682 0.916667 -0.598853 1
165 1.70991 -0.239294 -0.129765 1
166 2.39605 -0.290882 -0.37635 1
167 2.40619 -3.20114 -0.583801 1
168 0.253699 -15.1039 14.9827 1
169 -3.89663 4.61559 0.99063 1
170 0.0408911 0.249362 -0.797317 1
171 -2.46915 1.61337 -2.72366 1
172 0.78426 0.891371 -1.00519 1
173 -0.207365 1.76051 0.319441 1
174 0.244479 -2.26624 5.88479 1
175 0.350457 0.505741 -0.0753318 1
176 1.46621 -2.41371 -3.57315 1
177 -3.94111 -1.34436 -1.41297 1
178 -0.734495 -0.146151 0.985369 1
179 0.204735 0.319767 -0.0236361 1
180 1.39241 1.36621 -0.648258 1
181 9.21961 1.04396 1.52668 1
182 1.22946 0.206576 0.734501 1
183 -0.847592 0.85222 0.194698 1
184 0.66379 -2.07121 0.144932 1
185 0.291835 -0.385492 0.139777 1
186 0.323991 -0.322685 -0.66563 1
187 0.281427 -1.61887 -0.793097 1
188 0.188044 0.284163 -0.659557 1
189 -2.57977 0.733683 -0.767967 1
190 5.34465 1.9942 -2.3598 1
191 0.156656 1.36101 0.598236 1
192 -0.459366 1.41075 2.77848 1
193 -8.22912 18.8485 0.249059 1
194 3.77104 -1.26334 1.3227 1
195 -1.62019 -0.621505 3.21864 1
196 -1.25643 1.20108 0.0797356 1
197 -1.20202 -1.02156 -0.404607 1
198 -6.64881 -1.7067 -1.54657 1
199 -0.234574 -1.45731 1.9918 1
200 0.603176 0.348092 0.0493763 1
201 -1.05062 -0.953632 0.102061 1
202 -0.362908 0.0711668 -0.636236 1
203 -0.0510493 0.333663 0.746822 1
204 1.1236 1.32138 0.579977 1
205 -0.148757 0.0306578 -0.213791 1
206 0.632546 1.16279 0.0362195 1
207 1.83267 -0.0998427 -1.47747 1
208 -0.718266 5.99432 2.7636 1
209 -41.8497 -27.5955 -112.252 1
210 0.345755 -0.893669 0.288461 1
211 0.599004 -0.309848 2.07052 1
212 1.34291 1.1489 -1.08075 1
213 -3.25381 -8.02593 -1.86612 1
214 -0.90043 -0.00342662 -0.10789 1
215 0.967705 -0.91576 2.14157 1
216 -3.92224 2.00496 -0.580401 1
217 -0.615785 0.284306 1.86468 1
218 0.0521533 -0.238645 0.450179 1
219 -0.228163 1.22132 0.507863 1
220 -3.08972 -1.45054 0.920576 1
221 -2.59723 -20.1733 2.85744 1
222 0.302576 0.785213 -0.896778 1
223 0.197855 2.32402 1.83887 1
224 -0.497183 0.347484 0.0311354 1
225 -0.901919 2.7189 3.03401 1
226 -0.192503 -0.32875 -0.553955 1
227 1.63044 -2.83589 1.73562 1
228 -2.2814 -1.71888 -0.528687 1
229 -1.70781 5.10252 -3.91966 1
230 -4.62105 -5.12583 0.599287 1
231 -0.889958 1.35214 2.85686 1
232 -0.287435 1.3014 1.77871 1
233 0.483748 0.0757789 0.427748 1
234 0.69624 -0.703169 0.0434131 1
235 2.42488 -3.75326 0.297627 1
236 -0.792835 -1.30385 0.571606 1
237 1.52013 0.792764 -2.76353 1
238 -6.47286 2.99705 -4.28264 1
239 4.35236 3.17315 -2.85798 1
240 -0.334127 1.13175 -0.268853 1
241 -4.82367 -3.47899 4.21111 1
242 -1.06226 0.0598593 1.29301 1
243 -0.894228 -0.145677 -0.914099 1
244 -1.61694 -4.27487 1.84566 1
245 0.875056 0.446282 -0.0888963 1
