0 0 0 0 0
1 -3.04506 -1.5505 3.294 1
2 0.989964 -0.377754 0.322299 1
3 -2.83456 -10.3086 46.5901 1
4 -4.7765 -8.70293 11.4804 1
5 0.261952 4.88283 -5.95197 1
6 -0.294956 -3.71156 -2.19785 1
7 5.42056 2.51094 1.24659 1
8 0.19408 0.241782 -2.14113 1
9 0.244817 1.20646 -0.015733 1
10 0.409455 -0.596651 -0.118385 1
11 -3.0701 -4.34322 -3.02281 1
12 2.13269 4.42833 2.32157 1
13 -3.37793 2.215 0.603348 1
14 -0.950344 -1.87906 -0.0713364 1
15 -9.83254 4.44148 1.44006 1
16 -1.18156 0.97707 1.52396 1
17 1.27855 -2.82269 -1.86535 1
18 -11.5763 2.75166 6.50295 1
19 0.244817 1.20646 -0.015733 1
20 -0.314639 -1.07955 0.939107 1
21 -0.948484 1.5755 0.172454 1
22 0.560844 0.993787 -1.17241 1
23 1.50665 -7.84586 0.00476635 1
24 1.09038 -1.3227 -1.1647 1
25 1.1381 0.407556 -0.0527469 1
26 0.550266 -0.288673 -0.45076 1
27 1.68492 -0.708137 -0.252014 1
28 -0.608611 0.944099 3.50046 1
29 0.439872 -0.0466955 0.508288 1
30 0.229301 0.540439 0.253439 1
31 1.6854 -0.310861 -1.90623 1
32 -0.145248 -0.25454 -1.04564 1
33 -0.555734 -0.443123 -0.244382 1
34 0.536138 -0.513456 -0.0551548 1
35 -0.507626 0.845633 -0.432429 1
36 2.49952 -1.76448 1.19611 1
37 2.81209 -1.41144 -0.216739 1
38 -2.20807 -4.58567 3.98832 1
39 0.975268 -0.380464 -0.0763657 1
40 1.85446 1.43473 1.69346 1
41 -3.79567 -15.6954 -15.7582 1
42 -2.73147 -1.22324 -0.644547 1
43 5.1142 0.000261239 10.7392 1
44 0.640149 0.323985 -0.549574 1
45 0.602555 -1.10241 2.63266 1
46 0.934562 1.46351 -0.578464 1
47 -0.838793 -0.599466 -0.040587 1
48 0.120455 0.057262 0.420672 1
49 3.93278 -0.770395 0.0626393 1
50 -3.48483 -2.57707 -0.8638 1
51 3.93078 -3.6616 0.261948 1
52 1.94485 -9.82379 3.58817 1
53 2.7296 3.11247 -1.71045 1
54 3.54411 -2.05968 -0.350863 1
55 1.20361 0.438382 -0.0305601 1
56 0.305037 -0.314173 0.365262 1
57 -0.536901 0.437765 -0.192116 1
58 -0.00246801 -0.235272 0.840322 1
59 -1.97167 0.21937 -0.807405 1
60 -2.63849 1.29937 -0.126519 1
61 0.466308 -0.133561 -0.743262 1
62 0.562975 0.322408 -0.570343 1
63 -1.06357 0.710914 2.31433 1
64 4.72334e-05 -0.00827137 -0.7991 1
65 -15.7113 -31.6226 -14.7612 1
66 -0.774012 0.832199 2.69352 1
67 0.0826454 -2.42581 1.62853 1
68 -0.716513 -2.84328 1.21353 1
69 -14.8076 -96.6562 -20.0048 1
70 -0.673618 0.272415 -0.726858 1
71 0.56383 0.513995 0.290599 1
72 -0.820319 2.21085 0.0850736 1
73 13.0632 6.6874 2.41837 1
74 0.84531 0.421616 0.027536 1
75 0.290665 -1.64706 6.01996 1
76 -1.34923 2.10104 -1.8657 1
77 -0.276685 0.543494 -0.522772 1
78 0.141612 0.195466 -0.211553 1
79 1.57791 0.35393 3.61177 1
80 0.262758 0.348341 1.73285 1
81 101.139 -81.3186 -210.238 1
82 0.267195 0.127036 0.120692 1
83 0.241686 -0.0976509 -1.44906 1
84 0.406866 -0.810585 0.210123 1
85 0.730902 1.35878 -3.15883 1
86 7.97873 0.117538 4.2191 1
87 0.19952 1.0181 -1.00454 1
88 -1.85796 2.04662 -0.855711 1
89 1.1396 -1.03951 -0.881346 1
90 -0.446622 -0.275545 0.302379 1
91 -0.835009 0.114427 -0.807129 1
92 1.4969 0.495787 -1.7354 1
93 0.682028 -0.18482 -0.842153 1
94 -6.75187 -0.77629 0.814452 1
95 0.428528 -1.70989 0.965823 1
96 0.793723 0.581796 -0.801561 1
97 -1.80115 0.827457 -5.09125 1
98 -0.590159 1.17015 -2.70273 1
99 -3.33289 -3.15456 6.62298 1
100 -1.70294 -1.83086 -2.19224 1
101 2.18439 -4.74915 1.2496 1
102 1.37579 10.9999 8.52766 1
103 -0.329569 0.338366 -0.293157 1
104 2.00427 1.99177 0.682893 1
105 -5.37114 3.1447 -7.01222 1
106 0.43238 -0.319717 0.815597 1
107 -1.43879 -3.44531 4.35672 1
108 1.10466 -1.43938 2.20958 1
109 0.028724 0.787012 -1.48549 1
110 0.667064 -0.282825 -2.6659 1
111 2.65469 5.73525 3.03358 1
112 2.90951 0.109528 3.29157 1
113 0.125593 -1.26521 1.217 1
114 2.46656 -0.889247 0.624956 1
115 2.79249 -1.41173 0.715421 1
116 0.37208 -0.671996 -0.109978 1
117 4.13344 10.178 -4.0788 1
118 1.64483 4.8508 -4.44321 1
119 6.86152 0.756007 -1.00018 1
120 0.0699136 -0.0574739 4.2619 1
121 4.24033 -5.17649 3.55037 1
122 0.933087 -1.38472 -2.14091 1
123 5.15057 -3.11386 -7.17992 1
124 16.6407 -0.182491 -17.6571 1
125 -1.75574 0.556338 2.47826 1
126 -2.97105 0.969871 0.133286 1
127 1.8643 -1.69837 -0.832748 1
128 0.728672 3.71765 1.0212 1
129 -0.231476 -0.0172314 0.40595 1
130 1.05832 1.98633 0.819536 1
131 0.355367 -1.29455 -0.541496 1
132 27.9426 78.7172 46.1743 1
133 0.251788 2.15632 1.12893 1
134 1.71755 0.324495 0.20432 1
135 -3.16097 -1.4152 3.28555 1
136 -4.14206 -0.0656574 0.175788 1
137 24.4821 -18.5737 22.801 1
138 -1.095 -0.342863 2.52716 1
139 1.72102 0.721209 2.34895 1
140 2.07173 -0.469749 -1.86634 1
141 -1.57288 -0.602939 -0.399291 1
142 2.79768 6.01136 3.1737 1
143 -0.931352 0.594176 0.16898 1
144 1.59686 -0.602634 1.9499 1
145 8.27281 -11.122 10.5987 1
146 0.290226 -0.817101 -0.742668 1
147 3.15685 0.267248 -2.55237 1
148 3.18718 0.241905 -0.0984785 1
149 1.99514 0.432478 0.643786 1
150 0.378247 -0.666443 0.227021 1
151 0.902516 1.02743 0.232391 1
152 -2.68375 1.09381 -2.2716 1
153 0.0821367 0.274708 0.656743 1
154 0.405335 -0.766248 0.0346397 1
155 -0.4236 0.316196 0.141099 1
156 -1.68812 1.05956 -3.02266 1
157 -1.71028 0.913552 0.331446 1
158 -0.857424 -2.0885 -0.234708 1
159 0.333714 -0.700619 -0.00889149 1
160 -3.44172 -4.00548 -3.26278 1
161 1.55483 -3.41322 4.4886 1
162 2.93443 0.397118 -1.9145 1
163 0.180059 0.10346 0.334365 1
164 0.032624 -0.84379 -0.558142 1
165 8.35726 9.12107 -9.43783 1
166 -0.0679917 -1.03857 2.37201 1
167 -0.885392 0.235841 0.337692 1
168 0.827522 -0.0460566 -1.34824 1
169 -0.19223 -1.22775 0.883102 1
170 4.55869 2.04419 -4.15606 1
171 0.148827 -0.105864 -3.40628 1
172 0.972085 0.664427 -0.552525 1
173 0.235114 1.18916 -2.44732 1
174 10.032 -13.8899 10.4902 1
175 0.347017 -0.00829826 0.237196 1
176 -4.58645 -3.25376 -5.56429 1
177 -0.323853 0.0325773 -0.135517 1
178 -0.237702 0.0745671 0.224382 1
179 -0.867422 -2.02739 0.403096 1
180 1.10813 1.79089 -0.171252 1
181 0.284487 1.52395 1.04296 1
182 0.874543 0.980044 -1.52409 1
183 -0.979288 -3.99437 0.95315 1
184 -0.432752 1.41917 -1.08922 1
185 0.0797256 -2.02943 0.168521 1
186 -1.34746 -0.17249 1.59172 1
187 0.425299 -1.20988 2.17868 1
188 0.178301 2.94378 0.666958 1
189 -0.244485 -0.910506 -0.255327 1
190 -0.186343 -0.0609177 -0.691917 1
191 -4.90104 -6.71943 6.07385 1
192 0.376949 1.69445 -0.86436 1
193 -3.57526 -9.99251 5.65949 1
194 -0.0677986 -0.0162687 -0.607989 1
195 -0.400367 0.501435 1.59236 1
196 -0.859733 -0.305166 -2.06793 1
197 -3.4693 2.46641 0.402411 1
198 1.02925 0.967667 -1.04265 1
199 -5.48912 1.33434 -7.36739 1
200 1.52106 0.716393 0.304548 1
201 -6.89074 0.709136 -3.72397 1
202 0.13294 0.732189 0.564212 1
203 3.54411 -2.05968 -0.350863 1
204 2.23805 3.7571 -0.376629 1
205 -0.806479 0.0940746 -0.0588204 1
206 -0.145928 -3.31561 -0.145444 1
207 0.823926 0.0903132 -0.350214 1
208 1.02673 -0.0950438 0.0813484 1
209 -1.31591 0.985546 1.10968 1
210 -0.402062 0.162146 -0.547673 1
211 1.19655 0.286293 0.742764 1
212 -2.07945 -5.33126 -1.35505 1
213 2.03654 -0.864708 0.917672 1
214 4.35897 -2.78698 0.511074 1
215 8.56443 -2.07093 -17.2493 1
216 1.6353 1.42152 -3.93629 1
217 -0.0700313 -0.985097 0.623609 1
218 2.67305 0.672636 -2.24981 1
219 -5.98139 23.5933 -29.4303 1
220 -2.50213 5.60782 0.124371 1
221 5.38492 4.92623 -6.45629 1
222 11.4589 -14.1436 -6.63163 1
223 0.680221 -0.188771 -0.188371 1
224 0.683195 -0.167152 0.625972 1
225 -1.47182 0.267219 -0.765169 1
226 -0.498928 -1.03433 1.05494 1
227 -0.86904 0.340618 0.476846 1
228 0.678202 0.574924 0.831715 1
229 0.601148 0.252252 -1.1614 1
230 -3.25098 -0.894785 0.0272669 1
231 -0.0681069 -0.134753 0.0303279 1
232 -0.879271 -0.543823 1.64843 1
233 -3.92732 -3.71787 11.4057 1
234 -1.21106 0.136384 0.00501217 1
235 -0.01956 -0.468019 -1.21512 1
236 11.9545 -8.61337 -0.522782 1
237 -1.3298 1.78003 1.09283 1
238 -0.782713 10.5865 -0.554792 1
239 1.86278 1.64665 -3.06261 1
240 29.152 8.71731 16.8259 1
241 -0.0364615 1.11593 0.41603 1
242 -0.620123 0.699436 -0.0940902 1
243 -0.535648 -1.79635 0.388382 1
244 -0.19723 -0.829908 -0.717806 1
245 -0.657987 -0.407818 -1.32406 1
246 0.522997 -0.233462 -0.395485 1
247 1.81011 0.517849 -2.51973 1
248 2.49753 0.477344 6.07536 1
