0 0 0 0 0
1 2.27785 0.522804 0.900123 1
2 -0.115525 0.139549 -1.12702 1
3 0.277759 -0.392122 -0.136042 1
4 -1.82458 -0.805681 2.44172 1
5 1.03084 -4.53443 1.93054 1
6 2.39611 -0.984892 0.328344 1
7 -0.91932 -0.388049 -0.181711 1
8 0.548925 1.21551 0.355913 1
9 -0.76665 1.69877 -1.76706 1
10 0.465697 1.11224 1.3394 1
11 0.440221 0.21996 -0.295185 1
12 0.208654 0.538431 0.945241 1
13 1.64334 -4.33055 1.51785 1
14 0.540555 0.873155 0.740652 1
15 -2.06957 0.782493 0.680744 1
16 -0.352481 -1.02753 0.271292 1
17 0.795613 0.185027 1.1138 1
18 -56.7559 -25.948 37.1352 1
19 58.0423 -54.4474 -71.7956 1
20 -0.964309 2.08681 -4.08346 1
21 0.27987 -0.986808 -1.03349 1
22 1.14543 -1.43004 -1.0977 1
23 -0.510923 -0.10848 -0.557678 1
24 -2.16222 1.68547 0.749358 1
25 0.306211 -0.822246 3.57764 1
26 3.22437 3.09462 3.48225 1
27 -1.11427 -2.44632 -0.562027 1
28 -0.653946 2.89142 0.309352 1
29 1.19006 -1.35858 -0.0819675 1
30 0.898948 22.2297 1.7255 1
31 0.623916 -0.83736 0.329866 1
32 -6.40759 4.20042 -5.37377 1
33 -4.12747 1.09661 -1.28241 1
34 -13.6559 -10.9995 -25.082 1
35 1.28681 1.0926 0.136256 1
36 -1.45867 4.13945 1.33398 1
37 3.76726 3.03427 -6.05303 1
38 -0.562514 0.543593 0.655172 1
39 0.462398 1.46856 1.05051 1
40 -1.4712 -0.382249 3.75103 1
41 -0.146456 0.685826 -0.0116706 1
42 -1.16799 2.74349 0.955337 1
43 -0.549768 1.55375 1.92412 1
44 1.65094 -2.44796 -0.71159 1
45 0.488793 -2.42442 -0.841006 1
46 1.02465 0.384933 0.374554 1
47 -1.03575 -1.06857 0.292915 1
48 -0.486266 0.789377 -0.729493 1
49 -0.714967 1.04145 -0.704191 1
50 -0.422256 -0.953851 0.700747 1
51 7.78575 5.80329 3.19352 1
52 -0.789539 0.689626 -0.355904 1
53 8.22225 4.90671 -4.32461 1
54 2.49016 -1.54899 -0.461854 1
55 -0.0701143 2.06736 -0.838033 1
56 0.359317 -0.860102 -1.44725 1
57 -1.46819 1.57032 -0.433671 1
58 4.60612 3.66011 1.34851 1
59 -0.827002 -0.63815 2.46324 1
60 -0.161667 -1.01645 1.84759 1
61 0.664546 -0.444178 0.18858 1
62 0.708529 -1.13876 1.39758 1
63 0.456742 0.480674 -0.0701108 1
64 -0.182648 0.104746 -0.705312 1
65 0.305657 0.207386 -0.264449 1
66 0.854839 -0.0226612 1.0156 1
67 0.921973 -0.0386927 0.0643624 1
68 -0.342906 0.509371 -0.427529 1
69 -0.985182 0.362336 -2.282 1
70 -0.247033 0.939452 1.20786 1
71 -0.77799 0.294821 -1.32186 1
72 -2.45226 -1.44463 2.14811 1
73 6.10047 -3.30161 10.1691 1
74 2.73255 0.916219 -1.12429 1
75 -3.67093 2.04522 0.707672 1
76 0.765287 0.0549848 4.52866 1
77 0.0803493 -0.160076 -1.40165 1
78 1.01721 -1.25873 -0.873919 1
79 5.38977 -9.07268 -1.24159 1
80 0.841883 -0.193162 0.319367 1
81 -1.35798 -0.528766 -3.22105 1
82 -1.48951 0.224999 1.39864 1
83 0.798169 0.854207 -0.211015 1
84 13.7308 12.1843 -8.67829 1
85 -0.0941733 0.38392 0.511976 1
86 1.5373 -0.193436 -0.143874 1
87 1.28558 1.20711 0.794121 1
88 0.401494 0.449014 -0.251332 1
89 1.62351 0.670094 -1.88695 1
90 -1.68773 -1.21695 -1.95814 1
91 1.39526 -2.0547 3.20192 1
92 -0.134886 -0.281993 -0.242966 1
93 0.530759 -0.0938106 0.246019 1
94 9.9506 -10.059 4.41412 1
95 7.00886 -0.656535 -4.3718 1
96 6.26193 -30.0603 16.172 1
97 22.0065 18.6704 -16.6743 1
98 6.62602 5.53513 7.89837 1
99 -0.924673 -0.923308 -0.232141 1
100 0.154356 -0.15358 -0.920786 1
101 7.35666 8.59125 23.8273 1
102 -2.2044 -0.166581 0.0270116 1
103 0.539992 1.4945 3.20169 1
104 1.72311 0.35799 2.48228 1
105 17.9392 -2.32323 -5.82434 1
106 1.23348 -0.992718 -0.051722 1
107 0.517775 0.0496443 0.0831844 1
108 0.381009 0.225904 0.730296 1
109 1.68714 -1.47336 -1.2366 1
110 -2.99566 -5.17052 -5.54983 1
111 5.00095 -2.40715 1.25373 1
112 -0.364654 0.419316 -1.08504 1
113 -1.09485 0.900785 0.0857998 1
114 0.437526 -1.34452 0.348024 1
115 -9.7004 -12.1703 7.2381 1
116 2.84176 -4.15446 -3.40295 1
117 1.61082 0.706687 0.530701 1
118 -0.668978 -0.700631 -3.94371 1
119 -2.82293 -1.81329 2.91144 1
120 -16.4444 6.15311 18.1918 1
121 -0.260287 0.231063 -1.34314 1
122 -0.183312 0.11976 -0.406972 1
123 1.37136 -0.339388 -1.62534 1
124 -0.0120428 -0.432885 0.344833 1
125 3.19293 0.654296 -19.2385 1
126 0.806656 -4.88556 4.61333 1
127 0.0287408 0.693228 -2.77402 1
128 0.0956907 0.414262 -0.481685 1
129 0.146201 -0.272717 -0.593289 1
130 3.13685 2.56196 0.434415 1
131 12.1609 -1.11765 14.9833 1
132 -1.76683 -2.48492 -1.47831 1
133 -0.0465661 -0.0591591 -0.141704 1
134 -5.92722 2.4523 0.736187 1
135 0.708946 -0.569518 0.0477312 1
136 1.60067 0.954702 0.348975 1
137 -0.360757 0.27766 -3.0148 1
138 1.21036 0.171742 0.726603 1
139 -2.07631 -9.68385 0.123078 1
140 -2.40888 0.487109 2.89363 1
141 0.271412 0.364535 3.28987 1
142 -2.04934 -1.36355 3.44426 1
143 0.011939 0.412171 0.309297 1
144 -9.42286 -2.54707 3.93894 1
145 -1.55939 -0.128553 -0.392722 1
146 -0.045976 1.40242 0.975881 1
147 0.433121 0.935552 4.04169 1
148 1.073 -0.538706 -0.728059 1
149 -2.03035 -1.09595 -2.87852 1
150 1.92807 -10.4849 -3.77554 1
151 -6.12372 -5.39207 -12.3097 1
152 -2.83684 0.264445 2.65601 1
153 -0.931092 1.15546 7.18328 1
154 0.27987 -0.986808 -1.03349 1
155 0.511065 -0.643983 0.913832 1
156 -0.79437 -1.63798 -0.523955 1
157 -2.8472 -7.01401 -6.79725 1
158 -3.59121 -3.50158 -3.69144 1
159 1.1226 1.11091 -0.0679946 1
160 0.457427 -0.913121 -0.793641 1
161 -0.324345 0.0994775 -4.10016 1
162 -0.823443 -0.531139 0.708169 1
163 0.424944 0.384016 0.286251 1
164 6.15312 5.73568 9.0668 1
165 -0.0365711 1.1589 -0.508272 1
166 -0.272175 -1.48708 -2.4271 1
167 -0.225243 2.35547 1.62514 1
168 30.4074 33.6358 -4.19201 1
169 0.32135 -1.15508 0.630655 1
170 -0.612138 -0.0998178 -0.776005 1
171 -6.62752 -2.62022 8.85839 1
172 -0.751845 0.209744 0.787508 1
173 -0.706774 -0.826692 0.231678 1
174 0.160915 1.70201 0.58897 1
175 1.22663 -0.621841 -6.11359 1
176 0.410047 0.59457 -0.379189 1
177 0.503872 -1.65186 -0.299353 1
178 0.270944 0.431272 0.73751 1
179 0.27987 -0.986808 -1.03349 1
180 -2.69344 -5.54863 -3.24253 1
181 -0.92803 0.482806 1.29112 1
182 1.52111 0.675891 0.231019 1
183 6.25459 -0.0919875 6.46681 1
184 -0.763882 -1.3359 -0.845522 1
185 -1.09485 0.900785 0.0857998 1
186 -5.92471 -2.12436 23.8918 1
187 -6.79899 7.76472 -2.04432 1
188 -4.52644 3.69577 -7.58178 1
189 0.112022 0.741641 0.16051 1
190 0.275024 -0.473833 0.357242 1
191 0.241411 0.742259 1.13146 1
192 1.78671 -17.0521 20.7288 1
193 -0.291063 0.42327 -0.958281 1
194 0.227484 1.58404 -0.489812 1
195 0.517775 0.0496443 0.0831844 1
196 -1.81955 3.49749 2.24245 1
197 -0.76665 1.69877 -1.76706 1
198 -1.5063 -0.0206879 1.39745 1
199 1.14992 -0.534922 -0.342809 1
200 7.32349 8.33709 -6.05238 1
201 6.93869 14.2799 1.16706 1
202 -1.54564 -0.26201 -2.91302 1
203 1.01721 -1.25873 -0.873919 1
204 -0.381379 4.31036 -1.9845 1
205 1.92615 1.02198 0.288328 1
206 211.736 -65.1525 -348.599 1
207 2.8344 -15.8213 26.0924 1
208 -0.0563184 0.631289 -0.634647 1
209 5.88076 -53.6253 9.95565 1
210 -1.26961 1.27454 1.01481 1
211 -0.316201 0.358027 -0.412742 1
212 1.53687 0.113604 0.315643 1
213 0.0616663 0.70822 0.554827 1
214 -2.06957 0.782493 0.680744 1
215 -3.58872 -0.574829 1.2798 1
216 -1.99112 0.911175 1.93479 1
217 -0.0149394 0.814619 -0.938444 1
218 0.280542 0.580493 -0.879827 1
219 1.4701 -1.76938 -0.545479 1
220 -2.01241 -0.631378 -1.14698 1
221 -3.25238 -0.753749 5.71237 1
222 0.153478 -1.14382 0.597375 1
223 -0.429547 0.0863206 1.83691 1
224 -0.422834 -0.37679 -0.81113 1
225 -0.000963682 0.968296 1.76357 1
226 1.37445 -1.10324 0.731185 1
227 65.7103 106.523 -196.068 1
228 -0.513723 -0.812334 1.29233 1
229 1.16638 -0.0862702 0.388724 1
230 1.87159 -1.7474 -0.97949 1
231 10.3652 -0.72156 -11.2954 1
232 2.20345 0.277908 1.00318 1
233 -3.40524 1.75497 0.786702 1
234 -3.57871 -1.36223 -1.21652 1
235 -6.00251 -1.90844 -0.106072 1
236 -1.4355 -0.0901244 0.473794 1
237 0.0307011 -1.75987 -1.16791 1
238 -3.59926 3.59432 -3.57943 1
239 -1.55997 -4.22708 -1.62683 1
240 0.134548 -1.52889 -2.09184 1
241 -1.25998 -3.11276 -0.42574 1
242 -1.72078 3.56297 -1.0257 1
243 -0.372965 0.819629 4.45202 1
244 6.61389 2.86959 -1.22637 1
245 1.95122 -3.6065 0.0580847 1
246 1.20617 -0.847318 -0.101277 1
247 -1.33767 -3.2228 -0.331833 1
248 1.39996 -0.800412 0.137483 1
