0 0 0 0 0
1 0.70827 -1.84871 2.37125 1
2 0.603505 0.439566 0.144817 1
3 -0.221483 -0.412102 0.513292 1
4 -0.421075 -4.63397 0.238208 1
5 -1.18778 1.07614 1.7786 1
6 -1.15979 -5.13968 -2.18278 1
7 -0.0816367 0.182005 1.61381 1
8 -0.890515 0.353324 -1.01607 1
9 0.135596 -0.366608 1.46477 1
10 3.45514 3.38385 7.98087 1
11 -0.716802 0.691166 0.550447 1
12 0.389325 -0.312916 -1.43619 1
13 -0.521832 -0.559432 2.05089 1
14 1.37627 2.68303 0.115192 1
15 1.07036 1.11128 -1.60057 1
16 -5.29084 5.6979 4.24168 1
17 3.80948 7.80607 -8.30123 1
18 0.0992693 -1.04399 -0.605871 1
19 69.6371 63.597 -0.347573 1
20 0.138581 0.552724 -0.531304 1
21 -1.06933 0.463792 1.8298 1
22 2.88998 -0.842316 1.74545 1
23 -0.189093 -0.672037 -0.0838875 1
24 2.96012 0.183978 1.02181 1
25 -0.525246 0.505061 -1.45022 1
26 -0.784624 0.0657196 -0.199944 1
27 -1.0715 -10.5588 -9.61654 1
28 0.931425 -0.638534 -0.424634 1
29 -6.71659 -0.988127 -5.43167 1
30 0.848503 3.0871 6.17536 1
31 1.31587 1.66112 1.15687 1
32 4.29361 -4.45715 0.824779 1
33 -2.49019 6.63529 -11.1529 1
34 -0.262538 0.922989 -0.00953265 1
35 183.21 1177.33 59.3619 1
36 2432.22 -1577.44 -1299.09 1
37 0.51578 -2.25807 -0.388639 1
38 -0.744482 0.762991 -1.66303 1
39 -3.25332 -3.22581 10.1582 1
40 -40.1065 39.5557 -82.8075 1
41 0.111044 0.431276 -1.15488 1
42 2.55398 -0.301518 -3.31156 1
43 -7.75427 -1.54694 5.71609 1
44 -2.28204 -2.49395 -5.78491 1
45 -1.5527 -3.06588 1.01399 1
46 2.31874 -2.03637 -1.11802 1
47 -8.06041 -8.06197 -11.538 1
48 1.43958 -1.29602 -0.483086 1
49 2.35651 0.968846 -1.66903 1
50 0.207984 0.203695 0.243573 1
51 -0.836928 -2.28371 0.125906 1
52 127.025 16.5819 -24.8314 1
53 -0.535038 -0.559407 0.103982 1
54 1.63634 -0.556707 -5.06816 1
55 0.0958592 -0.451982 -0.420516 1
56 0.892873 0.916234 -0.430484 1
57 -0.972181 -2.10509 0.242262 1
58 -1.16281 -2.23823 -0.102796 1
59 -0.420716 0.153848 -0.674343 1
60 -1.10052 -0.936867 0.0960169 1
61 -4.57177 -1.43696 0.703223 1
62 0.103855 -0.190429 0.363105 1
63 -0.224033 -0.756606 -1.18824 1
64 2.18382 -3.59712 0.788179 1
65 -1.49541 0.911072 -0.0748033 1
66 -0.820144 -0.2091 1.73399 1
67 0.313185 -0.716271 -0.0179221 1
68 2.41742 -0.22355 -1.15915 1
69 -0.136162 -0.460705 0.833932 1
70 -8.11151 -4.19241 14.5348 1
71 4.28525 -0.369013 -0.858546 1
72 1.1592 -0.736078 -0.135085 1
73 4.88813 -0.716707 1.26028 1
74 0.269931 -0.661188 -0.731344 1
75 -12.0007 -0.120349 30.1031 1
76 -40.314 39.6325 31.0026 1
77 0.850752 2.94931 -1.55155 1
78 -0.409828 0.205938 1.02656 1
79 2.59583 1.20027 -0.86751 1
80 -0.119944 0.324141 1.10839 1
81 -0.0907467 -0.427843 -0.37324 1
82 -0.0143794 -0.123492 -0.412796 1
83 2.80406 -1.98817 0.0100402 1
84 -0.0258996 -0.322974 0.0745767 1
85 0.400553 0.687782 1.05935 1
86 0.83599 1.6112 0.389787 1
87 -0.297044 -0.959034 -1.83017 1
88 1.19395 -0.55846 0.850755 1
89 4.66466 -1.07761 2.72895 1
90 -5.02899 2.15285 1.28372 1
91 4.09088 -3.0659 1.52018 1
92 1.89565 -2.02547 -0.614858 1
93 -0.0741888 0.45932 0.977922 1
94 -0.248925 0.571802 -0.269274 1
95 0.133671 0.409136 -0.521141 1
96 -4.41002 -2.19994 -0.0664086 1
97 1.04169 -0.590691 0.174706 1
98 -0.0551472 -0.513339 -1.55489 1
99 3.39713 1.50875 3.76292 1
100 -1.22336 -1.19854 -0.0528279 1
101 0.370325 -1.65126 0.181645 1
102 3.58854 -0.842878 -1.11674 1
103 19.5745 -27.2652 -17.7753 1
104 0.235358 1.11092 0.791261 1
105 1.82862 0.660837 0.102915 1
106 2.13398 0.387992 -1.03864 1
107 -0.107245 0.560021 -1.65841 1
108 0.707899 -0.109534 -1.53796 1
109 -0.625135 -0.934683 -0.890281 1
110 0.846813 -0.375429 0.0747579 1
111 4.03804 -1.22898 2.16118 1
112 -0.389602 2.32907 -0.154895 1
113 -0.376441 -1.2754 -1.961 1
114 -0.198447 0.356845 -0.29892 1
115 -2.66198 -0.43341 2.06846 1
116 -1.30227 2.50327 2.10439 1
117 -1.37305 1.52013 -0.811418 1
118 -2.07999 -4.01766 -0.0726109 1
119 0.122036 1.3405 1.39867 1
120 0.468579 0.168164 0.746953 1
121 0.608188 -0.609548 4.71383 1
122 -1.45984 -1.26594 0.696253 1
123 1.32738 0.374299 2.55887 1
124 -2.00315 -0.516007 -0.539947 1
125 -6.22428 0.124676 3.03533 1
126 8.1365 18.8077 3.77696 1
127 -0.953801 -3.15877 1.20916 1
128 0.567712 0.0916217 -0.472782 1
129 4.51777 -1.51701 -2.71412 1
130 1.60189 0.253591 -1.15142 1
131 -0.23637 0.0855034 -0.209348 1
132 2.54068 -0.270164 0.36934 1
133 2.42831 1.5871 0.697145 1
134 1.98296 3.06392 -3.6223 1
135 0.751936 -0.417215 0.309039 1
136 -0.256576 -0.679891 0.810107 1
137 2.21103 3.26779 -1.77917 1
138 0.797356 -0.350564 -1.67605 1
139 0.662288 0.297034 0.192954 1
140 0.809011 0.957342 -1.54331 1
141 0.795964 -3.33773 0.639021 1
142 0.319376 -1.10823 -4.01401 1
143 -18.4027 4.10804 -13.1079 1
144 -0.539056 0.82294 0.116737 1
145 -0.220129 0.447028 0.213193 1
146 0.0516322 -0.832471 -0.311152 1
147 2.41414 -0.766448 -1.22838 1
148 -0.159991 -0.223395 -0.813187 1
149 -1.75897 2.66635 -8.25715 1
150 -1.26056 0.461345 0.292394 1
151 -0.105519 0.944068 0.70505 1
152 -0.772417 2.42214 -0.517573 1
153 1.08773 -0.753615 -0.613662 1
154 -0.047468 2.44593 0.313056 1
155 1.24095 -0.50198 -0.109091 1
156 -2.82305 1.502 0.837584 1
157 0.108819 0.252747 0.284968 1
158 -0.217727 -0.566727 -0.088397 1
159 6.08058 0.421446 2.97522 1
160 0.236751 0.253416 -0.398143 1
161 -2.54385 -1.66112 0.656352 1
162 0.102642 3.63039 -0.276846 1
163 1.29409 -0.975925 3.27862 1
164 -7.02405 1.69002 1.64163 1
165 4.07111 -6.53299 -10.2809 1
166 -0.408019 -0.271995 -0.136796 1
167 -0.205098 -2.40546 1.21862 1
168 -2.73994 2.27748 0.0250483 1
169 -3.15674 -1.17279 -0.812169 1
170 2.57391 -1.22353 5.51901 1
171 -2.37251 4.46483 -1.79868 1
172 0.139078 -0.67847 -0.273281 1
173 0.822276 0.115421 -1.32912 1
174 0.386623 0.656216 -0.0105797 1
175 0.873479 1.34625 -0.681811 1
176 0.0731291 -1.10698 1.27161 1
177 -1.25848 -0.179235 0.629337 1
178 -4.69472 3.60229 2.45965 1
179 0.735419 -2.74779 -1.48154 1
180 -0.59605 2.1332 0.362319 1
181 -0.585492 -1.85302 0.553623 1
182 0.93712 1.62108 3.99524 1
183 0.536057 1.41759 -0.419313 1
184 0.694761 -0.0126516 -0.777149 1
185 0.513049 0.303737 1.23082 1
186 -0.542151 1.25259 6.27713 1
187 5.0798 -5.48286 8.89479 1
188 -3.63324 3.36277 -0.564114 1
189 -0.509289 -0.0240009 -0.497025 1
190 0.188527 1.46498 -2.27053 1
191 0.129578 0.726671 -0.351804 1
192 0.0302257 0.134295 -0.549631 1
193 14.4111 7.39156 -11.5026 1
194 -0.0559603 -0.228488 0.894762 1
195 -4.47977 -1.5374 1.53324 1
196 0.408096 0.173822 0.0442298 1
197 11.3339 -4.02722 8.97308 1
198 -1.2776 -2.50208 2.37261 1
199 3.20266 -1.64814 -1.1097 1
200 -16.097 9.11663 -8.23757 1
201 21.4225 57.7649 -30.7113 1
202 0.3424 -0.303556 0.555486 1
203 8.4015 -3.4687 -3.56678 1
204 0.32771 0.0606427 -0.458393 1
205 0.648171 0.521071 -0.35484 1
206 -0.952115 -0.225214 0.15953 1
207 1.69993 1.15647 1.50621 1
208 -0.670389 0.964997 -3.07768 1
209 7.44541 -1.57838 1.35935 1
210 -3.81435 -1.88907 3.95032 1
211 -0.872276 -0.592945 0.0661169 1
212 -0.91958 0.925738 -2.96888 1
213 1.09538 -0.0126132 -0.87314 1
214 -0.585492 -1.85302 0.553623 1
215 1.24548 1.42758 -0.564131 1
216 0.824688 -0.689144 0.458024 1
217 0.143405 -0.490906 -0.455017 1
218 1.25876 -3.78476 2.50531 1
219 -2.80927 -1.51565 0.418597 1
220 -0.30914 4.09757 15.5866 1
221 3.90467 -10.9004 2.53578 1
222 -0.414508 0.205759 0.480366 1
223 8.83645 15.1791 -1.86317 1
224 -1.69836 0.815341 0.804318 1
225 0.529973 -0.163572 -0.39474 1
226 1.88854 -0.879195 -2.69767 1
227 3.23237 4.15548 -4.66767 1
228 -0.47371 0.0425909 -1.16684 1
229 0.103552 1.06822 -2.48703 1
230 -2.74389 -0.282814 2.25509 1
231 0.86002 -0.70201 0.39434 1
232 2.34493 1.20717 -0.41879 1
233 25.9484 -32.8864 -15.9505 1
234 0.212732 -0.705916 -0.800376 1
235 -2.3988 0.218807 -1.68766 1
236 5.62785 5.39426 5.07424 1
237 -62.7106 -22.0632 -0.248125 1
238 0.135287 1.64386 -0.022332 1
239 -0.346117 -0.160345 -1.32416 1
240 -3.86604 0.85541 -0.582165 1
241 -3.08883 4.62403 0.0383413 1
242 0.318753 0.328733 -4.16616 1
