0 0 0 0 0
1 -1.16688 -1.54154 -0.196637 1
2 -0.118825 0.0353403 0.805185 1
3 1.11802 0.101027 0.107193 1
4 -0.288329 -3.09547 5.42327 1
5 0.881869 -0.190422 -1.5873 1
6 1.21968 -0.865285 0.583582 1
7 -4.89706 -3.17119 3.49376 1
8 3.2417 1.42799 4.48198 1
9 1.12818 3.43394 -0.997747 1
10 -0.853181 -0.910361 -0.235609 1
11 0.15354 0.280246 1.70842 1
12 -12.634 -13.8462 2.80429 1
13 -0.84504 -2.33507 -0.145361 1
14 -1.49903 0.363709 0.657473 1
15 0.457788 0.0909081 -0.44878 1
16 -0.516429 2.30328 0.917443 1
17 5.3763 -0.630784 0.832445 1
18 1.80179 -0.223242 2.28254 1
19 0.374317 -0.305779 0.736009 1
20 1.33722 -1.71546 0.6459 1
21 -0.42115 -0.795409 -0.749236 1
22 -10.8182 4.01622 3.65391 1
23 1.49569 -1.21991 1.17156 1
24 -2.96445 -1.00298 -2.35425 1
25 0.810836 1.12841 0.905342 1
26 -0.523319 0.847415 -0.606451 1
27 2.22862 1.18982 0.218215 1
28 -0.0576219 0.0718591 1.31156 1
29 0.375731 -1.03625 -0.0547783 1
30 4.29524 1.66706 -7.57545 1
31 -0.165981 0.800343 -1.88099 1
32 -0.00250495 0.787249 0.574502 1
33 45.6886 13.3078 -38.6998 1
34 -0.0824252 -1.51766 1.34401 1
35 -0.64484 1.30642 -0.568006 1
36 -7.09135 -0.00184879 0.98094 1
37 -3.4746 -70.9734 -123.382 1
38 1.06834 2.04552 0.221484 1
39 -0.0294847 -0.373649 -0.142292 1
40 -38.0167 28.3466 -55.3148 1
41 -0.499407 1.82534 3.37759 1
42 0.764122 0.76293 -1.17489 1
43 -0.1106 0.0197375 0.821982 1
44 8.44982 -3.25321 -1.57288 1
45 3.13086 -0.339795 -1.47895 1
46 0.108613 2.85535 1.42149 1
47 -0.252269 1.17832 0.35186 1
48 -2.44595 0.509238 0.797086 1
49 -9.21621 -11.9636 13.1551 1
50 -3.31164 -0.43764 -1.11401 1
51 0.134865 -0.43352 -0.436298 1
52 2.55576 -0.0711886 0.931647 1
53 -0.11167 0.751016 1.7314 1
54 0.674765 0.253557 -0.567939 1
55 -0.448546 0.0921214 1.42349 1
56 -1.71674 -0.0724482 -2.30969 1
57 0.550313 0.368374 5.75694 1
58 -4.65062 -0.871224 2.81848 1
59 -1.3796 -0.548629 2.2725 1
60 -0.512639 0.347461 0.848708 1
61 26.7477 10.7204 14.8656 1
62 -1.30154 -0.0479993 1.1211 1
63 0.756265 0.497209 1.19267 1
64 1.06751 -0.282353 0.174332 1
65 0.97989 -0.00383963 -0.896492 1
66 -1.41399 -1.03876 21.9821 1
67 0.222073 -0.15198 0.448324 1
68 0.172084 -0.77241 -0.291905 1
69 -3.05843 1.40443 -2.05732 1
70 -0.255056 0.48213 1.82571 1
71 1.21881 0.273106 2.2199 1
72 -0.762209 -0.101772 -1.15705 1
73 1.31956 1.24483 -1.8454 1
74 1.44083 0.426642 0.255799 1
75 -71.6024 -176.507 -66.6305 1
76 1.1059 -0.39003 2.34994 1
77 0.425744 0.537989 -0.0529668 1
78 0.944431 -1.00962 -0.143456 1
79 -0.736468 0.771956 -1.76703 1
80 0.527098 -0.700824 -1.33573 1
81 3.15111 -0.0831104 -2.20797 1
82 2.03768 -1.13337 0.448656 1
83 -4.57987 1.94829 -5.27064 1
84 1.05743 -1.29275 0.156585 1
85 0.529249 0.385008 0.0789559 1
86 0.795511 0.0348416 0.772349 1
87 -5.76114 -9.38972 14.3271 1
88 11.9363 -4.83498 -54.42 1
89 -1.35045 -0.391914 -0.175807 1
90 1.01043 -0.774031 -2.44107 1
91 0.0519672 -1.07798 -1.53614 1
92 10.7026 12.3713 -33.629 1
93 2.06819 0.633565 0.650063 1
94 73.5303 -330.563 -45.0796 1
95 -0.818015 -1.98207 0.394319 1
96 -0.17762 -0.103127 0.65779 1
97 0.585949 -1.13898 0.376585 1
98 -5.82627 -4.45411 5.43306 1
99 -0.175111 -0.6856 0.0810259 1
100 -235.26 798.772 -522.847 1
101 -0.431945 1.29436 -0.377462 1
102 0.742799 0.509658 0.0606483 1
103 1.39283 -0.0834022 -1.44027 1
104 0.686823 -2.66297 3.54924 1
105 8.36659 -11.2409 -12.186 1
106 2.7161 -3.89554 11.4167 1
107 0.462462 -0.751699 0.0587426 1
108 -0.455265 -2.3824 1.01095 1
109 -10.2379 -1.74682 2.35254 1
110 5.56807 17.0303 34.9789 1
111 -1.46571 -1.44023 -0.665573 1
112 -16.6841 -6.57232 -8.19958 1
113 -0.866129 0.989 0.000250189 1
114 -13.2871 -28.5476 -13.4487 1
115 -22.8927 34.3315 -14.9434 1
116 -0.479799 -0.875431 3.90964 1
117 2.28531 -5.28789 3.23967 1
118 2.55315 -5.79557 -2.26354 1
119 0.119582 0.983489 0.327525 1
120 0.45555 -1.25768 -0.0779933 1
121 1.24671 1.12744 -0.522269 1
122 5.615 -0.743791 -14.3345 1
123 -0.0687424 -0.368737 -1.30814 1
124 0.486559 -0.267849 -0.599154 1
125 -0.042872 -1.1391 -0.60786 1
126 -2.89167 1.68769 2.39491 1
127 -1.05428 0.680836 1.97452 1
128 2.16162 -0.372691 -0.967603 1
129 -0.650211 -0.461207 -0.0213843 1
130 -1.68707 -0.0799902 2.82309 1
131 0.381846 0.844451 -0.178411 1
132 0.367079 0.0455047 0.57465 1
133 2.44981 3.31327 -1.76548 1
134 -0.419983 2.4624 -1.3533 1
135 0.127667 -0.661297 0.372445 1
136 -8.37419 -0.543502 -4.76037 1
137 -6.43867 -2.37535 -10.7211 1
138 2.05766 -0.460985 -1.78076 1
139 -2.48976 0.748182 0.955756 1
140 -27.0305 -62.5972 -16.4146 1
141 -0.2172 0.408248 0.493749 1
142 -0.448546 0.0921214 1.42349 1
143 0.325838 -1.60741 0.572061 1
144 -0.906916 0.848026 -0.888495 1
145 2.44981 3.31327 -1.76548 1
146 0.802315 -0.591192 1.07786 1
147 2.37038 7.87306 -3.97421 1
148 -0.601632 0.84379 -0.966398 1
149 -8.82224 12.7167 6.56465 1
150 -7.40785 -9.76232 -10.3377 1
151 -0.603582 0.511381 0.493313 1
152 2.78564 -4.61286 4.34609 1
153 -0.2718 -0.29196 -0.0349957 1
154 -2.79602 -1.18533 0.214003 1
155 10.1512 3.55891 0.750158 1
156 -2.38389 0.863707 0.241596 1
157 1.49569 -1.21991 1.17156 1
158 -0.696769 -0.384367 -2.45515 1
159 0.111638 0.266112 0.0541941 1
160 0.000334433 0.394387 -0.0576812 1
161 0.151538 -1.0465 2.60917 1
162 -85.2803 -78.1295 -33.0582 1
163 0.624594 0.142015 0.14891 1
164 -1.22714 -0.670404 -0.611419 1
165 1.14096 -0.99795 -0.0546585 1
166 1.40921 1.91456 -3.82872 1
167 0.895648 -1.45185 -0.482354 1
168 5.73814 4.91483 -6.77974 1
169 -56.8242 -48.6131 -6.40494 1
170 -0.500714 6.10453 6.46759 1
171 0.382971 2.07804 -1.16096 1
172 10.8412 0.898335 -8.17458 1
173 -26.215 -7.27385 -3.09848 1
174 -0.955055 -0.046677 0.814963 1
175 0.11165 -3.42729 -4.14853 1
176 -0.796129 -0.269196 0.208579 1
177 -10.5683 -5.2929 -5.473 1
178 -1.72901 0.230657 -3.18385 1
179 0.795511 0.0348416 0.772349 1
180 -11.1538 -0.984215 2.34667 1
181 0.766273 -6.83115 -0.917933 1
182 1.10269 1.45147 -1.87181 1
183 -0.0577839 0.438153 -0.403501 1
184 3.8727 -4.48083 4.99667 1
185 -0.630403 1.19133 0.210161 1
186 -1.64199 2.63135 0.237416 1
187 17.8088 -18.269 8.05699 1
188 -1.55321 -0.110206 -1.23111 1
189 -0.682615 -0.770824 -0.178946 1
190 0.151538 -1.0465 2.60917 1
191 -0.561798 0.167239 -0.45663 1
192 -0.0332049 0.858106 -0.72503 1
193 -0.236179 2.44852 -1.71377 1
194 0.231791 -2.77048 -0.121534 1
195 -0.22625 -0.29439 1.72554 1
196 0.275711 0.28716 -0.521225 1
197 -3.98303 -3.15503 0.27921 1
198 5.26351 -2.91774 0.509218 1
199 0.661976 0.240673 0.71921 1
200 0.956453 -0.54207 -1.8705 1
201 -1.3733 -1.26748 -0.290248 1
202 -4.64543 2.37953 -0.893957 1
203 0.624181 0.512714 0.51026 1
204 -1.33669 -0.92983 0.0881045 1
205 32.1164 7.16332 -49.3113 1
206 1.54196 -1.65653 -0.592791 1
207 -10.8567 7.45008 1.03803 1
208 1.29561 3.8139 1.61774 1
209 -0.714819 -0.100932 0.775125 1
210 -36.4167 7.74378 4.24907 1
211 -0.792654 -0.34163 1.24499 1
212 -1.01985 -5.63154 2.57228 1
213 -1.11359 -1.92335 -1.88874 1
214 -0.0223869 0.676615 -1.68541 1
215 0.0830051 -0.412381 -0.788844 1
216 4.18726 -11.3569 -4.5074 1
217 -0.496432 0.479378 0.123669 1
218 -0.109187 -1.5912 0.374306 1
219 -0.471822 0.757578 -0.625109 1
220 2.10299 -1.58693 1.33069 1
221 0.71557 -0.0602453 2.0607 1
222 -2.7495 -2.62116 4.25397 1
223 -0.771674 0.381307 -2.01579 1
224 0.411027 0.34901 0.157596 1
225 -3.16627 0.224951 -1.18385 1
226 -1.17273 -0.844613 -1.13477 1
227 -0.141845 -0.0508014 0.50635 1
228 -0.380657 -1.29458 -1.22499 1
229 0.0808768 0.959044 0.64956 1
230 1.3441 1.21835 0.0795374 1
231 0.282545 -0.317405 1.19355 1
232 -0.570698 -1.47196 -0.0480415 1
233 0.474416 0.00440699 -3.01699 1
234 -0.204679 0.338542 1.44828 1
235 -1.20092 -3.82732 -0.772927 1
236 -2.08545 0.849156 -0.463019 1
237 0.139667 -1.08943 0.808626 1
238 1.16405 -0.545034 0.000200359 1
239 -12.0615 2.67115 2.56047 1
240 13.0176 -21.6043 4.32749 1
241 0.121636 -1.02804 0.894653 1
242 -0.856744 0.0206383 0.168668 1
243 1.18016 -3.62456 -1.39117 1
244 -20.3909 5.07682 -4.00483 1
