0 0 0 0 0
1 -0.0669893 0.268882 -4.34755 1
2 4.1641 3.74027 3.67723 1
3 1.05844 0.286539 -0.526419 1
4 6.32125 1.75675 5.02287 1
5 0.690305 -1.21116 -0.331202 1
6 0.112062 0.879028 1.72278 1
7 -2.00598 -0.0770869 -0.954939 1
8 0.0913227 0.679731 0.744018 1
9 -0.859266 -0.828539 -2.16222 1
10 -5.73421 8.86895 -4.46832 1
11 -1.75179 0.529996 1.20668 1
12 -6.82555 3.51434 -3.32107 1
13 0.682421 -3.30709 0.180726 1
14 1.00875 -0.807168 -0.445117 1
15 0.132112 1.22029 0.790425 1
16 17.6002 2.85891 -7.84922 1
17 0.422606 -0.241413 0.577195 1
18 -1.4584 -2.54943 -0.913808 1
19 -0.930159 -0.0803394 1.11892 1
20 0.307173 -0.313353 0.120583 1
21 3.085 2.04275 -0.656916 1
22 -0.293311 1.04037 0.513905 1
23 -2.75603 -0.49726 -0.986409 1
24 -1.93666 1.92043 1.2769 1
25 -4.88303 -1.15118 2.77033 1
26 0.839979 0.314734 -0.482774 1
27 -0.999241 1.84941 1.12395 1
28 0.0975155 -0.570524 -0.140862 1
29 -0.509425 0.127899 0.610813 1
30 -0.168206 -1.13203 -0.549606 1
31 0.312508 -0.0130044 -0.438264 1
32 -0.0243048 0.397483 -0.428866 1
33 -0.275841 0.464652 0.19792 1
34 -18.4696 -1.40516 5.91382 1
35 0.236783 -0.50961 0.146557 1
36 -2.43236 -3.71335 -1.51319 1
37 2.28531 0.505127 0.907277 1
38 -2.35618 2.30184 1.64293 1
39 -0.0831156 1.45477 -1.65312 1
40 -0.368865 0.533379 0.262798 1
41 1.03989 -0.360663 2.35188 1
42 -243.183 -814.634 -28.3874 1
43 -0.0604576 -3.639 -3.61943 1
44 0.623454 1.09823 -0.197875 1
45 -0.112122 0.367965 0.632984 1
46 -35.6389 -19.8973 -26.8512 1
47 0.10696 -0.438882 -1.10868 1
48 0.551328 -0.844553 -0.632511 1
49 -2.50684 -0.642393 0.137274 1
50 2.0903 -0.348857 1.16377 1
51 0.501145 0.964586 -0.112487 1
52 4.97178 -0.629341 14.0227 1
53 1.17582 0.780443 0.682382 1
54 1.0109 1.46647 -0.906568 1
55 0.651644 0.521448 1.90037 1
56 -0.82935 1.06098 0.825074 1
57 1.17531 0.504518 1.13769 1
58 1.05893 -2.29384 -2.39502 1
59 -3.56684 -1.55638 -1.42558 1
60 -1.07066 0.539716 3.27059 1
61 0.0612473 1.31589 -0.918108 1
62 -8.38162 1.71856 0.778076 1
63 3.07502 -3.06698 0.490881 1
64 -0.572968 -0.24017 -0.400101 1
65 -0.459224 0.341535 -0.92125 1
66 -0.773779 5.30113 1.34628 1
67 27.3893 -5.50866 4.1966 1
68 -0.292293 1.08218 -0.156394 1
69 0.452556 -1.03938 1.03115 1
70 0.187629 0.633689 0.0131709 1
71 -0.290683 2.36772 3.75588 1
72 1.10197 1.97422 -0.987879 1
73 -3.1759 0.0901013 -0.1941 1
74 -0.760017 -0.0555162 0.42698 1
75 -8.14834 3.61843 -1.69513 1
76 -1.10045 -0.474186 1.03503 1
77 0.714543 -4.31046 1.75835 1
78 0.880645 -0.933306 -0.146444 1
79 0.503674 -1.61975 -0.16739 1
80 -0.432345 -0.788784 -2.38383 1
81 -0.516082 -0.239293 -0.216155 1
82 0.152751 -0.615055 0.463816 1
83 -0.215281 -0.210559 1.89289 1
84 -0.511121 1.11528 -1.16097 1
85 -1307.02 3802.95 -918.875 1
86 -3.16202 -3.39292 -0.034671 1
87 -0.0488182 0.143026 -0.0454547 1
88 3.19609 4.22984 1.3907 1
89 2.27765 1.09842 0.26678 1
90 -2.12734 0.886062 0.604008 1
91 -0.396493 0.509619 0.581517 1
92 -2.84366 0.0989242 -2.18037 1
93 0.786251 3.22446 1.71416 1
94 -0.641809 -0.0547866 -0.71768 1
95 -0.443941 -0.0443 -2.81395 1
96 -0.780432 -5.13483 -3.6016 1
97 -0.906833 -0.133957 0.0876336 1
98 -0.021886 -0.880807 0.395454 1
99 0.0740379 -0.37366 -0.316635 1
100 1.82981 -0.139014 -0.636626 1
101 -0.610316 -0.611587 -0.233523 1
102 0.460919 0.00118604 0.759267 1
103 -1.65965 -1.18203 0.054598 1
104 1.20929 -1.11406 0.119072 1
105 -0.506932 1.0996 0.637955 1
106 -3.23903 1.16905 3.54819 1
107 -3.62178 1.57202 -6.13205 1
108 0.602761 -0.972589 1.12192 1
109 -2.17997 -1.35234 3.73917 1
110 -0.552252 -0.365207 0.0184665 1
111 -0.490602 -0.72117 -0.0588843 1
112 0.850025 -19.641 14.2644 1
113 0.52459 1.35337 -0.627729 1
114 -0.262274 -0.352605 -1.56464 1
115 -1.84411 -2.24236 1.48422 1
116 4.51222 3.58369 0.0791612 1
117 1.8817 0.0482103 1.21408 1
118 0.494846 -4.31211 -1.69552 1
119 7.49305 4.20572 -6.89399 1
120 -1.17536 0.423502 0.66226 1
121 1.40082 -1.10827 -2.54278 1
122 -2.9778 0.383363 -0.018857 1
123 -0.399427 -0.020183 -0.0143892 1
124 0.720487 -2.44246 0.670993 1
125 -0.582972 1.22309 -2.11864 1
126 3.63566 3.30077 1.05393 1
127 -0.132536 -0.150062 1.62979 1
128 -0.963464 -0.0387596 0.193663 1
129 -0.819244 0.356632 4.07418 1
130 -0.742212 -0.599039 -0.467626 1
131 -4.29201 -5.67299 -2.94647 1
132 -0.945253 -0.212899 0.540482 1
133 -1.81606 -1.22942 5.78799 1
134 -0.648817 0.473084 1.72664 1
135 -0.375254 2.68513 -0.436207 1
136 0.11145 1.29947 -0.125091 1
137 -0.021886 -0.880807 0.395454 1
138 -5.94618 1.35146 0.728348 1
139 -0.406854 1.27987 0.873402 1
140 -0.493383 1.92789 1.05781 1
141 -0.121493 0.193832 -0.223221 1
142 3.44081 1.05953 0.562452 1
143 0.79148 -1.71624 2.07829 1
144 -0.0236155 -25.0329 -2.42974 1
145 0.127974 0.525223 -0.402581 1
146 1.46843 -1.59232 0.514495 1
147 0.174245 0.0924499 0.494376 1
148 2.24256 1.11084 3.70643 1
149 -0.866261 1.26445 -2.83111 1
150 2.82909 3.98519 -2.88894 1
151 1.30363 -0.0479114 1.31134 1
152 -0.688893 -8.0748 3.95175 1
153 -0.201676 -0.66107 -0.114685 1
154 -1.18612 0.729462 -1.37112 1
155 0.0624069 0.684274 0.695837 1
156 0.558919 0.333489 3.75473 1
157 -1.26274 0.259867 -1.13046 1
158 1.22366 2.95443 -1.39904 1
159 -1.69016 0.4965 -3.10536 1
160 0.764298 -0.871103 0.0450657 1
161 3.16777 -0.350771 0.0758144 1
162 -0.490454 -0.0255641 0.361172 1
163 0.630559 -1.07665 -1.91985 1
164 -1.30414 -0.346556 -0.096561 1
165 -2.07501 0.904553 -0.493956 1
166 -1.9913 0.168361 -0.671825 1
167 -1.39018 -1.89353 -2.69554 1
168 0.0745844 -0.0320358 -0.413261 1
169 -0.157299 -0.110956 -0.156745 1
170 0.619257 1.44117 -0.271541 1
171 2.43391 -0.683767 1.35093 1
172 0.430558 -0.33333 -0.15062 1
173 2.43586 2.00942 1.36278 1
174 -3.85192 0.27615 1.54373 1
175 -0.421965 -0.0840788 2.81292 1
176 -0.0876882 -0.547422 0.338367 1
177 2.03818 0.0888143 1.43057 1
178 -20.4522 10.6316 9.95329 1
179 -0.193541 -0.0820228 -0.23968 1
180 1.7917 -1.99317 0.0001038 1
181 1.59619 4.18093 -0.658925 1
182 0.170422 1.28742 -0.962579 1
183 -0.600969 -0.244221 -0.382803 1
184 1.20683 2.03953 -1.404 1
185 -4.31197 1.75722 2.49723 1
186 0.605666 0.517637 0.0743767 1
187 6.87583 -0.494771 -3.9513 1
188 -2.21658 -2.26143 -4.42202 1
189 0.510428 -2.40123 -3.61349 1
190 0.353313 1.60354 -0.698494 1
191 1.47102 25.8523 -6.0102 1
192 0.0354985 0.84936 0.089952 1
193 1.66887 1.8907 -1.67439 1
194 -96.3431 194.876 -203.47 1
195 -0.337468 0.383818 -0.562985 1
196 -0.608187 -1.0571 0.24644 1
197 54.6099 -5.22505 7.68164 1
198 2.47115 -0.892647 0.604981 1
199 -1.19421 0.158865 -2.06516 1
200 -0.255719 0.101583 -0.537336 1
201 1.18073 -0.486124 1.45107 1
202 0.441459 0.826267 -0.1237 1
203 0.31596 -0.0887184 1.2865 1
204 -2.6313 -0.0228864 -0.474082 1
205 -0.108659 0.417369 -0.561157 1
206 -0.504048 5.28712 9.04345 1
207 -0.471225 0.220592 0.415747 1
208 -0.665507 1.73259 11.3778 1
209 -0.118051 -0.428154 1.00954 1
210 19.1718 -10.2793 7.39668 1
211 -0.480724 -0.182049 0.598066 1
212 -10.4178 6.17222 4.72008 1
213 -1.83722 -0.415472 0.214964 1
214 -2.68074 -0.258504 0.513595 1
215 1.602 1.15346 -1.95091 1
216 -3.30387 -2.06757 1.47769 1
217 -36.6837 35.2068 49.7162 1
218 -4.82283 3.02711 0.322492 1
219 -0.934964 -0.399745 0.541674 1
220 0.0532003 0.0467604 -2.6191 1
221 0.008713 -3.24751 0.714521 1
222 2.56329 0.137721 1.0481 1
223 0.134267 0.941323 1.4945 1
224 -1.01178 -0.439789 -0.331848 1
225 -0.0187371 0.171295 -0.453998 1
226 -0.719195 -0.525741 -1.14871 1
227 1.35128 0.139042 1.47615 1
228 1.24513 -0.88161 0.0835227 1
229 1.087 1.32325 -0.66662 1
230 0.712751 0.0315686 0.745844 1
231 -1.09161 -0.820915 0.0108688 1
232 0.29416 -0.78007 1.29265 1
233 0.0350416 -1.01417 0.795185 1
234 -0.0789996 -0.180319 0.561756 1
235 -0.813637 2.20404 0.441351 1
236 -1.27284 2.47654 2.61634 1
237 -2.18696 -1.03606 0.170564 1
238 -5.27583 -1.14613 -5.33287 1
239 -2.81601 -0.921214 -3.20021 1
240 -5.93013 1.80774 -10.2231 1
241 0.195998 -0.243818 -0.188282 1
242 -0.0924861 0.233157 0.684781 1
