0 0 0 0 0
1 -1.71468 3.50138 2.1813 1
2 0.581306 0.29876 0.377266 1
3 59.2586 64.0533 -68.3774 1
4 -1.27343 -0.516423 -1.21697 1
5 -2.78047 2.94813 1.53314 1
6 1.92915 -1.33883 1.93333 1
7 -0.972535 8.91586 -2.22314 1
8 -6.0916 4.79072 8.80819 1
9 0.600991 0.951869 0.671742 1
10 -2.32425 0.843276 0.0852868 1
11 -1.23163 0.6891 -1.04384 1
12 -0.566648 3.4049 0.116092 1
13 -0.640055 -4.16852 3.88532 1
14 -4.33564 -0.648775 0.972146 1
15 -1.36469 -0.77456 1.16609 1
16 -0.962943 0.319798 0.85576 1
17 1.19655 -0.0714445 -2.25027 1
18 -0.199554 0.917912 -0.685366 1
19 6.69698 0.648354 0.21002 1
20 0.779836 0.51848 0.417085 1
21 -4.62305 14.3625 6.17877 1
22 -1.41737 -1.87511 1.40721 1
23 -19.5185 -2.19505 -9.04465 1
24 5.0485 1.75215 -3.30244 1
25 68.7121 5.79862 78.6157 1
26 -1.26516 -0.808577 -1.28254 1
27 -2.20021 -1.34867 -3.46381 1
28 2.03139 -0.670784 -0.331389 1
29 -0.301411 -0.656145 -0.718322 1
30 -0.78927 -1.19992 -0.690792 1
31 41.8269 -5.43024 8.28957 1
32 -11.8168 -0.831511 3.7515 1
33 -4.05877 -1.90533 -5.35531 1
34 -3.2271 -3.06894 6.38813 1
35 -1.07933 -0.0342492 -0.453808 1
36 -0.82021 0.463345 0.000824778 1
37 2.74497 -0.489909 -0.29222 1
38 -0.942061 -1.2199 1.18626 1
39 -0.743242 -0.722629 -0.0345722 1
40 -4.06297 0.116222 4.96297 1
41 0.294757 -0.372626 1.58301 1
42 0.579651 -0.841487 -1.58789 1
43 -2.31731 -2.12065 -1.09258 1
44 -1.32929 -0.167747 0.517108 1
45 -0.927281 0.593594 0.445921 1
46 7.05422 4.91771 -9.42826 1
47 0.54648 -1.35456 -1.52355 1
48 -0.0770992 -0.477212 -0.395609 1
49 1.55181 -1.11593 0.722948 1
50 2.02013 -3.47323 1.03812 1
51 2.43415 0.934826 0.738881 1
52 -1.2134 0.444083 1.66522 1
53 -0.748025 -0.81242 2.65848 1
54 6.52666 -1.6975 -1.04743 1
55 0.361063 -0.694979 -0.349479 1
56 0.366587 -1.29413 1.55017 1
57 -3.38668 -3.18112 3.42196 1
58 2.7011 0.682516 1.10402 1
59 7.51118 -3.89038 12.3409 1
60 1.5795 -0.133351 -1.07506 1
61 -1.4108 -1.37621 1.0456 1
62 -0.415467 0.656501 -0.249214 1
63 -1.41737 -1.87511 1.40721 1
64 0.328459 -0.131686 -0.607177 1
65 -0.140119 -0.726304 -0.809542 1
66 0.407419 0.547533 0.036866 1
67 -1.19163 0.162406 -0.733796 1
68 -0.269963 -0.268235 0.83641 1
69 -0.492474 0.213517 -1.83192 1
70 0.174145 -0.806104 -4.70834 1
71 0.0921177 -1.2356 0.257374 1
72 1.63739 -0.0769515 0.806945 1
73 -0.778592 -2.02708 -0.489343 1
74 0.87229 -1.24725 -1.66344 1
75 0.224002 3.60206 1.34848 1
76 0.27326 -0.264388 0.413831 1
77 -40.7197 -111.458 -94.0418 1
78 -2.02288 3.70045 -7.23008 1
79 -0.0719462 -0.552527 0.413595 1
80 -0.842917 0.294419 -1.23028 1
81 -0.118969 1.37056 -1.30634 1
82 1.28951 -1.14337 -0.28657 1
83 -1.92521 1.4195 0.381533 1
84 -2.79692 -10.5481 1.81382 1
85 0.852062 -6.91106 -0.934529 1
86 0.654036 -0.832413 -2.44891 1
87 1.70138 0.0235051 -2.54215 1
88 -0.857944 -1.13496 1.5886 1
89 0.877102 0.369304 -1.48282 1
90 1.82371 -0.326534 -0.314518 1
91 -1.16312 0.245829 -0.835768 1
92 -5.55062 8.13105 -2.8275 1
93 0.131457 -0.143221 -0.566554 1
94 -3.04348 -0.34774 -1.2677 1
95 2.10728 3.03273 4.53239 1
96 1.19655 -0.0714445 -2.25027 1
97 3.22599 1.79688 1.03629 1
98 0.536773 0.00298355 -0.0564107 1
99 -0.488586 -0.544303 0.038503 1
100 -0.582145 1.07562 -2.94963 1
101 1.43261 3.67641 -1.43808 1
102 -0.321295 -0.117501 2.97145 1
103 2.34871 -0.249985 -2.46212 1
104 -1.43791 -0.630324 1.9811 1
105 -1.48588 2.5707 0.211132 1
106 4.97001 0.45257 0.221243 1
107 0.503567 -0.554651 0.13661 1
108 0.286083 0.497475 2.53858 1
109 1.22592 -1.45659 -3.66416 1
110 -0.679334 -0.229125 -0.159478 1
111 4.4887 -0.968155 0.436999 1
112 0.733144 0.087929 0.883437 1
113 0.20827 -2.47037 2.79697 1
114 -5.44352 3.23176 -8.42856 1
115 -1.0728 0.0519912 -1.34895 1
116 -1.31752 2.0144 0.7888 1
117 2.63972 7.02115 -2.11936 1
118 0.319226 -2.99412 3.25088 1
119 0.340256 -0.859988 -1.33287 1
120 0.926324 1.02116 -1.48498 1
121 0.566058 0.516186 0.112836 1
122 6.90084 5.66763 6.19914 1
123 1.42381 -2.11849 1.39404 1
124 -0.384984 0.546098 0.503395 1
125 0.418612 0.263212 -0.317312 1
126 0.303001 -0.164527 -1.27392 1
127 11.5133 2.02391 5.70269 1
128 -3.86193 5.27544 -7.48821 1
129 -1.0592 -0.354275 -0.0524425 1
130 -158.477 89.9423 172.463 1
131 0.0197643 1.02646 0.135245 1
132 -0.743242 -0.722629 -0.0345722 1
133 -1.01549 1 1.01549 1
134 -2.30278 0.216817 0.916884 1
135 -0.788862 4.90099 4.7013 1
136 -0.79806 0.269254 -0.162546 1
137 1.39148 -0.0426526 0.502064 1
138 -0.156216 1.18877 -0.673873 1
139 0.593151 0.173704 0.373389 1
140 -0.16214 2.1697 -1.24178 1
141 0.777594 1.23047 0.356402 1
142 0.0425108 1.03088 -0.273881 1
143 -1.47601 1.93416 -0.272356 1
144 -5.22417 2.28419 -5.58846 1
145 2.08486 0.0948742 1.04775 1
146 0.319358 -2.2028 -1.10206 1
147 3.07607 -2.4418 -2.19622 1
148 1.14166 0.47603 -2.90836 1
149 25.5117 -62.9494 31.1304 1
150 0.382788 -0.136987 -0.017125 1
151 -7.32619 1.35374 3.22407 1
152 -13.3531 -11.2639 -16.9191 1
153 -0.224344 0.438138 0.260536 1
154 -0.0575517 0.268806 0.156918 1
155 0.992689 0.908017 1.32144 1
156 1.49666 2.11968 1.46488 1
157 -0.0770786 0.39848 1.18819 1
158 -0.442369 -1.0425 0.374273 1
159 -1.04391 -1.96351 -2.11791 1
160 0.852062 -6.91106 -0.934529 1
161 -0.0799753 0.234814 0.635752 1
162 -1.59972 1.24166 -0.66078 1
163 1.19148 1.15488 -0.00243989 1
164 0.0612666 1.62332 3.98469 1
165 1.6063 0.456018 -0.584451 1
166 -0.535195 1.90371 -1.87829 1
167 -1.18647 0.550956 0.383289 1
168 1.89785 -4.96673 1.38732 1
169 0.0658349 0.304441 -1.1015 1
170 -0.461935 -0.485646 0.612558 1
171 0.219302 1.34039 0.368714 1
172 0.98599 0.468277 0.235977 1
173 -1.89486 -2.17788 2.38931 1
174 -4.13282 3.70565 -8.04821 1
175 1.67417 2.44296 2.24857 1
176 0.0568215 1.07965 -0.441285 1
177 0.315418 1.26874 -1.08357 1
178 0.0961818 0.613331 -0.633534 1
179 -1.64486 1.51213 -2.34784 1
180 0.481162 3.45016 -2.05694 1
181 -6.76775 4.27214 1.10498 1
182 -0.178498 -0.0414879 -0.392861 1
183 0.479024 -1.63668 0.353482 1
184 -1.26369 0.555589 0.111825 1
185 -11.8913 -2.2307 -8.34727 1
186 0.636816 -0.178684 -0.229743 1
187 -0.824582 4.47019 2.94032 1
188 -1.49328 -0.109472 -1.15252 1
189 -2.61578 -1.72419 -0.57468 1
190 -0.133578 -0.109049 -0.0774944 1
191 -3.41318 -0.929668 1.56708 1
192 -0.679572 1.27129 3.14199 1
193 0.138663 0.40039 -6.1687 1
194 0.83805 -0.291524 3.15169 1
195 -1.2131 -0.126453 0.735992 1
196 0.256525 -0.780033 0.52928 1
197 0.460105 0.265754 1.07609 1
198 -0.0260058 -0.861855 -0.217202 1
199 6.47624 -1.03336 -1.60403 1
200 -1.59063 2.40113 1.2735 1
201 -2.77277 0.358814 -0.514923 1
202 1.72112 1.77385 4.05635 1
203 -0.0160347 -5.09508 4.15016 1
204 0.542378 0.211478 0.405758 1
205 1.27254 0.110877 0.256877 1
206 1.47659 0.465096 0.564276 1
207 2.61695 1.72128 0.534183 1
208 -1.12156 1.72834 1.91539 1
209 -0.74276 1.84882 1.84859 1
210 1.63609 -0.300063 -0.0876796 1
211 0.755364 0.176752 1.22951 1
212 0.186878 0.721839 -0.681051 1
213 -0.238693 6.28567 0.887033 1
214 4.59061 0.505913 1.07124 1
215 -93.617 1.15942 -22.1454 1
216 0.181985 0.0400378 0.210553 1
217 -9.21572 -11.5992 7.61255 1
218 0.870951 0.308042 -2.10342 1
219 -0.758429 0.0788368 1.00123 1
220 0.396271 -4.26201 1.67421 1
221 0.359676 0.436164 0.167019 1
222 -1.16399 0.268383 0.169411 1
223 1.19655 -0.0714445 -2.25027 1
224 11.0123 1.28665 -2.7452 1
225 -2.4327 0.410376 -2.99927 1
226 0.873899 6.72117 -1.21386 1
227 -0.53243 1.3364 1.83326 1
228 -1.56938 -1.16218 0.313457 1
229 0.708945 -0.0844027 -0.52569 1
230 -6.08428 10.2021 -1.2162 1
231 1.13558 8.52556 47.9307 1
232 -5.44977 -2.52835 -2.11711 1
233 0.948362 -0.506977 -0.202354 1
234 1.10555 0.0503044 -0.00908463 1
235 0.266178 -0.1787 -0.133972 1
236 1.49969 -1.59587 0.323785 1
237 1.40249 -0.209815 -8.60711 1
238 -21.7166 -10.3394 -28.3518 1
239 -0.203834 -0.381434 0.0756791 1
240 -13.5176 -9.55616 -2.43787 1
241 -0.690569 -3.86983 0.552274 1
242 -0.357114 -0.378572 0.184481 1
243 0.0949458 -0.268952 -1.02186 1
244 -0.839126 -0.40384 -0.121169 1
245 1.10295 3.69416 1.58686 1
