0 0 0 0 0
1 -2.53471 0.863927 1.77671 1
2 1.85578 -2.82749 5.35457 1
3 -0.289285 2.35 -3.37842 1
4 0.176775 1.06908 -0.0338007 1
5 0.04357 -0.243691 -0.639523 1
6 0.104743 1.83319 0.848022 1
7 -0.160853 -0.384488 -0.482487 1
8 -1.32412 4.2094 -2.23605 1
9 0.342822 2.17549 -0.654316 1
10 -1.47997 1.26701 0.132124 1
11 7.82087 -3.18297 -2.01931 1
12 1.89488 -1.00937 1.12931 1
13 -0.56084 -4.32529 -1.9581 1
14 4.68019 8.37345 4.73422 1
15 -0.0922175 -0.667625 0.0125304 1
16 0.855249 -0.910078 -1.40058 1
17 2.14785 0.330114 -0.93054 1
18 -1.51326 0.578101 -1.3548 1
19 -0.9176 0.931394 -3.66662 1
20 -1.93476 0.42212 0.887855 1
21 0.177094 -0.931149 0.81511 1
22 1.04196 -7.23338 -14.4432 1
23 0.99579 -2.42368 3.58116 1
24 6.87866 -7.12115 -2.3895 1
25 0.698005 -0.0780181 0.246653 1
26 -1.34243 -0.162874 1.72242 1
27 -1.35312 -0.952899 0.0485234 1
28 -1.96499 2.53268 2.87244 1
29 0.173001 0.232029 -0.743317 1
30 0.506118 0.608615 -0.0917451 1
31 -1.77507 -1.24058 -0.652346 1
32 -0.630179 -0.704004 1.13159 1
33 -0.104513 0.697378 -0.115892 1
34 -0.14059 0.328947 -0.459482 1
35 0.423318 0.740375 -2.12564 1
36 -4.87874 -12.4016 -6.28704 1
37 0.0211605 0.512567 -0.418571 1
38 -1.40575 0.127237 -1.28398 1
39 4.40547 -5.28084 -8.42554 1
40 0.537406 -0.424143 -0.207415 1
41 3.32047 -7.16106 0.592892 1
42 4.88572 -3.71887 -2.62822 1
43 0.398759 1.81204 -0.384911 1
44 0.790925 -1.06015 0.235131 1
45 -0.500433 0.555539 -0.0671556 1
46 -0.0463297 1.15552 -0.84268 1
47 -0.504345 -0.757525 0.198234 1
48 345.281 199.172 -200.854 1
49 0.3726 0.0432635 0.586398 1
50 -0.458427 -0.375493 0.606734 1
51 0.169578 1.33109 -0.0529843 1
52 -0.394473 0.0404487 0.426794 1
53 -1.0161 3.0836 -2.58801 1
54 -0.378304 -0.929219 0.0355394 1
55 -0.38954 -1.12966 -0.643599 1
56 -0.665978 2.26621 -3.13689 1
57 0.127747 0.364027 -0.665999 1
58 0.275973 3.01627 -3.96854 1
59 0.835423 -0.411779 -0.293838 1
60 -1.01015 -1.13171 -0.258807 1
61 0.816377 2.78503 1.66106 1
62 -1.04934 6.10768 -1.74365 1
63 0.345808 1.25637 -0.630647 1
64 0.0839547 0.121203 0.505467 1
65 0.335955 -0.183632 -1.2196 1
66 -0.265237 0.742152 0.285066 1
67 -0.678843 1.89407 -0.292624 1
68 -0.293099 -0.340223 -1.14811 1
69 0.804082 0.540529 -0.0135603 1
70 0.19369 -1.04031 0.456504 1
71 -3.76136 1.89327 -0.507469 1
72 -0.389374 1.46137 0.723552 1
73 -0.209063 -3.68341 0.92983 1
74 -18.3543 -45.1676 10.9628 1
75 0.086988 -1.59564 -0.969593 1
76 0.544601 -1.28087 2.07262 1
77 -0.201496 0.901796 0.805675 1
78 1.13038 0.791636 -1.85851 1
79 -0.0815009 -1.33349 -0.839109 1
80 -0.8793 0.305908 0.365731 1
81 1.39497 -3.75997 -5.59096 1
82 -0.702286 0.196148 0.303125 1
83 3.68738 1.24743 2.73834 1
84 -3.98454 5.27358 0.693769 1
85 1.09404 -3.9758 2.45871 1
86 -2.26039 -0.616744 -1.09753 1
87 -0.424883 0.718503 -0.160752 1
88 1.69539 2.24673 0.134498 1
89 -1.57508 7.81072 3.95019 1
90 1.80971 -1.88813 -0.648068 1
91 -339.978 149.595 -73.3283 1
92 12.5855 2.92038 21.7779 1
93 -0.235604 -1.93165 0.809666 1
94 4.54795 1.03652 -5.16446 1
95 1.95254 -1.62817 -0.398633 1
96 -9.20378 8.28138 -6.21544 1
97 2.86656 2.02861 -0.395596 1
98 -6.84899 0.163555 -11.5455 1
99 2.03058 2.54148 0.868305 1
100 0.135333 1.00982 0.216477 1
101 -1.4684 0.431606 -0.0435899 1
102 4.00779 5.10289 0.856016 1
103 0.370874 -0.873087 -1.62101 1
104 -11.3511 -39.9261 -39.9513 1
105 0.555886 -1.0586 -0.0656182 1
106 -2.26905 0.866567 -0.151942 1
107 -0.469375 0.0319585 0.557956 1
108 -4.98158 0.455166 8.82132 1
109 -1.05198 -2.36992 -2.51077 1
110 0.334086 -0.740942 1.69981 1
111 -0.27953 -1.39459 -0.102833 1
112 -0.0872063 -1.00934 2.55269 1
113 0.639464 -0.182883 -1.37068 1
114 -1.6892 -0.697284 -1.02106 1
115 0.535989 0.954224 -0.925518 1
116 3.37155 -2.56173 2.81097 1
117 -0.288327 0.0980405 0.104326 1
118 -2.3473 1.62979 -1.21842 1
119 0.151029 1.45185 -0.0811543 1
120 139.452 -85.3391 -17.8365 1
121 1.90501 -0.715556 0.341782 1
122 0.829575 0.858087 0.0857847 1
123 0.0539111 -1.06899 0.740898 1
124 0.0593588 1.47531 0.219224 1
125 0.0514775 -0.0790207 -0.444794 1
126 -4.36281 -20.1544 0.504412 1
127 0.81829 -0.692924 -0.202074 1
128 -2.75708 -1.85418 -0.739292 1
129 0.586519 1.06652 0.191931 1
130 -0.105749 4.68448 -3.93671 1
131 0.258599 -0.754871 -0.364405 1
132 0.0515157 -1.27511 0.471386 1
133 -0.561902 -0.459753 0.351847 1
134 -1.25992 -0.534767 0.404372 1
135 0.795651 -0.782217 -0.606787 1
136 1.11021 -1.05676 -0.160109 1
137 0.901644 -0.056859 1.6163 1
138 -0.893737 -0.222142 -1.27257 1
139 3.62384 -0.276576 10.1782 1
140 0.696074 -0.850764 5.07164 1
141 13.155 16.0349 -49.1148 1
142 0.0157492 0.153377 -0.512203 1
143 0.432187 -0.195119 0.342338 1
144 5.50833 -2.17754 2.06698 1
145 -0.7247 0.747028 0.24324 1
146 -0.21024 -0.578951 -0.501707 1
147 -1.02956 -2.45825 2.99687 1
148 -1.07033 -0.531013 0.486085 1
149 -2.32897 0.312259 -0.898198 1
150 2.51858 1.08193 1.65768 1
151 7.91478 0.327129 -0.648521 1
152 -0.546462 -1.90663 3.64354 1
153 -1.29097 0.604107 -1.73352 1
154 -1.86998 0.557788 0.601712 1
155 1.21952 -0.636699 1.37628 1
156 0.0480659 1.05898 1.03288 1
157 0.901644 -0.056859 1.6163 1
158 1.7708 2.24011 -2.83552 1
159 -0.231201 0.716104 -0.636339 1
160 1.8652 -1.2822 -1.17334 1
161 0.172696 0.407795 0.607682 1
162 -0.27953 -1.39459 -0.102833 1
163 0.798849 0.367357 0.156934 1
164 -32.0949 -1.01562 37.7764 1
165 0.250162 0.371822 0.205721 1
166 1.26629 -3.89576 -0.464756 1
167 1.94188 -2.09789 5.14871 1
168 -1.36926 -1.73284 2.72403 1
169 -0.257415 0.0924705 -2.29669 1
170 -4.40377 -8.69056 -16.4402 1
171 -0.181111 -0.350682 1.75667 1
172 -0.0289409 -6.49304 1.52071 1
173 2.08456 -11.4143 -5.15577 1
174 4.64815 5.98168 -2.09692 1
175 -0.366277 1.12885 0.0621134 1
176 10.8965 5.72202 -17.5018 1
177 2.09207 0.536155 -0.325769 1
178 -0.0819994 2.12809 1.95426 1
179 -3.77316 -0.208408 -2.69235 1
180 -9.8858 -0.8133 5.18635 1
181 -0.493699 -0.506149 0.635584 1
182 0.776676 -0.389121 0.0799271 1
183 2.50469 1.32644 -0.492284 1
184 0.243799 -0.409328 -0.0534501 1
185 1.36255 -1.20502 -1.49253 1
186 0.476502 -0.736221 0.357842 1
187 28.6519 39.4152 22.2104 1
188 2.10985 0.881481 -2.72646 1
189 -0.633599 0.843911 -0.792763 1
190 -0.0341996 -0.169407 -0.712683 1
191 0.784712 0.314451 -0.694488 1
192 1.94975 -4.58693 -3.25334 1
193 2.8798 -2.60163 -2.53655 1
194 -0.349917 0.266028 4.6206 1
195 1.02522 -0.271351 -1.44004 1
196 0.397479 0.330625 0.641887 1
197 0.16662 0.310853 2.20478 1
198 0.463329 -1.91445 6.13722 1
199 -3.44486 -3.8194 6.70789 1
200 -7.88706 -7.52643 -18.2367 1
201 0.528481 0.642228 -0.638401 1
202 0.219212 -2.23668 1.11674 1
203 2.45629 -0.486824 -1.65832 1
204 0.660127 0.0665114 -0.687502 1
205 3.16995 1.8039 0.163471 1
206 1.34561 0.957305 -1.17031 1
207 11.1487 9.37578 -13.2251 1
208 1.70217 2.53894 0.124728 1
209 -0.936256 -1.18246 0.234153 1
210 1.55506 0.297887 -0.451656 1
211 -2.24779 1.24833 0.120948 1
212 0.952498 1.47781 2.868 1
213 0.404016 0.181625 0.469494 1
214 -0.482999 -0.542434 -0.282249 1
215 -0.38303 0.0404181 -0.494575 1
216 -6.5475 -0.702331 10.4507 1
217 0.19427 1.17261 -1.64231 1
218 -2.58733 -0.0167469 -0.621221 1
219 -3.7342 0.165586 1.03889 1
220 -6.24921 4.46738 -5.63355 1
221 0.616593 0.444267 -0.755406 1
222 3.82478 4.14475 2.25088 1
223 3.1453 -0.812552 -2.62246 1
224 -1.659 -0.111235 1.3579 1
225 1.86662 0.340876 0.15925 1
226 0.402599 0.631842 -0.816065 1
227 -2.68373 -2.80082 0.280238 1
228 8.21699 -3.97303 -3.62101 1
229 -2.8943 -2.7024 3.22612 1
230 -0.163639 -0.614371 -0.737981 1
231 -0.261208 2.17953 -3.05173 1
232 1.89488 -1.00937 1.12931 1
233 1.87872 0.836768 -0.216489 1
234 4.11728 -3.84556 -2.93043 1
235 1.71586 -1.64064 -3.99171 1
236 4.46623 2.94037 -2.21697 1
237 3.18504 0.929333 1.27947 1
238 -0.666516 1.32235 4.62848 1
239 -7.04733 23.9674 19.5708 1
240 0.198226 -1.26698 1.54761 1
241 0.544601 -1.28087 2.07262 1
242 -0.191858 1.10051 -0.0181324 1
243 1.46871 -1.76343 -0.207445 1
244 -0.361674 -0.475651 2.16783 1
245 -0.0530647 -0.446009 -1.13559 1
246 0.0234672 -0.584471 0.815579 1
247 1.83538 2.51123 0.693003 1
248 -1.10234 -0.204411 0.139099 1
249 -1.38626 -0.136354 0.593993 1
250 0.617904 0.209379 1.02109 1
