0 0 0 0 0
1 -1.16682 0.823566 -2.41251 1
2 -3.90229 4.61244 -3.84428 1
3 -1.41957 -0.40872 -20.0898 1
4 -0.560475 0.620449 -1.47357 1
5 -0.388914 -0.188684 -0.373506 1
6 5.37141 -16.2292 -6.2801 1
7 0.0768645 0.789446 1.18449 1
8 4.64255 3.49986 7.00964 1
9 -5.93414 6.73727 -2.35844 1
10 -1.89273 1.18158 3.50939 1
11 -1.84511 1.34054 -0.343436 1
12 -1.7958 0.667527 -1.30197 1
13 -1.2071 3.65349 2.01675 1
14 -11.5665 9.87414 -6.57502 1
15 0.524777 -0.441528 -0.400552 1
16 -0.844943 -0.254265 -0.557138 1
17 0.48217 -0.615198 -1.29702 1
18 -2.57463 5.7192 -2.26366 1
19 5.35241 -3.1659 2.7329 1
20 -0.910361 1.81503 -0.52305 1
21 -0.865944 -0.620483 -0.252684 1
22 -0.766528 -0.112799 -0.127402 1
23 117.261 38.5289 6.97717 1
24 0.459983 -1.42148 -0.68533 1
25 1.09889 0.9206 2.33473 1
26 -1.83982 -0.542921 0.190904 1
27 -0.227664 -7.93294e-05 0.831767 1
28 31.9571 53.1579 -66.3714 1
29 -0.0458203 0.972777 -4.92515 1
30 -0.244069 0.954263 -0.590584 1
31 -0.701771 0.0118692 -0.675965 1
32 3.01604 -2.44455 -0.865147 1
33 -5.87813 -6.33364 0.171033 1
34 1.15395 1.28329 -0.844774 1
35 -1.27875 1.82415 0.450522 1
36 0.924819 1.79607 -0.22259 1
37 1.42161 -3.4092 -0.965381 1
38 -1.88442 0.0518434 -1.08281 1
39 -0.135609 -0.0303726 -0.79802 1
40 -1.11634 -0.418418 0.156161 1
41 0.79506 -0.959807 0.316201 1
42 -0.378192 -1.11976 0.426482 1
43 0.350177 -0.259565 0.52745 1
44 -5.14578 -0.957809 -2.9815 1
45 -0.772015 1.45681 1.345 1
46 -1.00789 1.04053 -0.156345 1
47 0.345039 0.641145 0.171717 1
48 1.50122 -2.09592 -1.26919 1
49 -2.812 1.87751 1.00232 1
50 1.49583 1.67753 0.227278 1
51 -0.843039 0.930574 0.0272294 1
52 20.6004 -0.544266 5.61667 1
53 3.64709 -7.09263 -11.1507 1
54 0.739952 0.865852 0.690369 1
55 4.11537 -12.3428 -4.62611 1
56 -0.452244 -0.45914 1.61611 1
57 1.36354 3.76682 -3.12669 1
58 -0.0760086 0.405189 0.537899 1
59 -2.01353 -0.320378 0.0864358 1
60 -0.147399 0.0185301 -0.629908 1
61 -3.67051 3.75126 -3.45497 1
62 -1.36179 -0.73948 -0.240221 1
63 2.79552 -2.12165 -4.54425 1
64 0.152199 -0.11697 0.56538 1
65 -10.4734 10.1158 0.780626 1
66 -0.103504 1.79533 0.980172 1
67 -0.500979 -0.0846639 -0.317352 1
68 -3.02555 2.82553 1.22698 1
69 -0.392097 -1.74928 -0.47256 1
70 0.178071 2.39368 -3.89901 1
71 -0.36677 1.65127 -2.33906 1
72 0.44449 4.51798 -0.467334 1
73 0.256923 -1.13524 -0.0879191 1
74 -0.90359 -0.986649 -0.97794 1
75 0.651741 -0.453677 0.613061 1
76 -0.899097 -2.00228 -0.747377 1
77 -0.390568 -1.02232 0.529886 1
78 0.629801 0.351126 -0.355668 1
79 -2.88854 1.75886 -1.3286 1
80 -0.419555 0.146545 -0.360549 1
81 0.119719 0.245111 0.247577 1
82 -1.1878 0.416698 0.195782 1
83 0.0903662 5.0958 11.064 1
84 -0.836438 2.38628 -0.206452 1
85 0.955698 -0.278517 0.485448 1
86 -0.908519 0.481244 0.444528 1
87 -3.53354 -3.38599 -7.80327 1
88 -0.762045 -1.53237 0.0451335 1
89 1.73001 -0.16143 1.15445 1
90 0.0570332 -0.49797 0.247613 1
91 -0.416513 -0.174492 0.5747 1
92 -0.0260913 0.867748 -0.852765 1
93 0.36758 -0.0764877 0.716312 1
94 1.52722 -1.42109 -2.15476 1
95 5.68104 -4.5616 1.15938 1
96 -0.610848 0.0955019 1.35354 1
97 -2.29555 0.582404 -0.749252 1
98 -1.46595 -1.43796 1.30424 1
99 -0.316159 -1.37973 1.35528 1
100 -6.99303 -4.26413 -2.49946 1
101 -6.34746 0.655995 4.24581 1
102 0.751049 -1.7195 -0.535288 1
103 -0.889393 -0.751939 -1.93837 1
104 -0.299785 13.7839 -2.31767 1
105 0.0460218 -0.00186954 0.382438 1
106 1.825 0.727834 0.933928 1
107 -0.471945 1.87035 -0.238948 1
108 0.280916 1.42813 -0.266785 1
109 -8.81152 -0.82235 0.516758 1
110 -1.82961 3.07251 -3.98547 1
111 -0.0709137 -5.39317 -4.67222 1
112 0.734091 -0.358963 0.35641 1
113 -0.387115 -0.146181 -0.737166 1
114 -1.35888 -0.918784 1.01702 1
115 0.402128 4.79243 -0.616593 1
116 0.981526 -2.36487 0.0455318 1
117 0.324957 0.168468 0.289328 1
118 13.2249 -0.0310029 0.818074 1
119 -1.23222 -0.662608 -0.0884025 1
120 -0.0652969 4.02445 18.8898 1
121 -1.5552 0.118934 1.25885 1
122 0.485084 -1.08446 0.315408 1
123 -0.817068 -0.0183055 -0.642663 1
124 -4.70881 11.7927 -4.44596 1
125 0.245433 -1.33297 -0.829419 1
126 0.222943 2.94811 0.568964 1
127 0.583794 -0.709435 -0.629953 1
128 0.401343 -0.264775 -0.425233 1
129 -0.297293 -1.60801 -2.00612 1
130 0.330626 0.481443 -0.393568 1
131 -1.54929 -0.0102109 -1.51576 1
132 0.805526 -0.430731 0.551459 1
133 1.12329 -0.131736 -0.900862 1
134 -0.124861 0.700296 0.845405 1
135 12.8617 -76.8299 -33.4365 1
136 -0.160698 -1.49126 0.0952273 1
137 3.18417 1.11934 1.37842 1
138 1.95419 4.5408 1.61534 1
139 -0.0526242 1.41284 -0.944895 1
140 -0.913351 1.39167 -2.05241 1
141 -3.33409 2.98579 3.68039 1
142 -0.673145 -0.693587 1.72135 1
143 -0.254266 -3.60897 0.0260115 1
144 5.20421 -2.73136 -2.25131 1
145 37.1228 47.3522 -28.9359 1
146 -0.062371 -1.25175 -0.145966 1
147 0.614859 -0.878636 0.172268 1
148 -4.86167 0.16708 1.29004 1
149 -0.507554 1.14416 1.22636 1
150 1.43865 -0.768299 1.02987 1
151 -9.32361 -3.34655 -3.92831 1
152 4.67089 2.77678 5.74655 1
153 -0.113504 0.528844 2.7899 1
154 -0.139448 -0.191868 -1.32319 1
155 -0.331372 -0.0332976 -0.345664 1
156 0.257806 0.267877 -1.54998 1
157 -2.94449 -8.97802 3.65197 1
158 -1.25607 1.07915 -1.02647 1
159 -1.51925 -3.39452 -4.66484 1
160 -0.774801 -0.0904372 1.21773 1
161 0.471592 0.390076 0.433654 1
162 -0.331875 -0.510221 -0.387021 1
163 -7.17271 -1.81989 -2.0459 1
164 -0.626 0.712658 1.60628 1
165 -0.0580224 -0.368871 0.118187 1
166 3.89973 5.79399 2.18868 1
167 -7.05141 23.0432 -1.35321 1
168 -0.656749 -0.528742 0.0108562 1
169 -4.17043 2.31541 -1.69199 1
170 -2.05399 -1.49976 3.85529 1
171 0.257048 -2.40301 -0.803467 1
172 -4.66337 -3.88526 4.72119 1
173 0.178739 0.496207 0.0598967 1
174 -0.6259 -0.226417 0.188846 1
175 1.18857 4.74651 -3.54136 1
176 -16.6734 -8.7836 -6.75631 1
177 -1.22918 0.401979 -1.08483 1
178 5.76094 -5.95604 12.7478 1
179 0.552021 -1.9489 -0.758398 1
180 0.162673 -0.405531 -0.551917 1
181 0.42501 0.0607104 -0.280029 1
182 1.76775 -1.9124 4.29945 1
183 -6.40683 10.3615 0.567649 1
184 -0.423221 -0.455411 0.151895 1
185 -0.0844597 0.202088 -0.265818 1
186 -0.630909 -5.93289 -3.31643 1
187 34.1949 78.6419 -108.799 1
188 -2.10756 1.48019 2.73102 1
189 21.6475 -1.19973 10.5431 1
190 0.00224914 0.901424 -0.260013 1
191 0.584032 2.1389 0.483892 1
192 -2.4818 -7.29733 -3.52539 1
193 1.00369 2.91118 3.41454 1
194 -0.42849 1.09491 -0.850609 1
195 2.70797 4.00291 3.95019 1
196 0.604635 -0.0849138 -0.449623 1
197 -0.313765 -0.402376 -0.973579 1
198 1.06659 -0.735852 1.09907 1
199 -0.641162 2.27593 0.789971 1
200 -0.232287 1.0496 0.41756 1
201 -0.776548 0.633414 0.544333 1
202 1.96716 -0.396129 0.16513 1
203 0.0579434 1.0677 -1.36502 1
204 1.5877 -1.56748 0.418929 1
205 -0.845594 0.385711 1.4129 1
206 -1.12254 2.73754 1.97295 1
207 0.440599 6.82037 -1.68182 1
208 0.830258 0.779723 0.307089 1
209 -0.39873 -0.69812 1.30703 1
210 -1.77059 1.22176 -0.660012 1
211 1.4584 3.48405 -5.4614 1
212 -1.0676 -3.54156 -0.828048 1
213 0.0632942 -1.04948 -0.0519417 1
214 -1.6904 -1.7589 2.96469 1
215 0.705146 3.29923 -2.58789 1
216 -1.51113 0.909062 -0.023086 1
217 -0.526614 0.96188 -0.231619 1
218 -1.4906 0.272701 -1.23469 1
219 -0.783256 -0.123632 0.245472 1
220 0.894942 7.09657 4.3902 1
221 0.278868 2.52577 4.35999 1
222 1.87566 0.311755 -0.423039 1
223 -0.105046 -0.0883049 0.533408 1
224 -1.59061 -0.881539 -0.255136 1
225 2.62528 1.5605 1.7335 1
226 0.824865 -1.63149 0.553972 1
227 0.484783 0.208735 1.30131 1
228 1.01105 1.2783 1.92824 1
229 0.827881 0.0379494 0.151964 1
230 0.151335 0.695226 0.174816 1
231 0.156604 3.76016 -0.841062 1
232 69.0432 196.169 39.9346 1
233 0.323726 1.42372 -1.57942 1
234 0.287183 -2.82174 -1.64754 1
235 -4.62077 2.38159 5.17754 1
236 0.562853 0.613312 -0.067586 1
237 -0.106264 0.364796 -0.0152337 1
238 -11.3055 -5.14847 3.97122 1
239 -0.529518 -1.03336 0.513409 1
240 1.01158 -0.000920342 -1.52836 1
241 3.67163 -2.73419 -3.23612 1
242 0.0395545 0.460271 0.397705 1
243 -27.5274 7.40584 16.3431 1
244 11.9659 -2.0427 22.1614 1
245 -1.89145 1.68661 -1.24138 1
246 4.3323 -2.90831 -11.0762 1
247 1.3074 0.2033 -0.129532 1
248 -0.0178207 0.470174 1.89906 1
249 -0.646877 0.334942 1.90573 1
250 -1.12355 0.623878 0.44969 1
251 -18.2811 -8.926 -2.85396 1
