0 0 0 0 0
1 0.934228 -0.927133 1.24561 1
2 2.2111 0.0699579 0.187932 1
3 0.335084 -7.34257 -0.914769 1
4 -0.0157142 -3.49638 2.32006 1
5 -0.50619 -1.12489 -0.71648 1
6 -0.834387 -0.929332 -0.235166 1
7 0.406089 -0.637228 -0.424433 1
8 1.61911 0.682101 3.80149 1
9 -1.09641 1.48184 -0.0673352 1
10 -3.71293 4.29032 0.502391 1
11 -0.867677 -0.58957 -0.474087 1
12 1.03202 -1.05607 1.2545 1
13 0.902336 0.883297 1.76816 1
14 -67.3327 22.7208 0.464458 1
15 -4.82534 -5.72503 -1.52411 1
16 21.6994 3.66301 -4.92599 1
17 0.13917 -0.657175 0.805105 1
18 0.486807 -1.79894 0.0695988 1
19 -0.645715 1.47459 -0.17871 1
20 -4.16091 0.0546535 -0.799007 1
21 -9.4686 -4.76472 18.1401 1
22 0.563453 0.501645 1.61685 1
23 -0.257521 -0.744346 -0.834569 1
24 1.35977 2.22377 -1.54422 1
25 -0.22547 -1.09266 -0.607412 1
26 -2.21118 -1.42212 1.0498 1
27 28.1711 10.3901 62.0947 1
28 -1.21108 0.156391 -0.574402 1
29 0.07581 0.574126 1.14882 1
30 -1.60093 1.40242 0.276335 1
31 -1.04742 -2.87016 -0.492507 1
32 3.20453 -0.590322 -2.48613 1
33 -0.14375 0.0133487 -1.32489 1
34 -0.302817 0.25414 -0.454796 1
35 -0.893026 1.82072 1.11905 1
36 -4.9083 14.7502 -18.3386 1
37 0.94581 14.3437 -17.9652 1
38 16.8714 -6.52764 -0.452834 1
39 -0.908471 0.558651 -0.375993 1
40 14.2025 14.3797 8.25863 1
41 1.04086 -1.89569 3.09035 1
42 -1.02714 -4.71915 1.49774 1
43 -0.817165 1.12563 0.0912359 1
44 -4.48964 2.95059 -3.28822 1
45 1.60694 -0.207337 0.953794 1
46 0.267203 -0.352425 -1.82926 1
47 -0.901273 -5.39598 3.12979 1
48 1.22101 3.28551 -3.29912 1
49 -3.33512 10.4413 -3.07207 1
50 -0.0380168 0.30379 0.744298 1
51 -0.338419 5.2104 0.654071 1
52 -0.0340236 -1.31219 1.28892 1
53 -139.085 101.621 12.3551 1
54 -0.338548 0.246165 0.377473 1
55 -1.10123 -1.83447 2.91567 1
56 0.196062 -0.423666 0.157997 1
57 -1.85539 -1.51222 -4.04171 1
58 2.28265 1.55651 3.86446 1
59 0.330759 0.27523 -0.576662 1
60 0.499811 -0.289623 0.023631 1
61 0.154679 0.655015 0.531225 1
62 -0.881106 1.11853 1.23699 1
63 -6.37592 -5.92126 -5.27703 1
64 1.65945 3.6998 -4.54938 1
65 -3.34707 0.0690563 3.95397 1
66 0.498776 0.945454 -0.589042 1
67 -0.916481 -0.0411267 -0.178233 1
68 -1.90374 -0.0085597 0.919 1
69 -2.00031 -2.07907 -2.50164 1
70 5.42257 -3.52123 -4.26507 1
71 -0.316834 0.0554389 -0.430797 1
72 9.01165 1.28808 -2.0822 1
73 -0.257948 -0.679358 0.980596 1
74 -0.629525 0.718736 0.647051 1
75 1.02777 -0.835472 -0.0152546 1
76 -0.623655 -2.45258 0.813066 1
77 0.617531 -0.576942 0.101651 1
78 -0.425476 4.45457 0.0645146 1
79 0.0034161 -0.7498 0.838118 1
80 0.923904 -0.289828 3.63333 1
81 1.38275 0.487794 1.24224 1
82 0.570894 0.559995 -0.123286 1
83 0.326141 2.37449 -0.47804 1
84 -4.61601 -3.93832 -3.70958 1
85 6.03108 0.136881 0.208781 1
86 2.60579 -0.776433 0.500349 1
87 -1.07809 1.52519 0.361355 1
88 -1.58984 -1.98567 -1.13893 1
89 0.428393 0.370291 -0.374822 1
90 -0.00518815 3.02786 0.784594 1
91 0.390363 0.670203 0.326606 1
92 -47.302 -49.1807 -77.5816 1
93 -1.03109 0.0163393 1.18768 1
94 -5.77315 1.0412 -4.48874 1
95 -0.679243 1.51882 0.177779 1
96 1.32101 1.70317 -1.31824 1
97 1.39873 0.125979 0.939934 1
98 1.41511 2.97972 0.200459 1
99 -0.621675 -0.601099 0.285263 1
100 -2.6175 1.36405 2.32821 1
101 -0.566236 0.0186148 0.0385927 1
102 -1.45836 -4.17235 -1.19721 1
103 -1.40292 -0.548713 -0.38463 1
104 45.3915 -39.1464 -47.0756 1
105 -4.32374 -8.42726 -0.372901 1
106 -1.10172 1.86083 0.000690548 1
107 0.382961 -0.866938 0.828509 1
108 -0.0181078 -0.959076 -1.06229 1
109 2.2927 -1.65696 -2.15416 1
110 -9.77649 4.11084 -5.43717 1
111 0.533316 0.00323098 -0.0648411 1
112 1.81426 -1.03121 -2.98104 1
113 0.175189 0.735247 -0.559548 1
114 1.5503 3.93121 -9.54142 1
115 2.14379 -0.411832 1.93833 1
116 0.356727 -1.45235 0.34453 1
117 0.590806 -0.322311 -1.16451 1
118 -42.399 -1.35861 -8.12959 1
119 -0.444737 -0.462541 -0.701164 1
120 0.942451 -1.02876 0.33436 1
121 0.0958293 -0.176077 -0.569439 1
122 -0.40794 0.388878 -1.08201 1
123 -1.02602 -0.62878 0.986967 1
124 2.4188 0.0493811 -0.688471 1
125 -1.0216 -1.87425 0.691295 1
126 -1.40239 -1.3069 -0.0289756 1
127 -0.186973 0.179226 -0.0213755 1
128 0.927989 3.07848 -0.297802 1
129 9.07782 9.81969 8.34516 1
130 0.556149 -1.55297 -0.823626 1
131 -0.727166 0.771633 -0.565027 1
132 23.471 -17.2313 46.4736 1
133 -1.08199 -2.54918 0.469655 1
134 -0.308503 -0.119236 0.416725 1
135 0.474025 -0.00880928 -2.25804 1
136 -0.952071 -0.108646 0.823659 1
137 -2.30208 0.889604 -3.65563 1
138 1.98903 0.101467 -10.451 1
139 -6.30247 7.37642 -5.07117 1
140 -19.0734 14.2279 -2.08482 1
141 -6.37592 -5.92126 -5.27703 1
142 0.883735 -0.814707 0.277789 1
143 -3.08643 -2.40253 -4.91692 1
144 12.3334 6.04662 -5.03238 1
145 1.18942 -1.15923 0.907233 1
146 0.970365 -2.34674 -0.239959 1
147 3.91705 1.39165 -4.98185 1
148 -0.544436 0.0771491 -0.787095 1
149 0.611454 0.215578 -0.751216 1
150 -1.147 0.0488594 -0.122404 1
151 -11.1826 -4.58306 -3.17141 1
152 0.813881 0.161695 0.516229 1
153 -0.945672 1.28839 0.0297986 1
154 1.40697 -0.0959277 -0.0500299 1
155 -3.1009 7.93332 -6.43852 1
156 -4.9147 0.626842 2.45211 1
157 -1.54656 -0.0013053 6.36 1
158 -0.94996 -0.756413 -0.0982073 1
159 -0.118032 -1.41502 -1.41915 1
160 18.9907 -4.77177 1.66553 1
161 -0.110548 1.62966 -1.29138 1
162 1.72466 2.79607 1.709 1
163 -0.288101 -3.21696 2.30247 1
164 -0.643171 -0.330111 -0.000698718 1
165 1.61911 0.682101 3.80149 1
166 0.664154 -2.09202 -0.186481 1
167 0.429593 -0.11698 1.23973 1
168 -2.76119 2.43474 5.18269 1
169 0.395928 0.697129 0.301389 1
170 -0.338481 -1.40327 0.66305 1
171 1.17227 -1.42942 -1.45122 1
172 -0.565173 -0.113009 0.636264 1
173 -23.9289 42.2933 18.3171 1
174 -3.21177 0.781731 -1.04393 1
175 -3.78507 2.1836 -0.0836419 1
176 0.711977 0.225832 0.689142 1
177 -6.24455 3.0343 2.96305 1
178 1.12437 -6.0753 -3.46614 1
179 -0.3277 0.0705549 -0.638131 1
180 -0.132684 0.858316 -0.0611883 1
181 0.769784 -0.100191 -2.46529 1
182 -0.461532 -0.378415 0.212456 1
183 4.0623 0.749177 4.16179 1
184 -4.05391 -1.74952 7.19681 1
185 1.41225 1.78991 -0.260226 1
186 -0.820783 6.31378 2.11068 1
187 0.472817 2.54473 1.12776 1
188 23.471 -17.2313 46.4736 1
189 2.42606 0.599396 -0.09004 1
190 -0.168967 -0.199869 -1.10653 1
191 76.7003 196.462 -205.985 1
192 0.554769 -0.220928 -0.144704 1
193 -120.814 26.6441 176.289 1
194 -4.01074 -8.46696 -12.1124 1
195 5.78779 0.978866 -0.408217 1
196 1.38353 1.87381 0.466473 1
197 -0.441117 -1.29375 -0.393967 1
198 -4.13991 19.574 -4.13801 1
199 -3.30444 -20.5527 -19.3389 1
200 9.02294 -37.6426 55.8881 1
201 0.968535 -5.01232 -6.60395 1
202 0.38537 -2.31999 -0.825126 1
203 8.22452 -3.32213 3.8151 1
204 -0.666892 -0.901464 -2.82592 1
205 0.079557 -2.33891 2.2857 1
206 -1.66915 1.87315 -0.95743 1
207 -0.617887 0.00753919 -1.04972 1
208 3.11304 -2.34961 1.47395 1
209 -0.914637 1.01575 -0.487679 1
210 -0.208232 -2.84899 -1.42799 1
211 -0.869012 0.403511 -0.591286 1
212 0.504471 -0.373493 -0.252304 1
213 6.93185 31.482 13.7782 1
214 0.520598 1.11511 -0.0990708 1
215 0.661746 1.32514 -1.2148 1
216 -0.203968 -0.468768 0.388316 1
217 -3.08271 -4.98738 -1.21888 1
218 0.535074 0.133369 -1.49968 1
219 -0.571548 0.399462 -2.46503 1
220 2.04249 0.605443 -4.21825 1
221 0.0736221 -1.63683 1.02217 1
222 0.220356 -0.223641 0.348093 1
223 -0.586219 0.219097 -0.270705 1
224 -1.49585 -1.51443 1.21832 1
225 1.0399 -1.47875 0.0158784 1
226 -2.22801 1.97679 0.188642 1
227 -6.75502 4.94599 -1.32028 1
228 -1.34519 2.38748 0.722226 1
229 -4.96688 2.10974 -5.11338 1
230 20.8132 11.5511 -17.6921 1
231 0.734614 -0.821708 0.0405866 1
232 -1.21108 0.0532971 0.686823 1
233 1.01178 -1.53554 1.39666 1
234 0.651365 0.674469 -0.165886 1
235 1.79147 0.224968 -0.778193 1
236 0.177711 0.573282 -0.225659 1
237 -12.3393 8.50324 31.7713 1
238 0.447783 0.201386 1.04798 1
239 1.55895 0.85099 -0.23162 1
240 -0.83843 1.35929 0.967582 1
241 -0.122739 0.859018 0.310748 1
242 0.405492 0.764441 -0.497853 1
243 -1.14576 -0.051663 0.159924 1
244 -1.2451 0.12924 -0.893704 1
245 -0.422101 -0.0229192 0.262906 1
