0 0 0 0 0
1 3.8051 -0.417046 1.79143 1
2 0.842082 0.526633 -0.616997 1
3 -0.519902 -0.422153 -0.604472 1
4 -0.279879 -0.744894 -0.0126165 1
5 -1.2713 0.476896 -5.82757 1
6 1.34063 0.236468 -0.543936 1
7 1.33859 2.68696 0.0129319 1
8 -1.41621 -0.477554 -0.444779 1
9 0.873287 -0.190512 0.0635419 1
10 0.852002 4.52568 -3.00085 1
11 -0.0694112 2.43564 -0.742045 1
12 -0.687988 0.820391 0.161982 1
13 -1.61995 -0.0956213 -0.458942 1
14 -0.0709329 0.056079 0.896225 1
15 0.487318 0.254116 0.140039 1
16 -0.326578 0.186954 0.44591 1
17 5.02459 -4.72799 1.6798 1
18 0.287003 -0.23234 -0.878916 1
19 -0.431237 0.0796061 -0.466138 1
20 0.797423 0.0311407 0.49407 1
21 0.107135 -0.425534 -0.42484 1
22 0.01649 -0.426362 -0.314503 1
23 1.27139 0.580259 -1.38801 1
24 -1.78746 0.36589 -1.50236 1
25 1.48652 -0.304355 -0.791974 1
26 0.286425 -0.594025 -1.62802 1
27 -1.28395 -0.545337 0.856408 1
28 0.153806 1.00968 1.06737 1
29 0.258479 2.38003 -0.763848 1
30 -0.310764 0.32713 0.431979 1
31 -0.897138 1.90017 -1.58069 1
32 -0.353993 0.655601 0.909032 1
33 5.02644 -1.10106 -6.02058 1
34 0.0638418 -0.66845 -0.841332 1
35 -1.01042 -0.535761 0.245359 1
36 0.557986 3.9011 1.62059 1
37 -1.22685 -2.37598 0.765409 1
38 -0.878979 -0.771683 -0.981674 1
39 0.088924 0.893388 0.870289 1
40 0.226797 -1.51195 -0.969373 1
41 -4.49802 0.0992527 0.196647 1
42 0.727309 4.09981 -2.22241 1
43 19.3613 2.22987 12.9524 1
44 -2.6852 -1.14373 1.00519 1
45 -1.3058 -0.608469 0.00981204 1
46 0.879096 -8.09361 -5.7888 1
47 1.39163 -0.528717 1.46435 1
48 -4.23223 0.154332 4.58838 1
49 12.6719 6.76751 -5.50316 1
50 -2.77839 -1.40017 -1.74717 1
51 1.12885 1.74165 1.74651 1
52 -1.03813 1.89371 -0.970474 1
53 -0.0091094 -2.01284 -1.20859 1
54 1.18006 -2.23345 2.35063 1
55 -0.51299 1.25752 -1.07039 1
56 -0.151651 -0.220128 0.443385 1
57 18.6288 1.34305 -25.0734 1
58 2.20319 -0.0622099 -0.437152 1
59 0.435681 -1.33514 -0.314043 1
60 0.606484 -0.111565 -0.0848986 1
61 0.0610857 0.343462 -0.917459 1
62 7.77272 -2.63026 -6.36137 1
63 1.84886 -1.68979 4.17522 1
64 0.330359 -1.27931 1.84942 1
65 0.377292 0.495934 0.92548 1
66 1.65308 3.24516 1.32823 1
67 2.49186 -1.31307 -10.4786 1
68 -1.06992 1.05721 -0.096255 1
69 -2.56642 1.79739 -1.37405 1
70 -1.90281 4.73899 -1.45381 1
71 -3.75349 -0.751589 1.33015 1
72 0.606274 -0.424936 -0.056688 1
73 3.81762 -0.0627543 5.92258 1
74 0.159812 -0.0698017 -0.979008 1
75 0.15487 3.07835 -0.517253 1
76 -1.95901 -0.518901 2.54754 1
77 -0.986414 2.16622 0.344724 1
78 0.623726 -0.125977 -0.79289 1
79 0.306456 -0.647804 -1.27878 1
80 -0.0751157 0.129751 0.174252 1
81 -1.62408 -0.546376 0.468648 1
82 -45.2519 31.1393 -37.8222 1
83 0.410196 -0.20374 0.656878 1
84 -4.91345 -6.11591 -3.24324 1
85 0.132085 -0.741937 -0.984394 1
86 -1.46075 -5.29015 -0.593351 1
87 -1.42266 3.29165 0.99591 1
88 -0.333751 10.2874 9.46346 1
89 -1.62408 -0.546376 0.468648 1
90 -0.470396 -1.13334 0.119661 1
91 1.32331 -1.37357 0.629566 1
92 -0.278942 0.158826 0.418031 1
93 -0.64809 -0.595108 0.10264 1
94 -1.02756 -0.849654 0.0387828 1
95 -9.51269 -10.6197 -8.98809 1
96 -0.46787 -0.225697 3.39285 1
97 -3.43101 -0.587239 -3.34521 1
98 -0.20593 0.659676 0.900173 1
99 -3.02536 -3.37487 -1.5612 1
100 0.32877 -0.45545 -0.283366 1
101 0.910841 -0.702474 0.625444 1
102 -0.65364 0.336331 -0.942426 1
103 0.443981 -0.404025 -0.206105 1
104 -0.733872 2.19271 -5.63752 1
105 -3.2307 3.51837 2.22019 1
106 -1.29345 -0.646928 -1.40519 1
107 1.84303 -2.7511 1.9721 1
108 -0.154406 -0.546852 -0.0403553 1
109 1.64431 -0.637333 0.0162543 1
110 -0.328936 -1.58687 -1.30239 1
111 -4.92706 -2.60881 1.49494 1
112 -0.284702 0.835579 -1.34083 1
113 -2.22427 0.349036 5.42864 1
114 0.299723 0.553436 -0.162075 1
115 -0.785631 0.977833 0.317652 1
116 4.23493 -19.9294 -5.95544 1
117 -0.715358 -2.35126 0.143109 1
118 1.76119 -0.62264 -3.24007 1
119 -2.22438 -3.88479 -3.88412 1
120 -0.784351 0.385073 1.07866 1
121 -0.309935 0.72249 0.727353 1
122 -9.20223 17.5987 7.85434 1
123 2.89369 6.17764 4.86344 1
124 0.884621 -1.27353 3.16003 1
125 -0.679669 0.0233374 -0.711838 1
126 -36.6092 6.40376 37.7736 1
127 -0.950895 -0.242981 -1.03641 1
128 -8.36716 3.23736 -6.82589 1
129 -1.42224 0.209115 2.00804 1
130 -2.61696 1.13589 -1.05424 1
131 -1.5514 -0.864602 1.7374 1
132 0.433944 -0.402306 1.36197 1
133 -26.3358 32.1997 -52.0911 1
134 -0.827043 0.769994 0.373293 1
135 -4.30537 -0.219711 -2.74344 1
136 -1.41019 1.1009 -2.51512 1
137 1.83185 1.71552 -0.844836 1
138 -6.61325 31.7866 12.021 1
139 9.94932 16.9763 6.40199 1
140 -8.04234 -100.966 15.1464 1
141 -0.0189942 0.540908 -0.0568059 1
142 0.188648 0.453851 -0.662575 1
143 -0.909677 -0.701956 0.609642 1
144 -2.99184 2.31111 -7.44031 1
145 -0.390692 -0.155225 -0.439138 1
146 6.6408 -11.8647 -0.449113 1
147 2.40949 -2.26004 -0.571183 1
148 0.344787 -0.0425624 -0.0383017 1
149 3.30645 3.65754 4.49487 1
150 -5.10634 6.97704 -7.34276 1
151 1.46513 0.870556 0.588376 1
152 -0.735319 1.68349 2.17518 1
153 -0.604338 -0.945571 0.442427 1
154 0.0618767 -0.103072 -0.72738 1
155 -1.45907 3.05937 -0.164153 1
156 -3.8029 0.171058 0.70568 1
157 0.10539 -0.311364 -0.339103 1
158 -2.38951 -1.96108 0.894567 1
159 0.651132 1.85504 -0.630456 1
160 -0.176725 0.671725 0.14211 1
161 64.0935 -575.23 -63.2246 1
162 0.668637 0.0757531 0.965279 1
163 0.771602 1.32829 -2.41088 1
164 -40.244 -17.1521 -0.692286 1
165 27.1432 13.0038 -13.3714 1
166 -1.02592 0.922154 1.4279 1
167 -4.49802 0.0992527 0.196647 1
168 -0.266741 10.308 0.350607 1
169 11.0133 -4.86571 4.69148 1
170 0.190471 2.24992 -1.01021 1
171 -2.74128 0.403948 0.594572 1
172 -4.49802 0.0992527 0.196647 1
173 -1.98793 -4.98715 -1.50391 1
174 -3.8241 5.92087 -10.686 1
175 -0.625827 -1.10591 -0.177042 1
176 0.229877 -1.22847 -1.54454 1
177 -0.164424 -1.34784 -2.34398 1
178 0 0 0 1
179 -16.7754 43.9342 -13.0473 1
180 -0.742305 -0.829661 -2.67455 1
181 -0.107465 0.197221 1.19852 1
182 -0.315056 0.833802 -0.559805 1
183 3.0918 -1.80426 0.82539 1
184 -0.613473 -0.073056 1.05148 1
185 0.833346 -0.899427 5.55086 1
186 3.57306 -0.993895 1.75357 1
187 -1.48992 -0.0274823 1.91962 1
188 -0.593856 -0.0953191 1.26526 1
189 -0.674188 -0.0471951 -1.48171 1
190 0.455897 -1.82438 -1.17416 1
191 -12.7322 9.49486 -25.245 1
192 -0.546966 -7.31671 -2.90853 1
193 0.188648 0.453851 -0.662575 1
194 -19.781 19.2107 -1.12411 1
195 -3.60889 -2.73961 -5.98208 1
196 -0.0313426 -0.748446 0.518526 1
197 2.87911 4.65018 -0.10205 1
198 0.0682627 -0.560579 -0.0598834 1
199 0.2778 -0.115125 1.24665 1
200 -1.94523 19.0848 19.5492 1
201 -1.05171 -1.48541 -1.31715 1
202 0.0589275 0.925897 -0.447258 1
203 -2.34813 -1.78317 -0.202717 1
204 0.433879 -0.0466981 -0.0906852 1
205 0.479909 1.75248 0.287019 1
206 0.739842 1.35401 -0.501171 1
207 -1.48455 -0.163683 0.395713 1
208 0.883561 -1.52439 0.110515 1
209 1.10613 3.2156 -0.844535 1
210 -0.350796 -1.14049 2.76625 1
211 0.271896 -0.33985 0.556593 1
212 -0.232914 0.814916 0.675954 1
213 -6.6004 0.274565 -16.0568 1
214 -1.34895 -1.37163 -2.33894 1
215 -490.907 692.08 -409.258 1
216 0.288918 -0.441562 -0.386151 1
217 -0.87262 0.466108 0.216429 1
218 -26.6675 -25.1989 -24.9096 1
219 -0.161394 0.701623 0.871783 1
220 10.2967 1.43183 3.94268 1
221 -2.0604 -10.4834 1.41662 1
222 2.66251 0.766391 3.69441 1
223 0.189603 -0.837063 -1.46652 1
224 -0.845687 2.09555 0.958054 1
225 4.34303 6.30568 -2.75279 1
226 -0.641833 1.96969 0.461984 1
227 0.602253 -2.44457 -1.05869 1
228 -0.880522 0.94699 2.16436 1
229 0.687952 -0.735137 -0.490523 1
230 0.11542 -0.0583999 -0.192263 1
231 0.497835 -0.668219 0.288963 1
232 2.0317 4.84179 11.427 1
233 -0.428497 -0.209847 -0.702849 1
234 -0.871822 -1.85127 0.349108 1
235 -9.3655 -0.344774 2.78516 1
236 -8.9482 -3.18009 10.952 1
237 1.42945 0.272394 0.103684 1
238 0.0916684 0.306329 0.0626017 1
239 -1.3617 0.346301 0.119765 1
240 0.775126 -0.329138 -0.613216 1
241 4.41338 -2.03453 -6.38399 1
242 0.606484 -0.111565 -0.0848986 1
243 0.691421 0.661552 0.59191 1
244 76.2053 32.6271 -22.8791 1
245 0.594867 -0.745149 1.06531 1
246 -1.5514 -0.864602 1.7374 1
247 1.34365 0.137014 -0.453424 1
248 0.948246 0.698438 0.654414 1
