0 0 0 0 0
1 2.14251 -0.568026 1.35179 1
2 -5.86018 5.28718 4.00238 1
3 -0.240218 -0.933777 1.14527 1
4 -3.77355 1.85015 -4.09585 1
5 -0.091665 -1.00324 0.235948 1
6 21.515 -39.2565 -6.05012 1
7 1.83677 1.80232 0.779415 1
8 -0.56379 0.75489 -0.801609 1
9 -0.921625 1.00539 -2.73839 1
10 -0.138064 -0.402988 0.856353 1
11 -2.39193 -0.279568 2.0805 1
12 -6.57821 -1.39873 -5.65493 1
13 -2.19953 -1.4407 1.47113 1
14 -8.67574 -16.0667 14.9619 1
15 0.0779241 -0.924848 0.886184 1
16 1.90709 -0.499123 1.33115 1
17 -1.38995 -0.465083 0.644941 1
18 0.387692 -0.189928 0.24066 1
19 -1.48387 4.06644 2.19422 1
20 -0.879627 -0.169914 -0.011915 1
21 1.49527 -0.281143 1.98327 1
22 -0.508455 -0.177025 1.20056 1
23 -0.230254 -1.88071 0.939997 1
24 -0.93057 0.903221 -0.991461 1
25 0.145518 -0.288505 -0.934579 1
26 -4.76342 1.2927 9.05389 1
27 69.6032 141.22 -69.2268 1
28 -0.75644 0.41571 0.567719 1
29 1.96318 -1.55018 -2.77107 1
30 -0.225063 0.0132553 -2.31387 1
31 35.4016 -49.6667 -19.8684 1
32 0.21964 0.428058 -0.213152 1
33 9.31964 -2.27343 2.57938 1
34 -2.31315 0.47328 -1.67176 1
35 0.704793 2.37096 -7.49293 1
36 5.25414 -8.2146 27.9519 1
37 0.627048 0.801544 -0.353751 1
38 -1.47344 -1.02461 -0.191818 1
39 3.97825 0.498411 -1.94836 1
40 0.331709 1.25914 -0.564922 1
41 1.60648 -1.4553 1.96271 1
42 2.27738 0.616767 2.54342 1
43 0.331709 1.25914 -0.564922 1
44 -0.321055 -0.895286 0.771053 1
45 -7.60184 -3.41124 -3.23593 1
46 0.181281 -0.061145 -0.154669 1
47 0.637729 0.568341 -0.831893 1
48 -0.742671 2.44824 -0.333809 1
49 -1.0253 2.36194 0.765448 1
50 0.122244 -1.15208 1.61971 1
51 1.45813 3.35749 -8.53714 1
52 0.472277 -0.694619 -1.41345 1
53 -0.905935 -0.873454 -0.550858 1
54 -0.192154 -0.105676 -0.274563 1
55 0.233652 -0.556637 1.1777 1
56 -56.181 -4.16725 -1.83042 1
57 2.13624 0.836746 0.017234 1
58 0.115174 -0.546621 0.0430705 1
59 3.73654 7.40933 -2.19929 1
60 -2.5488 1.12499 -0.448691 1
61 -2.25432 0.0837416 -1.06452 1
62 0.281214 -2.51441 0.729587 1
63 2.38422 4.50766 -6.27821 1
64 -0.897596 -0.428489 -0.21731 1
65 -0.792547 -0.0194653 -0.448298 1
66 -3.62952 -1.1118 6.67939 1
67 0.0582418 0.015107 4.98646 1
68 1.72751 -1.20407 0.934768 1
69 -0.217658 0.427513 1.15945 1
70 1.02092 -0.26242 -2.19738 1
71 -1.81319 1.75953 -4.5347 1
72 2.89678 -0.479781 0.1955 1
73 -1.27449 -0.361279 2.38001 1
74 -0.184726 -0.245095 0.654728 1
75 -1.09621 -4.63641 -3.9814 1
76 -0.777398 -0.0124952 0.830351 1
77 5.89201 -6.83077 7.54453 1
78 0.834729 -1.60696 -0.0764446 1
79 -1.46208 3.47874 -4.57151 1
80 -1.93814 -1.72573 0.692505 1
81 -5.4442 12.274 1.1749 1
82 -0.397973 -0.401208 0.274711 1
83 0.464544 -0.0122609 -1.23758 1
84 -1.72033 3.40044 0.407841 1
85 2.03912 -0.197582 -1.74974 1
86 2.2645 -1.36399 0.407795 1
87 1.11939 1.77343 0.117181 1
88 0.599405 -1.40706 2.08775 1
89 2.17077 -1.96626 1.50106 1
90 -0.367107 0.371885 0.410304 1
91 0.673588 -0.414667 0.413958 1
92 -1.46648 0.753347 -0.359441 1
93 -10.9016 1.78353 -14.3367 1
94 1.62343 3.71734 -4.98806 1
95 3.17832 5.01698 2.56534 1
96 -4.51348 -12.8824 0.195117 1
97 -0.165979 1.88287 -0.706506 1
98 1.3086 -4.76576 -2.12314 1
99 1.70059 0.757456 1.75689 1
100 -6.63968 -1.34934 -11.8879 1
101 -0.700872 1.05185 -0.410251 1
102 3.45909 1.01367 -1.52157 1
103 1.19284 1.78906 1.67174 1
104 5.71097 -6.32763 0.0319049 1
105 -0.118356 -1.43775 1.76432 1
106 -0.589992 2.00768 0.176253 1
107 -7.03335 1.33177 -4.00127 1
108 2.15413 -0.35927 -0.726393 1
109 -0.133017 1.34627 0.626225 1
110 0.0111623 0.311437 -0.529562 1
111 1.90486 0.948874 -0.50858 1
112 -0.702716 0.425365 0.846035 1
113 -4.4664 -3.86101 2.5051 1
114 -1.778 -0.494841 0.880696 1
115 0.304796 0.549369 2.17286 1
116 1.45121 3.46194 0.732692 1
117 -2.42058 -1.20827 2.12717 1
118 -0.496371 0.317313 -0.799827 1
119 -1.15559 0.199067 1.07757 1
120 1.31061 0.297026 -0.66344 1
121 0.158384 -0.828477 0.0882047 1
122 0.189167 0.279311 1.50372 1
123 -0.943994 1.11322 -1.43974 1
124 0.269997 1.16979 3.00552 1
125 0.79614 0.422705 5.06974 1
126 0.595623 -0.218818 0.378235 1
127 0.803609 0.737956 -0.188009 1
128 7.4072 -6.10977 0.158073 1
129 -1.49729 -2.73649 2.43834 1
130 -0.260502 -0.339176 0.51867 1
131 -0.846451 2.7299 0.918673 1
132 0.19378 0.383296 0.8961 1
133 -0.666924 -0.99739 -1.11927 1
134 -0.132671 -1.55592 -1.55514 1
135 -6.39931 -0.524678 -1.31006 1
136 0.545132 -1.68391 -0.111593 1
137 -0.920323 5.44702 -2.04147 1
138 -0.399302 0.0326424 -0.55975 1
139 0.143215 -0.345742 0.313685 1
140 0.823275 -0.609823 1.03741 1
141 -0.695194 -0.257803 0.0666452 1
142 3.54117 -8.69338 1.63606 1
143 0.648528 -1.03652 0.161264 1
144 23.8217 38.938 44.9365 1
145 -3.09151 0.00626145 0.610069 1
146 0.0638735 0.492518 0.426568 1
147 -27.2705 9.31887 -32.6453 1
148 0.509462 -0.489826 -2.34496 1
149 0.268186 0.472984 0.710799 1
150 0.402829 -0.43721 0.347298 1
151 1.81213 -0.333423 0.0863191 1
152 -0.603098 -0.0174709 0.372809 1
153 0.232103 0.670675 0.796958 1
154 -0.998526 -0.400259 -1.94707 1
155 0.188375 -0.560779 0.458054 1
156 -0.128102 0.163087 -0.461615 1
157 0.92324 -6.14771 9.0524 1
158 -0.426048 0.867621 0.380339 1
159 -0.606561 -0.486007 0.107595 1
160 0.394108 0.820858 -1.56507 1
161 -0.735314 -4.84243 -2.5476 1
162 1.1254 2.93699 1.28382 1
163 7.64356 -0.0636376 5.97206 1
164 0.543129 1.05992 3.83479 1
165 -3.65517 -0.226529 -2.38364 1
166 1.54607 -2.047 0.205594 1
167 -2.13122 -2.29234 -5.45037 1
168 1.84206 0.342006 1.27161 1
169 8.84757 -9.562 9.78194 1
170 -1.87592 2.51437 -1.10903 1
171 12.84 2.83534 -8.59988 1
172 -1.52509 -0.89943 0.0638067 1
173 -0.507788 -1.03624 1.29038 1
174 -3.65984 -1.5516 -3.63965 1
175 -0.405657 -5.86023 0.616981 1
176 0.417941 1.90199 -5.03516 1
177 -0.651466 2.41492 -0.734431 1
178 -6.21049 -44.1519 -0.197044 1
179 -1.76838 -0.378807 0.98387 1
180 37.4659 -57.9597 81.7684 1
181 -2.50175 0.977754 -1.12227 1
182 -0.63454 2.04596 -2.14836 1
183 1.05127 -1.55374 2.61299 1
184 -1.20425 -0.385633 0.113841 1
185 3.46535 -0.343635 -2.40933 1
186 -1.56237 -0.377559 -1.00232 1
187 -0.477916 -0.743492 0.828544 1
188 -0.333609 0.216491 -0.376576 1
189 -6.44535 5.00501 7.32213 1
190 -0.30897 0.389643 1.81538 1
191 0.0513669 0.218184 0.361647 1
192 1.7284 5.57669 0.614085 1
193 0.0538868 -1.01623 -0.557457 1
194 -1.38025 -14.7783 -6.70505 1
195 0.56121 0.462226 -0.714672 1
196 1.01443 0.884809 -0.15865 1
197 24.3806 39.116 18.1662 1
198 -3.30864 2.20073 -5.04374 1
199 0.54588 -0.49212 -0.606125 1
200 0.569259 -0.459932 -1.05278 1
201 0.762123 -2.48756 -15.2563 1
202 -0.44605 0.834374 2.02273 1
203 -1.76417 0.608912 -1.81345 1
204 -0.145794 0.598709 -0.535718 1
205 1.24727 -0.500692 -0.0248201 1
206 -2.36096 0.876836 -1.1996 1
207 -0.0416442 0.0895488 -0.627014 1
208 0.362657 1.82888 -0.720452 1
209 -5.44731 2.63605 1.50114 1
210 -0.712454 -0.0861998 -0.596938 1
211 -0.759974 0.813476 0.109261 1
212 0.751436 0.793178 -1.55862 1
213 0.564249 0.55501 -0.134126 1
214 0.306518 -2.24594 -0.871221 1
215 1.30352 0.679844 -0.968532 1
216 -2.61279 -14.9981 -3.1931 1
217 0.649412 0.825187 0.623772 1
218 -3.36768 0.833573 4.43966 1
219 -0.608496 0.130168 -0.0233766 1
220 -0.173263 -0.493845 -0.419316 1
221 0.0179169 0.0311337 -0.449194 1
222 -2.50165 -6.88802 0.983964 1
223 1.17312 -1.86652 -0.856665 1
224 -2.02426 -3.14581 -2.00399 1
225 -2.1346 1.74916 1.09185 1
226 0.134423 -1.07677 0.339889 1
227 2.77261 -0.181025 -0.247572 1
228 1.36778 -0.290523 -1.48518 1
229 0.153343 0.183004 0.544243 1
230 -0.5703 2.20341 5.41302 1
231 0.331553 0.215903 -0.553118 1
232 66.6956 82.3559 -60.7886 1
233 -0.149621 -0.0974471 0.0633971 1
234 0.616879 -0.253134 0.426379 1
235 41.3522 58.6303 -45.2681 1
236 -7.49514 -8.49792 -1.23385 1
237 -0.589992 2.00768 0.176253 1
238 0.0399821 0.516997 -0.0299955 1
239 3.38366 15.514 12.9393 1
240 2.06467 -2.77728 -0.830709 1
241 0.609008 -0.0219245 -0.236992 1
242 -2.328 -0.244658 0.520501 1
243 1.41667 0.915357 -2.22231 1
244 -0.63454 2.04596 -2.14836 1
245 -1.68857 -0.487298 -2.25248 1
246 -8.83868 20.0561 -6.79252 1
247 -4.22933 1.75896 1.63708 1
248 -16.6973 -16.4953 -20.4967 1
249 -3.58309 0.973111 -1.08517 1
