0 0 0 0 0
1 -2.60534 0.167419 -0.709834 1
2 -4.8684 3.70006 6.57852 1
3 3.1289 -2.62087 -8.86361 1
4 -0.120979 -0.675909 0.588398 1
5 -2.98776 -4.60979 4.38538 1
6 -0.962294 -1.30159 1.1421 1
7 -0.262416 0.299668 0.459228 1
8 -0.498378 -0.214012 0.0659206 1
9 0.96265 -0.284786 0.532093 1
10 -0.06567 -0.0832285 -0.471619 1
11 0.234348 -0.59462 2.37316 1
12 0.758286 -0.88973 -1.85324 1
13 -0.318257 0.472787 0.672995 1
14 -0.575549 -0.249836 1.33869 1
15 -1.0337 0.463197 1.43582 1
16 1.6603 -1.11969 0.227864 1
17 0.746915 0.874413 -3.09593 1
18 -2.02786 -5.37597 -0.42663 1
19 1.01718 0.362331 0.710895 1
20 -1.39938 -0.6758 6.31383 1
21 0.0633607 1.5503 -0.0732257 1
22 -0.361966 -0.266452 1.01694 1
23 -4.10598 0.491584 -3.3847 1
24 10.2115 -1.70427 -4.55173 1
25 0.538119 0.0385914 -0.36064 1
26 -0.838902 0.757443 0.0893528 1
27 -0.858313 -2.20349 0.228521 1
28 -0.18732 -1.57302 0.343558 1
29 -192.315 229.381 331.521 1
30 -0.151009 1.14829 -0.108302 1
31 0.48924 1.06259 1.39893 1
32 6.52168 -5.3377 -13.4043 1
33 -0.8777 -0.296756 -0.914298 1
34 -0.22641 0.776171 -0.570839 1
35 0.0573184 -0.383103 0.0173422 1
36 0.474669 -0.472124 -0.43714 1
37 0.225035 0.39454 -0.400345 1
38 3.45048 5.63395 -2.32189 1
39 -2.72853 -1.61949 4.90298 1
40 -2.73942 5.25958 6.03838 1
41 -1.67582 -4.49088 0.893733 1
42 14.5962 4.53496 -11.3433 1
43 0.506185 0.209913 -0.232433 1
44 -1.99241 1.53544 -0.934045 1
45 8.72383 -23.5686 -3.41826 1
46 3.0798 -0.310503 -1.04479 1
47 0.673732 1.46022 1.97051 1
48 -0.993479 0.320452 2.15774 1
49 -0.0131264 -1.38922 -1.55652 1
50 0.272397 0.0392776 1.735 1
51 -633.851 -505.054 151.303 1
52 -0.57502 0.151731 1.2721 1
53 25.5433 -40.4847 13.6058 1
54 0.971893 -7.27136 9.19052 1
55 1.10854 -2.53173 0.578532 1
56 0.234869 -0.661188 0.566769 1
57 -0.142849 0.463448 0.864189 1
58 -0.221089 -0.544208 -0.434239 1
59 2.43165 -1.61165 3.33902 1
60 -1.92395 -2.18424 0.842671 1
61 -10.2377 -8.62865 -9.12447 1
62 -0.0681143 0.281099 -0.0805952 1
63 -0.576146 -0.159205 0.376609 1
64 0.98011 -0.305797 -2.76112 1
65 11.09 -7.76381 -10.1552 1
66 -1.51796 3.41174 1.98554 1
67 -2.10291 -2.72109 -0.114815 1
68 -2.89024 -4.71429 1.14395 1
69 -0.624168 0.345734 -0.193146 1
70 1.15435 -0.344877 -0.785059 1
71 0.825006 1.8951 0.216651 1
72 0.915664 2.92956 -1.11963 1
73 0.633532 4.41504 1.45724 1
74 -0.478163 -0.0422663 0.879971 1
75 -0.694417 -0.154338 1.08925 1
76 -0.256256 1.72538 0.98632 1
77 -2.16839 0.0627847 -2.31937 1
78 8.20415 -6.13927 -8.9792 1
79 -0.639004 1.17079 -0.96702 1
80 2.52051 1.98894 1.93825 1
81 1.67988 -0.937185 0.12295 1
82 -0.0827072 0.370887 0.072259 1
83 0.207486 -0.276673 0.55431 1
84 -0.618624 -2.0142 -0.697989 1
85 -0.164238 -0.0757974 -1.94033 1
86 -0.492988 2.05212 1.10024 1
87 446.132 -472.933 -77.9997 1
88 0.0190634 6.35281 0.823608 1
89 0.284815 0.059022 -0.638822 1
90 2.06784 -1.45479 -2.97709 1
91 1.15612 -0.578364 2.51481 1
92 -4.31019 -1.76592 2.53228 1
93 -0.209663 0.594805 0.906864 1
94 -1.08589 -0.453818 -0.990732 1
95 -0.04336 0.263035 0.0422969 1
96 0.713341 0.692595 -0.604367 1
97 2.40513 -0.349679 5.82735 1
98 -1.09817 -0.0509176 -0.821559 1
99 39.6213 -27.7828 6.91925 1
100 1.1786 1.92414 -0.0247297 1
101 0.686575 0.54832 1.09473 1
102 -1.88156 0.679707 -1.16723 1
103 -0.876904 -3.14635 2.79979 1
104 -0.365781 0.826266 -1.04292 1
105 -2.71513 -0.560278 1.39849 1
106 0.731918 -0.966344 -0.259008 1
107 -0.586686 0.970601 -1.60075 1
108 8.4234 -3.0775 2.04392 1
109 1.60726 -1.37645 0.201261 1
110 0.129046 -0.56291 -1.00506 1
111 0.423211 1.43384 -0.208308 1
112 -0.339728 -0.370387 0.350521 1
113 0.571415 -0.401057 -0.9062 1
114 0.967499 -0.283653 0.211071 1
115 -1.54305 1.72869 -0.441214 1
116 -0.863485 0.944845 -0.53775 1
117 1.5058 0.278435 -1.78014 1
118 -0.101046 -1.53358 0.688791 1
119 1.08429 0.221089 -1.04767 1
120 0.186473 -0.159001 0.908271 1
121 -0.796284 -0.636667 0.692267 1
122 -5.59254 -3.92183 -1.68505 1
123 2.32055 -1.36215 -4.35514 1
124 1.6747 1.63311 -0.901028 1
125 3.18308 -7.64514 -1.64248 1
126 -1.78658 0.268268 0.219151 1
127 -0.458472 -0.361092 3.70119 1
128 -0.101597 0.56008 -0.190753 1
129 -0.0407723 -1.53283 -1.98893 1
130 -6.59002 -2.24335 3.59928 1
131 -3.1676 -0.300492 -0.638164 1
132 -1.61543 -0.222538 0.434621 1
133 -0.516838 -0.84948 1.32125 1
134 0.259227 -1.63281 1.9187 1
135 0.832918 -1.47813 0.237235 1
136 -1.05878 0.271091 -0.321968 1
137 14.9536 -9.01457 2.36736 1
138 0.0594624 2.7326 2.14917 1
139 1.96775 0.978639 0.53487 1
140 0.922968 1.81757 0.209017 1
141 -3.46747 -0.957023 2.83924 1
142 -0.0700762 -1.41755 0.188426 1
143 -0.863041 -0.875767 0.108087 1
144 0.765382 -0.448932 -0.435882 1
145 -3.2492 5.1933 -9.17151 1
146 5.22158 9.61683 -2.72708 1
147 -0.444221 -0.774893 -0.176958 1
148 1.96701 -1.77285 3.54992 1
149 -1.09327 -1.87286 -3.13864 1
150 -0.13049 -0.184413 1.33038 1
151 -0.419847 0.41291 0.130583 1
152 -1.4088 -0.2853 0.426625 1
153 -2.02373 -1.2364 -1.65007 1
154 8.72949 3.58576 4.25054 1
155 -2.8874 0.606049 4.1719 1
156 1.14837 5.97559 14.3143 1
157 0.689638 -1.62056 -0.589909 1
158 2.24909 1.66374 -0.821175 1
159 0.988425 -2.35591 -0.479485 1
160 -5.72801 -3.71069 4.65525 1
161 0.28141 0.0626432 -0.948103 1
162 0.629283 -0.820461 0.450479 1
163 -1.06662 0.310382 0.428021 1
164 0.197563 1.0761 0.636951 1
165 3.03327 0.336248 -1.91635 1
166 0.11181 0.689405 0.670856 1
167 -0.013267 0.811984 1.13493 1
168 -4.57465 -1.78686 -0.0448488 1
169 -0.793381 0.122421 0.903545 1
170 0.358185 0.344329 -0.0220684 1
171 -2.49298 3.89077 -0.103448 1
172 -1.62685 3.99513 10.7063 1
173 -4.84444 -3.10264 -1.41463 1
174 0.408309 -0.300477 1.61517 1
175 -0.149953 1.04039 -0.128613 1
176 21.7945 -9.24571 6.69137 1
177 -6.21825 -3.36478 0.340668 1
178 0.0824801 -0.887747 -0.488868 1
179 -5.83491 -11.3981 -2.22675 1
180 -1.41604 -0.684751 -0.514044 1
181 -0.69273 1.91583 5.04664 1
182 -0.752637 2.88445 -1.62408 1
183 -19.7452 -53.4581 -62.6126 1
184 3.06644 0.194276 -1.97861 1
185 0.862279 -0.853612 -0.0318448 1
186 5.85281 11.5663 -7.83337 1
187 -0.338391 -0.185209 0.409227 1
188 -5.59254 -3.92183 -1.68505 1
189 0.624418 0.164288 0.184789 1
190 -0.198546 -0.556795 1.40089 1
191 -3.50896 2.0662 2.0317 1
192 0.372233 0.0433171 1.98719 1
193 -2.33652 4.51656 2.76642 1
194 0.739965 0.69968 -1.55535 1
195 -1.99642 1.6409 -1.14488 1
196 -0.114387 1.34027 -1.23538 1
197 -0.216317 -0.946896 2.04533 1
198 -0.648591 -0.333438 0.0680067 1
199 4.14233 -2.54658 9.2182 1
200 -0.158354 -0.472529 0.813069 1
201 0.457494 -1.38272 1.45446 1
202 0.136422 -1.08912 -0.0433919 1
203 -0.330595 1.59932 1.67436 1
204 -0.93457 -0.719032 3.23526 1
205 14.1276 -15.7156 -15.7579 1
206 -1.83679 0.467378 -2.84661 1
207 -0.0779771 -0.386618 -0.17915 1
208 2.36528 -0.0226277 -0.673811 1
209 0.132003 2.11211 0.616365 1
210 1.21305 1.35098 -1.6256 1
211 0.0250453 -0.8968 1.99443 1
212 5.76607 -2.07243 -0.548458 1
213 -2.00362 1.39255 -5.72679 1
214 1.18187 0.685712 -0.845373 1
215 -0.823298 -0.107104 -0.799148 1
216 0.349426 -0.353116 0.629109 1
217 -0.562045 -1.45484 -4.80601 1
218 1.61678 1.00561 1.97451 1
219 -4.06194 -0.263061 5.7769 1
220 2.3795 -4.41664 2.08591 1
221 -1.30781 -3.60267 -2.03201 1
222 -26.6072 -23.2046 -19.246 1
223 0.563825 -6.51153 -0.134142 1
224 1.67593 -0.981937 0.0824696 1
225 0.488658 -0.827371 -0.74797 1
226 -4.10939 -10.9982 4.31689 1
227 -0.513809 1.81693 -1.24725 1
228 -0.940313 -1.08777 -0.433322 1
229 -2.91768 -0.586581 -0.323814 1
230 1.4906 -0.709016 1.85316 1
231 5.40355 5.32665 3.48151 1
232 -3.84902 -5.98682 0.710259 1
233 -9.60127 3.7321 4.7441 1
234 0.338873 -0.75247 -0.357717 1
235 0.864915 3.26105 0.863444 1
236 -1.75492 -1.94756 0.0979696 1
237 2.91324 -5.39606 -0.458652 1
238 6.1466 -4.49838 -5.59984 1
239 6.81807 -6.50113 -11.1773 1
240 -1.2191 -0.725101 1.12048 1
241 -0.03531 -1.56394 0.342514 1
242 3.05296 -5.96645 2.85152 1
243 0.145568 0.598225 0.360246 1
244 -1.20401 -1.82082 -0.574249 1
245 5.26256 -1.08653 4.74337 1
246 13.8889 -10.4363 -7.97071 1
247 5.54344 -8.89296 -14.0963 1
